0.000000000000000000e+00	0.000000000000000000e+00	0.000000000000000000e+00
2.028656903761659578e+02	3.753015271959070235e-04	1.005018349158453561e-01
4.036849230678291747e+02	7.468171076754839691e-04	9.923380671692094701e-02
6.029197268140668484e+02	1.115401494606023695e-03	9.816790145759901609e-02
8.009187099914734063e+02	1.481699613484225827e-03	9.725652814042015648e-02
9.979513750475193774e+02	1.846210043837910987e-03	9.646607912876956070e-02
1.194230877671448980e+03	2.209327123692180709e-03	9.577231388741440365e-02
1.389929389406088376e+03	2.571369370401263479e-03	9.515738013650096305e-02
1.585188656516180572e+03	2.932599014554934224e-03	9.460786270236742901e-02
1.780127391252803591e+03	3.293235673817686802e-03	9.411348547883541249e-02
1.974846541228771457e+03	3.653466101273227396e-03	9.366623393928263930e-02
2.169433114281538565e+03	4.013451261420846253e-03	9.325975219759803647e-02
2.363963003772122192e+03	4.373331556978426321e-03	9.288892187284703006e-02
2.558503110830027254e+03	4.733230755035550304e-03	9.254956311246183287e-02
2.753112964059176193e+03	5.093258983509475930e-03	9.223821892131341127e-02
2.947845974329221917e+03	5.453515052509060393e-03	9.195199715211431479e-02
3.142750420521551405e+03	5.814088277964869246e-03	9.168845300101181872e-02
3.337870233999097763e+03	6.175059932898331605e-03	9.144550037342859261e-02
3.533245630398647791e+03	6.536504416237498734e-03	9.122134412104121459e-02
3.728913624085850188e+03	6.898490204558822315e-03	9.101442757528009631e-02
3.924908451319864071e+03	7.261080634941748969e-03	9.082339144005426024e-02
4.121261921573702239e+03	7.624334554911349482e-03	9.064704122627505190e-02
4.318003711706115610e+03	7.988306866656313260e-03	9.048432118637217414e-02
4.515161614221062337e+03	8.353048986308965126e-03	9.033429325088988826e-02
4.712761748299357350e+03	8.718609234353811091e-03	9.019611985535630483e-02
4.910828740384387856e+03	9.085033169711117726e-03	9.006904982287751438e-02
5.109385879668786401e+03	9.452363877387254948e-03	8.995240666939434415e-02
5.308455252736517650e+03	9.820642217562557466e-03	8.984557884648926296e-02
5.508057860773672473e+03	1.018990704243129437e-02	8.974801154646640244e-02
5.708213722107978356e+03	1.056019538589975972e-02	8.965919977678110664e-02
5.908941962326662178e+03	1.093154263030432505e-02	8.957868247322597899e-02
6.110260893817070610e+03	1.130398265356158047e-02	8.950603746890177514e-02
6.312188086254210248e+03	1.167754795957028947e-02	8.944087717269029458e-02
6.514740429300819414e+03	1.205226979420651566e-02	8.938284483943696734e-02
6.717934188577823079e+03	1.242817824886897383e-02	8.933161133637858298e-02
6.921785055794010987e+03	1.280530235321891870e-02	8.928687232793840189e-02
7.126308193785377625e+03	1.318367015850295011e-02	8.924834581498682085e-02
7.331518277101180502e+03	1.356330881263718459e-02	8.921576997583043067e-02
7.537429528679333998e+03	1.394424462805676779e-02	8.918890126518816408e-02
7.744055753076262590e+03	1.432650314319108484e-02	8.916751273467322936e-02
7.951410366650559808e+03	1.471010917830353759e-02	8.915139254422219106e-02
8.159506425045340620e+03	1.509508688633388017e-02	8.914034263875275643e-02
8.368356648268016215e+03	1.548145979929582867e-02	8.913417756830153971e-02
8.577973443626760854e+03	1.586925087070950938e-02	8.913272343319653124e-02
8.788368926750687024e+03	1.625848251448876874e-02	8.913581693853961374e-02
8.999554940891350270e+03	1.664917664064899730e-02	8.914330454454867658e-02
9.211543074679564597e+03	1.704135468815719603e-02	8.915504170121697769e-02
9.424344678490630031e+03	1.743503765520766635e-02	8.917089215735314600e-02
9.637970879552971383e+03	1.783024612717299881e-02	8.919072733540617248e-02
9.852432595919714004e+03	1.822700030245147026e-02	8.921442576463471663e-02
1.006774054940901260e+04	1.862532001640667192e-02	8.924187256614143915e-02
1.028390527760833356e+04	1.902522476357541847e-02	8.927295898413996345e-02
1.050093714502541297e+04	1.942673371829701373e-02	8.930758195850703463e-02
1.071884635346225878e+04	1.982986575390517994e-02	8.934564373430343986e-02
1.093764295167869022e+04	2.023463946060557669e-02	8.938705150446188408e-02
1.115733684440674551e+04	2.064107316215247831e-02	8.943171708228564443e-02
1.137793780076860094e+04	2.104918493142191038e-02	8.947955660081033380e-02
1.159945546214935166e+04	2.145899260497630134e-02	8.953049023640337334e-02
1.182189934956627985e+04	2.187051379669761875e-02	8.958444195428023893e-02
1.204527887057624685e+04	2.228376591056605710e-02	8.964133927387352152e-02
1.226960332575716529e+04	2.269876615265075531e-02	8.970111305222029652e-02
1.249488191479541274e+04	2.311553154237151395e-02	8.976369728371026702e-02
1.272112374221039499e+04	2.353407892308923000e-02	8.982902891474832396e-02
1.294833782274236182e+04	2.395442497207336818e-02	8.989704767199623026e-02
1.317653308642925367e+04	2.437658620989411815e-02	8.996769590302296227e-02
1.340571838339365422e+04	2.480057900927826187e-02	9.004091842829894943e-02
1.363590248836205683e+04	2.522641960346980183e-02	9.011666240357435465e-02
1.386709410493517862e+04	2.565412409413008257e-02	9.019487719178058416e-02
1.409930186962529842e+04	2.608370845880680217e-02	9.027551424367742661e-02
1.433253435567872475e+04	2.651518855800564026e-02	9.035852698653316917e-02
1.456680007669601582e+04	2.694858014188762987e-02	9.044387072020024232e-02
1.480210749006467267e+04	2.738389885661964354e-02	9.053150252000813358e-02
1.503846500021631255e+04	2.782116025040018079e-02	9.062138114594056604e-02
1.527588096171992402e+04	2.826037977918186006e-02	9.071346695761789425e-02
1.551436368222131023e+04	2.870157281210942296e-02	9.080772183464259906e-02
1.575392142523963412e+04	2.914475463669332148e-02	9.090410910191704108e-02
1.599456241282826522e+04	2.958994046373229075e-02	9.100259345955621915e-02
1.623629482811041089e+04	3.003714543200425996e-02	9.110314091706363249e-02
1.647912681769562550e+04	3.048638461273690814e-02	9.120571873147241548e-02
1.672306649398527225e+04	3.093767301387275251e-02	9.131029534915481582e-02
1.696812193737336565e+04	3.139102558414072486e-02	9.141684035106006911e-02
1.721430119834949437e+04	3.184645721694655957e-02	9.152532440112139123e-02
1.746161229950819325e+04	3.230398275409016029e-02	9.163571919763328910e-02
1.771006323747193164e+04	3.276361698932307026e-02	9.174799742739091213e-02
1.795966198473177428e+04	3.322537467175377957e-02	9.186213272240036087e-02
1.821041649141037851e+04	3.368927050910919957e-02	9.197809961899480746e-02
1.846233468695254487e+04	3.415531917086220975e-02	9.209587351919795717e-02
1.871542448174531455e+04	3.462353529122882967e-02	9.221543065418748297e-02
1.896969376867447136e+04	3.509393347204776969e-02	9.233674804972168138e-02
1.922515042461826670e+04	3.556652828554379697e-02	9.245980349340646165e-02
1.948180231188371909e+04	3.604133427698488074e-02	9.258457550368288935e-02
1.973965727958678326e+04	3.651836596723555262e-02	9.271104330043576647e-02
1.999872316498106375e+04	3.699763785521496817e-02	9.283918677711136547e-02
2.025900779473648436e+04	3.747916442026249378e-02	9.296898647426035667e-02
2.052051898617166080e+04	3.796296012441757045e-02	9.310042355441512651e-02
2.078326454844114778e+04	3.844903941461612351e-02	9.323347977822564470e-02
2.104725228368060925e+04	3.893741672480912491e-02	9.336813748177168193e-02
2.131248998811219280e+04	3.942810647800755464e-02	9.350437955498924758e-02
2.157898545311150883e+04	3.992112308825629396e-02	9.364218942114103938e-02
2.184674646623889203e+04	4.041648096254195355e-02	9.378155101727328469e-02
2.211578081223540721e+04	4.091419450263550361e-02	9.392244877559936811e-02
2.238609627398674274e+04	4.141427810687547256e-02	9.406486760576204809e-02
2.265770063345669769e+04	4.191674617189488500e-02	9.420879287791657231e-02
2.293060167258900037e+04	4.242161309428965632e-02	9.435421040660033065e-02
2.320480717418260610e+04	4.292889327223781831e-02	9.450110643533421451e-02
2.348032492274011383e+04	4.343860110706921490e-02	9.464946762192422147e-02
2.375716270528921450e+04	4.395075100478505054e-02	9.479928102441655124e-02
2.403532831218112915e+04	4.446535737753509049e-02	9.495053408767716030e-02
2.431482953786422877e+04	4.498243464504882161e-02	9.510321463056500835e-02
2.459567418163712136e+04	4.550199723602867813e-02	9.525731083365666929e-02
2.487787004837890345e+04	4.602405958950097492e-02	9.541281122750315535e-02
2.516142494926008658e+04	4.654863615613116096e-02	9.556970468138829833e-02
2.544634670243372238e+04	4.707574139950237990e-02	9.572798039255914215e-02
2.573264313370799937e+04	4.760538979735980114e-02	9.588762787591158243e-02
2.602032207720096631e+04	4.813759584282178289e-02	9.604863695409968094e-02
2.630939137597861918e+04	4.867237404556044866e-02	9.621099774805215443e-02
2.659985888267638074e+04	4.920973893295130241e-02	9.637470066787830192e-02
2.689173246010553703e+04	4.974970505119524072e-02	9.653973640413532342e-02
2.718501998184400873e+04	5.029228696641142166e-02	9.670609591944803740e-02
2.747972933281367295e+04	5.083749926570529931e-02	9.687377044045954178e-02
2.777586840984346054e+04	5.138535655821040160e-02	9.704275145009615133e-02
2.807344512221906552e+04	5.193587347610527372e-02	9.721303068013556481e-02
2.837246739222155520e+04	5.248906467560988248e-02	9.738460010405838863e-02
2.867294315565205034e+04	5.304494483795629822e-02	9.755745193017467676e-02
2.897488036234585525e+04	5.360352867033982976e-02	9.773157859500848643e-02
2.927828697667561573e+04	5.416483090684989093e-02	9.790697275693484303e-02
2.958317097804358491e+04	5.472886630938063324e-02	9.808362729004531377e-02
2.988954036136309151e+04	5.529564966852172636e-02	9.826153527824814382e-02
3.019740313753142254e+04	5.586519580443313066e-02	9.844069000957673954e-02
3.050676733389197761e+04	5.643751956770016315e-02	9.862108497070995461e-02
3.081764099468814675e+04	5.701263584017307595e-02	9.880271384168341775e-02
3.113003218150814791e+04	5.759055953579007153e-02	9.898557049079444170e-02
3.144394897372201740e+04	5.817130560138573242e-02	9.916964896968427645e-02
3.175939946890927968e+04	5.875488901748216614e-02	9.935494350858956047e-02
3.207639178328086564e+04	5.934132479906960300e-02	9.954144851176599529e-02
3.239493405209108460e+04	5.993062799636850180e-02	9.972915855305909683e-02
3.271503443004451401e+04	6.052281369558235730e-02	9.991806837163728916e-02
3.303670109169543866e+04	6.111789701963656063e-02	1.001081728678596960e-01
3.335994223183934082e+04	6.171589312890278511e-02	1.002994670992916615e-01
3.368476606590027950e+04	6.231681722191551726e-02	1.004919462768429500e-01
3.401118083030976413e+04	6.292068453607306544e-02	1.006856057610444610e-01
3.433919478288228129e+04	6.352751034833221955e-02	1.008804410584364514e-01
3.466881620318112982e+04	6.413730997588508453e-02	1.010764478180832121e-01
3.500005339288408868e+04	6.475009877683556014e-02	1.012736218281952288e-01
3.533291467613862915e+04	6.536589215085646110e-02	1.014719590128618648e-01
3.566740839991557004e+04	6.598470553984379927e-02	1.016714554288843386e-01
3.600354293435582076e+04	6.660655442855827058e-02	1.018721072627141455e-01
3.634132667311435944e+04	6.723145434526156539e-02	1.020739108274831136e-01
3.668076803369585105e+04	6.785942086233733017e-02	1.022768625601285092e-01
3.702187545779049105e+04	6.849046959691240666e-02	1.024809590186037261e-01
3.736465741160310426e+04	6.912461621146574753e-02	1.026861968791796670e-01
3.770912238617748517e+04	6.976187641442833931e-02	1.028925729338209388e-01
3.805527889771862101e+04	7.040226596077944765e-02	1.031000840876506314e-01
3.840313548790980713e+04	7.104580065263314814e-02	1.033087273564827352e-01
3.875270072422637168e+04	7.169249633981877867e-02	1.035184998644325810e-01
3.910398320024712302e+04	7.234236892045717293e-02	1.037293988415973478e-01
3.945699153595897951e+04	7.299543434152411248e-02	1.039414216218065429e-01
3.981173437806268339e+04	7.365170859941595760e-02	1.041545656404324893e-01
4.016822040027144976e+04	7.431120774050219147e-02	1.043688284322704107e-01
4.052645830361005937e+04	7.497394786167860259e-02	1.045842076294807299e-01
4.088645681670753402e+04	7.563994511090893491e-02	1.048007009595813555e-01
4.124822469608893880e+04	7.630921568776453945e-02	1.050183062435081777e-01
4.161177072646456509e+04	7.698177584395944628e-02	1.052370213937230820e-01
4.197710372101559915e+04	7.765764188387885847e-02	1.054568444123771265e-01
4.234423252167800092e+04	7.833683016510430142e-02	1.056777733895282873e-01
4.271316599942293396e+04	7.901935709893243009e-02	1.058998065014059575e-01
4.308391305453598034e+04	7.970523915089156031e-02	1.061229420087204944e-01
4.345648261689273204e+04	8.039449284125155248e-02	1.063471782550261119e-01
4.383088364623244706e+04	8.108713474553003175e-02	1.065725136651230476e-01
4.420712513243174908e+04	8.178318149499873291e-02	1.067989467435064566e-01
4.458521609577303752e+04	8.248264977718011703e-02	1.070264760728548564e-01
4.496516558721323963e+04	8.318555633634450164e-02	1.072551003125614411e-01
4.534698268864842248e+04	8.389191797399958572e-02	1.074848181973027672e-01
4.573067651317971468e+04	8.460175154938247288e-02	1.077156285356467985e-01
4.611625620537423674e+04	8.531507397994234076e-02	1.079475302086986138e-01
4.650373094152686099e+04	8.603190224182469259e-02	1.081805221687778124e-01
4.689310992991873354e+04	8.675225337034966899e-02	1.084146034381371915e-01
4.728440241107410111e+04	8.747614446048708470e-02	1.086497731077085277e-01
4.767761765801710862e+04	8.820359266733165948e-02	1.088860303358844817e-01
4.807276497652548278e+04	8.893461520657214292e-02	1.091233743473315615e-01
4.846985370538444840e+04	8.966922935496123015e-02	1.093618044318329374e-01
4.886889321663840383e+04	9.040745245078105063e-02	1.096013199431595947e-01
4.926989291584042803e+04	9.114930189430479890e-02	1.098419202979751264e-01
4.967286224230146763e+04	9.189479514825771300e-02	1.100836049747615369e-01
5.007781066933972761e+04	9.264394973827849711e-02	1.103263735127789497e-01
5.048474770452547091e+04	9.339678325337212594e-02	1.105702255110457555e-01
5.089368288992842281e+04	9.415331334636757588e-02	1.108151606273486828e-01
5.130462580236148642e+04	9.491355773436874199e-02	1.110611785772736004e-01
5.171758605362485832e+04	9.567753419920599356e-02	1.113082791332648674e-01
5.213257329074817972e+04	9.644526058788413514e-02	1.115564621237039727e-01
5.254959719623326237e+04	9.721675481303153343e-02	1.118057274320142930e-01
5.296866748829374410e+04	9.799203485334341546e-02	1.120560749957852098e-01
5.338979392109629407e+04	9.877111875402815044e-02	1.123075048059167663e-01
5.381298628499898041e+04	9.955402462724810553e-02	1.125600169057908162e-01
5.423825440679012536e+04	1.003407706525617366e-01	1.128136113904572996e-01
5.466560814992657106e+04	1.011313750773641523e-01	1.130682884058403365e-01
5.509505741476990079e+04	1.019258562173243204e-01	1.133240481479634992e-01
5.552661213882323500e+04	1.027242324568229809e-01	1.135808908621982888e-01
5.596028229696717608e+04	1.035265222493892689e-01	1.138388168425258223e-01
5.639607790169487271e+04	1.043327441181355203e-01	1.140978264308161322e-01
5.683400900334705511e+04	1.051429166561920481e-01	1.143579200161291137e-01
5.727408569034527318e+04	1.059570585271387561e-01	1.146190980340267562e-01
5.771631808942655334e+04	1.067751884654391109e-01	1.148813609659035673e-01
5.816071636587629473e+04	1.075973252768711586e-01	1.151447093383342751e-01
5.860729072376091062e+04	1.084234878389576939e-01	1.154091437224368522e-01
5.905605140616011340e+04	1.092536951013962088e-01	1.156746647332485278e-01
5.950700869539899577e+04	1.100879660864881315e-01	1.159412730291157767e-01
5.996017291328038846e+04	1.109263198895687058e-01	1.162089693111027361e-01
6.041555442131534801e+04	1.117687756794333992e-01	1.164777543224085748e-01
6.087316362095368822e+04	1.126153526987643261e-01	1.167476288478038610e-01
6.133301095381645428e+04	1.134660702645604313e-01	1.170185937130736736e-01
6.179510690192534821e+04	1.143209477685619008e-01	1.172906497844775492e-01
6.225946198793324584e+04	1.151800046776765146e-01	1.175637979682223472e-01
6.272608677535429888e+04	1.160432605344054457e-01	1.178380392099459828e-01
6.319499186879360786e+04	1.169107349572681698e-01	1.181133744942104713e-01
6.366618791417795001e+04	1.177824476412292071e-01	1.183898048440112233e-01
6.413968559898463718e+04	1.186584183581215757e-01	1.186673313202967484e-01
6.461549565247125429e+04	1.195386669570718263e-01	1.189459550214953115e-01
6.509362884590565955e+04	1.204232133649254660e-01	1.192256770830578266e-01
6.557409599279450777e+04	1.213120775866698420e-01	1.195064986770080495e-01
6.605690794911385456e+04	1.222052797058606338e-01	1.197884210115005010e-01
6.654207561353770143e+04	1.231028398850447514e-01	1.200714453303960844e-01
6.702960992766784329e+04	1.240047783661855085e-01	1.203555729128404778e-01
6.751952187626228260e+04	1.249111154710852295e-01	1.206408050728531439e-01
6.801182248746641562e+04	1.258218716018128513e-01	1.209271431589301338e-01
6.850652283304109005e+04	1.267370672411260168e-01	1.212145885536486667e-01
6.900363402859235066e+04	1.276567229528958458e-01	1.215031426732872677e-01
6.950316723380245094e+04	1.285808593825345236e-01	1.217928069674506231e-01
7.000513365265729954e+04	1.295094972574160064e-01	1.220835829187045252e-01
7.050954453367980022e+04	1.304426573873076201e-01	1.223754720422177700e-01
7.101641117015510099e+04	1.313803606647869493e-01	1.226684758854146295e-01
7.152574490036543284e+04	1.323226280656760456e-01	1.229625960276300722e-01
7.203755710781825474e+04	1.332694806494637840e-01	1.232578340797777783e-01
7.255185922147746896e+04	1.342209395597333266e-01	1.235541916840270510e-01
7.306866271599358879e+04	1.351770260245881428e-01	1.238516705134777018e-01
7.358797911193442997e+04	1.361377613570786960e-01	1.241502722718524632e-01
7.410981997601874173e+04	1.371031669556346810e-01	1.244499986931908303e-01
7.463419692134454090e+04	1.380732643044874086e-01	1.247508515415511332e-01
7.516112160762363055e+04	1.390480749741037081e-01	1.250528326107199772e-01
7.569060574141195684e+04	1.400276206216121144e-01	1.253559437239260277e-01
7.622266107634177024e+04	1.410119229912322747e-01	1.256601867335638834e-01
7.675729941335607145e+04	1.420010039147087400e-01	1.259655635209186164e-01
7.729453260093987046e+04	1.429948853117387619e-01	1.262720759959022054e-01
7.783437253535463242e+04	1.439935891904060572e-01	1.265797260967940485e-01
7.837683116087061353e+04	1.449971376476106300e-01	1.268885157899847516e-01
7.892192047000308230e+04	1.460055528695057003e-01	1.271984470697293534e-01
7.946965250374501920e+04	1.470188571319282766e-01	1.275095219579036598e-01
8.002003935180141707e+04	1.480370728008326420e-01	1.278217425037646571e-01
8.057309315282703028e+04	1.490602223327300024e-01	1.281351107837233327e-01
8.112882609465887072e+04	1.500883282751188930e-01	1.284496289011139991e-01
8.168725041455466999e+04	1.511214132669261301e-01	1.287652989859743302e-01
8.224837839942830033e+04	1.521595000389423524e-01	1.290821231948277581e-01
8.281222238608635962e+04	1.532026114142597817e-01	1.294001037104718088e-01
8.337879476146696834e+04	1.542507703087138970e-01	1.297192427417721283e-01
8.394810796287577250e+04	1.553039997313201692e-01	1.300395425234591174e-01
8.452017447822551185e+04	1.563623227847172059e-01	1.303610053159312554e-01
8.509500684627520968e+04	1.574257626656091480e-01	1.306836334050611725e-01
8.567261765686827130e+04	1.584943426652063170e-01	1.310074291020072168e-01
8.625301955117317266e+04	1.595680861696703590e-01	1.313323947430287963e-01
8.683622522192305769e+04	1.606470166605576400e-01	1.316585326893064956e-01
8.742224741365814407e+04	1.617311577152675539e-01	1.319858453267680753e-01
8.801109892296405451e+04	1.628205330074834756e-01	1.323143350659118089e-01
8.860279259871820977e+04	1.639151663076287013e-01	1.326440043416437231e-01
8.919734134232945507e+04	1.650150814833094837e-01	1.329748556131096493e-01
8.979475810798205202e+04	1.661203024997668087e-01	1.333068913635367669e-01
9.039505590287822997e+04	1.672308534203247321e-01	1.336401141000775894e-01
9.099824778748444805e+04	1.683467584068462086e-01	1.339745263536571696e-01
9.160434687577522709e+04	1.694680417201841760e-01	1.343101306788223870e-01
9.221336633547866950e+04	1.705947277206355528e-01	1.346469296535977300e-01
9.282531938832245942e+04	1.717268408683965686e-01	1.349849258793421880e-01
9.344021931028092513e+04	1.728644057240197318e-01	1.353241219806118334e-01
9.405807943182346935e+04	1.740074469488734066e-01	1.356645206050223207e-01
9.467891313816007460e+04	1.751559893055961159e-01	1.360061244231178523e-01
9.530273386949326959e+04	1.763100576585625578e-01	1.363489361282425316e-01
9.592955512126551184e+04	1.774696769743411839e-01	1.366929584364141026e-01
9.655939044440822909e+04	1.786348723221552193e-01	1.370381940862011871e-01
9.719225344559608493e+04	1.798056688743527587e-01	1.373846458386028258e-01
9.782815778749489982e+04	1.809820919068655665e-01	1.377323164769320707e-01
9.846711718901537824e+04	1.821641667996784786e-01	1.380812088067020216e-01
9.910914542556718516e+04	1.833519190372992769e-01	1.384313256555153582e-01
9.975425632930902066e+04	1.845453742092216798e-01	1.387826698729557329e-01
1.004024637894067419e+05	1.857445580104024885e-01	1.391352443304795516e-01
1.010537817522861442e+05	1.869494962417293515e-01	1.394890519213189128e-01
1.017082242218894680e+05	1.881602148104954964e-01	1.398440955603759139e-01
1.023658052599314979e+05	1.893767397308732947e-01	1.402003781841266172e-01
1.030265389861571457e+05	1.905990971243907151e-01	1.405579027505274581e-01
1.036904395785999222e+05	1.918273132204098563e-01	1.409166722389215420e-01
1.043575212738402624e+05	1.930614143566044827e-01	1.412766896499467184e-01
1.050277983672653791e+05	1.943014269794409721e-01	1.416379580054517584e-01
1.057012852133282868e+05	1.955473776446573497e-01	1.420004803484065103e-01
1.063779962258126325e+05	1.967992930177533961e-01	1.423642597428221301e-01
1.070579458780896239e+05	1.980571998744657947e-01	1.427292992736687860e-01
1.077411487033855083e+05	1.993211251012632079e-01	1.430956020467969991e-01
1.084276192950418044e+05	2.005910956958273372e-01	1.434631711888627315e-01
1.091173723067817773e+05	2.018671387675462781e-01	1.438320098472503084e-01
1.098104224529752828e+05	2.031492815380042671e-01	1.442021211900028355e-01
1.105067845089046896e+05	2.044375513414736778e-01	1.445735084057508391e-01
1.112064733110303932e+05	2.057319756254062104e-01	1.449461747036459303e-01
1.119095037572628789e+05	2.070325819509363230e-01	1.453201233132919157e-01
1.126158908072257182e+05	2.083393979933675921e-01	1.456953574846835409e-01
1.133256494825310801e+05	2.096524515426824997e-01	1.460718804881425137e-01
1.140387948670449987e+05	2.109717705040332625e-01	1.464496956142581907e-01
1.147553421071612102e+05	2.122973828982482325e-01	1.468288061738296513e-01
1.154753064120731869e+05	2.136293168623354111e-01	1.472092154978072720e-01
1.161987030540472915e+05	2.149676006499874892e-01	1.475909269372411847e-01
1.169255473686967889e+05	2.163122626320890529e-01	1.479739438632263482e-01
1.176558547552559467e+05	2.176633312972235113e-01	1.483582696668511169e-01
1.183896406768572342e+05	2.190208352521859081e-01	1.487439077591478920e-01
1.191269206608065870e+05	2.203848032224921816e-01	1.491308615710466301e-01
1.198677102988625265e+05	2.217552640528956676e-01	1.495191345533289362e-01
1.206120252475139569e+05	2.231322467079008276e-01	1.499087301765808788e-01
1.213598812282600265e+05	2.245157802722810569e-01	1.502996519311531332e-01
1.221112940278906462e+05	2.259058939515976860e-01	1.506919033271183483e-01
1.228662794987686066e+05	2.273026170727219242e-01	1.510854878942315405e-01
1.236248535591103282e+05	2.287059790843541107e-01	1.514804091818920118e-01
1.243870321932706138e+05	2.301160095575506548e-01	1.518766707591076848e-01
1.251528314520279091e+05	2.315327381862516409e-01	1.522742762144572992e-01
1.259222674528666394e+05	2.329561947878032724e-01	1.526732291560595478e-01
1.266953563802683639e+05	2.343864093034964680e-01	1.530735332115389369e-01
1.274721144859933556e+05	2.358234117990876955e-01	1.534751920279958659e-01
1.282525580893735605e+05	2.372672324653410658e-01	1.538782092719768735e-01
1.290367035776011617e+05	2.387179016185621561e-01	1.542825886294467153e-01
1.298245674060172751e+05	2.401754497011319711e-01	1.546883338057598034e-01
1.306161660984047921e+05	2.416399072820488714e-01	1.550954485256388626e-01
1.314115162472802622e+05	2.431113050574685019e-01	1.555039365331458145e-01
1.322106345141885686e+05	2.445896738512488566e-01	1.559138015916621267e-01
1.330135376299945056e+05	2.460750446154898463e-01	1.563250474838666082e-01
1.338202423951832170e+05	2.475674484310889378e-01	1.567376780117149260e-01
1.346307656801526027e+05	2.490669165082823322e-01	1.571516969964198152e-01
1.354451244255128549e+05	2.505734801871987716e-01	1.575671082784338706e-01
1.362633356423853838e+05	2.520871709384129300e-01	1.579839157174326159e-01
1.370854164127009572e+05	2.536080203634967778e-01	1.584021231922989881e-01
1.379113838895041845e+05	2.551360601955827700e-01	1.588217346011090714e-01
1.387412552972512203e+05	2.566713222999147948e-01	1.592427538611194404e-01
1.395750479321156163e+05	2.582138386744138869e-01	1.596651849087531438e-01
1.404127791622933291e+05	2.597636414502426661e-01	1.600890316995913776e-01
1.412544664283036545e+05	2.613207628923617243e-01	1.605142982083595238e-01
1.421001272433024424e+05	2.628852354001095515e-01	1.609409884289227655e-01
1.429497791933850676e+05	2.644570915077623652e-01	1.613691063742761500e-01
1.438034399378935050e+05	2.660363638851029888e-01	1.617986560765379556e-01
1.446611272097319597e+05	2.676230853380041075e-01	1.622296415869444730e-01
1.455228588156723126e+05	2.692172888089937599e-01	1.626620669758434556e-01
1.463886526366701582e+05	2.708190073778398155e-01	1.630959363326923706e-01
1.472585266281751974e+05	2.724282742621241260e-01	1.635312537660568721e-01
1.481324988204479159e+05	2.740451228178286680e-01	1.639680234036050011e-01
1.490105873188734113e+05	2.756695865399158007e-01	1.644062493921092938e-01
1.498928103042793227e+05	2.773016990629167400e-01	1.648459358974467270e-01
1.507791860332521901e+05	2.789414941615165899e-01	1.652870871046007439e-01
1.516697328384603315e+05	2.805890057511515878e-01	1.657297072176604769e-01
1.525644691289676994e+05	2.822442678885902501e-01	1.661738004598265206e-01
1.534634133905629278e+05	2.839073147725414414e-01	1.666193710734122091e-01
1.543665841860778455e+05	2.855781807442440146e-01	1.670664233198499715e-01
1.552740001557092473e+05	2.872569002880621114e-01	1.675149614796979380e-01
1.561856800173491356e+05	2.889435080320958971e-01	1.679649898526445195e-01
1.571016425669070450e+05	2.906380387487780270e-01	1.684165127575145415e-01
1.580219066786404292e+05	2.923405273554847694e-01	1.688695345322835384e-01
1.589464913054813806e+05	2.940510089151405770e-01	1.693240595340780585e-01
1.598754154793666385e+05	2.957695186368282658e-01	1.697800921391922069e-01
1.608086983115707990e+05	2.974960918764059659e-01	1.702376367430976922e-01
1.617463589930375747e+05	2.992307641371195204e-01	1.706966977604487401e-01
1.626884167947137321e+05	3.009735710702204359e-01	1.711572796251034922e-01
1.636348910678826796e+05	3.027245484755829441e-01	1.716193867901329162e-01
1.645858012445032655e+05	3.044837323023310005e-01	1.720830237278325736e-01
1.655411668375463632e+05	3.062511586494607863e-01	1.725481949297388018e-01
1.665010074413335533e+05	3.080268637664670961e-01	1.730149049066448952e-01
1.674653427318769682e+05	3.098108840539723907e-01	1.734831581886168705e-01
1.684341924672216992e+05	3.116032560643601790e-01	1.739529593250114248e-01
1.694075764877892507e+05	3.134040165024101210e-01	1.744243128844916169e-01
1.703855147167162795e+05	3.152132022259251376e-01	1.748972234550444926e-01
1.713680271602078283e+05	3.170308502463844991e-01	1.753716956440005414e-01
1.723551339078788878e+05	3.188569977295759306e-01	1.758477340780577325e-01
1.733468551331042254e+05	3.206916819962428167e-01	1.763253434032932832e-01
1.743432110933660588e+05	3.225349405227272426e-01	1.768045282851929412e-01
1.753442221306083957e+05	3.243868109416255252e-01	1.772852934086713572e-01
1.763499086715827580e+05	3.262473310424280903e-01	1.777676434780879888e-01
1.773602912282079342e+05	3.281165387721846627e-01	1.782515832172790193e-01
1.783753903979216993e+05	3.299944722361551341e-01	1.787371173695753435e-01
1.793952268640378024e+05	3.318811696984699799e-01	1.792242506978276861e-01
1.804198213961019937e+05	3.337766695827886765e-01	1.797129879844343303e-01
1.814491948502544546e+05	3.356810104729707755e-01	1.802033340313664578e-01
1.824833681695833220e+05	3.375942311137291041e-01	1.806952936601911586e-01
1.835223623844938993e+05	3.395163704113137171e-01	1.811888717121003800e-01
1.845661986130655278e+05	3.414474674341712590e-01	1.816840730479413746e-01
1.856148980614214961e+05	3.433875614136298049e-01	1.821809025482407918e-01
1.866684820240909175e+05	3.453366917445682138e-01	1.826793651132322394e-01
1.877269718843745359e+05	3.472948979860928653e-01	1.831794656628931151e-01
1.887903891147190880e+05	3.492622198622303276e-01	1.836812091369683930e-01
1.898587552770846814e+05	3.512386972626066473e-01	1.841846004950030424e-01
1.909320920233125798e+05	3.532243702431282495e-01	1.846896447163708932e-01
1.920104210955032031e+05	3.552192790266808786e-01	1.851963468003132163e-01
1.930937643263902573e+05	3.572234640038219888e-01	1.857047117659645086e-01
1.941821436397133803e+05	3.592369657334697486e-01	1.862147446523862160e-01
1.952755810505971021e+05	3.612598249436046460e-01	1.867264505186045642e-01
1.963740986659294576e+05	3.632920825319695401e-01	1.872398344436382867e-01
1.974777186847437406e+05	3.653337795667759291e-01	1.877549015265399246e-01
1.985864633985999390e+05	3.673849572874098857e-01	1.882716568864261086e-01
1.997003551919632300e+05	3.694456571051319416e-01	1.887901056625162499e-01
2.008194165425942920e+05	3.715159206037993989e-01	1.893102530141663464e-01
2.019436700219362392e+05	3.735957895405820350e-01	1.898321041209089233e-01
2.030731382954948931e+05	3.756853058466655404e-01	1.903556641824856177e-01
2.042078441232367477e+05	3.777845116279879845e-01	1.908809384188930591e-01
2.053478103599738388e+05	3.798934491659515800e-01	1.914079320704121789e-01
2.064930599557608948e+05	3.820121609181576505e-01	1.919366503976544236e-01
2.076436159562827379e+05	3.841406895191230575e-01	1.924670986815934237e-01
2.087995015032560623e+05	3.862790777810237164e-01	1.929992822236149541e-01
2.099607398348204733e+05	3.884273686944178516e-01	1.935332063455502405e-01
2.111273542859432055e+05	3.905856054289949530e-01	1.940688763897174263e-01
2.122993682888144976e+05	3.927538313343068022e-01	1.946062977189681464e-01
2.134768053732495464e+05	3.949320899405116547e-01	1.951454757167234988e-01
2.146596891670939513e+05	3.971204249591238078e-01	1.956864157870204235e-01
2.158480433966257260e+05	3.993188802837576157e-01	1.962291233545514213e-01
2.170418918869654299e+05	4.015274999908860498e-01	1.967736038647124874e-01
2.182412585624791973e+05	4.037463283405865466e-01	1.973198627836421082e-01
2.194461674471920996e+05	4.059754097773053960e-01	1.978679055982708879e-01
2.206566426651989168e+05	4.082147889306180222e-01	1.984177378163631267e-01
2.218727084410733660e+05	4.104645106159857670e-01	1.989693649665598696e-01
2.230943891002862074e+05	4.127246198355294937e-01	1.995227925984329465e-01
2.243217090696191590e+05	4.149951617787954183e-01	2.000780262825229139e-01
2.255546928775846609e+05	4.172761818235316000e-01	2.006350716103892928e-01
2.267933651548433118e+05	4.195677255364601010e-01	2.011939341946592241e-01
2.280377506346257869e+05	4.218698386740577511e-01	2.017546196690737093e-01
2.292878741531517589e+05	4.241825671833307498e-01	2.023171336885355442e-01
2.305437606500603142e+05	4.265059572026115853e-01	2.028814819291575866e-01
2.318054351688322495e+05	4.288400550623396867e-01	2.034476700883133260e-01
2.330729228572182474e+05	4.311849072858537912e-01	2.040157038846884541e-01
2.343462489676671976e+05	4.335405605901843096e-01	2.045855890583241909e-01
2.356254388577590289e+05	4.359070618868541858e-01	2.051573313706731849e-01
2.369105179906347767e+05	4.382844582826743718e-01	2.057309366046510546e-01
2.382015119354349154e+05	4.406727970805546235e-01	2.063064105646831570e-01
2.394984463677310559e+05	4.430721257803024726e-01	2.068837590767604040e-01
2.408013470699661411e+05	4.454824920794373533e-01	2.074629879884906936e-01
2.421102399318943208e+05	4.479039438740044510e-01	2.080441031691492026e-01
2.434251509510198957e+05	4.503365292593868308e-01	2.086271105097351475e-01
2.447461062330438872e+05	4.527802965311311656e-01	2.092120159230241305e-01
2.460731319923037663e+05	4.552352941857619739e-01	2.097988253436185446e-01
2.474062545522263681e+05	4.577015709216187278e-01	2.103875447280058597e-01
2.487455003457706480e+05	4.601791756396757527e-01	2.109781800546141894e-01
2.500908959158794605e+05	4.626681574443770040e-01	2.115707373238657207e-01
2.514424679159327934e+05	4.651685656444756733e-01	2.121652225582303652e-01
2.528002431102002156e+05	4.676804497538704086e-01	2.127616418022873768e-01
2.541642483742957120e+05	4.702038594924470849e-01	2.133600011227753113e-01
2.555345106956371455e+05	4.727388447869287358e-01	2.139603066086535332e-01
2.569110571739023144e+05	4.752854557717192674e-01	2.145625643711573105e-01
2.582939150214896072e+05	4.778437427897557765e-01	2.151667805438592374e-01
2.596831115639840136e+05	4.804137563933704169e-01	2.157729612827205268e-01
2.610786742406209814e+05	4.829955473451487680e-01	2.163811127661555145e-01
2.624806306047499529e+05	4.855891666187874267e-01	2.169912411950891407e-01
2.638890083243055269e+05	4.881946653999651997e-01	2.176033527930163192e-01
2.653038351822713157e+05	4.908120950872019161e-01	2.182174538060600855e-01
2.667251390771635342e+05	4.934415072927525459e-01	2.188335505030353234e-01
2.681529480234929360e+05	4.960829538434619601e-01	2.194516491755041099e-01
2.695872901522465399e+05	4.987364867816561076e-01	2.200717561378424669e-01
2.710281937113675522e+05	5.014021583660299708e-01	2.206938777272975660e-01
2.724756870662237634e+05	5.040800210725140396e-01	2.213180203040506222e-01
2.739297987001030124e+05	5.067701275951905782e-01	2.219441902512808984e-01
2.753905572146858322e+05	5.094725308471688141e-01	2.225723939752253244e-01
2.768579913305368973e+05	5.121872839614932671e-01	2.232026379052447218e-01
2.783321298875878565e+05	5.149144402920375896e-01	2.238349284938835337e-01
2.798130018456291291e+05	5.176540534144138395e-01	2.244692722169404075e-01
2.813006362847993732e+05	5.204061771268788661e-01	2.251056755735208470e-01
2.827950624060794362e+05	5.231708654512469137e-01	2.257441450861140120e-01
2.842963095317868283e+05	5.259481726338056662e-01	2.263846873006508387e-01
2.858044071060704300e+05	5.287381531462302942e-01	2.270273087865656292e-01
2.873193846954174805e+05	5.315408616865223701e-01	2.276720161368772366e-01
2.888412719891369925e+05	5.343563531799033761e-01	2.283188159682374707e-01
2.903700987998820492e+05	5.371846827797818191e-01	2.289677149210055385e-01
2.919058950641438714e+05	5.400259058686661673e-01	2.296187196593168223e-01
2.934486908427619492e+05	5.428800780591095387e-01	2.302718368711483832e-01
2.949985163214306231e+05	5.457472551946466188e-01	2.309270732683817162e-01
2.965554018112107296e+05	5.486274933507399032e-01	2.315844355868792726e-01
2.981193777490399079e+05	5.515208488357238314e-01	2.322439305865486026e-01
2.996904746982560609e+05	5.544273781917736788e-01	2.329055650514099129e-01
3.012687233491052175e+05	5.573471381958446935e-01	2.335693457896681480e-01
3.028541545192610938e+05	5.602801858606331065e-01	2.342352796337794640e-01
3.044467991543559474e+05	5.632265784355585669e-01	2.349033734405257534e-01
3.060466883284893702e+05	5.661863734077053900e-01	2.355736340910800919e-01
3.076538532447622856e+05	5.691596285028102109e-01	2.362460684910810682e-01
3.092683252358067548e+05	5.721464016862425339e-01	2.369206835706997305e-01
3.108901357643049560e+05	5.751467511639641872e-01	2.375974862847178015e-01
3.125193164235298755e+05	5.781607353835302998e-01	2.382764836125938757e-01
3.141558989378768601e+05	5.811884130350721822e-01	2.389576825585363051e-01
3.157999151633948204e+05	5.842298430522804287e-01	2.396410901515788616e-01
3.174513970883297152e+05	5.872850846134100022e-01	2.403267134456517351e-01
3.191103768336639623e+05	5.903541971422783252e-01	2.410145595196534762e-01
3.207768866536556161e+05	5.934372403092629256e-01	2.417046354775274353e-01
3.224509589363805717e+05	5.965342740323040793e-01	2.423969484483347037e-01
3.241326262042887392e+05	5.996453584779340984e-01	2.430915055863283603e-01
3.258219211147415917e+05	6.027705540622719793e-01	2.437883140710309093e-01
3.275188764605700853e+05	6.059099214520545784e-01	2.444873811073050851e-01
3.292235251706236158e+05	6.090635215656536872e-01	2.451887139254332326e-01
3.309359003103292198e+05	6.122314155741090946e-01	2.458923197811911932e-01
3.326560350822446053e+05	6.154136649021525463e-01	2.465982059559263528e-01
3.343839628266228829e+05	6.186103312292523526e-01	2.473063797566328048e-01
3.361197170219671680e+05	6.218214764906393466e-01	2.480168485160315350e-01
3.378633312856038683e+05	6.250471628783671463e-01	2.487296195926413656e-01
3.396148393742392072e+05	6.282874528423425531e-01	2.494447003708663846e-01
3.413742751845394378e+05	6.315424090913979160e-01	2.501620982610654464e-01
3.431416727536883554e+05	6.348120945943234172e-01	2.508818206996364375e-01
3.449170662599687930e+05	6.380965725809423228e-01	2.516038751490937142e-01
3.467004900233427761e+05	6.413959065431841244e-01	2.523282690981455967e-01
3.484919785060134600e+05	6.447101602361249295e-01	2.530550100617783293e-01
3.502915663130191970e+05	6.480393976790854715e-01	2.537841055813305213e-01
3.520992881928168936e+05	6.513836831567113572e-01	2.545155632245789668e-01
3.539151790378508158e+05	6.547430812200240036e-01	2.552493905858163603e-01
3.557392738851565518e+05	6.581176566875396317e-01	2.559855952859367845e-01
3.575716079169422155e+05	6.615074746463430744e-01	2.567241849725105385e-01
3.594122164611803601e+05	6.649126004531836776e-01	2.574651673198705693e-01
3.612611349922053632e+05	6.683330997355798608e-01	2.582085500291976810e-01
3.631183991313058068e+05	6.717690383929156850e-01	2.589543408285979731e-01
3.649840446473257616e+05	6.752204825975526292e-01	2.597025474731863848e-01
3.668581074572680518e+05	6.786874987959459204e-01	2.604531777451743468e-01
3.687406236268891371e+05	6.821701537097449863e-01	2.612062394539510501e-01
3.706316293713186751e+05	6.856685143369395385e-01	2.619617404361649915e-01
3.725311610556531232e+05	6.891826479529582494e-01	2.627196885558169548e-01
3.744392551955800736e+05	6.927126221118231619e-01	2.634800917043363944e-01
3.763559484579806449e+05	6.962585046472641315e-01	2.642429578006710855e-01
3.782812776615507319e+05	6.998203636738687949e-01	2.650082947913705578e-01
3.802152797774199280e+05	7.033982675882268776e-01	2.657761106506770221e-01
3.821579919297674205e+05	7.069922850700698369e-01	2.665464133806074720e-01
3.841094513964497601e+05	7.106024850834320450e-01	2.673192110110414466e-01
3.860696956096260692e+05	7.142289368778083070e-01	2.680945115998078498e-01
3.880387621563822031e+05	7.178717099893070497e-01	2.688723232327781543e-01
3.900166887793658534e+05	7.215308742418268251e-01	2.696526540239447822e-01
3.920035133774186834e+05	7.252064997482245978e-01	2.704355121155199715e-01
3.939992740062045632e+05	7.288986569114784819e-01	2.712209056780158223e-01
3.960040088788608555e+05	7.326074164258925547e-01	2.720088429103406091e-01
3.980177563666282222e+05	7.363328492782622581e-01	2.727993320398813260e-01
4.000405549995026668e+05	7.400750267490799894e-01	2.735923813226007750e-01
4.020724434668670874e+05	7.438340204137041667e-01	2.743879990431219995e-01
4.041134606181627605e+05	7.476099021436011238e-01	2.751861935148258720e-01
4.061636454635151895e+05	7.514027441075030733e-01	2.759869730799334175e-01
4.082230371744043659e+05	7.552126187726481144e-01	2.767903461096047346e-01
4.102916750843145419e+05	7.590395989059819382e-01	2.775963210040278129e-01
4.123695986893938971e+05	7.628837575753786293e-01	2.784049061925107371e-01
4.144568476491168258e+05	7.667451681508660188e-01	2.792161101335779438e-01
4.165534617869448848e+05	7.706239043058480398e-01	2.800299413150550421e-01
4.186594810910041560e+05	7.745200400183577250e-01	2.808464082541706763e-01
4.207749457147415960e+05	7.784336495722720128e-01	2.816655194976500631e-01
4.228998959775957046e+05	7.823648075585519779e-01	2.824872836218030314e-01
4.250343723656844231e+05	7.863135888765161452e-01	2.833117092326205566e-01
4.271784155324741150e+05	7.902800687350770570e-01	2.841388049658760684e-01
4.293320662994657177e+05	7.942643226540115897e-01	2.849685794872141575e-01
4.314953656568649458e+05	7.982664264652001851e-01	2.858010414922466103e-01
4.336683547642791527e+05	8.022864563139164851e-01	2.866361997066519396e-01
4.358510749514049967e+05	8.063244886600992034e-01	2.874740628862709757e-01
4.380435677187141264e+05	8.103806002796212216e-01	2.883146398172031777e-01
4.402458747381512076e+05	8.144548682655796679e-01	2.891579393159038336e-01
4.424580378538267687e+05	8.185473700295794464e-01	2.900039702292814270e-01
4.446800990827218629e+05	8.226581833030355284e-01	2.908527414347978901e-01
4.469121006153814378e+05	8.267873861384557044e-01	2.917042618405647492e-01
4.491540848166295909e+05	8.309350569107647466e-01	2.925585403854446542e-01
4.514060942262742319e+05	8.351012743186073672e-01	2.934155860391477466e-01
4.536681715598084265e+05	8.392861173856456247e-01	2.942754078023332998e-01
4.559403597091414849e+05	8.434896654619118417e-01	2.951380147067106385e-01
4.582227017432944849e+05	8.477119982250947983e-01	2.960034158151373940e-01
4.605152409091356094e+05	8.519531956819008656e-01	2.968716202217228095e-01
4.628180206320949364e+05	8.562133381693756151e-01	2.977426370519256071e-01
4.651310845168926171e+05	8.604925063562512966e-01	2.986164754626630113e-01
4.674544763482643757e+05	8.647907812442890974e-01	2.994931446424010102e-01
4.697882400916857296e+05	8.691082441696186267e-01	3.003726538112682087e-01
4.721324198941228678e+05	8.734449768041273598e-01	3.012550122211545833e-01
4.744870600847487221e+05	8.778010611567851340e-01	3.021402291558128450e-01
4.768522051756996079e+05	8.821765795750442507e-01	3.030283139309674079e-01
4.792278998628029367e+05	8.865716147461855101e-01	3.039192758944130879e-01
4.816141890263362438e+05	8.909862496987220881e-01	3.048131244261214068e-01
4.840111177317668335e+05	8.954205678037686633e-01	3.057098689383467294e-01
4.864187312305003870e+05	8.998746527764257541e-01	3.066095188757305134e-01
4.888370749606479658e+05	9.043485886771986948e-01	3.075120837154067255e-01
4.912661945477668778e+05	9.088424599133686499e-01	3.084175729671142507e-01
4.937061358056369936e+05	9.133563512404283546e-01	3.093259961732927055e-01
4.961569447370111011e+05	9.178903477634705599e-01	3.102373629091975116e-01
4.986186675343888346e+05	9.224445349386194426e-01	3.111516827830035359e-01
5.010913505807848996e+05	9.270189985744520245e-01	3.120689654359161680e-01
5.035750404504952021e+05	9.316138248334161487e-01	3.129892205422771245e-01
5.060697839098850964e+05	9.362291002332874257e-01	3.139124578096732510e-01
5.085756279181544087e+05	9.408649116485855446e-01	3.148386869790480436e-01
5.110926196281302837e+05	9.455213463120409889e-01	3.157679178248057328e-01
5.136208063870430342e+05	9.501984918160296667e-01	3.167001601549306877e-01
5.161602357373203849e+05	9.548964361140427348e-01	3.176354238110880024e-01
5.187109554173806682e+05	9.596152675221542028e-01	3.185737186687380706e-01
5.212730133624169393e+05	9.643550747204713280e-01	3.195150546372523270e-01
5.238464577052014065e+05	9.691159467546225370e-01	3.204594416600171081e-01
5.264313367768945172e+05	9.738979730372548937e-01	3.214068897145498371e-01
5.290276991078194696e+05	9.787012433494659547e-01	3.223574088126123782e-01
5.316355934283089591e+05	9.835258478423715145e-01	3.233110090003225578e-01
5.342550686694950564e+05	9.883718770385658825e-01	3.242677003582663531e-01
5.368861739641135791e+05	9.932394218336101366e-01	3.252274930016154642e-01
5.395289586473337840e+05	9.981285734975675616e-01	3.261903970802386143e-01
5.421834722575786291e+05	1.003039423676520325e+00	3.271564227788150148e-01
5.448497645373397972e+05	1.007972064394078604e+00	3.281255803169528806e-01
5.475278854340144899e+05	1.012926588052926791e+00	3.290978799493011198e-01
5.502178851007330231e+05	1.017903087436356158e+00	3.300733319656730114e-01
5.529198138971822336e+05	1.022901655709787194e+00	3.310519466911509001e-01
5.556337223904527491e+05	1.027922386422337464e+00	3.320337344862107631e-01
5.583596613558728714e+05	1.032965373508364815e+00	3.330187057468401712e-01
5.610976817778595723e+05	1.038030711289040342e+00	3.340068709046515316e-01
5.638478348507459741e+05	1.043118494473880054e+00	3.349982404270021030e-01
5.666101719796645921e+05	1.048228818162379561e+00	3.359928248171185627e-01
5.693847447813627077e+05	1.053361777845521097e+00	3.369906346142034215e-01
5.721716050850866595e+05	1.058517469407410427e+00	3.379916803935662517e-01
5.749708049334307434e+05	1.063695989126846708e+00	3.389959727667344880e-01
5.777823965832033427e+05	1.068897433678926312e+00	3.400035223815824903e-01
5.806064325062930584e+05	1.074121900136642216e+00	3.410143399224473959e-01
5.834429653905312298e+05	1.079369485972482723e+00	3.420284361102510218e-01
5.862920481405847240e+05	1.084640289060081697e+00	3.430458217026171042e-01
5.891537338788183406e+05	1.089934407675813954e+00	3.440665074940046919e-01
5.920280759461799171e+05	1.095251940500432841e+00	3.450905043158242202e-01
5.949151279030835722e+05	1.100592986620704705e+00	3.461178230365543063e-01
5.978149435302941129e+05	1.105957645531044031e+00	3.471484745618792500e-01
6.007275768298399635e+05	1.111346017135204089e+00	3.481824698347981695e-01
6.036530820258702151e+05	1.116758201747859891e+00	3.492198198357640559e-01
6.065915135655871127e+05	1.122194300096336139e+00	3.502605355827943523e-01
6.095429261201329064e+05	1.127654413322245919e+00	3.513046281316046793e-01
6.125073745855013840e+05	1.133138642983177569e+00	3.523521085757378435e-01
6.154849140834384598e+05	1.138647091054361127e+00	3.534029880466812990e-01
6.184755999623576645e+05	1.144179859930361642e+00	3.544572777139996522e-01
6.214794877982685575e+05	1.149737052426796913e+00	3.555149887854620605e-01
6.244966333956834860e+05	1.155318771782014364e+00	3.565761325071626353e-01
6.275270927885501878e+05	1.160925121658817893e+00	3.576407201636629396e-01
6.305709222411733354e+05	1.166556206146170727e+00	3.587087630781027880e-01
6.336281782491443446e+05	1.172212129760917154e+00	3.597802726123445760e-01
6.366989175402875990e+05	1.177892997449532020e+00	3.608552601670939608e-01
6.397831970755857183e+05	1.183598914589833573e+00	3.619337371820373073e-01
6.428810740501406835e+05	1.189329986992760269e+00	3.630157151359611478e-01
6.459926058940935181e+05	1.195086320904072963e+00	3.641012055468922926e-01
6.491178502736010123e+05	1.200868023006161911e+00	3.651902199722306119e-01
6.522568650917611085e+05	1.206675200419758065e+00	3.662827700088744365e-01
6.554097084896025481e+05	1.212507960705764720e+00	3.673788672933514521e-01
6.585764388470196864e+05	1.218366411866986354e+00	3.684785235019644722e-01
6.617571147837543394e+05	1.224250662349945395e+00	3.695817503509081781e-01
6.649517951603599358e+05	1.230160821046665909e+00	3.706885595964148905e-01
6.681605390791757964e+05	1.236096997296475264e+00	3.717989630348875196e-01
6.713834058852909366e+05	1.242059300887788265e+00	3.729129725030261300e-01
6.746204551675475668e+05	1.248047842059962997e+00	3.740305998779749341e-01
6.778717467595096678e+05	1.254062731505092954e+00	3.751518570774505790e-01
6.811373407404547324e+05	1.260104080369841117e+00	3.762767560598746508e-01
6.844172974363678368e+05	1.266172000257280494e+00	3.774053088245289400e-01
6.877116774209405994e+05	1.272266603228740189e+00	3.785375274116674071e-01
6.910205415165692102e+05	1.278388001805653040e+00	3.796734239026756108e-01
6.943439507953542052e+05	1.284536308971405250e+00	3.808130104201964405e-01
6.976819665801168885e+05	1.290711638173216436e+00	3.819562991282753339e-01
7.010346504454071401e+05	1.296914103324003253e+00	3.831033022324903392e-01
7.044020642185226316e+05	1.303143818804266774e+00	3.842540319801085458e-01
7.077842699805217562e+05	1.309400899463965207e+00	3.854085006602073760e-01
7.111813300672660116e+05	1.315685460624441916e+00	3.865667206038278514e-01
7.145933070704251295e+05	1.321997618080286596e+00	3.877287041841130377e-01
7.180202638385244645e+05	1.328337488101270170e+00	3.888944638164525958e-01
7.214622634779831860e+05	1.334705187434268803e+00	3.900640119586190613e-01
7.249193693541515386e+05	1.341100833305180151e+00	3.912373611109107308e-01
7.283916450923506636e+05	1.347524543420848708e+00	3.924145238163043725e-01
7.318791545789297670e+05	1.353976435971020242e+00	3.935955126605916177e-01
7.353819619623168837e+05	1.360456629630286463e+00	3.947803402725151845e-01
7.389001316540723201e+05	1.366965243560033905e+00	3.959690193239363554e-01
7.424337283299608389e+05	1.373502397410427456e+00	3.971615625299658725e-01
7.459828169310115045e+05	1.380068211322371230e+00	3.983579826491023823e-01
7.495474626645894023e+05	1.386662805929490538e+00	3.995582924833960270e-01
7.531277310054602567e+05	1.393286302360101647e+00	4.007625048785824484e-01
7.567236876968872966e+05	1.399938822239241487e+00	4.019706327242402177e-01
7.603353987517027417e+05	1.406620487690650068e+00	4.031826889539332215e-01
7.639629304533955874e+05	1.413331421338781757e+00	4.043986865453598201e-01
7.676063493572100997e+05	1.420071746310838767e+00	4.056186385205008960e-01
7.712657222912395373e+05	1.426841586238793091e+00	4.068425579457725094e-01
7.749411163575167302e+05	1.433641065261406000e+00	4.080704579321738357e-01
7.786325989331390010e+05	1.440470308026307045e+00	4.093023516354432623e-01
7.823402376713583944e+05	1.447329439692013109e+00	4.105382522562036618e-01
7.860641005027032224e+05	1.454218585930000751e+00	4.117781730401091633e-01
7.898042556360939052e+05	1.461137872926773662e+00	4.130221272780123520e-01
7.935607715599773219e+05	1.468087427385958099e+00	4.142701283061098194e-01
7.973337170434436994e+05	1.475067376530370789e+00	4.155221895060866033e-01
8.011231611373452470e+05	1.482077848104088602e+00	4.167783243052874398e-01
8.049291731754635694e+05	1.489118970374607720e+00	4.180385461768620359e-01
8.087518227756213164e+05	1.496190872134899319e+00	4.193028686399125071e-01
8.125911798408406321e+05	1.503293682705555190e+00	4.205713052596656842e-01
8.164473145604919409e+05	1.510427531936910039e+00	4.218438696476198846e-01
8.203202974114518147e+05	1.517592550211185776e+00	4.231205754617010095e-01
8.242101991592524573e+05	1.524788868444616918e+00	4.244014364064211398e-01
8.281170908592514461e+05	1.532016618089615312e+00	4.256864662330415716e-01
8.320410438578061294e+05	1.539275931136941500e+00	4.269756787397246400e-01
8.359821297934273025e+05	1.546566940117840572e+00	4.282690877716945899e-01
8.399404205979773542e+05	1.553889778106258168e+00	4.295667072213950055e-01
8.439159884978355840e+05	1.561244578720995868e+00	4.308685510286536791e-01
8.479089060151019366e+05	1.568631476127938518e+00	4.321746331808446473e-01
8.519192459687695373e+05	1.576050605042223607e+00	4.334849677130409029e-01
8.559470814759453060e+05	1.583502100730498796e+00	4.347995687081874228e-01
8.599924859530269168e+05	1.590986099013099730e+00	4.361184502972560995e-01
8.640555331169166602e+05	1.598502736266295798e+00	4.374416266594034486e-01
8.681362969862403115e+05	1.606052149424544773e+00	4.387691120221509089e-01
8.722348518825558713e+05	1.613634475982728356e+00	4.401009206615398295e-01
8.763512724315745290e+05	1.621249853998412815e+00	4.414370669022850691e-01
8.804856335643787170e+05	1.628898422094100740e+00	4.427775651179615135e-01
8.846380105186653091e+05	1.636580319459530752e+00	4.441224297311577307e-01
8.888084788399768295e+05	1.644295685853957245e+00	4.454716752136405611e-01
8.929971143829323119e+05	1.652044661608425002e+00	4.468253160865343632e-01
8.972039933124856325e+05	1.659827387628098450e+00	4.481833669204744464e-01
9.014291921051638201e+05	1.667644005394552931e+00	4.495458423357817646e-01
9.056727875503215473e+05	1.675494656968094853e+00	4.509127570026323362e-01
9.099348567514162278e+05	1.683379484990119801e+00	4.522841256412303834e-01
9.142154771272586659e+05	1.691298632685428682e+00	4.536599630219679269e-01
9.185147264132798882e+05	1.699252243864567857e+00	4.550402839656083054e-01
9.228326826628210256e+05	1.707240462926219005e+00	4.564251033434439941e-01
9.271694242483945563e+05	1.715263434859529923e+00	4.578144360774802357e-01
9.315250298629860627e+05	1.723321305246524382e+00	4.592082971406077907e-01
9.358995785213401541e+05	1.731414220264479109e+00	4.606067015567616441e-01
9.402931495612398721e+05	1.739542326688293894e+00	4.620096644011095210e-01
9.447058226448263740e+05	1.747705771892928750e+00	4.634172008002179211e-01
9.491376777598984772e+05	1.755904703855812210e+00	4.648293259322377469e-01
9.535887952212302480e+05	1.764139271159276046e+00	4.662460550270697279e-01
9.580592556718664709e+05	1.772409622992952904e+00	4.676674033665373931e-01
9.625491400844597956e+05	1.780715909156250554e+00	4.690933862845775848e-01
9.670585297626063693e+05	1.789058280060821682e+00	4.705240191674062156e-01
9.715875063421457307e+05	1.797436886732969530e+00	4.719593174537028979e-01
9.761361517925321823e+05	1.805851880816184529e+00	4.733992966347870257e-01
9.807045484181534266e+05	1.814303414573583906e+00	4.748439722547981301e-01
9.852927788596914615e+05	1.822791640890429221e+00	4.762933599108746807e-01
9.899009260954655474e+05	1.831316713276611052e+00	4.777474752533368840e-01
9.945290734428011347e+05	1.839878785869182076e+00	4.792063339858684823e-01
9.991773045593872666e+05	1.848478013434866618e+00	4.806699518656895598e-01
1.003845703444643761e+06	1.857114551372591071e+00	4.821383447037497216e-01
1.008534354441104457e+06	1.865788555716043184e+00	4.836115283649083940e-01
1.013243342235787190e+06	1.874500183136206255e+00	4.850895187681241727e-01
1.017972751861576340e+06	1.883249590943916418e+00	4.865723318866232439e-01
1.022722668698635185e+06	1.892036937092475224e+00	4.880599837480971703e-01
1.027493178475785535e+06	1.900862380180203148e+00	4.895524904348909634e-01
1.032284367271901225e+06	1.909726079453017311e+00	4.910498680841820507e-01
1.037096321517344913e+06	1.918628194807088017e+00	4.925521328881708460e-01
1.041929127995352843e+06	1.927568886791402702e+00	4.940593010942641583e-01
1.046782873843465815e+06	1.936548316610411824e+00	4.955713890052729775e-01
1.051657646554952255e+06	1.945566646126661636e+00	4.970884129795906659e-01
1.056553533980243606e+06	1.954624037863450736e+00	4.986103894313922980e-01
1.061470624328359962e+06	1.963720655007465954e+00	5.001373348308200129e-01
1.066409006168358959e+06	1.972856661411464207e+00	5.016692657041725845e-01
1.071368768430782482e+06	1.982032221596947474e+00	5.032061986340946591e-01
1.076350000409108819e+06	1.991247500756851530e+00	5.047481502597874758e-01
1.081352791761212051e+06	2.000502664758242233e+00	5.062951372771788972e-01
1.086377232510825619e+06	2.009797880145027360e+00	5.078471764391272458e-01
1.091423413049014751e+06	2.019133314140677093e+00	5.094042845556140398e-01
1.096491424135638401e+06	2.028509134650930967e+00	5.109664784939496052e-01
1.101581356900864514e+06	2.037925510266599183e+00	5.125337751789535989e-01
1.106693302846617531e+06	2.047382610266242242e+00	5.141061915931537385e-01
1.111827353848104132e+06	2.056880604618992692e+00	5.156837447769944127e-01
1.116983602155306609e+06	2.066419663987317357e+00	5.172664518290250868e-01
1.122162140394465299e+06	2.075999959729760924e+00	5.188543299061014746e-01
1.127363061569633428e+06	2.085621663903821865e+00	5.204473962235786066e-01
1.132586459064137423e+06	2.095284949268654273e+00	5.220456680555303208e-01
1.137832426642160164e+06	2.104989989287996188e+00	5.236491627349210143e-01
1.143101058450239478e+06	2.114736958132943379e+00	5.252578976538346822e-01
1.148392449018812506e+06	2.124526030684803057e+00	5.268718902636587709e-01
1.153706693263728870e+06	2.134357382537898751e+00	5.284911580752957860e-01
1.159043886487857904e+06	2.144231190002537257e+00	5.301157186593614679e-01
1.164404124382592039e+06	2.154147630107795308e+00	5.317455896463961773e-01
1.169787503029425396e+06	2.164106880604437233e+00	5.333807887270601844e-01
1.175194118901524227e+06	2.174109119967819748e+00	5.350213336523487184e-01
1.180624068865283858e+06	2.184154527400774981e+00	5.366672422337965820e-01
1.186077450181938475e+06	2.194243282836586317e+00	5.383185323436784353e-01
1.191554360509112710e+06	2.204375566941858544e+00	5.399752219152273991e-01
1.197054897902428638e+06	2.214551561119492806e+00	5.416373289428301208e-01
1.202579160817115800e+06	2.224771447511664224e+00	5.433048714822498182e-01
1.208127248109596549e+06	2.235035409002753770e+00	5.449778676508260089e-01
1.213699259039090946e+06	2.245343629222318338e+00	5.466563356276961105e-01
1.219295293269267306e+06	2.255696292548144744e+00	5.483402936539969463e-01
1.224915450869822875e+06	2.266093584109172276e+00	5.500297600330775749e-01
1.230559832318153698e+06	2.276535689788584449e+00	5.517247531307224451e-01
1.236228538500975352e+06	2.287022796226804378e+00	5.534252913753490155e-01
1.241921670715959510e+06	2.297555090824525248e+00	5.551313932582364608e-01
1.247639330673367018e+06	2.308132761745729233e+00	5.568430773337418316e-01
1.253381620497759432e+06	2.318755997920855183e+00	5.585603622195031148e-01
1.259148642729604151e+06	2.329424989049767802e+00	5.602832665966610559e-01
1.264940500326981302e+06	2.340139925604915572e+00	5.620118092100884200e-01
1.270757296667229151e+06	2.350900998834374089e+00	5.637460088685930515e-01
1.276599135548651684e+06	2.361708400765005766e+00	5.654858844451409183e-01
1.282466121192198480e+06	2.372562324205567119e+00	5.672314548770820419e-01
1.288358358243172057e+06	2.383462962749868463e+00	5.689827391663625500e-01
1.294275951772887725e+06	2.394410510779842127e+00	5.707397563797546036e-01
1.300219007280446356e+06	2.405405163468826046e+00	5.725025256490722247e-01
1.306187630694394931e+06	2.416447116784630644e+00	5.742710661713983367e-01
1.312181928374502575e+06	2.427536567492829978e+00	5.760453972093042552e-01
1.318202007113438798e+06	2.438673713159861478e+00	5.778255380910766181e-01
1.324247974138537887e+06	2.449858752156294894e+00	5.796115082109428718e-01
1.330319937113521621e+06	2.461091883660015078e+00	5.814033270292997546e-01
1.336418004140297417e+06	2.472373307659550434e+00	5.832010140729343428e-01
1.342542283760647988e+06	2.483703224957198863e+00	5.850045889352615269e-01
1.348692884958072333e+06	2.495081837172433925e+00	5.868140712765383959e-01
1.354869917159484467e+06	2.506509346745046329e+00	5.886294808241064880e-01
1.361073490237023216e+06	2.517985956938492809e+00	5.904508373726117254e-01
1.367303714509864338e+06	2.529511871843248993e+00	5.922781607842440010e-01
1.373560700745959766e+06	2.541087296380025506e+00	5.941114709889580014e-01
1.379844560163869290e+06	2.552712436303158139e+00	5.959507879847281142e-01
1.386155404434575466e+06	2.564387498203964721e+00	5.977961318377519317e-01
1.392493345683280844e+06	2.576112689514069576e+00	5.996475226827053806e-01
1.398858496491224272e+06	2.587888218508765270e+00	6.015049807229650991e-01
1.405250969897509785e+06	2.599714294310393470e+00	6.033685262308601249e-01
1.411670879400983220e+06	2.611591126891819048e+00	6.052381795478900539e-01
1.418118338962006383e+06	2.623518927079711460e+00	6.071139610849737300e-01
1.424593463004363934e+06	2.635497906558073478e+00	6.089958913226898307e-01
1.431096366417097626e+06	2.647528277871630920e+00	6.108839908115050177e-01
1.437627164556364529e+06	2.659610254429274345e+00	6.127782801720201844e-01
1.444185973247320391e+06	2.671744050507542934e+00	6.146787800952183689e-01
1.450772908786011627e+06	2.683929881254121685e+00	6.165855113426860212e-01
1.457388087941233534e+06	2.696167962691282227e+00	6.184984947468781247e-01
1.464031627956440905e+06	2.708458511719415540e+00	6.204177512113505655e-01
1.470703646551659564e+06	2.720801746120570463e+00	6.223433017110003851e-01
1.477404261925387196e+06	2.733197884561966440e+00	6.242751672923285700e-01
1.484133592756493017e+06	2.745647146599512478e+00	6.262133690736586544e-01
1.490891758206161670e+06	2.758149752681398947e+00	6.281579282454086144e-01
1.497678877919842489e+06	2.770705924151708466e+00	6.301088660703231259e-01
1.504495072029142175e+06	2.783315883253913103e+00	6.320662038837250307e-01
1.511340461153836222e+06	2.795979853134596738e+00	6.340299630937702435e-01
1.518215166403744835e+06	2.808698057846928275e+00	6.360001651816944435e-01
1.525119309380769497e+06	2.821470722354423533e+00	6.379768317020633184e-01
1.532053012180829886e+06	2.834298072534535251e+00	6.399599842830261398e-01
1.539016397395869019e+06	2.847180335182357691e+00	6.419496446265633427e-01
1.546009588115790393e+06	2.860117738014212208e+00	6.439458345087475388e-01
1.553032707930461736e+06	2.873110509671354507e+00	6.459485757799993122e-01
1.560085880931785330e+06	2.886158879723802695e+00	6.479578903653334665e-01
1.567169231715649832e+06	2.899263078673952165e+00	6.499738002646237023e-01
1.574282885383934015e+06	2.912423337960277525e+00	6.519963275528523061e-01
1.581426967546582455e+06	2.925639889961177520e+00	6.540254943803778254e-01
1.588601604323615553e+06	2.938912967998688952e+00	6.560613229731816487e-01
1.595806922347146785e+06	2.952242806342221915e+00	6.581038356331495587e-01
1.603043048763493542e+06	2.965629640212462892e+00	6.601530547383078762e-01
1.610310111235176679e+06	2.979073705785077131e+00	6.622090027430957981e-01
1.617608237943027169e+06	2.992575240194600639e+00	6.642717021786339604e-01
1.624937557588246651e+06	3.006134481538256242e+00	6.663411756529756813e-01
1.632298199394481722e+06	3.019751668879791406e+00	6.684174458513854056e-01
1.639690293109924765e+06	3.033427042253360906e+00	6.705005355365950548e-01
1.647113969009435270e+06	3.047160842667455238e+00	6.725904675490715912e-01
1.654569357896594331e+06	3.060953312108699809e+00	6.746872648072828049e-01
1.662056591105881846e+06	3.074804693545881484e+00	6.767909503079729827e-01
1.669575800504740095e+06	3.088715230933769540e+00	6.789015471264236989e-01
1.677127118495781440e+06	3.102685169217195504e+00	6.810190784167311495e-01
1.684710678018859588e+06	3.116714754334890536e+00	6.831435674120758250e-01
1.692326612553254003e+06	3.130804233223519972e+00	6.852750374249810816e-01
1.699975056119827554e+06	3.144953853821681022e+00	6.874135118476083495e-01
1.707656143283197656e+06	3.159163865073915556e+00	6.895590141520172578e-01
1.715370009153897408e+06	3.173434516934710459e+00	6.917115678904447451e-01
1.723116789390565362e+06	3.187766060372545951e+00	6.938711966955740662e-01
1.730896620202143909e+06	3.202158747373966552e+00	6.960379242808326650e-01
1.738709638350068359e+06	3.216612830947626733e+00	6.982117744406405313e-01
1.746555981150506064e+06	3.231128565128436492e+00	7.003927710506999693e-01
1.754435786476536887e+06	3.245706204981593235e+00	7.025809380682934702e-01
1.762349192760440288e+06	3.260346006606814839e+00	7.047762995325332902e-01
1.770296338995840168e+06	3.275048227142304480e+00	7.069788795646806401e-01
1.778277364740037592e+06	3.289813124769069841e+00	7.091887023683897118e-01
1.786292410116237588e+06	3.304640958715039822e+00	7.114057922300084380e-01
1.794341615815775469e+06	3.319531989259184801e+00	7.136301735188788076e-01
1.802425123100455152e+06	3.334486477735842058e+00	7.158618706875911064e-01
1.810543073804780142e+06	3.349504686538843590e+00	7.181009082722966674e-01
1.818695610338264843e+06	3.364586879125789576e+00	7.203473108929827617e-01
1.826882875687734457e+06	3.379733320022308529e+00	7.226011032537688061e-01
1.835105013419624185e+06	3.394944274826304564e+00	7.248623101431830307e-01
1.843362167682304746e+06	3.410220010212263730e+00	7.271309564344714538e-01
1.851654483208407881e+06	3.425560793935555015e+00	7.294070670858660010e-01
1.859982105317170732e+06	3.440966894836765988e+00	7.316906671409071361e-01
1.868345179916755762e+06	3.456438582845998031e+00	7.339817817287053181e-01
1.876743853506649844e+06	3.471976128987301902e+00	7.362804360642682955e-01
1.885178273179967422e+06	3.487579805382939657e+00	7.385866554487702240e-01
1.893648586625895463e+06	3.503249885257906815e+00	7.409004652698676363e-01
1.902154942132014316e+06	3.518986642944226695e+00	7.432218910019806613e-01
1.910697488586735213e+06	3.534790353885460590e+00	7.455509582066066621e-01
1.919276375481648138e+06	3.550661294641049182e+00	7.478876925325952385e-01
1.927891752914017532e+06	3.566599742890932401e+00	7.502321197165013889e-01
1.936543771589113865e+06	3.582605977439860645e+00	7.525842655828228756e-01
1.945232582822699100e+06	3.598680278221993323e+00	7.549441560443486132e-01
1.953958338543452555e+06	3.614822926305387263e+00	7.573118171024388889e-01
1.962721191295401426e+06	3.631034203896492674e+00	7.596872748473596504e-01
1.971521294240425574e+06	3.647314394344787214e+00	7.620705554585549546e-01
1.980358801160681760e+06	3.663663782147261294e+00	7.644616852049583855e-01
1.989233866461106576e+06	3.680082652953047262e+00	7.668606904453308948e-01
1.998146645171906333e+06	3.696571293568026828e+00	7.692675976285521244e-01
2.007097292951022508e+06	3.713129991959391418e+00	7.716824332939167252e-01
2.016085966086682631e+06	3.729759037260362842e+00	7.741052240714615396e-01
2.025112821499919519e+06	3.746458719774851343e+00	7.765359966822854565e-01
2.034178016747061163e+06	3.763229330982063026e+00	7.789747779388475069e-01
2.043281710022302112e+06	3.780071163541259160e+00	7.814215947452908262e-01
2.052424060160218272e+06	3.796984511296404019e+00	7.838764740977562928e-01
2.061605226638360880e+06	3.813969669280967256e+00	7.863394430846945005e-01
2.070825369579822989e+06	3.831026933722672556e+00	7.888105288872010457e-01
2.080084649755798513e+06	3.848156602048227626e+00	7.912897587793201737e-01
2.089383228588175960e+06	3.865358972888125244e+00	7.937771601283590828e-01
2.098721268152135890e+06	3.882634346081451415e+00	7.962727603952335365e-01
2.108098931178789120e+06	3.899983022680759692e+00	7.987765871347697333e-01
2.117516381057751365e+06	3.917405304956839807e+00	8.012886679960407044e-01
2.126973781839803327e+06	3.934901496403635957e+00	8.038090307226829490e-01
2.136471298239521217e+06	3.952471901743114024e+00	8.063377031532158457e-01
2.146009095637931488e+06	3.970116826930173204e+00	8.088747132213932600e-01
2.155587340085180942e+06	3.987836579157584715e+00	8.114200889565231778e-01
2.165206198303187732e+06	4.005631466860897660e+00	8.139738584837716839e-01
2.174865837688304484e+06	4.023501799723363526e+00	8.165360500245268938e-01
2.184566426314117387e+06	4.041447888681117817e+00	8.191066918967059296e-01
2.194308132934021764e+06	4.059470045927940696e+00	8.216858125151161873e-01
2.204091126984008122e+06	4.077568584920414629e+00	8.242734403917664210e-01
2.213915578585331794e+06	4.095743820382863554e+00	8.268696041362034732e-01
2.223781658547348808e+06	4.113996068312594900e+00	8.294743324558576658e-01
2.233689538370138966e+06	4.132325645984757045e+00	8.320876541563809736e-01
2.243639390247365460e+06	4.150732871957625747e+00	8.347095981419696553e-01
2.253631387069012038e+06	4.169218066077672091e+00	8.373401934157334026e-01
2.263665702424103860e+06	4.187781549484592247e+00	8.399794690800087560e-01
2.273742510603609495e+06	4.206423644616677393e+00	8.426274543367100467e-01
2.283861986603119411e+06	4.225144675215771528e+00	8.452841784876876652e-01
2.294024306125771720e+06	4.243944966332677815e+00	8.479496709350456962e-01
2.304229645585002378e+06	4.262824844332254060e+00	8.506239611815142876e-01
2.314478182107385714e+06	4.281784636898663621e+00	8.533070788307823840e-01
2.324770093535525259e+06	4.300824673040721358e+00	8.559990535878582163e-01
2.335105558430903591e+06	4.319945283097172073e+00	8.586999152593930429e-01
2.345484756076663267e+06	4.339146798741826849e+00	8.614096937540599574e-01
2.355907866480590776e+06	4.358429552989092848e+00	8.641284190828948386e-01
2.366375070377997588e+06	4.377793880199296161e+00	8.668561213596488457e-01
2.376886549234559294e+06	4.397240116083934502e+00	8.695928308011453556e-01
2.387442485249296296e+06	4.416768597711198119e+00	8.723385777276380093e-01
2.398043061357432045e+06	4.436379663511249127e+00	8.750933925631533272e-01
2.408688461233419366e+06	4.456073653281825919e+00	8.778573058358750680e-01
2.419378869293814991e+06	4.475850908193557132e+00	8.806303481784818477e-01
2.430114470700261183e+06	4.495711770795483453e+00	8.834125503285166214e-01
2.440895451362471096e+06	4.515656585020571434e+00	8.862039431287502822e-01
2.451721997941195965e+06	4.535685696191213090e+00	8.890045575275333789e-01
2.462594297851234209e+06	4.555799451024783231e+00	8.918144245791757019e-01
2.473512539264447521e+06	4.575998197639227882e+00	8.946335754443165422e-01
2.484476911112744827e+06	4.596282285558578096e+00	8.974620413902626437e-01
2.495487603091132827e+06	4.616652065718596099e+00	9.002998537913875499e-01
2.506544805660771206e+06	4.637107890472426774e+00	9.031470441294889850e-01
2.517648710052051581e+06	4.657650113596295327e+00	9.060036439941571151e-01
2.528799508267580066e+06	4.678279090295022868e+00	9.088696850831509133e-01
2.539997393085367512e+06	4.698995177207930141e+00	9.117451992027583163e-01
2.551242558061817661e+06	4.719798732414362874e+00	9.146302182682092274e-01
2.562535197534890380e+06	4.740690115439547547e+00	9.175247743040062520e-01
2.573875506627206225e+06	4.761669687260331685e+00	9.204288994443348138e-01
2.585263681249199901e+06	4.782737810311020077e+00	9.233426259334261976e-01
2.596699918102181051e+06	4.803894848489035141e+00	9.262659861259318061e-01
2.608184414681630675e+06	4.825141167161016931e+00	9.291990124873290569e-01
2.619717369280195329e+06	4.846477133168361817e+00	9.321417375942726569e-01
2.631298980990979355e+06	4.867903114833311840e+00	9.350941941350136011e-01
2.642929449710712768e+06	4.889419481964818459e+00	9.380564149097496696e-01
2.654608976142952684e+06	4.911026605864462269e+00	9.410284328310460911e-01
2.666337761801260989e+06	4.932724859332332734e+00	9.440102809241930348e-01
2.678116009012518916e+06	4.954514616673160177e+00	9.470019923276162821e-01
2.689943920920104254e+06	4.976396253702192851e+00	9.500036002932578105e-01
2.701821701487123501e+06	4.998370147751178827e+00	9.530151381869736982e-01
2.713749555499753915e+06	5.020436677674545045e+00	9.560366394889248109e-01
2.725727688570466358e+06	5.042596223855362325e+00	9.590681377939702656e-01
2.737756307141340803e+06	5.064849168211480013e+00	9.621096668120703299e-01
2.749835618487376720e+06	5.087195894201647306e+00	9.651612603686793301e-01
2.761965830719800200e+06	5.109636786831630140e+00	9.682229524051433334e-01
2.774147152789388783e+06	5.132172232660369815e+00	9.712947769791059338e-01
2.786379794489840046e+06	5.154802619806203801e+00	9.743767682648999395e-01
2.798663966461108532e+06	5.177528337953050119e+00	9.774689605539715886e-01
2.810999880192829762e+06	5.200349778356735619e+00	9.805713882552631322e-01
2.823387748027611058e+06	5.223267333851079997e+00	9.836840858956283906e-01
2.835827783164517954e+06	5.246281398854357292e+00	9.868070881202429812e-01
2.848320199662411585e+06	5.269392369375461627e+00	9.899404296930086611e-01
2.860865212443461642e+06	5.292600643020404227e+00	9.930841454969673299e-01
2.873463037296525203e+06	5.315906618998572419e+00	9.962382705347097023e-01
2.886113890880604740e+06	5.339310698129119181e+00	9.994028399287903097e-01
2.898817990728317294e+06	5.362813282847387342e+00	1.002577888922145721e+00
2.911575555249394849e+06	5.386414777211379956e+00	1.005763452878508657e+00
2.924386803734147921e+06	5.410115586908172958e+00	1.008959567282818881e+00
2.937251956357004121e+06	5.433916119260457478e+00	1.012166267741652748e+00
2.950171234179991763e+06	5.457816783232984470e+00	1.015383589983628321e+00
2.963144859156324062e+06	5.481817989439199401e+00	1.018611569859857457e+00
2.976173054133886937e+06	5.505920150147691317e+00	1.021850243344341713e+00
2.989256042858855333e+06	5.530123679288882599e+00	1.025099646534402220e+00
3.002394049979285337e+06	5.554428992461678760e+00	1.028359815651112008e+00
3.015587301048622001e+06	5.578836506939950368e+00	1.031630787039724551e+00
3.028836022529378068e+06	5.603346641679349815e+00	1.034912597170101201e+00
3.042140441796701401e+06	5.627959817323898051e+00	1.038205282637142846e+00
3.055500787142065819e+06	5.652676456212822664e+00	1.041508880161222894e+00
3.068917287776913494e+06	5.677496982387290281e+00	1.044823426588605164e+00
3.082390173836241942e+06	5.702421821597047469e+00	1.048148958891917726e+00
3.095919676382372621e+06	5.727451401307389389e+00	1.051485514170559243e+00
3.109506027408592403e+06	5.752586150705895740e+00	1.054833129651141510e+00
3.123149459842885844e+06	5.777826500709339008e+00	1.058191842687929540e+00
3.136850207551629748e+06	5.803172883970514562e+00	1.061561690763294097e+00
3.150608505343342200e+06	5.828625734885182652e+00	1.064942711488145122e+00
3.164424588972425088e+06	5.854185489598986436e+00	1.068334942602374937e+00
3.178298695142981596e+06	5.879852586014516547e+00	1.071738421975327871e+00
3.192231061512497719e+06	5.905627463798120758e+00	1.075153187606206151e+00
3.206221926695720293e+06	5.931510564387082241e+00	1.078579277624557964e+00
3.220271530268442351e+06	5.957502330996618412e+00	1.082016730290705775e+00
3.234380112771288026e+06	5.983603208626882441e+00	1.085465583996205963e+00
3.248547915713653900e+06	6.009813644070259642e+00	1.088925877264308895e+00
3.262775181577440351e+06	6.036134085918264169e+00	1.092397648750402572e+00
3.277062153820988256e+06	6.062564984568828308e+00	1.095880937242488473e+00
3.291409076882965863e+06	6.089106792233486942e+00	1.099375781661618312e+00
3.305816196186270565e+06	6.115759962944601114e+00	1.102882221062355450e+00
3.320283758141939994e+06	6.142524952562588680e+00	1.106400294633268278e+00
3.334812010153041221e+06	6.169402218783126557e+00	1.109930041697374747e+00
3.349401200618704781e+06	6.196392221144604306e+00	1.113471501712580469e+00
3.364051578938002232e+06	6.223495421035304176e+00	1.117024714272192965e+00
3.378763395513984840e+06	6.250712281700872452e+00	1.120589719105356208e+00
3.393536901757640764e+06	6.278043268251636277e+00	1.124166556077534906e+00
3.408372350091922097e+06	6.305488847670055463e+00	1.127755265190989897e+00
3.423269993955765385e+06	6.333049488818166317e+00	1.131355886585242221e+00
3.438230087808127515e+06	6.360725662445036122e+00	1.134968460537556734e+00
3.453252887132065836e+06	6.388517841194321534e+00	1.138593027463421947e+00
3.468338648438769393e+06	6.416426499611723067e+00	1.142229627917004331e+00
3.483487629271721002e+06	6.444452114152684707e+00	1.145878302591649911e+00
3.498700088210720569e+06	6.472595163189833301e+00	1.149539092320374545e+00
3.513976284876047634e+06	6.500856127020688824e+00	1.153212038076328216e+00
3.529316479932620190e+06	6.529235487875347133e+00	1.156897180973282424e+00
3.544720935094106942e+06	6.557733729924097865e+00	1.160594562266130447e+00
3.560189913127099629e+06	6.586351339285133832e+00	1.164304223351367851e+00
