1.000000000000000000e+06
1.003503991194985807e+06
1.007023769635623205e+06
1.010558924228307558e+06
1.014109157488614437e+06
1.017674251227536472e+06
1.021254043793057208e+06
1.024848414708210155e+06
1.028457274112939136e+06
1.032080555373534444e+06
1.035718209813968628e+06
1.039370202891753404e+06
1.043036511373366811e+06
1.046717121212715399e+06
1.050412025932156015e+06
1.054121225368425250e+06
1.057844724687642418e+06
1.061582533601554576e+06
1.065334665736474097e+06
1.069101138119580224e+06
1.072881970756482566e+06
1.076677186280625872e+06
1.080486809659903869e+06
1.084310867949116509e+06
1.088149390079689678e+06
1.092002406679857289e+06
1.095869949919935083e+06
1.099752053378419951e+06
1.103648751925547607e+06
1.107560081621518824e+06
1.111486079627149738e+06
1.115426784125105245e+06
1.119382234250187175e+06
1.123352470027398085e+06
1.127337532316748286e+06
1.131337462763928343e+06
1.135352303756042384e+06
1.139382098381813848e+06
1.143426890395689989e+06
1.147486724185413681e+06
1.151561644742634613e+06
1.155651697636242723e+06
1.159756928988063475e+06
1.163877385450733127e+06
1.168013114187506260e+06
1.172164162853754824e+06
1.176330579580019694e+06
1.180512412956458982e+06
1.184709712018584600e+06
1.188922526234087534e+06
1.193150905490739970e+06
1.197394900085211731e+06
1.201654560712762177e+06
1.205929938457696699e+06
1.210221084784529870e+06
1.214528051529834978e+06
1.218850890894652344e+06
1.223189655437495094e+06
1.227544398067795672e+06
1.231915172039855737e+06
1.236302030947251944e+06
1.240705028717587469e+06
1.245124219607634004e+06
1.249559658198826946e+06
1.254011399393018568e+06
1.258479498408618849e+06
1.262964010776910698e+06
1.267464992338677868e+06
1.271982499241060345e+06
1.276516587934592506e+06
1.281067315170499031e+06
1.285634737998149823e+06
1.290218913762674201e+06
1.294819900102811167e+06
1.299437754948838148e+06
1.304072536520688096e+06
1.308724303326221881e+06
1.313393114159576362e+06
1.318079028099681716e+06
1.322782104508865392e+06
1.327502403031591559e+06
1.332239983593263663e+06
1.336994906399168307e+06
1.341767231933468254e+06
1.346557020958309527e+06
1.351364334512992995e+06
1.356189233913233038e+06
1.361031780750479782e+06
1.365892036891328404e+06
1.370770064476960106e+06
1.375665925922673428e+06
1.380579683917477727e+06
1.385511401423705975e+06
1.390461141676736996e+06
1.395428968184688129e+06
1.400414944728267845e+06
1.405419135360555956e+06
1.410441604406902567e+06
1.415482416464859853e+06
1.420541636404121993e+06
1.425619329366536345e+06
1.430715560766131384e+06
1.435830396289190045e+06
1.440963901894358918e+06
1.446116143812759314e+06
1.451287188548178179e+06
1.456477102877251804e+06
1.461685953849687008e+06
1.466913808788513532e+06
1.472160735290369252e+06
1.477426801225792384e+06
1.482712074739536969e+06
1.488016624250944005e+06
1.493340518454289529e+06
1.498683826319205808e+06
1.504046617091055727e+06
1.509428960291404510e+06
1.514830925718451152e+06
1.520252583447504323e+06
1.525694003831476904e+06
1.531155257501397049e+06
1.536636415366914356e+06
1.542137548616863787e+06
1.547658728719809791e+06
1.553200027424624190e+06
1.558761516761073610e+06
1.564343269040425541e+06
1.569945356856050901e+06
1.575567853084079688e+06
1.581210830884020543e+06
1.586874363699442474e+06
1.592558525258621899e+06
1.598263389575240202e+06
1.603989030949087348e+06
1.609735523966735695e+06
1.615502943502295297e+06
1.621291364718131023e+06
1.627100863065601559e+06
1.632931514285800513e+06
1.638783394410360139e+06
1.644656579762167530e+06
1.650551146956182783e+06
1.656467172900240170e+06
1.662404734795832308e+06
1.668363910138928331e+06
1.674344776720797876e+06
1.680347412628835766e+06
1.686371896247409051e+06
1.692418306258718716e+06
1.698486721643638099e+06
1.704577221682608593e+06
1.710689885956457118e+06
1.716824794347349089e+06
1.722982027039655484e+06
1.729161664520836435e+06
1.735363787582361372e+06
1.741588477320626378e+06
1.747835815137901576e+06
1.754105882743228460e+06
1.760398762153360993e+06
1.766714535693747923e+06
1.773053285999440821e+06
1.779415096016116673e+06
1.785800049000975676e+06
1.792208228523791768e+06
1.798639718467840692e+06
1.805094603030906525e+06
1.811572966726284707e+06
1.818074894383802544e+06
1.824600471150793135e+06
1.831149782493159641e+06
1.837722914196363417e+06
1.844319952366461745e+06
1.850940983431186527e+06
1.857586094140935456e+06
1.864255371569846291e+06
1.870948903116876027e+06
1.877666776506827446e+06
1.884409079791452503e+06
1.891175901350511005e+06
1.897967329892859096e+06
1.904783454457553802e+06
1.911624364414938958e+06
1.918490149467738578e+06
1.925380899652173743e+06
1.932296705339099979e+06
1.939237657235088525e+06
1.946203846383577678e+06
1.953195364166009706e+06
1.960212302302963566e+06
1.967254752855302999e+06
1.974322808225322748e+06
1.981416561157915741e+06
1.988536104741713498e+06
1.995681532410308020e+06
2.002852937943383818e+06
2.010050415467889747e+06
2.017274059459267417e+06
2.024523964742624899e+06
2.031800226493930677e+06
2.039102940241223900e+06
2.046432201865830226e+06
2.053788107603565324e+06
2.061170754045982379e+06
2.068580238141561626e+06
2.076016657197000226e+06
2.083480108878405998e+06
2.090970691212548874e+06
2.098488502588139381e+06
2.106033641757068690e+06
2.113606207835658919e+06
2.121206300305973738e+06
2.128834019017037004e+06
2.136489464186151512e+06
2.144172736400197260e+06
2.151883936616876163e+06
2.159623166166055016e+06
2.167390526751051191e+06
2.175186120449943002e+06
2.183010049716869835e+06
2.190862417383396067e+06
2.198743326659800019e+06
2.206652881136397831e+06
2.214591184784938116e+06
2.222558341959887650e+06
2.230554457399804145e+06
2.238579636228702497e+06
2.246633983957395889e+06
2.254717606484887656e+06
2.262830610099712387e+06
2.270973101481341291e+06
2.279145187701558229e+06
2.287346976225845981e+06
2.295578574914796744e+06
2.303840092025496997e+06
2.312131636212952901e+06
2.320453316531485878e+06
2.328805242436169647e+06
2.337187523784230929e+06
2.345600270836513489e+06
2.354043594258894678e+06
2.362517605123740155e+06
2.371022414911336266e+06
2.379558135511364322e+06
2.388124879224352539e+06
2.396722758763133083e+06
2.405351887254321482e+06
2.414012378239819780e+06
2.422704345678265672e+06
2.431427903946543112e+06
2.440183167841275688e+06
2.448970252580311615e+06
2.457789273804270197e+06
2.466640347578013316e+06
2.475523590392198414e+06
2.484439119164791889e+06
2.493387051242607646e+06
2.502367504402827937e+06
2.511380596854574978e+06
2.520426447240454145e+06
2.529505174638095312e+06
2.538616898561724462e+06
2.547761738963739946e+06
2.556939816236282233e+06
2.566151251212823205e+06
2.575396165169737767e+06
2.584674679827908520e+06
2.593986917354330886e+06
2.603333000363716390e+06
2.612713051920093130e+06
2.622127195538441185e+06
2.631575555186301935e+06
2.641058255285432562e+06
2.650575420713419560e+06
2.660127176805337425e+06
2.669713649355392437e+06
2.679334964618583675e+06
2.688991249312367756e+06
2.698682630618325900e+06
2.708409236183826812e+06
2.718171194123738911e+06
2.727968633022101596e+06
2.737801681933806743e+06
2.747670470386325847e+06
2.757575128381412476e+06
2.767515786396793555e+06
2.777492575387930032e+06
2.787505626789713744e+06
2.797555072518218774e+06
2.807641044972440694e+06
2.817763677036032081e+06
2.827923102079067379e+06
2.838119453959808219e+06
2.848352867026460823e+06
2.858623476118955296e+06
2.868931416570723522e+06
2.879276824210505467e+06
2.889659835364112165e+06
2.900080586856249720e+06
2.910539216012328397e+06
2.921035860660264269e+06
2.931570659132311586e+06
2.942143750266884454e+06
2.952755273410402704e+06
2.963405368419128936e+06
2.974094175661021378e+06
2.984821836017576512e+06
2.995588490885709412e+06
3.006394282179620583e+06
3.017239352332667913e+06
3.028123844299257267e+06
3.039047901556733996e+06
3.050011668107281905e+06
3.061015288479823619e+06
3.072058907731928863e+06
3.083142671451757196e+06
3.094266725759972353e+06
3.105431217311664019e+06
3.116636293298309203e+06
3.127882101449716371e+06
3.139168790035981219e+06
3.150496507869441994e+06
3.161865404306662269e+06
3.173275629250408150e+06
3.184727333151625469e+06
3.196220667011434212e+06
3.207755782383149490e+06
3.219332831374260131e+06
3.230951966648482718e+06
3.242613341427720152e+06
3.254317109494160395e+06
3.266063425192285795e+06
3.277852443430910818e+06
3.289684319685245864e+06
3.301559209998959675e+06
3.313477270986263640e+06
3.325438659833936486e+06
3.337443534303469583e+06
3.349492052733118180e+06
3.361584374040024355e+06
3.373720657722306903e+06
3.385901063861181960e+06
3.398125753123099450e+06
3.410394886761861853e+06
3.422708626620754134e+06
3.435067135134718847e+06
3.447470575332476292e+06
3.459919110838720109e+06
3.472412905876252800e+06
3.484952125268192496e+06
3.497536934440160170e+06
3.510167499422468711e+06
3.522843986852320842e+06
3.535566563976000994e+06
3.548335398651158903e+06
3.561150659348947462e+06
3.574012515156350099e+06
3.586921135778358672e+06
3.599876691540243570e+06
3.612879353389834985e+06
3.625929292899781372e+06
3.639026682269802783e+06
3.652171694329028018e+06
3.665364502538213972e+06
3.678605280992142856e+06
3.691894204421840142e+06
3.705231448196968064e+06
3.718617188328102231e+06
3.732051601469109766e+06
3.745534864919451997e+06
3.759067156626593322e+06
3.772648655188308563e+06
3.786279539855096024e+06
3.799959990532550029e+06
3.813690187783706933e+06
3.827470312831511721e+06
3.841300547561180312e+06
3.855181074522620533e+06
3.869112076932878699e+06
3.883093738678556401e+06
3.897126244318238460e+06
3.911209779084982350e+06
3.925344528888747096e+06
3.939530680318862200e+06
3.953768420646544080e+06
3.968057937827337533e+06
3.982399420503648929e+06
3.996793058007241227e+06
4.011239040361712687e+06
4.025737558285082225e+06
4.040288803192293271e+06
4.054892967197762802e+06
4.069550243117923383e+06
4.084260824473788030e+06
4.099024905493543018e+06
4.113842681115115993e+06
4.128714346988746431e+06
4.143640099479609635e+06
4.158620135670425370e+06
4.173654653364070226e+06
4.188743851086207200e+06
4.203887928087929264e+06
4.219087084348401986e+06
4.234341520577524789e+06
4.249651438218601979e+06
4.265017039451013319e+06
4.280438527192893438e+06
4.295916105103852227e+06
4.311449977587667294e+06
4.327040349795011804e+06
4.342687427626173012e+06
4.358391417733772658e+06
4.374152527525550686e+06
4.389970965167106129e+06
4.405846939584653825e+06
4.421780660467805341e+06
4.437772338272374123e+06
4.453822184223166667e+06
4.469930410316785797e+06
4.486097229324431159e+06
4.502322854794761166e+06
4.518607501056726091e+06
4.534951383222407661e+06
4.551354717189873569e+06
4.567817719646066427e+06
4.584340608069662005e+06
4.600923600733998232e+06
4.617566916709939949e+06
4.634270775868812576e+06
4.651035398885316215e+06
4.667861007240476087e+06
4.684747823224552907e+06
4.701696069940047339e+06
4.718705971304648556e+06
4.735777752054180950e+06
4.752911637745647691e+06
4.770107854760177433e+06
4.787366630306080915e+06
4.804688192421827465e+06
4.822072769979135133e+06
4.839520592685969546e+06
4.857031891089588404e+06
4.874606896579666995e+06
4.892245841391318478e+06
4.909948958608231507e+06
4.927716482165711932e+06
4.945548646853847429e+06
4.963445688320619985e+06
4.981407843075014651e+06
4.999435348490197212e+06
5.017528442806641571e+06
5.035687365135328844e+06
5.053912355460917577e+06
5.072203654644915834e+06
5.090561504428923130e+06
5.108986147437823005e+06
5.127477827183011919e+06
5.146036788065642118e+06
5.164663275379873812e+06
5.183357535316144116e+06
5.202119814964422956e+06
5.220950362317533232e+06
5.239849426274422556e+06
5.258817256643486209e+06
5.277854104145886377e+06
5.296960220418895595e+06
5.316135858019229956e+06
5.335381270426441915e+06
5.354696712046250701e+06
5.374082438213961199e+06
5.393538705197837204e+06
5.413065770202530548e+06
5.432663891372499056e+06
5.452333327795437537e+06
5.472074339505721815e+06
5.491887187487880699e+06
5.511772133680071682e+06
5.531729440977531485e+06
5.551759373236116022e+06
5.571862195275805891e+06
5.592038172884210944e+06
5.612287572820126079e+06
5.632610662817070261e+06
5.653007711586841382e+06
5.673478988823118620e+06
5.694024765205041505e+06
5.714645312400793657e+06
5.735340903071248904e+06
5.756111810873568058e+06
5.776958310464875773e+06
5.797880677505882457e+06
5.818879188664581627e+06
5.839954121619915590e+06
5.861105755065465346e+06
5.882334368713189848e+06
5.903640243297125213e+06
5.925023660577115603e+06
5.946484903342574835e+06
5.968024255416261964e+06
5.989642001658044755e+06
6.011338427968694828e+06
6.033113821293671615e+06
6.054968469626996666e+06
6.076902662015029229e+06
6.098916688560356386e+06
6.121010840425618924e+06
6.143185409837415442e+06
6.165440690090188757e+06
6.187776975550113246e+06
6.210194561659038067e+06
6.232693744938375428e+06
6.255274822993118316e+06
6.277938094515753910e+06
6.300683859290232882e+06
6.323512418195990846e+06
6.346424073211947456e+06
6.369419127420490608e+06
6.392497885011579841e+06
6.415660651286732405e+06
6.438907732663114555e+06
6.462239436677623540e+06
6.485656071990989149e+06
6.509157948391856626e+06
6.532745376800939441e+06
6.556418669275144115e+06
6.580178139011704363e+06
6.604024100352396257e+06
6.627956868787709624e+06
6.651976760961026885e+06
6.676084094672865234e+06
6.700279188885087147e+06
6.724562363725150004e+06
6.748933940490391105e+06
6.773394241652267985e+06
6.797943590860710479e+06
6.822582312948364764e+06
6.847310733934976161e+06
6.872129181031659245e+06
6.897037982645330019e+06
6.922037468383052386e+06
6.947127969056412578e+06
6.972309816685923375e+06
6.997583344505469315e+06
7.022948886966737919e+06
7.048406779743649065e+06
7.073957359736853279e+06
7.099600965078216977e+06
7.125337935135307722e+06
7.151168610515916720e+06
7.177093333072606474e+06
7.203112445907286368e+06
7.229226293375694193e+06
7.255435221092082560e+06
7.281739575933782384e+06
7.308139706045813859e+06
7.334635960845518857e+06
7.361228691027241759e+06
7.387918248566965573e+06
7.414704986727043986e+06
7.441589260060862638e+06
7.468571424417582341e+06
7.495651836946872063e+06
7.522830856103694066e+06
7.550108841653017327e+06
7.577486154674684629e+06
7.604963157568137161e+06
7.632540214057315141e+06
7.660217689195496961e+06
7.687995949370091781e+06
7.715875362307595089e+06
7.743856297078458592e+06
7.771939124101997353e+06
7.800124215151327662e+06
7.828411943358343095e+06
7.856802683218652382e+06
7.885296810596586205e+06
7.913894702730190009e+06
7.942596738236262463e+06
7.971403297115406021e+06
8.000314760757056996e+06
8.029331511944610626e+06
8.058453934860484675e+06
8.087682415091226809e+06
8.117017339632710442e+06
8.146459096895237453e+06
8.176008076708715409e+06
8.205664670327880420e+06
8.235429270437472500e+06
8.265302271157491021e+06
8.295284068048452027e+06
8.325375058116628788e+06
8.355575639819378033e+06
8.385886213070403785e+06
8.416307179245125502e+06
8.446838941185999662e+06
8.477481903207909316e+06
8.508236471103528515e+06
8.539103052148729563e+06
8.570082055108046159e+06
8.601173890240039676e+06
8.632378969302864745e+06
8.663697705559674650e+06
8.695130513784164563e+06
8.726677810266103595e+06
8.758340012816857547e+06
8.790117540774978697e+06
8.822010815011763945e+06
8.854020257936889306e+06
8.886146293504029512e+06
8.918389347216503695e+06
8.950749846132956445e+06
8.983228218873016536e+06
9.015824895623061806e+06
9.048540308141885325e+06
9.081374889766497537e+06
9.114329075417878106e+06
9.147403301606796682e+06
9.180598006439605728e+06
9.213913629624051973e+06
9.247350612475208938e+06
9.280909397921280935e+06
9.314590430509557948e+06
9.348394156412309036e+06
9.382321023432761431e+06
9.416371481011021882e+06
9.450545980230094865e+06
9.484844973821889609e+06
9.519268916173256934e+06
9.553818263332026079e+06
9.588493473013106734e+06
9.623295004604578018e+06
9.658223319173788652e+06
9.693278879473540932e+06
9.728462149948230013e+06
9.763773596740042791e+06
9.799213687695177272e+06
9.834782892370047048e+06
9.870481682037571445e+06
9.906310529693448916e+06
9.942269910062456504e+06
9.978360299604767933e+06
1.001458217652230896e+07
1.005093602076515555e+07
1.008742231403788738e+07
1.012404153980602883e+07
1.016079418330250122e+07
1.019768073153407872e+07
1.023470167328788713e+07
1.027185749913788401e+07
1.030914870145145431e+07
1.034657577439592965e+07
1.038413921394520067e+07
1.042183951788630337e+07
1.045967718582605943e+07
1.049765271919774264e+07
1.053576662126777880e+07
1.057401939714241400e+07
1.061241155377447791e+07
1.065094359997014143e+07
1.068961604639566690e+07
1.072842940558423102e+07
1.076738419194278866e+07
1.080648092175888643e+07
1.084572011320755444e+07
1.088510228635822423e+07
1.092462796318166517e+07
1.096429766755690612e+07
1.100411192527827062e+07
1.104407126406233571e+07
1.108417621355501749e+07
1.112442730533858202e+07
1.116482507293876074e+07
1.120537005183184519e+07
1.124606277945184521e+07
1.128690379519764520e+07
1.132789364044016041e+07
1.136903285852962732e+07
1.141032199480276741e+07
1.145176159659011848e+07
1.149335221322329715e+07
1.153509439604231715e+07
1.157698869840296172e+07
1.161903567568416335e+07
1.166123588529537059e+07
1.170358988668401539e+07
1.174609824134296365e+07
1.178876151281798072e+07
1.183158026671527699e+07
1.187455507070901431e+07
1.191768649454890192e+07
1.196097511006777361e+07
1.200442149118921719e+07
1.204802621393522620e+07
1.209178985643389076e+07
1.213571299892708287e+07
1.217979622377820127e+07
1.222404011547994800e+07
1.226844526066210680e+07
1.231301224809936062e+07
1.235774166871916689e+07
1.240263411560958810e+07
1.244769018402724527e+07
1.249291047140525654e+07
1.253829557736114971e+07
1.258384610370492563e+07
1.262956265444703214e+07
1.267544583580640890e+07
1.272149625621864945e+07
1.276771452634401619e+07
1.281410125907561183e+07
1.286065706954760291e+07
1.290738257514336705e+07
1.295427839550374821e+07
1.300134515253530256e+07
1.304858347041859478e+07
1.309599397561653145e+07
1.314357729688270949e+07
1.319133406526981108e+07
1.323926491413796507e+07
1.328737047916328534e+07
1.333565139834626205e+07
1.338410831202030927e+07
1.343274186286029220e+07
1.348155269589111209e+07
1.353054145849627815e+07
1.357970880042658746e+07
1.362905537380872294e+07
1.367858183315401711e+07
1.372828883536713384e+07
1.377817703975483216e+07
1.382824710803479701e+07
1.387849970434441790e+07
1.392893549524967000e+07
1.397955514975398220e+07
1.403035933930719458e+07
1.408134873781447113e+07
1.413252402164531313e+07
1.418388586964257248e+07
1.423543496313150786e+07
1.428717198592887446e+07
1.433909762435202301e+07
1.439121256722806394e+07
1.444351750590307079e+07
1.449601313425126858e+07
1.454870014868430607e+07
1.460157924816055037e+07
1.465465113419437595e+07
1.470791651086556166e+07
1.476137608482868597e+07
1.481503056532248482e+07
1.486888066417939216e+07
1.492292709583496302e+07
1.497717057733743638e+07
1.503161182835733518e+07
1.508625157119698822e+07
1.514109053080020472e+07
1.519612943476195261e+07
1.525136901333804615e+07
1.530680999945489690e+07
1.536245312871927395e+07
1.541829913942811452e+07
1.547434877257838845e+07
1.553060277187698521e+07
1.558706188375058770e+07
1.564372685735569708e+07
1.570059844458856620e+07
1.575767740009528399e+07
1.581496448128178157e+07
1.587246044832395017e+07
1.593016606417780742e+07
1.598808209458967485e+07
1.604620930810636468e+07
1.610454847608544677e+07
1.616310037270550989e+07
1.622186577497654036e+07
1.628084546275024302e+07
1.634004021873048134e+07
1.639945082848365419e+07
1.645907808044925705e+07
1.651892276595034078e+07
1.657898567920407839e+07
1.663926761733238213e+07
1.669976938037251495e+07
1.676049177128775418e+07
1.682143559597814456e+07
1.688260166329118609e+07
1.694399078503269330e+07
1.700560377597757429e+07
1.706744145388070866e+07
1.712950463948787004e+07
1.719179415654666722e+07
1.725431083181754500e+07
1.731705549508480728e+07
1.738002897916764021e+07
1.744323211993130669e+07
1.750666575629824772e+07
1.757033073025928065e+07
1.763422788688481599e+07
1.769835807433617488e+07
1.776272214387685806e+07
1.782732094988392666e+07
1.789215534985939413e+07
1.795722620444168150e+07
1.802253437741706893e+07
1.808808073573124036e+07
1.815386614950085431e+07
1.821989149202514067e+07
1.828615763979754224e+07
1.835266547251745313e+07
1.841941587310191989e+07
1.848640972769739106e+07
1.855364792569159716e+07
1.862113135972540081e+07
1.868886092570468038e+07
1.875683752281233296e+07
1.882506205352021009e+07
1.889353542360121757e+07
1.896225854214135185e+07
1.903123232155185565e+07
1.910045767758139595e+07
1.916993552932825685e+07
1.923966679925263673e+07
1.930965241318893433e+07
1.937989330035809800e+07
1.945039039338004962e+07
1.952114462828609720e+07
1.959215694453142956e+07
1.966342828500770405e+07
1.973495959605553746e+07
1.980675182747720927e+07
1.987880593254928663e+07
1.995112286803538725e+07
2.002370359419891238e+07
2.009654907481585816e+07
2.016966027718771249e+07
2.024303817215433344e+07
2.031668373410687968e+07
2.039059794100089371e+07
2.046478177436926588e+07
2.053923621933536977e+07
2.061396226462621614e+07
2.068896090258562937e+07
2.076423312918749824e+07
2.083977994404905662e+07
2.091560235044424981e+07
2.099170135531708226e+07
2.106807796929507330e+07
2.114473320670277253e+07
2.122166808557527512e+07
2.129888362767176330e+07
2.137638085848919302e+07
2.145416080727598816e+07
2.153222450704573840e+07
2.161057299459099397e+07
2.168920731049712747e+07
2.176812849915619195e+07
2.184733760878087208e+07
2.192683569141845778e+07
2.200662380296494439e+07
2.208670300317901000e+07
2.216707435569627956e+07
2.224773892804343998e+07
2.232869779165253043e+07
2.240995202187518775e+07
2.249150269799709693e+07
2.257335090325226262e+07
2.265549772483759373e+07
2.273794425392735749e+07
2.282069158568768576e+07
2.290374081929131225e+07
2.298709305793214962e+07
2.307074940884001553e+07
2.315471098329549283e+07
2.323897889664468169e+07
2.332355426831410080e+07
2.340843822182563320e+07
2.349363188481156528e+07
2.357913638902956620e+07
2.366495287037781626e+07
2.375108246891022101e+07
2.383752632885153219e+07
2.392428559861272201e+07
2.401136143080623075e+07
2.409875498226139322e+07
2.418646741403986886e+07
2.427449989145113155e+07
2.436285358406804875e+07
2.445152966574247926e+07
2.454052931462091208e+07
2.462985371316023916e+07
2.471950404814352095e+07
2.480948151069580764e+07
2.489978729630004987e+07
2.499042260481310263e+07
2.508138864048168436e+07
2.517268661195845529e+07
2.526431773231817037e+07
2.535628321907386556e+07
2.544858429419308156e+07
2.554122218411432207e+07
2.563419811976318434e+07
2.572751333656894416e+07
2.582116907448104396e+07
2.591516657798558474e+07
2.600950709612204507e+07
2.610419188249979168e+07
2.619922219531497359e+07
2.629459929736717790e+07
2.639032445607645810e+07
2.648639894350007176e+07
2.658282403634959832e+07
2.667960101600789651e+07
2.677673116854625940e+07
2.687421578474156559e+07
2.697205616009350494e+07
2.707025359484191239e+07
2.716880939398406446e+07
2.726772486729215458e+07
2.736700132933070883e+07
2.746664009947422892e+07
2.756664250192475319e+07
2.766700986572952569e+07
2.776774352479878068e+07
2.786884481792353839e+07
2.797031508879342303e+07
2.807215568601466715e+07
2.817436796312810481e+07
2.827695327862723172e+07
2.837991299597634375e+07
2.848324848362872750e+07
2.858696111504496634e+07
2.869105226871120557e+07
2.879552332815770432e+07
2.890037568197707459e+07
2.900561072384311631e+07
2.911122985252911225e+07
2.921723447192675248e+07
2.932362599106478319e+07
2.943040582412773743e+07
2.953757539047497883e+07
2.964513611465953663e+07
2.975308942644722015e+07
2.986143676083555073e+07
2.997017955807308853e+07
3.007931926367856935e+07
3.018885732846026495e+07
3.029879520853532106e+07
3.040913436534914374e+07
3.051987626569500193e+07
3.063102238173362985e+07
3.074257419101276994e+07
3.085453317648701370e+07
3.096690082653747872e+07
3.107967863499189541e+07
3.119286810114428028e+07
3.130647072977517918e+07
3.142048803117164969e+07
3.153492152114749327e+07
3.164977272106340528e+07
3.176504315784734115e+07
3.188073436401495710e+07
3.199684787768996507e+07
3.211338524262477085e+07
3.223034800822106749e+07
3.234773772955043986e+07
3.246555596737527102e+07
3.258380428816948459e+07
3.270248426413945854e+07
3.282159747324506938e+07
3.294114549922078848e+07
3.306112993159674108e+07
3.318155236571998894e+07
3.330241440277582034e+07
3.342371764980916679e+07
3.354546371974600106e+07
3.366765423141495138e+07
3.379029080956888199e+07
3.391337508490652591e+07
3.403690869409435242e+07
3.416089327978844941e+07
3.428533049065638334e+07
3.441022198139921576e+07
3.453556941277360916e+07
3.466137445161410421e+07
3.478763877085524797e+07
3.491436404955396801e+07
3.504155197291209549e+07
3.516920423229868710e+07
3.529732252527284622e+07
3.542590855560617894e+07
3.555496403330565989e+07
3.568449067463646829e+07
3.581449020214486122e+07
3.594496434468118101e+07
3.607591483742307127e+07
3.620734342189848423e+07
3.633925184600901604e+07
3.647164186405324191e+07
3.660451523675018549e+07
3.673787373126276582e+07
