0.000000000000000000e+00
3.706856885361950845e+03
7.427454558691009879e+03
1.116184395512158517e+04
1.491007619860593695e+04
1.867220260258403141e+04
2.244827467072871514e+04
2.623834409761626739e+04
3.004246276945527643e+04
3.386068276478722692e+04
3.769305635519744828e+04
4.153963600603491068e+04
4.540047437713888939e+04
4.927562432354548946e+04
5.316513889621524140e+04
5.706907134275441058e+04
6.098747510816389695e+04
6.492040383555367589e+04
6.886791136687272228e+04
7.283005174366617575e+04
7.680687920780247077e+04
8.079844820219953544e+04
8.480481337160989642e+04
8.882602956333756447e+04
9.286215182798914611e+04
9.691323542024171911e+04
1.009793357996039558e+05
1.050605086311565246e+05
1.091568097863213625e+05
1.132682953436267562e+05
1.173950215894763824e+05
1.215370450189223047e+05
1.256944223364414647e+05
1.298672104566989001e+05
1.340554665053260978e+05
1.382592478197223973e+05
1.424786119498277549e+05
1.467136166589150671e+05
1.509643199243692216e+05
1.552307799384898972e+05
1.595130551092852838e+05
1.638112040612881538e+05
1.681252856363314204e+05
1.724553588943597861e+05
1.768014831142569892e+05
1.811637177946462762e+05
1.855421226546992548e+05
1.899367576349496376e+05
1.943476828981374856e+05
1.987749588300073519e+05
2.032186460401490331e+05
2.076788053628201596e+05
2.121554978577876464e+05
2.166487848111588974e+05
2.211587277362085879e+05
2.256853883742417675e+05
2.302288286954208743e+05
2.347891108996444382e+05
2.393662974173619878e+05
2.439604509104320314e+05
2.485716342730091419e+05
2.531999106323828455e+05
2.578453433498444501e+05
2.625079960215692408e+05
2.671879324794479180e+05
2.718852167920125648e+05
2.765999132652727421e+05
2.813320864436130505e+05
2.860818011106855702e+05
2.908491222902713344e+05
2.956341152471951209e+05
3.004368454882143997e+05
3.052573787628905848e+05
3.100957810645310674e+05
3.149521186310595367e+05
3.198264579459277447e+05
3.247188657390500885e+05
3.296294089876867365e+05
3.345581549173772801e+05
3.395051710028506350e+05
3.444705249689649791e+05
3.494542847916132305e+05
3.544565186986764893e+05
3.594772951709402259e+05
3.645166829430412035e+05
3.695747510044034570e+05
3.746515686001856811e+05
3.797472052322251257e+05
3.848617306600029115e+05
3.899952149015783798e+05
3.951477282345572021e+05
4.003193411970646121e+05
4.055101245886869729e+05
4.107201494714734145e+05
4.159494871708597057e+05
4.211982092767090071e+05
4.264663876442366745e+05
4.317540943950146902e+05
4.370614019179714378e+05
4.423883828703609761e+05
4.477351101787716616e+05
4.531016570401182398e+05
4.584880969226467423e+05
4.638945035669479985e+05
4.693209509869418107e+05
4.747675134709184058e+05
4.802342655825410038e+05
4.857212821618681774e+05
4.912286383263778407e+05
4.967564094720063731e+05
5.023046712741712108e+05
5.078734996887971647e+05
5.134629709533776622e+05
5.190731615879975725e+05
5.247041483964067884e+05
5.303560084670344368e+05
5.360288191740808543e+05
5.417226581785567105e+05
5.474376034293484408e+05
5.531737331642906647e+05
5.589311259112404659e+05
5.647098604891335126e+05
5.705100160090853460e+05
5.763316718754619360e+05
5.821749077869700268e+05
5.880398037377491128e+05
5.939264400184692349e+05
5.998348972174138762e+05
6.057652562216110528e+05
6.117175982179124840e+05
6.176920046941307373e+05
6.236885574401300400e+05
6.297073385489622597e+05
6.357484304179965984e+05
6.418119157500164583e+05
6.478978775543863885e+05
6.540063991481754929e+05
6.601375641572969034e+05
6.662914565176398028e+05
6.724681604762603529e+05
6.786677605924773961e+05
6.848903417390650138e+05
6.911359891034213360e+05
6.974047881887163967e+05
7.036968248150669970e+05
7.100121851207134314e+05
7.163509555631915573e+05
7.227132229205234908e+05
7.290990742924145889e+05
7.355085971014285460e+05
7.419418790942116175e+05
7.483990083426346537e+05
7.548800732450676151e+05
7.613851625275653787e+05
7.679143652450628579e+05
7.744677707826085389e+05
7.810454688565854449e+05
7.876475495159642305e+05
7.942741031434999313e+05
8.009252204569710884e+05
8.076009925104554277e+05
8.143015106955298688e+05
8.210268667425811291e+05
8.277771527219912969e+05
8.345524610454698559e+05
8.413528844672637060e+05
8.481785160854426213e+05
8.550294493431774899e+05
8.619057780300350860e+05
8.688075962832248770e+05
8.757349985889326781e+05
8.826880797835765406e+05
8.896669350551101379e+05
8.966716599443661980e+05
9.037023503463095985e+05
9.107591025113731157e+05
9.178420130467948038e+05
9.249511789179015905e+05
9.320866974494697060e+05
9.392486663270364515e+05
9.464371835982436314e+05
9.536523476741921622e+05
9.608942573307794519e+05
9.681630117100400385e+05
9.754587103215134703e+05
9.827814530436254572e+05
9.901313401250168681e+05
9.975084721859390847e+05
1.004912950219634455e+06
1.012344875593711855e+06
1.019804350051536225e+06
1.027291475713616470e+06
1.034806355079011992e+06
1.042349091026712442e+06
1.049919786817098036e+06
1.057518546093310462e+06
1.065145472882659640e+06
1.072800671598090557e+06
1.080484247039592126e+06
1.088196304395625601e+06
1.095936949244570918e+06
1.103706287556175608e+06
1.111504425692991819e+06
1.119331470411858521e+06
1.127187528865322471e+06
1.135072708603160456e+06
1.142987117573805153e+06
1.150930864125829190e+06
1.158904057009454817e+06
1.166906805378022604e+06
1.174939218789475504e+06
1.183001407207899261e+06
1.191093481004970148e+06
1.199215550961505622e+06
1.207367728268990759e+06
1.215550124531053938e+06
1.223762851765039843e+06
1.232006022403522395e+06
1.240279749295848887e+06
1.248584145709664561e+06
1.256919325332509819e+06
1.265285402273337822e+06
1.273682491064065602e+06
1.282110706661200617e+06
1.290570164447354153e+06
1.299060980232845061e+06
1.307583270257294644e+06
1.316137151191198267e+06
1.324722740137544926e+06
1.333340154633392114e+06
1.341989512651496567e+06
1.350670932601923589e+06
1.359384533333664294e+06
1.368130434136274271e+06
1.376908754741490819e+06
1.385719615324887447e+06
1.394563136507504620e+06
1.403439439357514028e+06
1.412348645391854458e+06
1.421290876577925403e+06
1.430266255335236434e+06
1.439274904537096154e+06
1.448316947512276005e+06
1.457392508046718780e+06
1.466501710385222919e+06
1.475644679233136121e+06
1.484821539758066647e+06
1.494032417591621168e+06
1.503277438831092790e+06
1.512556730041202158e+06
1.521870418255830184e+06
1.531218630979740061e+06
1.540601496190356556e+06
1.550019142339480110e+06
1.559471698355074041e+06
1.568959293643017299e+06
1.578482058088882826e+06
1.588040122059696354e+06
1.597633616405748297e+06
1.607262672462377232e+06
1.616927422051753383e+06
1.626627997484688647e+06
1.636364531562458258e+06
1.646137157578611746e+06
1.655946009320805315e+06
1.665791221072616056e+06
1.675672927615392953e+06
1.685591264230106026e+06
1.695546366699195001e+06
1.705538371308415662e+06
1.715567414848722052e+06
1.725633634618125390e+06
1.735737168423592579e+06
1.745878154582913034e+06
1.756056731926602777e+06
1.766273039799800608e+06
1.776527218064179644e+06
1.786819407099862583e+06
1.797149747807341162e+06
1.807518381609394215e+06
1.817925450453048106e+06
1.828371096811508294e+06
1.838855463686092757e+06
1.849378694608215243e+06
1.859940933641343843e+06
1.870542325382950716e+06
1.881183014966529794e+06
1.891863148063553963e+06
1.902582870885483921e+06
1.913342330185769126e+06
1.924141673261844553e+06
1.934981047957156785e+06
1.945860602663193829e+06
1.956780486321502831e+06
1.967740848425737116e+06
1.978741839023698587e+06
1.989783608719410375e+06
2.000866308675142471e+06
2.011990090613512788e+06
2.023155106819554232e+06
2.034361510142795276e+06
2.045609453999356367e+06
2.056899092374045867e+06
2.068230579822476022e+06
2.079604071473176125e+06
2.091019723029718269e+06
2.102477690772832371e+06
2.113978131562566850e+06
2.125521202840426937e+06
2.137107062631530222e+06
2.148735869546771049e+06
2.160407782784994226e+06
2.172122962135172449e+06
2.183881567978592124e+06
2.195683761291039176e+06
2.207529703645027708e+06
2.219419557212000247e+06
2.231353484764530789e+06
2.243331649678577669e+06
2.255354215935709886e+06
2.267421348125354853e+06
2.279533211447043344e+06
2.291689971712679602e+06
2.303891795348812826e+06
2.316138849398905877e+06
2.328431301525622606e+06
2.340769320013144054e+06
2.353153073769443203e+06
2.365582732328635175e+06
2.378058465853232890e+06
2.390580445136545692e+06
2.403148841604986694e+06
2.415763827320415061e+06
2.428425574982496910e+06
2.441134257931075059e+06
2.453890050148556940e+06
2.466693126262240112e+06
2.479543661546771880e+06
2.492441831926503219e+06
2.505387813977917656e+06
2.518381784932038747e+06
2.531423922676854301e+06
2.544514405759769492e+06
2.557653413390037138e+06
2.570841125441201963e+06
2.584077722453592345e+06
2.597363385636755731e+06
2.610698296871972270e+06
2.624082638714713044e+06
2.637516594397160225e+06
2.651000347830723040e+06
2.664534083608546760e+06
2.678117987008030061e+06
2.691752243993350305e+06
2.705437041218066122e+06
2.719172566027587745e+06
2.732959006461831275e+06
2.746796551257725339e+06
2.760685389851814136e+06
2.774625712382872589e+06
2.788617709694494959e+06
2.802661573337685317e+06
2.816757495573531371e+06
2.830905669375760481e+06
2.845106288433476351e+06
2.859359547153716907e+06
2.873665640664189588e+06
2.888024764815891627e+06
2.902437116185826249e+06
2.916902892079659738e+06
2.931422290534472093e+06
2.945995510321412701e+06
2.960622750948462170e+06
2.975304212663158309e+06
2.990040096455289517e+06
3.004830604059719481e+06
3.019675937959101982e+06
3.034576301386658102e+06
3.049531898328980897e+06
3.064542933528810740e+06
3.079609612487821840e+06
3.094732141469476279e+06
3.109910727501812391e+06
3.125145578380283900e+06
3.140436902670634910e+06
3.155784909711712040e+06
3.171189809618367814e+06
3.186651813284325879e+06
3.202171132385024801e+06
3.217747979380585253e+06
3.233382567518683150e+06
3.249075110837476328e+06
3.264825824168520048e+06
3.280634923139717430e+06
3.296502624178286642e+06
3.312429144513715990e+06
3.328414702180709690e+06
3.344459516022203490e+06
3.360563805692361668e+06
3.376727791659564711e+06
3.392951695209443569e+06
3.409235738447902724e+06
3.425580144304162823e+06
3.441985136533807963e+06
3.458450939721858129e+06
3.474977779285834171e+06
3.491565881478836760e+06
3.508215473392666318e+06
3.524926782960916869e+06
3.541700038962105289e+06
3.558535471022798680e+06
3.575433309620738029e+06
3.592393786088029854e+06
3.609417132614297792e+06
3.626503582249852829e+06
3.643653368908878416e+06
3.660866727372660302e+06
3.678143893292785622e+06
3.695485103194370866e+06
3.712890594479274005e+06
3.730360605429386720e+06
3.747895375209878199e+06
3.765495143872467801e+06
3.783160152358706109e+06
3.800890642503284849e+06
3.818686857037329115e+06
3.836549039591757581e+06
3.854477434700574726e+06
3.872472287804247811e+06
3.890533845253047533e+06
3.908662354310441762e+06
3.926858063156447373e+06
3.945121220891066827e+06
3.963452077537692152e+06
3.981850884046484716e+06
4.000317892297874205e+06
4.018853355105947703e+06
4.037457526221960783e+06
4.056130660337760113e+06
4.074873013089335524e+06
4.093684841060264967e+06
4.112566401785225607e+06
4.131517953753569163e+06
4.150539756412807852e+06
4.169632070172215812e+06
4.188795156406332739e+06
4.208029277458596975e+06
4.227334696644925512e+06
4.246711678257285617e+06
4.266160487567360513e+06
4.285681390830134973e+06
4.305274655287574977e+06
4.324940549172285013e+06
4.344679341711139306e+06
4.364491303129025735e+06
4.384376704652508721e+06
4.404335818513548933e+06
4.424368917953230441e+06
4.444476277225502767e+06
4.464658171600943431e+06
4.484914877370502800e+06
4.505246671849319711e+06
4.525653833380493335e+06
4.546136641338903457e+06
4.566695376135023311e+06
4.587330319218778051e+06
4.608041753083373420e+06
4.628829961269203573e+06
4.649695228367681615e+06
4.670637840025171638e+06
4.691658082946876995e+06
4.712756244900786318e+06
4.733932614721604623e+06
4.755187482314698398e+06
4.776521138660077937e+06
4.797933875816370361e+06
4.819425986924833618e+06
4.840997766213337891e+06
4.862649509000420570e+06
4.884381511699335650e+06
4.906194071822088212e+06
4.928087487983521074e+06
4.950062059905399568e+06
4.972118088420505635e+06
4.994255875476773828e+06
5.016475724141421728e+06
5.038777938605082221e+06
5.061162824185990728e+06
5.083630687334137969e+06
5.106181835635499097e+06
5.128816577816211618e+06
5.151535223746825941e+06
5.174338084446538240e+06
5.197225472087432630e+06
5.220197699998794124e+06
5.243255082671364769e+06
5.266397935761654750e+06
5.289626576096262783e+06
5.312941321676230989e+06
5.336342491681387648e+06
5.359830406474708579e+06
5.383405387606690638e+06
5.407067757819813676e+06
5.430817841052880511e+06
5.454655962445513345e+06
5.478582448342560790e+06
5.502597626298596151e+06
5.526701825082394294e+06
5.550895374681418762e+06
5.575178606306363828e+06
5.599551852395643480e+06
5.624015446620007046e+06
5.648569723887072876e+06
5.673215020345886238e+06
5.697951673391571268e+06
5.722780021669927984e+06
5.747700405082041398e+06
5.772713164788999595e+06
5.797818643216500059e+06
5.823017184059564024e+06
5.848309132287249900e+06
5.873694834147371352e+06
5.899174637171222828e+06
5.924748890178358182e+06
5.950417943281348795e+06
5.976182147890564986e+06
6.002041856719024479e+06
6.027997423787211999e+06
6.054049204427894205e+06
6.080197555291027762e+06
6.106442834348602220e+06
6.132785400899554603e+06
6.159225615574705414e+06
6.185763840341662057e+06
6.212400438509827480e+06
6.239135774735309184e+06
6.265970215025980026e+06
6.292904126746401191e+06
6.319937878622925840e+06
6.347071840748736635e+06
6.374306384588886984e+06
6.401641882985388860e+06
6.429078710162334144e+06
6.456617241731016897e+06
6.484257854695053771e+06
6.512000927455567755e+06
6.539846839816368185e+06
6.567795972989134490e+06
6.595848709598638117e+06
6.624005433687987737e+06
6.652266530723916367e+06
6.680632387601968832e+06
6.709103392651891336e+06
6.737679935642924160e+06
6.766362407789108343e+06
6.795151201754654758e+06
6.824046711659336463e+06
6.853049333083857782e+06
6.882159463075308129e+06
6.911377500152548775e+06
6.940703844311704859e+06
6.970138897031621076e+06
6.999683061279393733e+06
7.029336741515819915e+06
7.059100343701020814e+06
7.088974275299903937e+06
7.118958945287815295e+06
7.149054764156145044e+06
7.179262143917858601e+06
7.209581498113231733e+06
7.240013241815470159e+06
7.270557791636385955e+06
7.301215565732112154e+06
7.331986983808837831e+06
7.362872467128537595e+06
7.393872438514741138e+06
7.424987322358319536e+06
7.456217544623306021e+06
7.487563532852726057e+06
7.519025716174438596e+06
7.550604525307027623e+06
7.582300392565686256e+06
7.614113751868121326e+06
7.646045038740530610e+06
7.678094690323546529e+06
7.710263145378209651e+06
7.742550844291994348e+06
7.774958229084806517e+06
7.807485743415068835e+06
7.840133832585791126e+06
7.872902943550642580e+06
7.905793524920111522e+06
7.938806026967585087e+06
7.971940901635577902e+06
8.005198602541873232e+06
8.038579584985768422e+06
8.072084305954273790e+06
8.105713224128393456e+06
8.139466799889408052e+06
8.173345495325125754e+06
8.207349774236295372e+06
8.241480102142877877e+06
8.275736946290457621e+06
8.310120775656634942e+06
8.344632060957442969e+06
8.379271274653796107e+06
8.414038890957944095e+06
8.448935385839972645e+06
8.483961237034324557e+06
8.519116924046343192e+06
8.554402928158827126e+06
8.589819732438603416e+06
8.625367821743194014e+06
8.661047682727387175e+06
8.696859803849935532e+06
8.732804675380235538e+06
8.768882789405064657e+06
8.805094639835288748e+06
8.841440722412602976e+06
8.877921534716382623e+06
8.914537576170425862e+06
8.951289348049845546e+06
8.988177353487893939e+06
9.025202097482902929e+06
9.062364086905116215e+06
9.099663830503696576e+06
9.137101838913651183e+06
9.174678624662859365e+06
9.212394702179046348e+06
9.250250587796861306e+06
9.288246799764938653e+06
9.326383858252964914e+06
9.364662285358831286e+06
9.403082605115776882e+06
9.441645343499552459e+06
9.480351028435632586e+06
9.519200189806414768e+06
9.558193359458511695e+06
9.597331071210017428e+06
9.636613860857810825e+06
9.676042266184885055e+06
9.715616826967716217e+06
9.755338084983678535e+06
9.795206584018409252e+06
9.835222869873294607e+06
9.875387490372925997e+06
9.915700995372602716e+06
9.956163936765870079e+06
9.996776868492035195e+06
1.003754034654380567e+07
1.007845492897485942e+07
1.011952117590751685e+07
1.016073964954037592e+07
1.020211091415601969e+07
1.024363553612875380e+07
1.028531408393236808e+07
1.032714712814787403e+07
1.036913524147136509e+07
1.041127899872184359e+07
1.045357897684906237e+07
1.049603575494144112e+07
1.053864991423402727e+07
1.058142203811640292e+07
1.062435271214069426e+07
1.066744252402958274e+07
1.071069206368436851e+07
1.075410192319300026e+07
1.079767269683824852e+07
1.084140498110578023e+07
1.088529937469236180e+07
1.092935647851404548e+07
1.097357689571438171e+07
1.101796123167268559e+07
1.106251009401233681e+07
1.110722409260909632e+07
1.115210383959941193e+07
1.119714994938887842e+07
1.124236303866057284e+07
1.128774372638354637e+07
1.133329263382127509e+07
1.137901038454015180e+07
1.142489760441806354e+07
1.147095492165293358e+07
1.151718296677131578e+07
1.156358237263704278e+07
1.161015377445987985e+07
1.165689780980422162e+07
1.170381511859783344e+07
1.175090634314058907e+07
1.179817212811328098e+07
1.184561312058643810e+07
1.189322997002919391e+07
1.194102332831815816e+07
1.198899384974637628e+07
1.203714219103224576e+07
1.208546901132852212e+07
1.213397497223136388e+07
1.218266073778936639e+07
1.223152697451264039e+07
1.228057435138198733e+07
1.232980353985798359e+07
1.237921521389023215e+07
1.242881004992659763e+07
1.247858872692238912e+07
1.252855192634975165e+07
1.257870033220693097e+07
1.262903463102763891e+07
1.267955551189051569e+07
1.273026366642847657e+07
1.278115978883821890e+07
1.283224457588974945e+07
1.288351872693589889e+07
1.293498294392190129e+07
1.298663793139499426e+07
1.303848439651405998e+07
1.309052304905933328e+07
1.314275460144209675e+07
1.319517976871445403e+07
1.324779926857906953e+07
1.330061382139907219e+07
1.335362415020783804e+07
1.340683098071894422e+07
1.346023504133607820e+07
1.351383706316301413e+07
1.356763778001362272e+07
1.362163792842194065e+07
1.367583824765218794e+07
1.373023947970896959e+07
1.378484236934737675e+07
1.383964766408319212e+07
1.389465611420315504e+07
1.394986847277520038e+07
1.400528549565877952e+07
1.406090794151519425e+07
1.411673657181802019e+07
1.417277215086348541e+07
1.422901544578095153e+07
1.428546722654343769e+07
1.434212826597812586e+07
1.439899933977697790e+07
1.445608122650733031e+07
1.451337470762252994e+07
1.457088056747270375e+07
1.462859959331540577e+07
1.468653257532646693e+07
1.474468030661078915e+07
1.480304358321318775e+07
1.486162320412928984e+07
1.492041997131654434e+07
1.497943468970507756e+07
1.503866816720881686e+07
1.509812121473648772e+07
1.515779464620272070e+07
1.521768927853927389e+07
1.527780593170610070e+07
1.533814542870263383e+07
1.539870859557906911e+07
1.545949626144764200e+07
1.552050925849398784e+07
1.558174842198854126e+07
1.564321459029793739e+07
1.570490860489654168e+07
1.576683131037796102e+07
1.582898355446654558e+07
1.589136618802906573e+07
1.595398006508632749e+07
1.601682604282488674e+07
1.607990498160876334e+07
1.614321774499117956e+07
1.620676519972645864e+07
1.627054821578187495e+07
1.633456766634953767e+07
1.639882442785833403e+07
1.646331937998595461e+07
1.652805340567093343e+07
1.659302739112474397e+07
1.665824222584392130e+07
1.672369880262219161e+07
1.678939801756277680e+07
1.685534077009063959e+07
1.692152796296472475e+07
1.698796050229045376e+07
1.705463929753199965e+07
1.712156526152477786e+07
1.718873931048800796e+07
1.725616236403714493e+07
1.732383534519656375e+07
1.739175918041215092e+07
1.745993479956398904e+07
1.752836313597909361e+07
1.759704512644417584e+07
1.766598171121852845e+07
1.773517383404681459e+07
1.780462244217200577e+07
1.787432848634840548e+07
1.794429292085461318e+07
1.801451670350660011e+07
1.808500079567082599e+07
1.815574616227740794e+07
1.822675377183330059e+07
1.829802459643558785e+07
1.836955961178478226e+07
1.844135979719817638e+07
1.851342613562323153e+07
1.858575961365108192e+07
1.865836122152999789e+07
1.873123195317897573e+07
1.880437280620128661e+07
1.887778478189822286e+07
1.895146888528275117e+07
1.902542612509325892e+07
1.909965751380738616e+07
1.917416406765586138e+07
1.924894680663646758e+07
1.932400675452798232e+07
1.939934493890414387e+07
1.947496239114779979e+07
1.955086014646496624e+07
1.962703924389900267e+07
1.970350072634489089e+07
1.978024564056343213e+07
1.985727503719566390e+07
1.993458997077718005e+07
2.001219149975258112e+07
2.009008068648997322e+07
2.016825859729553387e+07
2.024672630242802203e+07
2.032548487611358613e+07
2.040453539656027779e+07
2.048387894597299024e+07
2.056351661056814715e+07
2.064344948058864102e+07
2.072367865031874180e+07
2.080420521809905767e+07
2.088503028634161130e+07
2.096615496154489741e+07
2.104758035430902243e+07
2.112930757935096323e+07
2.121133775551977009e+07
2.129367200581190735e+07
2.137631145738665760e+07
2.145925724158146977e+07
2.154251049392753467e+07
2.162607235416529328e+07
2.170994396626002342e+07
2.179412647841753811e+07
2.187862104309985414e+07
2.196342881704103574e+07
2.204855096126300842e+07
2.213398864109138772e+07
2.221974302617149800e+07
2.230581529048439488e+07
2.239220661236291006e+07
2.247891817450774834e+07
2.256595116400377825e+07
2.265330677233615890e+07
2.274098619540676847e+07
2.282899063355047256e+07
2.291732129155167937e+07
2.300597937866065651e+07
2.309496610861029848e+07
2.318428269963255525e+07
2.327393037447522953e+07
2.336391036041864008e+07
2.345422388929249719e+07
2.354487219749268889e+07
2.363585652599827573e+07
2.372717812038846314e+07
2.381883823085959256e+07
2.391083811224233359e+07
2.400317902401883155e+07
2.409586223033993691e+07
2.418888900004255399e+07
2.428226060666698217e+07
2.437597832847432047e+07
2.447004344846399501e+07
2.456445725439138710e+07
2.465922103878536448e+07
2.475433609896599129e+07
2.484980373706235737e+07
2.494562526003032178e+07
2.504180197967047244e+07
2.513833521264603361e+07
2.523522628050091490e+07
2.533247650967780128e+07
2.543008723153631389e+07
2.552805978237123787e+07
2.562639550343078375e+07
2.572509574093502760e+07
2.582416184609426185e+07
2.592359517512752861e+07
2.602339708928113803e+07
2.612356895484739915e+07
2.622411214318324253e+07
2.632502803072904795e+07
2.642631799902746826e+07
2.652798343474227563e+07
2.663002572967747599e+07
2.673244628079620004e+07
2.683524649024009332e+07
2.693842776534818858e+07
2.704199151867632940e+07
2.714593916801656783e+07
2.725027213641648740e+07
2.735499185219870880e+07
2.746009974898038059e+07
2.756559726569297165e+07
2.767148584660173580e+07
2.777776694132575393e+07
2.788444200485750288e+07
2.799151249758301675e+07
2.809897988530171290e+07
2.820684563924651965e+07
2.831511123610403761e+07
2.842377815803470090e+07
2.853284789269314706e+07
2.864232193324851245e+07
2.875220177840489894e+07
2.886248893242184073e+07
2.897318490513499826e+07
2.908429121197680384e+07
2.919580937399710715e+07
2.930774091788414866e+07
2.942008737598535419e+07
2.953285028632831201e+07
2.964603119264187291e+07
2.975963164437730610e+07
2.987365319672941417e+07
2.998809741065797582e+07
3.010296585290892422e+07
3.021826009603594616e+07
3.033398171842191741e+07
3.045013230430065840e+07
3.056671344377833605e+07
3.068372673285563663e+07
3.080117377344921604e+07
3.091905617341387644e+07
3.103737554656453803e+07
3.115613351269820333e+07
3.127533169761632010e+07
3.139497173314691335e+07
3.151505525716701895e+07
3.163558391362493858e+07
3.175655935256292671e+07
3.187798323013967648e+07
3.199985720865309611e+07
3.212218295656293258e+07
3.224496214851365983e+07
3.236819646535741538e+07
3.249188759417708963e+07
3.261603722830929607e+07
3.274064706736762077e+07
3.286571881726579368e+07
3.299125419024129212e+07
3.311725490487843007e+07
3.324372268613218516e+07
3.337065926535163820e+07
3.349806638030381501e+07
3.362594577519728988e+07
3.375429920070619881e+07
3.388312841399424523e+07
3.401243517873858660e+07
3.414222126515414566e+07
3.427248845001776516e+07
3.440323851669250429e+07
3.453447325515218079e+07
3.466619446200572699e+07
3.479840394052182883e+07
3.493110350065366179e+07
3.506429495906367153e+07
3.519798013914836943e+07
3.533216087106332928e+07
3.546683899174824357e+07
3.560201634495215118e+07
3.573769478125850111e+07
3.587387615811067075e+07
3.601056233983732760e+07
3.614775519767781347e+07
3.628545660980800539e+07
3.642366846136589348e+07
3.656239264447737485e+07
3.670163105828218162e+07
3.684138560895988345e+07
3.698165820975604653e+07
3.712245078100828826e+07
3.726376525017267466e+07
3.740560355185009539e+07
3.754796762781266868e+07
3.769085942703048885e+07
3.783428090569809824e+07
3.797823402726142853e+07
3.812272076244459301e+07
3.826774308927692473e+07
3.841330299311994761e+07
3.855940246669479460e+07
3.870604351010920107e+07
3.885322813088506460e+07
3.900095834398586303e+07
3.914923617184428871e+07
3.929806364438986778e+07
