1.000000000000000000e+06
1.003305019278154126e+06
1.006634724643049529e+06
1.009987133620963199e+06
1.013360775165289990e+06
1.016754533994110883e+06
1.020167547515616636e+06
1.023599136379401549e+06
1.027048756840465823e+06
1.030515967487515882e+06
1.034000405579534010e+06
1.037501769912953721e+06
1.041019808200094383e+06
1.044554307614797610e+06
1.048105087597611127e+06
1.051671994298368692e+06
1.055254896223484306e+06
1.058853680782495998e+06
1.062468251515253680e+06
1.066098525841041468e+06
1.069744433212795528e+06
1.073405913589408388e+06
1.077082916160537861e+06
1.080775398273684084e+06
1.084483324524988653e+06
1.088206665983608691e+06
1.091945399525930407e+06
1.095699507260788698e+06
1.099468976030654507e+06
1.103253796976593323e+06
1.107053965157099999e+06
1.110869479212714825e+06
1.114700341069725109e+06
1.118546555677411845e+06
1.122408130774236750e+06
1.126285076679108199e+06
1.130177406104409136e+06
1.134085133988060756e+06
1.138008277342247544e+06
1.141946855116813444e+06
1.145900888075584080e+06
1.149870398684145650e+06
1.153855411007744726e+06
1.157855950618261471e+06
1.161872044509264873e+06
1.165903721018261742e+06
1.169951009755430743e+06
1.174013941538179759e+06
1.178092548330990365e+06
1.182186863189941971e+06
1.186296920211578952e+06
1.190422754485639511e+06
1.194564402051341021e+06
1.198721899856864475e+06
1.202895285721773515e+06
1.207084598302137572e+06
1.211289877058073413e+06
1.215511162223579129e+06
1.219748494778359775e+06
1.224001916421592468e+06
1.228271469547452172e+06
1.232557197222199524e+06
1.236859143162770662e+06
1.241177351716748904e+06
1.245511867843546206e+06
1.249862737096852157e+06
1.254230005608073203e+06
1.258613720070839394e+06
1.263013927726441063e+06
1.267430676350099966e+06
1.271864014238104457e+06
1.276313990195669467e+06
1.280780653525479138e+06
1.285264054016961483e+06
1.289764241936095990e+06
1.294281268015836831e+06
1.298815183447096264e+06
1.303366039870175533e+06
1.307933889366717078e+06
1.312518784452072112e+06
1.317120778068111744e+06
1.321739923576394795e+06
1.326376274751746096e+06
1.331029885776140494e+06
1.335700811232940061e+06
1.340389106101432350e+06
1.345094825751653174e+06
1.349818025939490646e+06
1.354558762802056735e+06
1.359317092853273265e+06
1.364093072979716118e+06
1.368886760436685057e+06
1.373698212844443507e+06
1.378527488184707006e+06
1.383374644797244109e+06
1.388239741376762511e+06
1.393122836969842901e+06
1.398023990972114261e+06
1.402943263125563506e+06
1.407880713515963405e+06
1.412836402570465580e+06
1.417810391055311309e+06
1.422802740073671332e+06
1.427813511063609272e+06
1.432842765796127729e+06
1.437890566373369657e+06
1.442956975226889132e+06
1.448042055116028991e+06
1.453145869126394624e+06
1.458268480668425327e+06
1.463409953476035735e+06
1.468570351605334319e+06
1.473749739433459006e+06
1.478948181657437701e+06
1.484165743293173844e+06
1.489402489674436394e+06
1.494658486451992532e+06
1.499933799592741998e+06
1.505228495378942927e+06
1.510542640407493571e+06
1.515876301589270122e+06
1.521229546148501802e+06
1.526602441622232320e+06
1.531995055859805783e+06
1.537407457022405695e+06
1.542839713582651690e+06
1.548291894324233523e+06
1.553764068341575563e+06
1.559256305039581377e+06
1.564768674133374123e+06
1.570301245648117270e+06
1.575854089918832527e+06
1.581427277590289945e+06
1.587020879616926191e+06
1.592634967262759339e+06
1.598269612101402832e+06
1.603924886016065022e+06
1.609600861199589213e+06
1.615297610154514899e+06
1.621015205693222350e+06
1.626753720938006882e+06
1.632513229321272345e+06
1.638293804585720180e+06
1.644095520784548717e+06
1.649918452281691134e+06
1.655762673752080416e+06
1.661628260181925725e+06
1.667515286869029980e+06
1.673423829423134215e+06
1.679353963766246103e+06
1.685305766133049736e+06
1.691279313071240205e+06
1.697274681442009518e+06
1.703291948420455912e+06
1.709331191496027866e+06
1.715392488473001635e+06
1.721475917470984859e+06
1.727581556925443700e+06
1.733709485588200390e+06
1.739859782527981559e+06
1.746032527131011942e+06
1.752227799101548735e+06
1.758445678462541196e+06
1.764686245556163834e+06
1.770949581044524210e+06
1.777235765910244081e+06
1.783544881457129028e+06
1.789877009310851805e+06
1.796232231419649208e+06
1.802610630054984475e+06
1.809012287812303752e+06
1.815437287611728301e+06
1.821885712698797928e+06
1.828357646645264234e+06
1.834853173349798890e+06
1.841372377038799226e+06
1.847915342267192435e+06
1.854482153919204138e+06
1.861072897209199611e+06
1.867687657682495192e+06
1.874326521216195775e+06
1.880989574020058615e+06
1.887676902637341525e+06
1.894388593945666449e+06
1.901124735157899559e+06
1.907885413823075127e+06
1.914670717827253276e+06
1.921480735394455260e+06
1.928315555087589892e+06
1.935175265809379751e+06
1.942059956803306937e+06
1.948969717654557433e+06
1.955904638290994335e+06
1.962864808984107804e+06
1.969850320350040914e+06
1.976861263350545894e+06
1.983897729293970391e+06
1.990959809836300323e+06
1.998047596982168267e+06
2.005161183085869532e+06
2.012300660852399888e+06
2.019466123338512843e+06
2.026657663953749929e+06
2.033875376461531501e+06
2.041119354980188888e+06
2.048389693984094309e+06
2.055686488304701867e+06
2.063009833131651394e+06
2.070359824013894191e+06
2.077736556860789424e+06
2.085140127943208208e+06
2.092570633894697065e+06
2.100028171712573152e+06
2.107512838759086560e+06
2.115024732762594242e+06
2.122563951818668749e+06
2.130130594391304068e+06
2.137724759314081632e+06
2.145346545791343786e+06
2.152996053399371449e+06
2.160673382087621372e+06
2.168378632179896347e+06
2.176111904375545215e+06
2.183873299750736449e+06
2.191662919759629294e+06
2.199480866235629190e+06
2.207327241392637137e+06
2.215202147826282773e+06
2.223105688515192363e+06
2.231037966822233982e+06
2.238999086495806929e+06
2.246989151671106927e+06
2.255008266871411353e+06
2.263056537009378895e+06
2.271134067388333846e+06
2.279240963703588583e+06
2.287377332043735310e+06
2.295543278891982976e+06
2.303738911127462517e+06
2.311964336026584264e+06
2.320219661264363211e+06
2.328504994915775023e+06
2.336820445457095746e+06
2.345166121767275035e+06
2.353542133129299153e+06
2.361948589231560472e+06
2.370385600169235840e+06
2.378853276445700787e+06
2.387351728973892052e+06
2.395881069077728316e+06
2.404441408493514173e+06
2.413032859371333849e+06
2.421655534276520833e+06
2.430309546191032510e+06
2.438995008514923975e+06
2.447712035067773424e+06
2.456460740090136882e+06
2.465241238244992215e+06
2.474053644619220402e+06
2.482898074725066312e+06
2.491774644501604605e+06
2.500683470316228457e+06
2.509624668966141529e+06
2.518598357679854147e+06
2.527604654118687380e+06
2.536643676378270611e+06
2.545715542990066577e+06
2.554820372922901064e+06
2.563958285584480967e+06
2.573129400822928641e+06
2.582333838928340469e+06
2.591571720634310506e+06
2.600843167119517457e+06
2.610148300009265076e+06
2.619487241377061233e+06
2.628860113746189047e+06
2.638267040091296192e+06
2.647708143839987461e+06
2.657183548874413595e+06
2.666693379532868508e+06
2.676237760611422360e+06
2.685816817365527153e+06
2.695430675511623733e+06
2.705079461228798609e+06
2.714763301160412841e+06
2.724482322415728122e+06
2.734236652571595274e+06
2.744026419674072415e+06
2.753851752240125090e+06
2.763712779259275645e+06
2.773609630195284262e+06
2.783542434987836983e+06
2.793511324054247234e+06
2.803516428291141987e+06
2.813557879076169804e+06
2.823635808269720059e+06
2.833750348216648214e+06
2.843901631747979205e+06
2.854089792182670441e+06
2.864314963329335675e+06
2.874577279487994500e+06
2.884876875451833010e+06
2.895213886508956552e+06
2.905588448444172274e+06
2.916000697540757246e+06
2.926450770582245197e+06
2.936938804854203481e+06
2.947464938146047294e+06
2.958029308752838522e+06
2.968632055477096234e+06
2.979273317630614620e+06
2.989953235036294442e+06
3.000671948029974476e+06
3.011429597462266218e+06
3.022226324700398371e+06
3.033062271630086936e+06
3.043937580657394603e+06
3.054852394710582681e+06
3.065806857242001686e+06
3.076801112229977734e+06
3.087835304180702660e+06
3.098909578130119015e+06
3.110024079645843245e+06
3.121178954829076771e+06
3.132374350316514261e+06
3.143610413282274269e+06
3.154887291439865250e+06
3.166205133044084068e+06
3.177564086893006228e+06
3.188964302329897415e+06
3.200405929245228879e+06
3.211889118078624830e+06
3.223414019820844755e+06
3.234980786015771795e+06
3.246589568762416020e+06
3.258240520716931671e+06
3.269933795094574336e+06
3.281669545671788044e+06
3.293447926788186189e+06
3.305269093348612078e+06
3.317133200825161301e+06
3.329040405259234831e+06
3.340990863263616804e+06
3.352984732024523430e+06
3.365022169303670991e+06
3.377103333440383896e+06
3.389228383353644982e+06
3.401397478544231504e+06
3.413610779096786864e+06
3.425868445681960788e+06
3.438170639558522031e+06
3.450517522575485520e+06
3.462909257174253464e+06
3.475346006390731782e+06
3.487827933857555036e+06
3.500355203806150705e+06
3.512927981068998575e+06
3.525546431081757881e+06
3.538210719885450322e+06
3.550921014128699433e+06
3.563677481069891714e+06
3.576480288579388056e+06
3.589329605141783133e+06
3.602225599858067464e+06
3.615168442447942682e+06
3.628158303251987789e+06
3.641195353233977221e+06
3.654279763983086683e+06
3.667411707716210745e+06
3.680591357280192431e+06
3.693818886154177133e+06
3.707094468451832421e+06
3.720418278923710808e+06
3.733790492959539872e+06
3.747211286590513773e+06
3.760680836491680704e+06
3.774199319984243717e+06
3.787766915037910454e+06
3.801383800273264758e+06
3.815050154964127578e+06
3.828766159039904363e+06
3.842531993088010233e+06
3.856347838356228545e+06
3.870213876755112316e+06
3.884130290860430803e+06
3.898097263915539254e+06
3.912114979833833873e+06
3.926183623201195151e+06
3.940303379278388806e+06
3.954474434003571048e+06
3.968696973994722590e+06
3.982971186552151106e+06
3.997297259660933632e+06
4.011675381993421353e+06
4.026105742911758367e+06
4.040588532470387407e+06
4.055123941418536473e+06
4.069712161202777643e+06
4.084353383969565853e+06
4.099047802567770239e+06
4.113795610551238060e+06
4.128597002181361895e+06
4.143452172429654747e+06
4.158361316980339121e+06
4.173324632232926786e+06
4.188342315304844175e+06
4.203414564034011215e+06
4.218541576981513761e+06
4.233723553434200585e+06
4.248960693407343701e+06
4.264253197647282854e+06
4.279601267634080723e+06
4.295005105584220961e+06
4.310464914453262463e+06
4.325980897938554175e+06
4.341553260481909849e+06
4.357182207272350788e+06
4.372867944248819724e+06
4.388610678102901205e+06
4.404410616281557828e+06
4.420267966989910230e+06
4.436182939193989150e+06
4.452155742623496801e+06
4.468186587774597108e+06
4.484275685912715271e+06
4.500423249075314961e+06
4.516629490074765868e+06
4.532894622501111589e+06
4.549218860724937171e+06
4.565602419900203124e+06
4.582045515967111103e+06
4.598548365654942580e+06
4.615111186484974809e+06
4.631734196773347445e+06
4.648417615633950569e+06
4.665161662981369533e+06
4.681966559533756226e+06
4.698832526815799996e+06
4.715759787161630578e+06
4.732748563717826270e+06
4.749799080446327105e+06
4.766911562127400190e+06
4.784086234362677671e+06
4.801323323578105308e+06
4.818623057026990689e+06
4.835985662792971358e+06
4.853411369793079793e+06
4.870900407780784182e+06
4.888453007349010557e+06
4.906069399933237582e+06
4.923749817814541049e+06
4.941494494122706354e+06
4.959303662839315832e+06
4.977177558800828643e+06
4.995116417701753788e+06
5.013120476097739302e+06
5.031189971408727579e+06
5.049325141922105104e+06
5.067526226795872673e+06
5.085793466061828658e+06
5.104127100628728978e+06
5.122527372285536490e+06
5.140994523704582825e+06
5.159528798444829881e+06
5.178130440955083817e+06
5.196799696577244438e+06
5.215536811549570411e+06
5.234342033009961247e+06
5.253215608999217860e+06
5.272157788464356214e+06
5.291168821261909790e+06
5.310248958161243238e+06
5.329398450847903267e+06
5.348617551926941611e+06
5.367906514926273376e+06
5.387265594300066121e+06
5.406695045432115905e+06
5.426195124639213085e+06
5.445766089174563996e+06
5.465408197231241502e+06
5.485121707945575006e+06
5.504906881400615908e+06
5.524763978629581630e+06
5.544693261619331315e+06
5.564694993313842453e+06
5.584769437617728487e+06
5.604916859399712645e+06
5.625137524496175349e+06
5.645431699714669958e+06
5.665799652837478556e+06
5.686241652625162154e+06
5.706757968820157461e+06
5.727348872150336392e+06
5.748014634332600981e+06
5.768755528076527640e+06
5.789571827087969519e+06
5.810463806072697043e+06
5.831431740740038455e+06
5.852475907806580886e+06
5.873596584999810904e+06
5.894794051061831415e+06
5.916068585753042251e+06
5.937420469855898991e+06
5.958849985178602859e+06
5.980357414558885619e+06
6.001943041867736727e+06
6.023607152013192885e+06
6.045350030944144353e+06
6.067171965654096566e+06
6.089073244185030460e+06
6.111054155631190166e+06
6.133114990142939612e+06
6.155256038930677809e+06
6.177477594268598594e+06
6.199779949498686939e+06
6.222163399034558795e+06
6.244628238365366124e+06
6.267174764059797861e+06
6.289803273769934662e+06
6.312514066235268489e+06
6.335307441286640242e+06
6.358183699850280769e+06
6.381143143951733597e+06
6.404186076719928533e+06
6.427312802391214296e+06
6.450523626313343644e+06
6.473818854949612170e+06
6.497198795882897452e+06
6.520663757819746621e+06
6.544214050594503991e+06
6.567849985173389316e+06
6.591571873658681288e+06
6.615380029292844236e+06
6.639274766462684609e+06
6.663256400703574531e+06
6.687325248703589663e+06
6.711481628307797946e+06
6.735725858522390947e+06
6.760058259518994018e+06
6.784479152638933621e+06
6.808988860397475772e+06
6.833587706488098018e+06
6.858276015786872245e+06
6.883054114356708713e+06
6.907922329451725818e+06
6.932880989521624520e+06
6.957930424216007814e+06
6.983070964388810098e+06
7.008302942102677189e+06
7.033626690633385442e+06
7.059042544474300928e+06
7.084550839340772480e+06
7.110151912174643949e+06
7.135846101148746908e+06
7.161633745671359822e+06
7.187515186390736140e+06
7.213490765199663118e+06
7.239560825239962898e+06
7.265725710907117464e+06
7.291985767854786478e+06
7.318341342999453656e+06
7.344792784525027499e+06
7.371340441887476481e+06
7.397984665819459595e+06
7.424725808335036039e+06
7.451564222734292969e+06
7.478500263608084992e+06
7.505534286842768081e+06
7.532666649624865502e+06
7.559897710445898585e+06
7.587227829107112251e+06
7.614657366724273190e+06
7.642186685732469894e+06
7.669816149890952744e+06
7.697546124287963845e+06
7.725376975345587358e+06
7.753309070824629627e+06
7.781342779829520732e+06
7.809478472813228145e+06
7.837716521582153626e+06
7.866057299301153980e+06
7.894501180498433299e+06
7.923048541070534848e+06
7.951699758287400007e+06
7.980455210797352716e+06
8.009315278632110916e+06
8.038280343211883679e+06
8.067350787350441329e+06
8.096526995260192081e+06
8.125809352557322010e+06
8.155198246266902424e+06
8.184694064828069881e+06
8.214297198099145666e+06
8.244008037362887524e+06
8.273826975331649184e+06
8.303754406152630225e+06
8.333790725413122214e+06
8.363936330145758577e+06
8.394191618833813816e+06
8.424556991416499019e+06
8.455032849294289947e+06
8.485619595334270969e+06
8.516317633875494823e+06
8.547127370734365657e+06
8.578049213210022077e+06
8.609083570089811459e+06
8.640230851654665545e+06
8.671491469684612006e+06
8.702865837464217097e+06
8.734354369788123295e+06
8.765957482966549695e+06
8.797675594830827788e+06
8.829509124739000574e+06
8.861458493581345305e+06
8.893524123786028475e+06
8.925706439324701205e+06
8.958005865718167275e+06
8.990422830042019486e+06
9.022957760932330042e+06
9.055611088591389358e+06
9.088383244793381542e+06
9.121274662890173495e+06
9.154285777817068622e+06
9.187417026098608971e+06
9.220668845854375511e+06
9.254041676804799587e+06
9.287535960277071223e+06
9.321152139210956171e+06
9.354890658164726570e+06
9.388751963321086019e+06
9.422736502493092790e+06
9.456844725130107254e+06
9.491077082323824987e+06
9.525434026814233512e+06
9.559916012995665893e+06
9.594523496922841296e+06
9.629256936316948384e+06
9.664116790571704507e+06
9.699103520759545267e+06
9.734217589637678117e+06
9.769459461654301733e+06
9.804829602954765782e+06
9.840328481387788430e+06
9.875956566511675715e+06
9.911714329600587487e+06
9.947602243650801480e+06
9.983620783387014642e+06
1.001977042526866868e+07
1.005605164749627560e+07
1.009246493001781963e+07
1.012901075453512184e+07
1.016568960451026261e+07
1.020250196517201886e+07
1.023944832352232002e+07
1.027652916834274866e+07
1.031374499020102806e+07
1.035109628145757131e+07
1.038858353627203591e+07
1.042620725060989894e+07
1.046396792224907503e+07
1.050186605078651384e+07
1.053990213764489815e+07
1.057807668607926741e+07
1.061639020118378475e+07
1.065484318989839964e+07
1.069343616101565212e+07
1.073216962518741004e+07
1.077104409493168816e+07
1.081006008463947289e+07
1.084921811058157124e+07
1.088851869091547653e+07
1.092796234569229744e+07
1.096754959686364979e+07
1.100728096828863397e+07
1.104715698574079759e+07
1.108717817691514082e+07
1.112734507143515535e+07
1.116765820085985772e+07
1.120811809869090095e+07
1.124872530037963577e+07
1.128948034333427995e+07
1.133038376692707092e+07
1.137143611250142939e+07
1.141263792337918282e+07
1.145398974486781657e+07
1.149549212426771596e+07
1.153714561087945849e+07
1.157895075601113774e+07
1.162090811298570968e+07
1.166301823714835383e+07
1.170528168587387353e+07
1.174769901857411675e+07
1.179027079670543969e+07
1.183299758377618715e+07
1.187587994535417669e+07
1.191891844907425344e+07
1.196211366464583762e+07
1.200546616386052594e+07
1.204897652059970051e+07
1.209264531084216386e+07
1.213647311267184652e+07
1.218046050628547184e+07
1.222460807400029711e+07
1.226891640026186779e+07
1.231338607165181823e+07
1.235801767689568922e+07
1.240281180687071569e+07
1.244776905461376719e+07
1.249289001532924548e+07
1.253817528639691509e+07
1.258362546738000400e+07
1.262924116003309749e+07
1.267502296831018291e+07
1.272097149837270938e+07
1.276708735859759897e+07
1.281337115958546102e+07
1.285982351416861825e+07
1.290644503741937689e+07
1.295323634665809944e+07
1.300019806146154553e+07
1.304733080367103592e+07
1.309463519740080461e+07
1.314211186904626526e+07
1.318976144729241543e+07
1.323758456312213652e+07
1.328558184982466511e+07
1.333375394300398603e+07
1.338210148058732413e+07
1.343062510283366777e+07
1.347932545234224573e+07
1.352820317406111956e+07
1.357725891529577971e+07
1.362649332571775466e+07
1.367590705737329647e+07
1.372550076469204575e+07
1.377527510449574329e+07
1.382523073600699380e+07
1.387536832085806504e+07
1.392568852309967391e+07
1.397619200920987502e+07
1.402687944810290262e+07
1.407775151113808714e+07
1.412880887212884240e+07
1.418005220735158958e+07
1.423148219555479847e+07
1.428309951796804555e+07
1.433490485831105150e+07
1.438689890280284360e+07
1.443908234017083980e+07
1.449145586166007258e+07
1.454402016104241461e+07
1.459677593462574668e+07
1.464972388126331381e+07
1.470286470236301236e+07
1.475619910189673863e+07
1.480972778640975058e+07
1.486345146503012441e+07
1.491737084947816655e+07
1.497148665407592244e+07
1.502579959575668536e+07
1.508031039407454431e+07
1.513501977121398970e+07
1.518992845199952275e+07
1.524503716390534863e+07
1.530034663706501946e+07
1.535585760428119823e+07
1.541157080103543401e+07
1.546748696549793705e+07
1.552360683853742667e+07
1.557993116373101436e+07
1.563646068737411126e+07
1.569319615849037468e+07
1.575013832884168066e+07
1.580728795293815061e+07
1.586464578804819845e+07
1.592221259420865960e+07
1.597998913423487730e+07
1.603797617373089306e+07
1.609617448109965585e+07
1.615458482755323127e+07
1.621320798712310195e+07
1.627204473667051084e+07
1.633109585589678586e+07
1.639036212735371292e+07
1.644984433645403013e+07
1.650954327148183249e+07
1.656945972360310331e+07
1.662959448687627539e+07
1.668994835826279595e+07
1.675052213763777167e+07
1.681131662780060247e+07
1.687233263448566943e+07
1.693357096637314931e+07
1.699503243509970978e+07
1.705671785526937991e+07
1.711862804446440563e+07
1.718076382325611636e+07
1.724312601521588117e+07
1.730571544692611694e+07
1.736853294799125195e+07
1.743157935104883462e+07
1.749485549178060889e+07
1.755836220892363414e+07
1.762210034428150952e+07
1.768607074273559824e+07
1.775027425225623325e+07
1.781471172391405702e+07
1.787938401189140230e+07
1.794429197349361330e+07
1.800943646916051954e+07
1.807481836247788370e+07
1.814043852018893883e+07
1.820629781220592931e+07
1.827239711162168533e+07
1.833873729472130910e+07
1.840531924099383503e+07
1.847214383314394951e+07
1.853921195710375160e+07
1.860652450204459205e+07
1.867408236038891599e+07
1.874188642782214284e+07
1.880993760330462828e+07
1.887823678908364847e+07
1.894678489070544392e+07
1.901558281702724472e+07
1.908463148022941127e+07
1.915393179582763091e+07
1.922348468268509582e+07
1.929329106302474812e+07
1.936335186244156957e+07
1.943366800991497189e+07
1.950424043782110512e+07
1.957507008194535598e+07
1.964615788149480522e+07
1.971750477911072597e+07
1.978911172088119015e+07
1.986097965635367110e+07
1.993310953854767606e+07
2.000550232396750152e+07
2.007815897261494771e+07
2.015108044800214842e+07
2.022426771716440469e+07
2.029772175067307428e+07
2.037144352264850587e+07
2.044543401077307761e+07
2.051969419630416483e+07
2.059422506408729777e+07
2.066902760256920010e+07
2.074410280381107703e+07
2.081945166350175813e+07
2.089507518097103387e+07
2.097097435920292884e+07
2.104715020484913513e+07
2.112360372824237868e+07
2.120033594340994209e+07
2.127734786808714643e+07
2.135464052373095229e+07
2.143221493553356454e+07
2.151007213243610784e+07
2.158821314714235067e+07
2.166663901613249630e+07
2.174535077967695519e+07
2.182434948185028136e+07
2.190363617054503784e+07
2.198321189748581871e+07
2.206307771824322641e+07
2.214323469224798307e+07
2.222368388280508295e+07
2.230442635710790381e+07
2.238546318625251949e+07
2.246679544525189325e+07
2.254842421305031702e+07
2.263035057253772393e+07
2.271257561056415364e+07
2.279510041795427352e+07
2.287792608952188492e+07
2.296105372408453375e+07
2.304448442447819188e+07
2.312821929757197574e+07
2.321225945428283140e+07
2.329660600959045440e+07
2.338126008255208656e+07
2.346622279631745443e+07
2.355149527814378962e+07
2.363707865941081941e+07
2.372297407563583553e+07
2.380918266648892686e+07
2.389570557580813766e+07
2.398254395161469281e+07
2.406969894612834975e+07
2.415717171578270569e+07
2.424496342124075070e+07
2.433307522741015255e+07
2.442150830345901847e+07
2.451026382283132896e+07
2.459934296326264739e+07
2.468874690679585934e+07
2.477847683979685977e+07
2.486853395297042653e+07
2.495891944137613848e+07
2.504963450444426388e+07
2.514068034599173442e+07
2.523205817423827574e+07
2.532376920182250068e+07
2.541581464581808820e+07
2.550819572774995118e+07
2.560091367361062393e+07
2.569396971387657151e+07
2.578736508352463692e+07
2.588110102204844728e+07
2.597517877347500995e+07
2.606959958638129383e+07
2.616436471391090006e+07
2.625947541379071400e+07
2.635493294834776223e+07
2.645073858452603966e+07
2.654689359390333295e+07
2.664339925270830840e+07
2.674025684183741733e+07
2.683746764687209576e+07
2.693503295809579641e+07
2.703295407051129267e+07
2.713123228385791555e+07
2.722986890262893587e+07
2.732886523608888686e+07
2.742822259829113632e+07
2.752794230809535086e+07
2.762802568918502331e+07
2.772847407008532435e+07
2.782928878418065608e+07
2.793047116973249987e+07
2.803202256989729777e+07
2.813394433274430409e+07
2.823623781127362698e+07
2.833890436343430728e+07
2.844194535214231908e+07
2.854536214529890195e+07
2.864915611580871418e+07
2.875332864159815013e+07
2.885788110563376546e+07
2.896281489594070986e+07
2.906813140562127903e+07
2.917383203287343681e+07
2.927991818100951239e+07
2.938639125847494602e+07
2.949325267886700481e+07
2.960050386095375195e+07
2.970814622869287431e+07
2.981618121125076339e+07
2.992461024302150682e+07
3.003343476364615187e+07
3.014265621803167835e+07
3.025227605637061223e+07
3.036229573416007683e+07
3.047271671222134307e+07
3.058354045671938732e+07
3.069476843918231502e+07
3.080640213652110100e+07
3.091844303104921430e+07
3.103089261050244048e+07
3.114375236805879697e+07
3.125702380235835537e+07
3.137070841752326488e+07
3.148480772317788005e+07
3.159932323446881026e+07
3.171425647208526731e+07
3.182960896227920428e+07
3.194538223688577861e+07
3.206157783334386349e+07
3.217819729471633956e+07
3.229524216971090809e+07
3.241271401270069927e+07
3.253061438374492899e+07
3.264894484860979393e+07
3.276770697878935561e+07
3.288690235152652487e+07
3.300653254983411729e+07
3.312659916251586378e+07
3.324710378418779373e+07
3.336804801529939473e+07
3.348943346215500310e+07
3.361126173693520576e+07
3.373353445771849155e+07
3.385625324850265682e+07
3.397941973922659457e+07
3.410303556579201669e+07
3.422710237008530647e+07
3.435162179999941587e+07
3.447659550945585221e+07
3.460202515842673182e+07
3.472791241295699775e+07
3.485425894518662989e+07
3.498106643337286264e+07
3.510833656191277504e+07
3.523607102136562765e+07
3.536427150847544521e+07
3.549293972619371116e+07
3.562207738370205462e+07
3.575168619643504918e+07
3.588176788610320538e+07
