0.000000000000000000e+00	0.000000000000000000e+00	0.000000000000000000e+00
4.018376072110069686e+02	7.433995733403628726e-04	1.972446013177592272e-01
7.927299156476371991e+02	1.466550343948128717e-03	1.916077429801313903e-01
1.174710334167302335e+03	2.173214118209509590e-03	1.868605255042102564e-01
1.549301033327537880e+03	2.866206911655945228e-03	1.827888270734433773e-01
1.917668608487582787e+03	3.547686925702028468e-03	1.792419007603142378e-01
2.280727155129524363e+03	4.219345236989619982e-03	1.761113783503817087e-01
2.639207718234775712e+03	4.882534278734335098e-03	1.733177369979015114e-01
2.993705929012316574e+03	5.538355968672786095e-03	1.708014460931064904e-01
3.344715277296993918e+03	6.187723262999438208e-03	1.685170858101716351e-01
3.692650775691939998e+03	6.831403935030089594e-03	1.664293772978329422e-01
4.037866093112445469e+03	7.470052272258024748e-03	1.645104594988885671e-01
4.380666177078517649e+03	8.104232427595257221e-03	1.627379904979969760e-01
4.721316708784574075e+03	8.734435911251461904e-03	1.610938021795259578e-01
5.060051298644020790e+03	9.361094902491437844e-03	1.595629316938968201e-01
5.397077044428945555e+03	9.984592532193550113e-03	1.581329133537597298e-01
5.732578884725393436e+03	1.060527093674197736e-02	1.567932531894672687e-01
6.066723053106241423e+03	1.122343764824654602e-02	1.555350334840484849e-01
6.399659851670719945e+03	1.183937072559083231e-02	1.543506111153014337e-01
6.731525902678988132e+03	1.245332291995612795e-02	1.532333845294554520e-01
7.062445995064265844e+03	1.306552509086889198e-02	1.521776115896720238e-01
7.392534612851487509e+03	1.367618903377525175e-02	1.511782656110984835e-01
7.721897211135417820e+03	1.428550984060052327e-02	1.502309204006987697e-01
8.050631289719675806e+03	1.489366788598140041e-02	1.493316575760313680e-01
8.378827303069261689e+03	1.550083051067813363e-02	1.484769911783381802e-01
8.706569436704934560e+03	1.610715345790413033e-02	1.476638058442890367e-01
9.033936273748251551e+03	1.671278210643426659e-02	1.468893057069494135e-01
9.361001370445399516e+03	1.731785253532399163e-02	1.461509718612703790e-01
9.687833755747340547e+03	1.792249244813257786e-02	1.454465267221810298e-01
1.001449836711745593e+04	1.852682197916729473e-02	1.447739039723016097e-01
1.034105643246324507e+04	1.913095440005700351e-02	1.441312230752413992e-01
1.066756580629756718e+04	1.973499674165049914e-02	1.435167675431675283e-01
1.099408126680932219e+04	2.033905034359724875e-02	1.429289663110823727e-01
1.132065477938295226e+04	2.094321134185846492e-02	1.423663776972278749e-01
1.164733573118861932e+04	2.154757110269894457e-02	1.418276755283178203e-01
1.197417114071670403e+04	2.215221661032589981e-02	1.413116370865012961e-01
1.230120584552502260e+04	2.275723081422129090e-02	1.408171325969654608e-01
1.262848267096390555e+04	2.336269294128322238e-02	1.403431160245780518e-01
1.295604258223457691e+04	2.396867877713396502e-02	1.398886169877546493e-01
1.328392482179199578e+04	2.457526092031519366e-02	1.394527336298411746e-01
1.361216703382014748e+04	2.518250901256727237e-02	1.390346263144254524e-01
1.394080537726490184e+04	2.579048994794006996e-02	1.386335120323209658e-01
1.426987462871214848e+04	2.639926806311747656e-02	1.382486594254832002e-01
1.459940827622679535e+04	2.700890531101957440e-02	1.378793843475625003e-01
1.492943860512377069e+04	2.761946141947897379e-02	1.375250458927912978e-01
1.525999677651938146e+04	2.823099403656085388e-02	1.371850428348664608e-01
1.559111289940730421e+04	2.884355886390351301e-02	1.368588104258359750e-01
1.592281609691163430e+04	2.945720977928652576e-02	1.365458175119894368e-01
1.625513456729263817e+04	3.007199894949138044e-02	1.362455639296681342e-01
1.658809564021406914e+04	3.068797693439602806e-02	1.359575781488787383e-01
1.692172582872211206e+04	3.130519278313591280e-02	1.356814151368454235e-01
1.725605087733587061e+04	3.192369412307136112e-02	1.354166544172348552e-01
1.759109580660590291e+04	3.254352724222091958e-02	1.351628983038743737e-01
1.792688495445694571e+04	3.316473716574534769e-02	1.349197702904093299e-01
1.826344201460137992e+04	3.378736772701255303e-02	1.346869135796413264e-01
1.860079007227400871e+04	3.441146163370691763e-02	1.344639897382202132e-01
1.893895163752065855e+04	3.503706052941321647e-02	1.342506774640619405e-01
1.927794867624223116e+04	3.566420505104812844e-02	1.340466714553447403e-01
1.961780263918247510e+04	3.629293488248758193e-02	1.338516813711815301e-01
1.995853448902384480e+04	3.692328880469411545e-02	1.336654308752039666e-01
2.030016472574495128e+04	3.755530474262815804e-02	1.334876567542435666e-01
2.064271341037453385e+04	3.818901980919289091e-02	1.333181081051518779e-01
2.098620018726816488e+04	3.882447034644610079e-02	1.331565455835441447e-01
2.133064430501862807e+04	3.946169196428446491e-02	1.330027407088983926e-01
2.167606463610392530e+04	4.010071957679226667e-02	1.328564752210342759e-01
2.202247969536666642e+04	4.074158743642833369e-02	1.327175404834827488e-01
2.236990765740997085e+04	4.138432916620844726e-02	1.325857369297218924e-01
2.271836637298805726e+04	4.202897779002790629e-02	1.324608735486526023e-01
2.306787338446284048e+04	4.267556576125625112e-02	1.323427674060387582e-01
2.341844594039330332e+04	4.332412498972761788e-02	1.322312431989427772e-01
2.377010100931626948e+04	4.397468686723510212e-02	1.321261328404835234e-01
2.412285529277490423e+04	4.462728229163356874e-02	1.320272750724876265e-01
2.447672523764497964e+04	4.528194168964320976e-02	1.319345151038237296e-01
2.483172704780664935e+04	4.593869503844229957e-02	1.318477042724152948e-01
2.518787669520479540e+04	4.659757188612886902e-02	1.317666997291114250e-01
2.554518993033629158e+04	4.725860137112214421e-02	1.316913641417400693e-01
2.590368229220307694e+04	4.792181224057569244e-02	1.316215654178408689e-01
2.626336911776430497e+04	4.858723286786396922e-02	1.315571764446788194e-01
2.662426555091769478e+04	4.925489126919773558e-02	1.314980748452706238e-01
2.698638655104074860e+04	4.992481511942539057e-02	1.314441427492662462e-01
2.734974690111977179e+04	5.059703176707158051e-02	1.313952665776135786e-01
2.771436121548907249e+04	5.127156824865478774e-02	1.313513368400385517e-01
2.808024394720538112e+04	5.194845130232995239e-02	1.313122479444248092e-01
2.844740939507953954e+04	5.262770738089714295e-02	1.312778980172870369e-01
2.881587171038445376e+04	5.330936266421124059e-02	1.312481887345581799e-01
2.918564490325902807e+04	5.399344307102920543e-02	1.312230251620035426e-01
2.955674284882443681e+04	5.467997427032521285e-02	1.312023156046049077e-01
2.992917929303069104e+04	5.536898169210677234e-02	1.311859714643263952e-01
3.030296785824672406e+04	5.606049053775644109e-02	1.311739071057027306e-01
3.067812204861067585e+04	5.675452578992975367e-02	1.311660397287452429e-01
3.105465525515138506e+04	5.745111222203005963e-02	1.311622892486917213e-01
3.143258076069389790e+04	5.815027440728370856e-02	1.311625781821610381e-01
3.181191174456269073e+04	5.885203672744097891e-02	1.311668315393136885e-01
3.219266128709030090e+04	5.955642338111705875e-02	1.311749767216307261e-01
3.257484237394402589e+04	6.026345839179644837e-02	1.311869434249740562e-01
3.295846790027996758e+04	6.097316561551793801e-02	1.312026635475988523e-01
3.334355067473134841e+04	6.168556874825299047e-02	1.312220711028140585e-01
3.373010342324275553e+04	6.240069133299910170e-02	1.312451021360143411e-01
3.411813879275474756e+04	6.311855676659627878e-02	1.312716946458195311e-01
3.450766935474955972e+04	6.383918830628668162e-02	1.313017885090849712e-01
3.489870760866312776e+04	6.456260907602678900e-02	1.313353254095448175e-01
3.529126598516868398e+04	6.528884207256206718e-02	1.313722487698857633e-01
3.568535684934162418e+04	6.601791017128200156e-02	1.314125036870520957e-01
3.608099250370925438e+04	6.674983613186212528e-02	1.314560368705957327e-01
3.647818519119003759e+04	6.748464260370157231e-02	1.315027965838998225e-01
3.687694709792974027e+04	6.822235213117001928e-02	1.315527325881160614e-01
3.727729035603754892e+04	6.896298715866946982e-02	1.316057960886639899e-01
3.767922704622914898e+04	6.970657003552392650e-02	1.316619396841496592e-01
3.808276920037797390e+04	7.045312302069925425e-02	1.317211173175763528e-01
3.848792880398028501e+04	7.120266828736353248e-02	1.317832842297199381e-01
3.889471779853996122e+04	7.195522792729892869e-02	1.318483969145496371e-01
3.930314808387168159e+04	7.271082395516260954e-02	1.319164130765970444e-01
3.971323152033238148e+04	7.346947831261491091e-02	1.319872915901551536e-01
4.012497993097887957e+04	7.423121287231092269e-02	1.320609924602252072e-01
4.053840510365709633e+04	7.499604944176561927e-02	1.321374767851142551e-01
4.095351879302709131e+04	7.576400976710012669e-02	1.322167067205998192e-01
4.137033272252259485e+04	7.653511553666679512e-02	1.322986454455834238e-01
4.178885858625391847e+04	7.730938838456975770e-02	1.323832571291560789e-01
4.220910805084985623e+04	7.808684989407223276e-02	1.324705068990052470e-01
4.263109275724751933e+04	7.886752160090791663e-02	1.325603608111026732e-01
4.305482432242599316e+04	7.965142499648808494e-02	1.326527858205965582e-01
4.348031434109272232e+04	8.043858153102154129e-02	1.327477497538675499e-01
4.390757438731870934e+04	8.122901261653961424e-02	1.328452212816757239e-01
4.433661601612754748e+04	8.202273962983597233e-02	1.329451698933575565e-01
4.476745076504072495e+04	8.281978391532533734e-02	1.330475658720211840e-01
4.520009015557896782e+04	8.362016678782108192e-02	1.331523802706829351e-01
4.563454569472256844e+04	8.442390953523676300e-02	1.332595848893184942e-01
4.607082887633155769e+04	8.523103342121338133e-02	1.333691522527726547e-01
4.650895118252815882e+04	8.604155968767709939e-02	1.334810555894933026e-01
4.694892408504264313e+04	8.685550955732888878e-02	1.335952688110516318e-01
4.739075904652304598e+04	8.767290423606763361e-02	1.337117664924163118e-01
4.783446752181259217e+04	8.849376491535329570e-02	1.338305238529402530e-01
4.828006095919303334e+04	8.931811277450711628e-02	1.339515167380356808e-01
4.872755080159693171e+04	9.014596898295432204e-02	1.340747216015069354e-01
4.917694848778958840e+04	9.097735470241073708e-02	1.342001154885059389e-01
4.962826545352149697e+04	9.181229108901477198e-02	1.343276760190884600e-01
5.008151313265451608e+04	9.265079929541085446e-02	1.344573813723475286e-01
5.053670295825778157e+04	9.349290047277689086e-02	1.345892102710956884e-01
5.099384636368112842e+04	9.433861577281009436e-02	1.347231419670693042e-01
5.145295478360006382e+04	9.518796634966011916e-02	1.348591562266419630e-01
5.191403965503833024e+04	9.604097336182092215e-02	1.349972333170220695e-01
5.237711241836740373e+04	9.689765797397970060e-02	1.351373539929120460e-01
5.284218451828179241e+04	9.775804135882130985e-02	1.352794994836114262e-01
5.330926740475412953e+04	9.862214469879515555e-02	1.354236514805491343e-01
5.377837253396800224e+04	9.948998918784079937e-02	1.355697921252258242e-01
5.424951136923163722e+04	1.003615960330785373e-01	1.357179039975456303e-01
5.472269538187096623e+04	1.012369864564612865e-01	1.358679701045323041e-01
5.519793605210409441e+04	1.021161816963925689e-01	1.360199738693994576e-01
5.567524486989805155e+04	1.029992030093113964e-01	1.361738991209785754e-01
5.615463333580650942e+04	1.038860716712420446e-01	1.363297300834768189e-01
5.663611296179210331e+04	1.047768089793153917e-01	1.364874513665598754e-01
5.711969527203108737e+04	1.056714362532575197e-01	1.366470479557444773e-01
5.760539180370154645e+04	1.065699748368478528e-01	1.368085052030892923e-01
5.809321410775899858e+04	1.074724460993541492e-01	1.369718088181713644e-01
5.858317374969265074e+04	1.083788714369313955e-01	1.371369448593428020e-01
5.907528231027072616e+04	1.092892722740008427e-01	1.373038997252540028e-01
5.956955138627132692e+04	1.102036700646019662e-01	1.374726601466288445e-01
6.006599259119767521e+04	1.111220862937156856e-01	1.376432131782926449e-01
6.056461755598252057e+04	1.120445424785676686e-01	1.378155461914358504e-01
6.106543792967925401e+04	1.129710601699066286e-01	1.379896468661055697e-01
6.156846538014034013e+04	1.139016609532596258e-01	1.381655031839261194e-01
6.207371159468398400e+04	1.148363664501653725e-01	1.383431034210254318e-01
6.258118828074976045e+04	1.157751983193870543e-01	1.385224361411721283e-01
6.309090716654299467e+04	1.167181782581045435e-01	1.387034901891108785e-01
6.360288000166771235e+04	1.176653280030852677e-01	1.388862546840910206e-01
6.411711855774992000e+04	1.186166693318373433e-01	1.390707190135798410e-01
6.463363462905059714e+04	1.195722240637435985e-01	1.392568728271539602e-01
6.515244003306895320e+04	1.205320140611775559e-01	1.394447060305655517e-01
6.567354661113572365e+04	1.214960612306010823e-01	1.396342087799778975e-01
6.619696622899764043e+04	1.224643875236456347e-01	1.398253714763598443e-01
6.672271077739294560e+04	1.234370149381769505e-01	1.400181847600360241e-01
6.725079217261876329e+04	1.244139655193447075e-01	1.402126395053925889e-01
6.778122235708891822e+04	1.253952613606145183e-01	1.404087268157253043e-01
6.831401329988561338e+04	1.263809246047883916e-01	1.406064380182314721e-01
6.884917699730125605e+04	1.273709774450073051e-01	1.408057646591381329e-01
6.938672547337133437e+04	1.283654421257369727e-01	1.410066984989609695e-01
6.992667078040610068e+04	1.293643409437512937e-01	1.412092315078962712e-01
7.046902499950832862e+04	1.303676962490904201e-01	1.414133558613310804e-01
7.101380024108712678e+04	1.313755304460111906e-01	1.416190639354781289e-01
7.156100864536536392e+04	1.323878659939259073e-01	1.418263483031273198e-01
7.211066238287855231e+04	1.334047254083253198e-01	1.420352017295058999e-01
7.266277365497119899e+04	1.344261312616967241e-01	1.422456171682539017e-01
7.321735469428163196e+04	1.354521061844210228e-01	1.424575877574990324e-01
7.377441776522630244e+04	1.364826728656686472e-01	1.426711068160413654e-01
7.433397516447426460e+04	1.375178540542773831e-01	1.428861678396318724e-01
7.489603922141731891e+04	1.385576725596220360e-01	1.431027644973503210e-01
7.546062229863854009e+04	1.396021512524812935e-01	1.433208906280766248e-01
7.602773679236702446e+04	1.406513130658789967e-01	1.435405402370529548e-01
7.659739513293591153e+04	1.417051809959314346e-01	1.437617074925315597e-01
7.716960978523072845e+04	1.427637781026768471e-01	1.439843867225142349e-01
7.774439324913568271e+04	1.438271275109010150e-01	1.442085724115678702e-01
7.832175805997279531e+04	1.448952524109496653e-01	1.444342591977242074e-01
7.890171678893873468e+04	1.459681760595366584e-01	1.446614418694587845e-01
7.948428204353374895e+04	1.470459217805374363e-01	1.448901153627424332e-01
8.006946646799350856e+04	1.481285129657879951e-01	1.451202747581675501e-01
8.065728274370740110e+04	1.492159730758586822e-01	1.453519152781487245e-01
8.124774358964161365e+04	1.503083256408369872e-01	1.455850322841919231e-01
8.184086176275092294e+04	1.514055942610892103e-01	1.458196212742276510e-01
8.243665005839284277e+04	1.525078026080267657e-01	1.460556778800127797e-01
8.303512131073356431e+04	1.536149744248570814e-01	1.462931978645972131e-01
8.363628839315565710e+04	1.547271335273379678e-01	1.465321771198511702e-01
8.424016421865578741e+04	1.558443038045131956e-01	1.467726116640501455e-01
8.484676174024396460e+04	1.569665092194513500e-01	1.470144976395237613e-01
8.545609395133735961e+04	1.580937738099741086e-01	1.472578313103602432e-01
8.606817388615234813e+04	1.592261216893818276e-01	1.475026090601614659e-01
8.668301462009332317e+04	1.603635770471726618e-01	1.477488273898563409e-01
8.730062927013794251e+04	1.615061641497552158e-01	1.479964829155684669e-01
8.792103099522093544e+04	1.626539073411587266e-01	1.482455723665276337e-01
8.854423299661092460e+04	1.638068310437302000e-01	1.484960925830398071e-01
8.917024851829209365e+04	1.649649597588403738e-01	1.487480405144969431e-01
8.979909084733693453e+04	1.661283180675733051e-01	1.490014132174417860e-01
9.043077331427884928e+04	1.672969306314158466e-01	1.492562078536706915e-01
9.106530929348364589e+04	1.684708221929447358e-01	1.495124216883876034e-01
9.170271220351426746e+04	1.696500175765013885e-01	1.497700520883966657e-01
9.234299550749994523e+04	1.708345416888748802e-01	1.500290965203386617e-01
9.298617271349833754e+04	1.720244195199719106e-01	1.502895525489698070e-01
9.363225737485619902e+04	1.732196761434839638e-01	1.505514178354801502e-01
9.428126309056980244e+04	1.744203367175541364e-01	1.508146901358468350e-01
9.493320350564303226e+04	1.756264264854396073e-01	1.510793672992316317e-01
9.558809231144111254e+04	1.768379707761660591e-01	1.513454472664124695e-01
9.624594324604547000e+04	1.780549950051841246e-01	1.516129280682490810e-01
9.690677009460686531e+04	1.792775246750226981e-01	1.518818078241883085e-01
9.757058668969501741e+04	1.805055853759357787e-01	1.521520847407976940e-01
9.823740691164752934e+04	1.817392027865479542e-01	1.524237571103382316e-01
9.890724468891658762e+04	1.829784026744956937e-01	1.526968233093675964e-01
9.958011399841663660e+04	1.842232108970708049e-01	1.529712817973715167e-01
1.002560288658664940e+05	1.854736534018530114e-01	1.532471311154320059e-01
1.009350033661349735e+05	1.867297562273497191e-01	1.535243698849216576e-01
1.016170516235804971e+05	1.879915455036239302e-01	1.538029968062271380e-01
1.023021878123932256e+05	1.892590474529274869e-01	1.540830106575035996e-01
1.029904261569334340e+05	1.905322883903268483e-01	1.543644102934575435e-01
1.036817809320698143e+05	1.918112947243291455e-01	1.546471946441520529e-01
1.043762664635158872e+05	1.930960929575043783e-01	1.549313627138447780e-01
1.050738971281681152e+05	1.943867096871110256e-01	1.552169135798459609e-01
1.057746873544387927e+05	1.956831716057117754e-01	1.555038463914074076e-01
1.064786516225909145e+05	1.969855055017931955e-01	1.557921603686307221e-01
1.071858044650707598e+05	1.982937382603809084e-01	1.560818548014047402e-01
1.078961604668418149e+05	1.996078968636573747e-01	1.563729290483629186e-01
1.086097342657121626e+05	2.009280083915674919e-01	1.566653825358626795e-01
1.093265405526707909e+05	2.022541000224409580e-01	1.569592147569915663e-01
1.100465940722124215e+05	2.035861990335929850e-01	1.572544252705923851e-01
1.107699096226690745e+05	2.049243328019378085e-01	1.575510137003096334e-01
1.114965020565392479e+05	2.062685288045976173e-01	1.578489797336545541e-01
1.122263862808127014e+05	2.076188146195034889e-01	1.581483231210991658e-01
1.129595772573004797e+05	2.089752179260059017e-01	1.584490436751777587e-01
1.136960900029617478e+05	2.103377665054792511e-01	1.587511412696172020e-01
1.144359395902266697e+05	2.117064882419193161e-01	1.590546158384823217e-01
1.151791411473270564e+05	2.130814111225550478e-01	1.593594673753395141e-01
1.159257098586163629e+05	2.144625632384402625e-01	1.596656959324408986e-01
1.166756609648986778e+05	2.158499727850625438e-01	1.599733016199234581e-01
1.174290097637516301e+05	2.172436680629405148e-01	1.602822846050255823e-01
1.181857716098501842e+05	2.186436774782228309e-01	1.605926451113229569e-01
1.189459619152896048e+05	2.200500295432857856e-01	1.609043834179785248e-01
1.197095961499117839e+05	2.214627528773367993e-01	1.612174998590094055e-01
1.204766898416257463e+05	2.228818762070076398e-01	1.615319948225671376e-01
1.212472585767313285e+05	2.243074283669529434e-01	1.618478687502386826e-01
1.220213180002433219e+05	2.257394383004501515e-01	1.621651221363562823e-01
1.227988838162117463e+05	2.271779350599917313e-01	1.624837555273262180e-01
1.235799717880473472e+05	2.286229478078875832e-01	1.628037695209718083e-01
1.243645977388404717e+05	2.300745058168548740e-01	1.631251647658853998e-01
1.251527775516876573e+05	2.315326384706221652e-01	1.634479419608009798e-01
1.259445271700102894e+05	2.329973752645190244e-01	1.637721018539758655e-01
1.267398625978775817e+05	2.344687458060735474e-01	1.640976452425852161e-01
1.275387999003306468e+05	2.359467798156116847e-01	1.644245729721322546e-01
1.283413552037017507e+05	2.374315071268482402e-01	1.647528859358689535e-01
1.291475446959405672e+05	2.389229576874900562e-01	1.650825850742290435e-01
1.299573846269322821e+05	2.404211615598247365e-01	1.654136713742728748e-01
1.307708913088233676e+05	2.419261489213232197e-01	1.657461458691445455e-01
1.315880811163437320e+05	2.434379500652358863e-01	1.660800096375433244e-01
1.324089704871250724e+05	2.449565954011813651e-01	1.664152638031971831e-01
1.332335759220305481e+05	2.464821154557565175e-01	1.667519095343593660e-01
1.340619139854745008e+05	2.480145408731278256e-01	1.670899480433066242e-01
1.348940013057453907e+05	2.495539024156289698e-01	1.674293805858518280e-01
1.357298545753286162e+05	2.511002309643579067e-01	1.677702084608618804e-01
1.365694905512344849e+05	2.526535575197838002e-01	1.681124330098000275e-01
1.374129260553164058e+05	2.542139132023353842e-01	1.684560556162592870e-01
1.382601779745972599e+05	2.557813292530049520e-01	1.688010777055140854e-01
1.391112632616002811e+05	2.573558370339605328e-01	1.691475007440843004e-01
1.399661989346642513e+05	2.589374680291288700e-01	1.694953262393040783e-01
1.408250020782743231e+05	2.605262538448074872e-01	1.698445557389033911e-01
1.416876898433865863e+05	2.621222262102652079e-01	1.701951908305909811e-01
1.425542794477537973e+05	2.637254169783445623e-01	1.705472331416553189e-01
1.434247881762528850e+05	2.653358581260678584e-01	1.709006843385697250e-01
1.442992333812127472e+05	2.669535817552435852e-01	1.712555461266036250e-01
1.451776324827377975e+05	2.685786200930649348e-01	1.716118202494445188e-01
1.460600029690409428e+05	2.702110054927257532e-01	1.719695084888258341e-01
1.469463623967662570e+05	2.718507704340175635e-01	1.723286126641712934e-01
1.478367283913241117e+05	2.734979475239496249e-01	1.726891346322287635e-01
1.487311186472149566e+05	2.751525694973476766e-01	1.730510762867361052e-01
1.496295509283624706e+05	2.768146692174705548e-01	1.734144395580685394e-01
1.505320430684406601e+05	2.784842796766152095e-01	1.737792264129084108e-01
1.514386129712124530e+05	2.801614339967430367e-01	1.741454388539260545e-01
1.523492786108505388e+05	2.818461654300734587e-01	1.745130789194481169e-01
1.532640580322776514e+05	2.835385073597136429e-01	1.748821486831599048e-01
1.541829693514962855e+05	2.852384933002681255e-01	1.752526502537889441e-01
1.551060307559215580e+05	2.869461568984548738e-01	1.756245857748088834e-01
1.560332605047171819e+05	2.886615319337267893e-01	1.759979574241425926e-01
1.569646769291294040e+05	2.903846523188893802e-01	1.763727674138840240e-01
1.579002984328214079e+05	2.921155521007195999e-01	1.767490179900082781e-01
1.588401434922108601e+05	2.938542654605900695e-01	1.771267114321000979e-01
1.597842306568053609e+05	2.956008267150899149e-01	1.775058500530857231e-01
1.607325785495404562e+05	2.973552703166498223e-01	1.778864361989722642e-01
1.616852058671182021e+05	2.991176308541686479e-01	1.782684722485833317e-01
1.626421313803446828e+05	3.008879430536376964e-01	1.786519606133111226e-01
1.636033739344741334e+05	3.026662417787771564e-01	1.790369037368681471e-01
1.645689524495414807e+05	3.044525620316517189e-01	1.794233040950478641e-01
1.655388859207114438e+05	3.062469389533161723e-01	1.798111641954903694e-01
1.665131934186162835e+05	3.080494078244401246e-01	1.802004865774402831e-01
1.674918940896992863e+05	3.098600040659436616e-01	1.805912738115380001e-01
1.684750071565602266e+05	3.116787632396364471e-01	1.809835284995807425e-01
1.694625519182965800e+05	3.135057210488487178e-01	1.813772532743165300e-01
1.704545477508534386e+05	3.153409133390788766e-01	1.817724507992337091e-01
1.714510141073648119e+05	3.171843760986249317e-01	1.821691237683471520e-01
1.724519705185047642e+05	3.190361454592338109e-01	1.825672749060001376e-01
1.734574365928338084e+05	3.208962576967425706e-01	1.829669069666645109e-01
1.744674320171467261e+05	3.227647492317214373e-01	1.833680227347465053e-01
1.754819765568240546e+05	3.246416566301245088e-01	1.837706250244010575e-01
1.765010900561825838e+05	3.265270166039377919e-01	1.841747166793425428e-01
1.775247924388234969e+05	3.284208660118234646e-01	1.845803005726651125e-01
1.785531037079925591e+05	3.303232418597862319e-01	1.849873796066630049e-01
1.795860439469258999e+05	3.322341813018129253e-01	1.853959567126632624e-01
1.806236333192115999e+05	3.341537216405414679e-01	1.858060348508525361e-01
1.816658920691366948e+05	3.360819003279029160e-01	1.862176170101095540e-01
1.827128405220507411e+05	3.380187549657938662e-01	1.866307062078506329e-01
1.837644990847209119e+05	3.399643233067336512e-01	1.870453054898638390e-01
1.848208882456888678e+05	3.419186432545244236e-01	1.874614179301617167e-01
1.858820285756340891e+05	3.438817528649230626e-01	1.878790466308235818e-01
1.869479407277324062e+05	3.458536903463049761e-01	1.882981947218564933e-01
1.880186454380151990e+05	3.478344940603280699e-01	1.887188653610422928e-01
1.890941635257359303e+05	3.498242025226114826e-01	1.891410617338044886e-01
1.901745158937321685e+05	3.518228544034044947e-01	1.895647870530682011e-01
1.912597235287909862e+05	3.538304885282633760e-01	1.899900445591247988e-01
1.923498075020120305e+05	3.558471438787222385e-01	1.904168375195057217e-01
1.934447889691806340e+05	3.578728595929841494e-01	1.908451692288500867e-01
1.945446891711279750e+05	3.599076749665867658e-01	1.912750430087815645e-01
1.956495294341079425e+05	3.619516294530996658e-01	1.917064622077910285e-01
1.967593311701622733e+05	3.640047626648001966e-01	1.921394302011120159e-01
1.978741158774939831e+05	3.660671143733638666e-01	1.925739503906079841e-01
1.989939051408394589e+05	3.681387245105529615e-01	1.930100262046611781e-01
2.001187206318433746e+05	3.702196331689102671e-01	1.934476610980593592e-01
2.012485841094316856e+05	3.723098806024486285e-01	1.938868585518895848e-01
2.023835174201898044e+05	3.744095072273511127e-01	1.943276220734382331e-01
2.035235424987396109e+05	3.765185536226682839e-01	1.947699551960839215e-01
2.046686813681157655e+05	3.786370605310142023e-01	1.952138614791993632e-01
2.058189561401480169e+05	3.807650688592738031e-01	1.956593445080568316e-01
2.069743890158414142e+05	3.829026196793066106e-01	1.961064078937330701e-01
2.081350022857590229e+05	3.850497542286542285e-01	1.965550552730175315e-01
2.093008183304012055e+05	3.872065139112422227e-01	1.970052903083258367e-01
2.104718596205979411e+05	3.893729402981061516e-01	1.974571166876102624e-01
2.116481487178874377e+05	3.915490751280917281e-01	1.979105381242753092e-01
2.128297082749076653e+05	3.937349603085791294e-01	1.983655583570988201e-01
2.140165610357827100e+05	3.959306379161979805e-01	1.988221811501488800e-01
2.152087298365143943e+05	3.981361501975516082e-01	1.992804102927099030e-01
2.164062376053698245e+05	4.003515395699341894e-01	1.997402495992079141e-01
2.176091073632788903e+05	4.025768486220659415e-01	2.002017029091325007e-01
2.188173622242226265e+05	4.048121201148118242e-01	2.006647740869685059e-01
2.200310253956332745e+05	4.070573969819215598e-01	2.011294670221322189e-01
2.212501201787852915e+05	4.093127223307527762e-01	2.015957856289005146e-01
2.224746699691955291e+05	4.115781394430117479e-01	2.020637338463435739e-01
2.237046982570255059e+05	4.138536917754971900e-01	2.025333156382679578e-01
2.249402286274731741e+05	4.161394229608253448e-01	2.030045349931546839e-01
2.261812847611850011e+05	4.184353768081922609e-01	2.034773959240979702e-01
2.274278904346508789e+05	4.207415973041041535e-01	2.039519024687512505e-01
2.286800695206122182e+05	4.230581286131325780e-01	2.044280586892720242e-01
2.299378459884679760e+05	4.253850150786657736e-01	2.049058686722679823e-01
2.312012439046794898e+05	4.277223012236570643e-01	2.053853365287478805e-01
2.324702874331815110e+05	4.300700317513858062e-01	2.058664663940693029e-01
2.337450008357920742e+05	4.324282515462153365e-01	2.063492624278944199e-01
2.350254084726210567e+05	4.347970056743489797e-01	2.068337288141441077e-01
2.363115348024892155e+05	4.371763393846050394e-01	2.073198697609496266e-01
2.376034043833357573e+05	4.395662981091711385e-01	2.078076895006180369e-01
2.389010418726387434e+05	4.419669274643816537e-01	2.082971922895834327e-01
2.402044720278282184e+05	4.443782732514822142e-01	2.087883824083743289e-01
2.415137197067105735e+05	4.468003814574145749e-01	2.092812641615716396e-01
2.428288098678837705e+05	4.492332982555850007e-01	2.097758418777762590e-01
2.441497675711617048e+05	4.516770700066491395e-01	2.102721199095720916e-01
2.454766179779968224e+05	4.541317432592941183e-01	2.107701026334971306e-01
2.468093863519046281e+05	4.565973647510235822e-01	2.112697944500114833e-01
2.481480980588906386e+05	4.590739814089477289e-01	2.117711997834623716e-01
2.494927785678756482e+05	4.615616403505699572e-01	2.122743230820644256e-01
2.508434534511286183e+05	4.640603888845879488e-01	2.127791688178678753e-01
2.522001483846958727e+05	4.665702745116873662e-01	2.132857414867336265e-01
2.535628891488306690e+05	4.690913449253367729e-01	2.137940456083112228e-01
2.549317016284344136e+05	4.716236480126037023e-01	2.143040857260136989e-01
2.563066118134835560e+05	4.741672318549445819e-01	2.148158664070007329e-01
2.576876457994737430e+05	4.767221447290264091e-01	2.153293922421570250e-01
2.590748297878516605e+05	4.792884351075255567e-01	2.158446678460720081e-01
2.604681900864626223e+05	4.818661516599558325e-01	2.163616978570284677e-01
2.618677531099877961e+05	4.844553432534774440e-01	2.168804869369798383e-01
2.632735453803886194e+05	4.870560589537189511e-01	2.174010397715391008e-01
2.646855935273512732e+05	4.896683480255998866e-01	2.179233610699683465e-01
2.661039242887335131e+05	4.922922599341569838e-01	2.184474555651634287e-01
2.675285645110150217e+05	4.949278443453777876e-01	2.189733280136440530e-01
2.689595411497448222e+05	4.975751511270279370e-01	2.195009831955449520e-01
2.703968812699951814e+05	5.002342303494911047e-01	2.200304259146063368e-01
2.718406120468117297e+05	5.029051322866017193e-01	2.205616609981711218e-01
2.732907607656733016e+05	5.055879074164956188e-01	2.210946932971739609e-01
2.747473548229420558e+05	5.082826064224428286e-01	2.216295276861391106e-01
2.762104217263283208e+05	5.109892801937073736e-01	2.221661690631791253e-01
2.776799890953453141e+05	5.137079798263888275e-01	2.227046223499871136e-01
2.791560846617756761e+05	5.164387566242849559e-01	2.232448924918401245e-01
2.806387362701275270e+05	5.191816620997359299e-01	2.237869844575968714e-01
2.821279718781093252e+05	5.219367479745021798e-01	2.243309032396997860e-01
2.836238195570916869e+05	5.247040661806197104e-01	2.248766538541735749e-01
2.851263074925709516e+05	5.274836688612561941e-01	2.254242413406332690e-01
2.866354639846497448e+05	5.302756083716020363e-01	2.259736707622889973e-01
2.881513174485021736e+05	5.330799372797290214e-01	2.265249472059434888e-01
2.896738964148490340e+05	5.358967083674707199e-01	2.270780757820068108e-01
2.912032295304321451e+05	5.387259746312994535e-01	2.276330616244968130e-01
2.927393455584984040e+05	5.415677892832220230e-01	2.281899098910511181e-01
2.942822733792697545e+05	5.444222057516490132e-01	2.287486257629370578e-01
2.958320419904282899e+05	5.472892776822922967e-01	2.293092144450611103e-01
2.973886805076032178e+05	5.501690589390659802e-01	2.298716811659741177e-01
2.989522181648467085e+05	5.530616036049663675e-01	2.304360311778944348e-01
3.005226843151265639e+05	5.559669659829841182e-01	2.310022697567124528e-01
3.021001084308163263e+05	5.588852005970101899e-01	2.315704022020044217e-01
3.036845201041770633e+05	5.618163621927275697e-01	2.321404338370539333e-01
3.052759490478553926e+05	5.647605057385325367e-01	2.327123700088608860e-01
3.068744250953773153e+05	5.677176864264480427e-01	2.332862160881619684e-01
3.084799782016437384e+05	5.706879596730408677e-01	2.338619774694463138e-01
3.100926384434243082e+05	5.736713811203350000e-01	2.344396595709759556e-01
3.117124360198567156e+05	5.766680066367348978e-01	2.350192678348028419e-01
3.133394012529573520e+05	5.796778923179710663e-01	2.356008077267914003e-01
3.149735645881161909e+05	5.827010944880148813e-01	2.361842847366352471e-01
3.166149565946015064e+05	5.857376697000128418e-01	2.367697043778835830e-01
3.182636079660669784e+05	5.887876747372239317e-01	2.373570721879624812e-01
3.199195495210665977e+05	5.918511666139731897e-01	2.379463937281982022e-01
3.215828122035578708e+05	5.949282025765820769e-01	2.385376745838414247e-01
3.232534270834235358e+05	5.980188401043335933e-01	2.391309203640905323e-01
3.249314253569777356e+05	6.011231369104088618e-01	2.397261367021217282e-01
3.266168383474871516e+05	6.042411509428512462e-01	2.403233292551133493e-01
3.283096975056848023e+05	6.073729403855169240e-01	2.409225037042714845e-01
3.300100344103002572e+05	6.105185636590555465e-01	2.415236657548595900e-01
3.317178807685717475e+05	6.136780794218577029e-01	2.421268211362326839e-01
3.334332684167805710e+05	6.168515465710440182e-01	2.427319756018572749e-01
3.351562293207711191e+05	6.200390242434266064e-01	2.433391349293504424e-01
3.368867955764800427e+05	6.232405718164880648e-01	2.439483049205082299e-01
3.386249994104687357e+05	6.264562489093671305e-01	2.445594914013342613e-01
3.403708731804578565e+05	6.296861153838470004e-01	2.451727002220809859e-01
3.421244493758598110e+05	6.329302313453406548e-01	2.457879372572719934e-01
3.438857606183141470e+05	6.361886571438811755e-01	2.464052084057453684e-01
3.456548396622286527e+05	6.394614533751229457e-01	2.470245195906856928e-01
3.474317193953176611e+05	6.427486808813377417e-01	2.476458767596594057e-01
3.492164328391487943e+05	6.460504007524252579e-01	2.482692858846482498e-01
3.510090131496904651e+05	6.493666743269272956e-01	2.488947529620937904e-01
3.528094936178473290e+05	6.526975631930175270e-01	2.495222840129261710e-01
3.546179076700260048e+05	6.560431291895481021e-01	2.501518850826105478e-01
3.564342888686697115e+05	6.594034344070389686e-01	2.507835622411808130e-01
3.582586709128265502e+05	6.627785411887291422e-01	2.514173215832806174e-01
3.600910876386947348e+05	6.661685121315852331e-01	2.520531692282097502e-01
3.619315730201859260e+05	6.695734100873439454e-01	2.526911113199505343e-01
3.637801611694855383e+05	6.729932981635482481e-01	2.533311540272266682e-01
3.656368863376086229e+05	6.764282397245758860e-01	2.539733035435360886e-01
3.675017829149705940e+05	6.798782983926956458e-01	2.546175660871944912e-01
3.693748854319544625e+05	6.833435380491157396e-01	2.552639479013790735e-01
3.712562285594734130e+05	6.868240228350258603e-01	2.559124552541790498e-01
3.731458471095483983e+05	6.903198171526645499e-01	2.565630944386325663e-01
3.750437760358751402e+05	6.938309856663690267e-01	2.572158717727744959e-01
3.769500504344029468e+05	6.973575933036454400e-01	2.578707935996846778e-01
3.788647055439109681e+05	7.008997052562352392e-01	2.585278662875353795e-01
3.807877767465906800e+05	7.044573869811927569e-01	2.591870962296355385e-01
3.827192995686274371e+05	7.080307042019607922e-01	2.598484898444811120e-01
3.846593096807748079e+05	7.116197229094334276e-01	2.605120535758041478e-01
3.866078428989574313e+05	7.152245093630712480e-01	2.611777938926194698e-01
3.885649351848509395e+05	7.188451300919742604e-01	2.618457172892740825e-01
3.905306226464705542e+05	7.224816518959704670e-01	2.625158302855036818e-01
3.925049415387684130e+05	7.261341418467215370e-01	2.631881394264760088e-01
3.944879282642320613e+05	7.298026672888292543e-01	2.638626512828499138e-01
3.964796193734770059e+05	7.334872958409325294e-01	2.645393724508188771e-01
3.984800515658486984e+05	7.371880953968201755e-01	2.652183095521739031e-01
4.004892616900249268e+05	7.409051341265461277e-01	2.658994692343483734e-01
4.025072867446222808e+05	7.446384804775512123e-01	2.665828581704762779e-01
4.045341638788063428e+05	7.483882031757917996e-01	2.672684830594463379e-01
4.065699303928897716e+05	7.521543712268460302e-01	2.679563506259551309e-01
4.086146237389597809e+05	7.559370539170755521e-01	2.686464676205653768e-01
4.106682815214807051e+05	7.597363208147392966e-01	2.693388408197587847e-01
4.127309414979188005e+05	7.635522417711497756e-01	2.700334770259974482e-01
4.148026415793538908e+05	7.673848869218047319e-01	2.707303830677775802e-01
4.168834198311096407e+05	7.712343266875528736e-01	2.714295657996871891e-01
4.189733144733716035e+05	7.751006317757374031e-01	2.721310321024678069e-01
4.210723638818149338e+05	7.789838731813576445e-01	2.728347888830695567e-01
4.231806065882340772e+05	7.828841221882330004e-01	2.735408430747136022e-01
4.252980812811698997e+05	7.868014503701643569e-01	2.742492016369497687e-01
4.274248268065548036e+05	7.907359295921263520e-01	2.749598715557187711e-01
4.295608821683350834e+05	7.946876320114197867e-01	2.756728598434139421e-01
4.317062865291202907e+05	7.986566300788725536e-01	2.763881735389397409e-01
4.338610792108211899e+05	8.026429965400191380e-01	2.771058197077775342e-01
4.360252996952916728e+05	8.066468044362895551e-01	2.778258054420447154e-01
4.381989876249748049e+05	8.106681271062033955e-01	2.785481378605621505e-01
4.403821828035539365e+05	8.147070381865748612e-01	2.792728241089142416e-01
4.425749251966066658e+05	8.187636116137223530e-01	2.799998713595170385e-01
4.447772549322519917e+05	8.228379216246661798e-01	2.807292868116742501e-01
4.469892123018128914e+05	8.269300427583538005e-01	2.814610776916552926e-01
4.492108377604697016e+05	8.310400498568689676e-01	2.821952512527506896e-01
4.514421719279287499e+05	8.351680180666681830e-01	2.829318147753443480e-01
4.536832555890811491e+05	8.393140228398000557e-01	2.836707755669749531e-01
4.559341296946707298e+05	8.434781399351408693e-01	2.844121409624106311e-01
4.581948353619630798e+05	8.476604454196317029e-01	2.851559183237100670e-01
4.604654138754214509e+05	8.518610156695297642e-01	2.859021150402947242e-01
4.627459066873748088e+05	8.560799273716434010e-01	2.866507385290156806e-01
4.650363554187025293e+05	8.603172575245996434e-01	2.874017962342244603e-01
4.673368018595054164e+05	8.645730834400849885e-01	2.881552956278391475e-01
4.696472879697988974e+05	8.688474827441280413e-01	2.889112442094227129e-01
4.719678558801894542e+05	8.731405333783505140e-01	2.896696495062419108e-01
4.742985478925663629e+05	8.774523136012477575e-01	2.904305190733517117e-01
4.766394064807948889e+05	8.817829019894705134e-01	2.911938604936573638e-01
4.789904742914004601e+05	8.861323774390907904e-01	2.919596813779903322e-01
4.813517941442762385e+05	8.905008191669110396e-01	2.927279893651805742e-01
4.837234090333754430e+05	8.948883067117445744e-01	2.934987921221315910e-01
4.861053621274127509e+05	8.992949199357136436e-01	2.942720973438919252e-01
4.884976967705738498e+05	9.037207390255617145e-01	2.950479127537277146e-01
4.909004564832146280e+05	9.081658444939471053e-01	2.958262461032051260e-01
4.933136849625780596e+05	9.126303171807694792e-01	2.966071051722532492e-01
4.957374260834970046e+05	9.171142382544694716e-01	2.973904977692492513e-01
4.981717238991232007e+05	9.216176892133779441e-01	2.981764317310955370e-01
5.006166226416361169e+05	9.261407518870268252e-01	2.989649149232895819e-01
5.030721667229693849e+05	9.306835084374932565e-01	2.997559552400024807e-01
5.055384007355284411e+05	9.352460413607276424e-01	3.005495606041620471e-01
5.080153694529195200e+05	9.398284334879011270e-01	3.013457389675229803e-01
5.105031178306828951e+05	9.444307679867632865e-01	3.021444983107541282e-01
5.130016910070197191e+05	9.490531283629864978e-01	3.029458466435088759e-01
5.155111343035332975e+05	9.536955984615366200e-01	3.037497920045114652e-01
5.180314932259634370e+05	9.583582624680323514e-01	3.045563424616324344e-01
5.205628134649277199e+05	9.630412049101163552e-01	3.053655061119718850e-01
5.231051408966655727e+05	9.677445106588312695e-01	3.061772910819371418e-01
5.256585215837809956e+05	9.724682649299949411e-01	3.069917055273277962e-01
5.282230017760059563e+05	9.772125532856109631e-01	3.078087576334162523e-01
5.307986279109412571e+05	9.819774616352413554e-01	3.086284556150283298e-01
5.333854466148073552e+05	9.867630762373936770e-01	3.094508077166290838e-01
5.359835047032181174e+05	9.915694837009535467e-01	3.102758222124024634e-01
5.385928491819377523e+05	9.963967709865848565e-01	3.111035074063375205e-01
5.412135272476244718e+05	1.001245025408105338e+00	3.119338716323135641e-01
5.438455862886443501e+05	1.006114334633992025e+00	3.127669232541800404e-01
5.464890738857943797e+05	1.011004786688719514e+00	3.136026706658481822e-01
5.491440378131100442e+05	1.015916469954253554e+00	3.144411222913673365e-01
5.518105260386066511e+05	1.020849473171422161e+00	3.152822865850238299e-01
5.544885867250973824e+05	1.025803885441430197e+00	3.161261720314160750e-01
5.571782682309594238e+05	1.030779796227274892e+00	3.169727871455474411e-01
5.598796191109069623e+05	1.035777295355177818e+00	3.178221404729112964e-01
5.625926881168062100e+05	1.040796473016091461e+00	3.186742405895806041e-01
5.653175241984539898e+05	1.045837419767139842e+00	3.195290961022931864e-01
5.680541765043586493e+05	1.050900226533063586e+00	3.203867156485444290e-01
5.708026943825689377e+05	1.055984984607752475e+00	3.212471078966738225e-01
5.735631273814493325e+05	1.061091785655681408e+00	3.221102815459554458e-01
5.763355252505022800e+05	1.066220721713429187e+00	3.229762453266884492e-01
5.791199379411584232e+05	1.071371885191143125e+00	3.238450080002873155e-01
5.819164156076119980e+05	1.076545368874082254e+00	3.247165783593742305e-01
5.847250086076057050e+05	1.081741265924070605e+00	3.255909652278676791e-01
5.875457675032735569e+05	1.086959669881056190e+00	3.264681774610768139e-01
5.903787430619486840e+05	1.092200674664605131e+00	3.273482239457937149e-01
5.932239862569859251e+05	1.097464374575424007e+00	3.282311136003848717e-01
5.960815482686017640e+05	1.102750864296913269e+00	3.291168553748870518e-01
5.989514804846855113e+05	1.108060238896668270e+00	3.300054582511021128e-01
6.018338345016459934e+05	1.113392593828045118e+00	3.308969312426822684e-01
6.047286621252457844e+05	1.118748024931704554e+00	3.317912833952376128e-01
6.076360153714453336e+05	1.124126628437173814e+00	3.326885237864206091e-01
6.105559464672305621e+05	1.129528500964376514e+00	3.335886615260329480e-01
6.134885078514835332e+05	1.134953739525244476e+00	3.344917057561075380e-01
6.164337521758149378e+05	1.140402441525257604e+00	3.353976656510161969e-01
6.193917323054198641e+05	1.145874704765026841e+00	3.363065504175670739e-01
6.223625013199411333e+05	1.151370627441891115e+00	3.372183692950911915e-01
6.253461125143214595e+05	1.156890308151494740e+00	3.381331315555509143e-01
6.283426193996714428e+05	1.162433845889392137e+00	3.390508465036378150e-01
6.313520757041537436e+05	1.168001340052684522e+00	3.399715234768613259e-01
6.343745353738093982e+05	1.173592890441547354e+00	3.408951718456635915e-01
6.374100525734731928e+05	1.179208597260925417e+00	3.418218010135078977e-01
6.404586816876330413e+05	1.184848561122121113e+00	3.427514204169849754e-01
6.435204773213180015e+05	1.190512883044438253e+00	3.436840395259026515e-01
6.465954943009716226e+05	1.196201664456797431e+00	3.446196678434036986e-01
6.496837876753510209e+05	1.201915007199399366e+00	3.455583149060600934e-01
6.527854127164109377e+05	1.207653013525360253e+00	3.464999902839693835e-01
6.559004249202007195e+05	1.213415786102371330e+00	3.474447035808664874e-01
6.590288800077617634e+05	1.219203428014359325e+00	3.483924644342148436e-01
6.621708339260335779e+05	1.225016042763162227e+00	3.493432825153292565e-01
6.653263428487508791e+05	1.230853734270189070e+00	3.502971675294603848e-01
6.684954631773633882e+05	1.236716606878122127e+00	3.512541292159062079e-01
6.716782515419350239e+05	1.242604765352579799e+00	3.522141773481200500e-01
6.748747648020692868e+05	1.248518314883828140e+00	3.531773217338159410e-01
6.780850600478230044e+05	1.254457361088472611e+00	3.541435722150713117e-01
6.813091946006419603e+05	1.260422010011187588e+00	3.551129386684289679e-01
6.845472260142688174e+05	1.266412368126397459e+00	3.560854310050191596e-01
6.877992120756931836e+05	1.272428542340032331e+00	3.570610591706442349e-01
6.910652108060594182e+05	1.278470639991210023e+00	3.580398331459070382e-01
6.943452804616384674e+05	1.284538768854031066e+00	3.590217629463103299e-01
6.976394795347451000e+05	1.290633037139278461e+00	3.600068586223610367e-01
7.009478667546933284e+05	1.296753553496182709e+00	3.609951302596917655e-01
7.042705010887341341e+05	1.302900427014158202e+00	3.619865879791571150e-01
7.076074417430248577e+05	1.309073767224596008e+00	3.629812419369567444e-01
7.109587481635736767e+05	1.315273684102611140e+00	3.639791023247240243e-01
7.143244800372004975e+05	1.321500288068820916e+00	3.649801793696652030e-01
7.177046972925121663e+05	1.327753689991147734e+00	3.659844833346559967e-01
7.210994601008492755e+05	1.334034001186571228e+00	3.669920245183461716e-01
7.245088288772887317e+05	1.340341333422984116e+00	3.680028132552873865e-01
7.279328642815789208e+05	1.346675798920921041e+00	3.690168599160394969e-01
7.313716272191564785e+05	1.353037510355439510e+00	3.700341749072847963e-01
7.348251788421053207e+05	1.359426580857894695e+00	3.710547686719347649e-01
7.382935805501639843e+05	1.365843124017803278e+00	3.720786516892575779e-01
7.417768939916931558e+05	1.372287253884632241e+00	3.731058344749771938e-01
7.452751810646838276e+05	1.378759084969665150e+00	3.741363275814063583e-01
7.487885039177589351e+05	1.385258732247854230e+00	3.751701415975461917e-01
7.523169249511701055e+05	1.391786311159664669e+00	3.762072871492134762e-01
7.558605068178083748e+05	1.398341937612945562e+00	3.772477748991491242e-01
7.594193124242014019e+05	1.404925727984772665e+00	3.782916155471467423e-01
7.629934049315522425e+05	1.411537799123371739e+00	3.793388198301559378e-01
7.665828477567415684e+05	1.418178268349971960e+00	3.803893985224093832e-01
7.701877045733451378e+05	1.424847253460688412e+00	3.814433624355383912e-01
7.738080393126716372e+05	1.431544872728442552e+00	3.825007224186968702e-01
7.774439161647999426e+05	1.438271244904880009e+00	3.835614893586739016e-01
7.810953995795904193e+05	1.445026489222242416e+00	3.846256741800228030e-01
7.847625542677488411e+05	1.451810725395335400e+00	3.856932878451669322e-01
7.884454452018426964e+05	1.458624073623408846e+00	3.867643413545355235e-01
7.921441376173788449e+05	1.465466654592150864e+00	3.878388457466816486e-01
7.958586970138333272e+05	1.472338589475591597e+00	3.889168120983947929e-01
7.995891891557115596e+05	1.479239999938066319e+00	3.899982515248429649e-01
8.033356800736102741e+05	1.486171008136178973e+00	3.910831751796738365e-01
8.070982360652749194e+05	1.493131736720758607e+00	3.921715942551493028e-01
8.108769236966787139e+05	1.500122308838855778e+00	3.932635199822641092e-01
8.146718098030891269e+05	1.507142848135714752e+00	3.943589636308873492e-01
8.184829614901340101e+05	1.514193478756747924e+00	3.954579365098631061e-01
8.223104461348977638e+05	1.521274325349560863e+00	3.965604499671502303e-01
8.261543313869928243e+05	1.528385513065936729e+00	3.976665153899480165e-01
8.300146851696603699e+05	1.535527167563871531e+00	3.987761442048204374e-01
8.338915756808613660e+05	1.542699415009593622e+00	3.998893478778190458e-01
8.377850713943638839e+05	1.549902382079572982e+00	4.010061379146145355e-01
8.416952410608594073e+05	1.557136195962589786e+00	4.021265258606264714e-01
8.456221537090513157e+05	1.564400984361744795e+00	4.032505233011527412e-01
8.495658786467863247e+05	1.571696875496554568e+00	4.043781418614880163e-01
8.535264854621571722e+05	1.579023998104990723e+00	4.055093932070678031e-01
8.575040440246155486e+05	1.586382481445538728e+00	4.066442890435870705e-01
8.614986244861171581e+05	1.593772455299316881e+00	4.077828411171362522e-01
8.655102972822339507e+05	1.601194049972132882e+00	4.089250612143356389e-01
8.695391331332826521e+05	1.608647396296573051e+00	4.100709611624582251e-01
8.735852030454779742e+05	1.616132625634134401e+00	4.112205528295659329e-01
8.776485783120571868e+05	1.623649869877305862e+00	4.123738481246444487e-01
8.817293305144410115e+05	1.631199261451715898e+00	4.135308589977287896e-01
8.858275315233832225e+05	1.638780933318258803e+00	4.146915974400499638e-01
8.899432535001074430e+05	1.646395018975198576e+00	4.158560754841565954e-01
8.940765688974860823e+05	1.654041652460349177e+00	4.170243052040553677e-01
8.982275504612000659e+05	1.661720968353220140e+00	4.181962987153466371e-01
9.023962712309025228e+05	1.669433101777169748e+00	4.193720681753582147e-01
9.065828045413957443e+05	1.677178188401581949e+00	4.205516257832790927e-01
9.107872240238121012e+05	1.684956364444052612e+00	4.217349837803037182e-01
9.150096036067918176e+05	1.692767766672564900e+00	4.229221544497594465e-01
9.192500175176808843e+05	1.700612532407709487e+00	4.241131501172540896e-01
9.235085402837012662e+05	1.708490799524847503e+00	4.253079831508030928e-01
9.277852467331695370e+05	1.716402706456363614e+00	4.265066659609833555e-01
9.320802119966833852e+05	1.724348392193864266e+00	4.277092110010575210e-01
9.363935115083439741e+05	1.732327996290436323e+00	4.289156307671232460e-01
9.407252210069481516e+05	1.740341658862853969e+00	4.301259377982503684e-01
9.450754165372169809e+05	1.748389520593851554e+00	4.313401446766225722e-01
9.494441744510163553e+05	1.756471722734380236e+00	4.325582640276756652e-01
9.538315714085719083e+05	1.764588407105858181e+00	4.337803085202459608e-01
9.582376843797214096e+05	1.772739716102484486e+00	4.350062908667074457e-01
9.626625906451137271e+05	1.780925792693460297e+00	4.362362238231175526e-01
9.671063677974747261e+05	1.789146780425328265e+00	4.374701201893551605e-01
9.715690937428509351e+05	1.797402823424274487e+00	4.387079928092796344e-01
9.760508467018648516e+05	1.805694066398449982e+00	4.399498545708547259e-01
9.805517052109411452e+05	1.814020654640241093e+00	4.411957184063140525e-01
9.850717481235925807e+05	1.822382734028646256e+00	4.424455972922885505e-01
9.896110546116780024e+05	1.830780451031604361e+00	4.436995042499701225e-01
9.941697041666655568e+05	1.839213952708331323e+00	4.449574523452403119e-01
9.987477766009197803e+05	1.847683386711701736e+00	4.462194546888371138e-01
1.003345352048967849e+06	1.856188901290590554e+00	4.474855244364880358e-01
1.007962510968790273e+06	1.864730645292262068e+00	4.487556747890642517e-01
1.012599334143105545e+06	1.873308768164745342e+00	4.500299189927309262e-01
1.017255902680682833e+06	1.881923419959263155e+00	4.513082703390952077e-01
1.021932298017611145e+06	1.890574751332580794e+00	4.525907421653567742e-01
1.026628601918632397e+06	1.899262913549469856e+00	4.538773478544589901e-01
1.031344896478435723e+06	1.907988058485106109e+00	4.551681008352373992e-01
1.036081264122973429e+06	1.916750338627500660e+00	4.564630145825754881e-01
1.040837787610793486e+06	1.925549907079967760e+00	4.577621026175567320e-01
1.045614550034354324e+06	1.934386917563555519e+00	4.590653785076165283e-01
1.050411634821354179e+06	1.943261524419505060e+00	4.603728558666974613e-01
1.055229125736072194e+06	1.952173882611733413e+00	4.616845483553945195e-01
1.060067106880706036e+06	1.961124147729306211e+00	4.630004696811251264e-01
1.064925662696734304e+06	1.970112475988958334e+00	4.643206335982715260e-01
1.069804877966234460e+06	1.979139024237533739e+00	4.656450539083483164e-01
1.074704837813276099e+06	1.988203949954560734e+00	4.669737444601410048e-01
1.079625627705258084e+06	1.997307411254727549e+00	4.683067191498903048e-01
1.084567333454292268e+06	2.006449566890440739e+00	4.696439919214199787e-01
1.089530041218573460e+06	2.015630576254360928e+00	4.709855767663129189e-01
1.094513837503753370e+06	2.024850599381943894e+00	4.723314877240695209e-01
1.099518809164311970e+06	2.034109796953976979e+00	4.736817388822623931e-01
1.104545043404984754e+06	2.043408330299221642e+00	4.750363443766926208e-01
1.109592627782121766e+06	2.052746361396925234e+00	4.763953183915594636e-01
1.114661650205109967e+06	2.062124052879453551e+00	4.777586751596145098e-01
1.119752198937760200e+06	2.071541568034856340e+00	4.791264289623328732e-01
1.124864362599737709e+06	2.080999070809514961e+00	4.804985941300577434e-01
1.129998230167979840e+06	2.090496725810762513e+00	4.818751850421848504e-01
1.135153890978074167e+06	2.100034698309437342e+00	4.832562161273084023e-01
1.140331434725764208e+06	2.109613154242663935e+00	4.846417018633919493e-01
1.145530951468328247e+06	2.119232260216407315e+00	4.860316567779416896e-01
1.150752531626020558e+06	2.128892183508138025e+00	4.874260954481536290e-01
1.155996265983543126e+06	2.138593092069554835e+00	4.888250325010967678e-01
1.161262245691469172e+06	2.148335154529218194e+00	4.902284826138653684e-01
1.166550562267734436e+06	2.158118540195308910e+00	4.916364605137591437e-01
1.171861307599049760e+06	2.167943419058242061e+00	4.930489809784367461e-01
1.177194573942416348e+06	2.177809961793470528e+00	4.944660588361041165e-01
1.182550453926577233e+06	2.187718339764167741e+00	4.958877089656610893e-01
1.187929040553496219e+06	2.197668725023968150e+00	4.973139462968819702e-01
1.193330427199858008e+06	2.207661290319737457e+00	4.987447858105935605e-01
1.198754707618539920e+06	2.217696209094298876e+00	5.001802425388296447e-01
1.204201975940132979e+06	2.227773655489245996e+00	5.016203315650140659e-01
1.209672326674406184e+06	2.237893804347651727e+00	5.030650680241238737e-01
1.215165854711870896e+06	2.248056831216961093e+00	5.045144671028729544e-01
1.220682655325238127e+06	2.258262912351690410e+00	5.059685440398794531e-01
1.226222824170985026e+06	2.268512224716322301e+00	5.074273141258330844e-01
1.231786457290853607e+06	2.278804945988079034e+00	5.088907927036888657e-01
1.237373651113401167e+06	2.289141254559792227e+00	5.103589951688162207e-01
1.242984502455530455e+06	2.299521329542731252e+00	5.118319369691974874e-01
1.248619108524036361e+06	2.309945350769467165e+00	5.133096336055927855e-01
1.254277566917163087e+06	2.320413498796751739e+00	5.147921006317141002e-01
1.259959975626140367e+06	2.330925954908359632e+00	5.162793536544182382e-01
1.265666433036777424e+06	2.341482901118038029e+00	5.177714083338719187e-01
1.271397037931011291e+06	2.352084520172371018e+00	5.192682803837298522e-01
1.277151889488486573e+06	2.362730995553700364e+00	5.207699855713240344e-01
1.282931087288140319e+06	2.373422511483059605e+00	5.222765397178414926e-01
1.288734731309802504e+06	2.384159252923134797e+00	5.237879586984968139e-01
1.294562921935752966e+06	2.394941405581142657e+00	5.253042584427226602e-01
1.300415759952374035e+06	2.405769155911892110e+00	5.268254549343477366e-01
1.306293346551707946e+06	2.416642691120659769e+00	5.283515642117838640e-01
1.312195783333102474e+06	2.427562199166239498e+00	5.298826023682053910e-01
1.318123172304822830e+06	2.438527868763922246e+00	5.314185855517347123e-01
1.324075615885671461e+06	2.449539889388492320e+00	5.329595299656307850e-01
1.330053216906631598e+06	2.460598451277268506e+00	5.345054518684608791e-01
1.336056078612484504e+06	2.471703745433096344e+00	5.360563675743150736e-01
1.342084304663468851e+06	2.482855963627417228e+00	5.376122934529574682e-01
1.348137999136956176e+06	2.494055298403369036e+00	5.391732459300444535e-01
1.354217266529067187e+06	2.505301943078774407e+00	5.407392414872901343e-01
1.360322211756366305e+06	2.516596091749277786e+00	5.423102966626729415e-01
1.366452940157514764e+06	2.527937939291402536e+00	5.438864280506193749e-01
1.372609557494967710e+06	2.539327681365690204e+00	5.454676523021817491e-01
1.378792169956619851e+06	2.550765514419746527e+00	5.470539861252486924e-01
1.385000884157546330e+06	2.562251635691460638e+00	5.486454462847317748e-01
1.391235807141680969e+06	2.573786243212109692e+00	5.502420496027408126e-01
1.397497046383508481e+06	2.585369535809490582e+00	5.518438129587989183e-01
1.403784709789781366e+06	2.597001713111095622e+00	5.534507532900306837e-01
1.410098905701249372e+06	2.608682975547311766e+00	5.550628875913486970e-01
1.416439742894388735e+06	2.620413524354619383e+00	5.566802329156518292e-01
1.422807330583092291e+06	2.632193561578720864e+00	5.583028063740275160e-01
1.429201778420470189e+06	2.644023290077869959e+00	5.599306251359421616e-01
1.435623196500545833e+06	2.655902913526009712e+00	5.615637064294350944e-01
1.442071695360009326e+06	2.667832636416016978e+00	5.632020675413312860e-01
1.448547385980013758e+06	2.679812664063025540e+00	5.648457258174155449e-01
1.455050379787910497e+06	2.691843202607634655e+00	5.664946986626575587e-01
1.461580788659039419e+06	2.703924459019223292e+00	5.681490035413916395e-01
1.468138724918477936e+06	2.716056641099183988e+00	5.698086579775338834e-01
1.474724301342867082e+06	2.728239957484304590e+00	5.714736795547722403e-01
1.481337631162177306e+06	2.740474617650028311e+00	5.731440859167723501e-01
1.487978828061540145e+06	2.752760831913849682e+00	5.748198947673839321e-01
1.494648006183004472e+06	2.765098811438558180e+00	5.765011238708348529e-01
1.501345280127401929e+06	2.777488768235693239e+00	5.781877910519431785e-01
1.508070764956133906e+06	2.789930915168847836e+00	5.798799141963235648e-01
1.514824576193051878e+06	2.802425465957146145e+00	5.815775112505883193e-01
1.521606829826204572e+06	2.814972635178478289e+00	5.832806002225598974e-01
1.528417642309786286e+06	2.827572638273104566e+00	5.849891991814659686e-01
1.535257130565913161e+06	2.840225691546939490e+00	5.867033262581606845e-01
1.542125411986508872e+06	2.852932012175041443e+00	5.884229996453295142e-01
1.549022604435153538e+06	2.865691818205033936e+00	5.901482375976978556e-01
1.555948826249003178e+06	2.878505328560655663e+00	5.918790584322315418e-01
1.562904196240606718e+06	2.891372763045122252e+00	5.936154805283679892e-01
1.569888833699844545e+06	2.904294342344712287e+00	5.953575223282139284e-01
1.576902858395781834e+06	2.917270288032196568e+00	5.971052023367580119e-01
1.583946390578617109e+06	2.930300822570441888e+00	5.988585391220911935e-01
1.591019550981541397e+06	2.943386169315851397e+00	6.006175513156110091e-01
1.598122460822695401e+06	2.956526552521986595e+00	6.023822576122510597e-01
1.605255241807095241e+06	2.969722197343126258e+00	6.041526767706786316e-01
1.612418016128521180e+06	2.982973329837764087e+00	6.059288276135239570e-01
1.619610906471507391e+06	2.996280176972288878e+00	6.077107290275901574e-01
1.626834036013270263e+06	3.009642966624550109e+00	6.094983999640785077e-01
1.634087528425652301e+06	3.023061927587456843e+00	6.112918594388003779e-01
1.641371507877102820e+06	3.036537289572640574e+00	6.130911265323969461e-01
1.648686099034653045e+06	3.050069283214107863e+00	6.148962203905576906e-01
1.656031427065872354e+06	3.063658140071863656e+00	6.167071602242567563e-01
1.663407617640872719e+06	3.077304092635614552e+00	6.185239653099520174e-01
1.670814796934278915e+06	3.091007374328416102e+00	6.203466549898204452e-01
1.678253091627284884e+06	3.104768219510477323e+00	6.221752486719811515e-01
1.685722628909606952e+06	3.118586863482772920e+00	6.240097658307136586e-01
1.693223536481517367e+06	3.132463542490806940e+00	6.258502260066889367e-01
1.700755942555871326e+06	3.146398493728361778e+00	6.276966488071941130e-01
1.708319975860176841e+06	3.160391955341327108e+00	6.295490539063535174e-01
1.715915765638562152e+06	3.174444166431340086e+00	6.314074610453613845e-01
1.723543441653904505e+06	3.188555367059723533e+00	6.332718900327066747e-01
1.731203134189829929e+06	3.202725798251185640e+00	6.351423607444057762e-01
1.738894974052804755e+06	3.216955701997688877e+00	6.370188931242291019e-01
1.746619092574224109e+06	3.231245321262314452e+00	6.389015071839330151e-01
1.754375621612440562e+06	3.245594899983014869e+00	6.407902230034877578e-01
1.762164693554919679e+06	3.260004683076601406e+00	6.426850607313157049e-01
1.769986441320291255e+06	3.274474916442538852e+00	6.445860405845174057e-01
1.777840998360480415e+06	3.289005846966889024e+00	6.464931828491140564e-01
1.785728498662830098e+06	3.303597722526235625e+00	6.484065078802669913e-01
1.793649076752175111e+06	3.318250791991524284e+00	6.503260361025365865e-01
1.801602867693048436e+06	3.332965305232139741e+00	6.522517880100870968e-01
1.809590007091748761e+06	3.347741513119735224e+00	6.541837841669552178e-01
1.817610631098544225e+06	3.362579667532306971e+00	6.561220452072714648e-01
1.825664876409807242e+06	3.377480021358143070e+00	6.580665918354978716e-01
1.833752880270147230e+06	3.392442828499772745e+00	6.600174448266731275e-01
1.841874780474672792e+06	3.407468343878144790e+00	6.619746250266503873e-01
1.850030715371085797e+06	3.422556823436508466e+00	6.639381533523410761e-01
1.858220823861905839e+06	3.437708524144525768e+00	6.659080507919513670e-01
1.866445245406677481e+06	3.452923704002353045e+00	6.678843384052348675e-01
1.874704120024164207e+06	3.468202622044703975e+00	6.698670373237229914e-01
1.882997588294582209e+06	3.483545538344977377e+00	6.718561687509819746e-01
1.891325791361812735e+06	3.498952714019353483e+00	6.738517539628523512e-01
1.899688870935644489e+06	3.514424411230942180e+00	6.758538143076936455e-01
1.908086969294000883e+06	3.529960893193901494e+00	6.778623712066440543e-01
1.916520229285214329e+06	3.545562424177646221e+00	6.798774461538515945e-01
1.924988794330263045e+06	3.561229269510986395e+00	6.818990607167269014e-01
1.933492808425077703e+06	3.576961695586394097e+00	6.839272365362046857e-01
1.942032416142770089e+06	3.592759969864124603e+00	6.859619953269856518e-01
1.950607762635977939e+06	3.608624360876559134e+00	6.880033588777818565e-01
1.959218993639111519e+06	3.624555138232356200e+00	6.900513490515836068e-01
1.967866255470679142e+06	3.640552572620756600e+00	6.921059877859038201e-01
1.976549695035608253e+06	3.656616935815875546e+00	6.941672970930370390e-01
1.985269459827556042e+06	3.672748500680978800e+00	6.962352990603067893e-01
1.994025697931263596e+06	3.688947541172837408e+00	6.983100158503334765e-01
2.002818558024875121e+06	3.705214332346018935e+00	7.003914697012743051e-01
2.011648189382305834e+06	3.721549150357265745e+00	7.024796829271052756e-01
2.020514741875571199e+06	3.737952272469807102e+00	7.045746779178524433e-01
2.029418365977207432e+06	3.754423977057833817e+00	7.066764771398805767e-01
2.038359212762610288e+06	3.770964543610829445e+00	7.087851031361298570e-01
2.047337433912432287e+06	3.787574252738000080e+00	7.109005785263787791e-01
2.056353181714993436e+06	3.804253386172737894e+00	7.130229260075278130e-01
2.065406609068683116e+06	3.821002226777063804e+00	7.151521683538522023e-01
2.074497869484371506e+06	3.837821058546087460e+00	7.172883284172475449e-01
2.083627117087832186e+06	3.854710166612489441e+00	7.194314291275228923e-01
2.092794506622183137e+06	3.871669837251038970e+00	7.215814934926456647e-01
2.102000193450351246e+06	3.888700357883149827e+00	7.237385445990277555e-01
2.111244333557473496e+06	3.905802017081325683e+00	7.259026056117793280e-01
2.120527083553421311e+06	3.922975104573829697e+00	7.280736997749848172e-01
2.129848600675257389e+06	3.940219911249226659e+00	7.302518504119661635e-01
2.139209042789695784e+06	3.957536729160937128e+00	7.324370809255638104e-01
2.148608568395621609e+06	3.974925851531899923e+00	7.346294147983950529e-01
2.158047336626591627e+06	3.992387572759194647e+00	7.368288755931384770e-01
2.167525507253312040e+06	4.009922188418626909e+00	7.390354869528079629e-01
2.177043240686210804e+06	4.027529995269490293e+00	7.412492726010162514e-01
2.186600697977946140e+06	4.045211291259199982e+00	7.434702563422533883e-01
2.196198040825959295e+06	4.062966375528024976e+00	7.456984620621883719e-01
2.205835431575019844e+06	4.080795548413786555e+00	7.479339137279056304e-01
2.215513033219790552e+06	4.098699111456612698e+00	7.501766353882096672e-01
2.225231009407400154e+06	4.116677367403690724e+00	7.524266511738969543e-01
2.234989524440045469e+06	4.134730620214083885e+00	7.546839852980482544e-01
2.244788743277524132e+06	4.152859175063419173e+00	7.569486620562921875e-01
2.254628831539916340e+06	4.171063338348845129e+00	7.592207058270949993e-01
2.264509955510150641e+06	4.189343417693778271e+00	7.615001410720489972e-01
2.274432282136647031e+06	4.207699721952796956e+00	7.637869923361548796e-01
2.284395979035933502e+06	4.226132561216476624e+00	7.660812842480864138e-01
2.294401214495311026e+06	4.244642246816325404e+00	7.683830415205347153e-01
2.304448157475471497e+06	4.263229091329622022e+00	7.706922889504176366e-01
2.314536977613234892e+06	4.281893408584484639e+00	7.730090514192289319e-01
2.324667845224149991e+06	4.300635513664677667e+00	7.753333538932929425e-01
2.334840931305222679e+06	4.319455722914661955e+00	7.776652214240898919e-01
2.345056407537613530e+06	4.338354353944585462e+00	7.800046791485081288e-01
2.355314446289280429e+06	4.357331725635169128e+00	7.823517522891527687e-01
2.365615220617820043e+06	4.376388158142967555e+00	7.847064661546603315e-01
2.375958904273086227e+06	4.395523972905209575e+00	7.870688461399616420e-01
2.386345671699973289e+06	4.414739492644950580e+00	7.894389177265886959e-01
2.396775698041155003e+06	4.434035041376136910e+00	7.918167064829741975e-01
2.407249159139883239e+06	4.453410944408783934e+00	7.942022380647454360e-01
2.417766231542712543e+06	4.472867528354018241e+00	7.965955382150380348e-01
2.428327092502283398e+06	4.492405121129224632e+00	7.989966327647742839e-01
2.438931919980146922e+06	4.512024051963272164e+00	8.014055476329737804e-01
2.449580892649563029e+06	4.531724651401691339e+00	8.038223088270535222e-01
2.460274189898317680e+06	4.551507251311887714e+00	8.062469424431338849e-01
2.471011991831468884e+06	4.571372184888217838e+00	8.086794746663449329e-01
2.481794479274356272e+06	4.591319786657559021e+00	8.111199317711268453e-01
2.492621833775280509e+06	4.611350392484268923e+00	8.135683401215280108e-01
2.503494237608448137e+06	4.631464339575629197e+00	8.160247261715266598e-01
2.514411873776830267e+06	4.651661966487136368e+00	8.184891164653351758e-01
2.525374926015051547e+06	4.671943613127845119e+00	8.209615376377058515e-01
2.536383578792242333e+06	4.692309620765648503e+00	8.234420164142481902e-01
2.547438017315011937e+06	4.712760332032772226e+00	8.259305796117316634e-01
2.558538427530310582e+06	4.733296090931075284e+00	8.284272541384036792e-01
2.569684996128374245e+06	4.753917242837492729e+00	8.309320669942961146e-01
2.580877910545673221e+06	4.774624134509495299e+00	8.334450452715643776e-01
2.592117358967837878e+06	4.795417114090500199e+00	8.359662161547647408e-01
2.603403530332686380e+06	4.816296531115470181e+00	8.384956069212020635e-01
2.614736614333064295e+06	4.837262736516168893e+00	8.410332449412336597e-01
2.626116801420001313e+06	4.858316082627002430e+00	8.435791576786104695e-01
2.637544282805572264e+06	4.879456923190308437e+00	8.461333726907461772e-01
2.649019250466010068e+06	4.900685613362118609e+00	8.486959176291030138e-01
2.660541897144616116e+06	4.922002509717540164e+00	8.512668202394779726e-01
2.672112416354902089e+06	4.943407970256568973e+00	8.538461083623193337e-01
2.683731002383561339e+06	4.964902354409588270e+00	8.564338099330695009e-01
2.695397850293518975e+06	4.986486023043010363e+00	8.590299529824972913e-01
2.707113155927099288e+06	5.008159338465133281e+00	8.616345656370024697e-01
2.718877115909006447e+06	5.029922664431661694e+00	8.642476761189640255e-01
2.730689927649440244e+06	5.051776366151464082e+00	8.668693127470548099e-01
2.742551789347227197e+06	5.073720810292370764e+00	8.694995039365878142e-01
2.754462899992902298e+06	5.095756364986868903e+00	8.721382781998314737e-01
2.766423459371872246e+06	5.117883399837963587e+00	8.747856641463477301e-01
2.778433668067566585e+06	5.140102285924998959e+00	8.774416904833403086e-01
2.790493727464497555e+06	5.162413395809320349e+00	8.801063860159776819e-01
2.802603839751571417e+06	5.184817103540407146e+00	8.827797796477105940e-01
2.814764207925146446e+06	5.207313784661521616e+00	8.854619003806476485e-01
2.826975035792306997e+06	5.229903816215768053e+00	8.881527773158678363e-01
2.839236527973997407e+06	5.252587576751895249e+00	8.908524396537824686e-01
2.851548889908268582e+06	5.275365446330297026e+00	8.935609166944484816e-01
2.863912327853553463e+06	5.298237806529074057e+00	8.962782378379283710e-01
2.876327048891810700e+06	5.321205040449849655e+00	8.990044325846342499e-01
2.888793260931882076e+06	5.344267532723981695e+00	9.017395305356576962e-01
2.901311172712652478e+06	5.367425669518406828e+00	9.044835613931420104e-01
2.913880993806449231e+06	5.390679838541931446e+00	9.072365549606092872e-01
2.926502934622229543e+06	5.414030429051124749e+00	9.099985411433113569e-01
2.939177206408955157e+06	5.437477831856567079e+00	9.127695499485835029e-01
2.951904021258888766e+06	5.461022439328944600e+00	9.155496114861829682e-01
2.964683592110884842e+06	5.484664645405136874e+00	9.183387559686684298e-01
2.977516132753806189e+06	5.508404845594541577e+00	9.211370137117407264e-01
2.990401857829845976e+06	5.532243436985214480e+00	9.239444151345729273e-01
3.003340982837904710e+06	5.556180818250123998e+00	9.267609907601868091e-01
3.016333724136958364e+06	5.580217389653372884e+00	9.295867712158345508e-01
3.029380298949457705e+06	5.604353553056496295e+00	9.324217872333238066e-01
3.042480925364773255e+06	5.628589711924830929e+00	9.352660696493687587e-01
3.055635822342563886e+06	5.652926271333743813e+00	9.381196494059794722e-01
3.068845209716278594e+06	5.677363637975116006e+00	9.409825575508218298e-01
3.082109308196565602e+06	5.701902220163646007e+00	9.438548252375492664e-01
3.095428339374709874e+06	5.726542427843213545e+00	9.467364837262101096e-01
3.108802525726183318e+06	5.751284672593438785e+00	9.496275643835809799e-01
3.122232090614116751e+06	5.776129367636116285e+00	9.525280986835484853e-01
3.135717258292735089e+06	5.801076927841560149e+00	9.554381182074841439e-01
3.149258253910967149e+06	5.826127769735288453e+00	9.583576546445952138e-01
3.162855303515904117e+06	5.851282311504422573e+00	9.612867397923102741e-01
3.176508634056439158e+06	5.876540973004412471e+00	9.642254055566459314e-01
3.190218473386713304e+06	5.901904175765419147e+00	9.671736839525739704e-01
3.203985050269812811e+06	5.927372342999153609e+00	9.701316071044170375e-01
3.217808594381230418e+06	5.952945899605277091e+00	9.730992072461973619e-01
3.231689336312581319e+06	5.978625272178275551e+00	9.760765167220446514e-01
3.245627507575117983e+06	6.004410889013968244e+00	9.790635679865400398e-01
3.259623340603458229e+06	6.030303180116398210e+00	9.820603936051357508e-01
3.273677068759163376e+06	6.056302577204452753e+00	9.850670262544977129e-01
3.287788926334416028e+06	6.082409513718669558e+00	9.880834987229196731e-01
3.301959148555715103e+06	6.108624424828072996e+00	9.911098439106894586e-01
3.316187971587502863e+06	6.134947747436880761e+00	9.941460948304738920e-01
3.330475632535976358e+06	6.161379920191556003e+00	9.971922846077279079e-01
3.344822369452685118e+06	6.187921383487467786e+00	1.000248446481045050e+00
3.359228421338338405e+06	6.214572579475925451e+00	1.003314613802581468e+00
3.373694028146506287e+06	6.241333952071036251e+00	1.006390820038432832e+00
3.388219430787444115e+06	6.268205946956771690e+00	1.009477098769027137e+00
3.402804871131788939e+06	6.295189011593809170e+00	1.012573483689514164e+00
3.417450592014404945e+06	6.322283595226649844e+00	1.015680008610163165e+00
3.432156837238187902e+06	6.349490148890647667e+00	1.018796707456768980e+00
3.446923851577817462e+06	6.376809125418962054e+00	1.021923614271044611e+00
3.461751880783685483e+06	6.404240979449817850e+00	1.025060763211008918e+00
3.476641171585703734e+06	6.431786167433552137e+00	1.028208188551404501e+00
3.491591971697178669e+06	6.459445147639780949e+00	1.031365924684085167e+00
3.506604529818635434e+06	6.487218380164476272e+00	1.034534006118427163e+00
3.521679095641813241e+06	6.515106326937354808e+00	1.037712467481729517e+00
3.536815919853514526e+06	6.543109451729002046e+00	1.040901343519633482e+00
3.552015254139516503e+06	6.571228220158105593e+00	1.044100669096512224e+00
3.567277351188547444e+06	6.599463099698811952e+00	1.047310479195887822e+00
3.582602464696253650e+06	6.627814559688069096e+00	1.050530808920846493e+00
3.597990849369112402e+06	6.656283071332858015e+00	1.053761693494443374e+00
3.613442760928486474e+06	6.684869107717700487e+00	1.057003168260118864e+00
3.628958456114609726e+06	6.713573143812027411e+00	1.060255268682106733e+00
3.644538192690565251e+06	6.742395656477546240e+00	1.063518030345871335e+00
3.660182229446382727e+06	6.771337124475808267e+00	1.066791488958495737e+00
3.675890826203035191e+06	6.800398028475615142e+00	1.070075680349128255e+00
3.691664243816515896e+06	6.829578851060554179e+00	1.073370640469383686e+00
3.707502744181969669e+06	6.858880076736643794e+00	1.076676405393767633e+00
3.723406590237755794e+06	6.888302191939848385e+00	1.079993011320116381e+00
3.739376045969518367e+06	6.917845685043609194e+00	1.083320494570008119e+00
3.755411376414407510e+06	6.947511046366653176e+00	1.086658891589187714e+00
3.771512847665151581e+06	6.977298768180530963e+00	1.090008238948008135e+00
3.787680726874263026e+06	7.007209344717387545e+00	1.093368573341837680e+00
3.803915282258177176e+06	7.037243272177627240e+00	1.096739931591510953e+00
3.820216783101502340e+06	7.067401048737779412e+00	1.100122350643760072e+00
3.836585499761211686e+06	7.097683174558241603e+00	1.103515867571636555e+00
3.853021703670825344e+06	7.128090151791026230e+00	1.106920519574962514e+00
3.869525667344700079e+06	7.158622484587695567e+00	1.110336343980749430e+00
3.886097664382343180e+06	7.189280679107334926e+00	1.113763378243650237e+00
3.902737969472534023e+06	7.220065243524187437e+00	1.117201659946398085e+00
3.919446858397800941e+06	7.250976688035931872e+00	1.120651226800248645e+00
3.936224608038606588e+06	7.282015524871422230e+00	1.124112116645413328e+00
3.953071496377738193e+06	7.313182268298816346e+00	1.127584367451517799e+00
3.969987802504646126e+06	7.344477434633595259e+00	1.131068017318035412e+00
3.986973806619763840e+06	7.375901542246563025e+00	1.134563104474756168e+00
4.004029790038917679e+06	7.407455111571997541e+00	1.138069667282199715e+00
4.021156035197769757e+06	7.439138665115873295e+00	1.141587744232110291e+00
4.038352825656168628e+06	7.470952727463911813e+00	1.145117373947877049e+00
4.055620446102570742e+06	7.502897825289756462e+00	1.148658595184997910e+00
4.072959182358576450e+06	7.534974487363366613e+00	1.152211446831539643e+00
4.090369321383273229e+06	7.567183244559055666e+00	1.155775967908594382e+00
4.107851151277828496e+06	7.599524629863982916e+00	1.159352197570729048e+00
4.125404961289960425e+06	7.631999178386426941e+00	1.162940175106464524e+00
4.143031041818383150e+06	7.664607427364009240e+00	1.166539939938715742e+00
4.160729684417468961e+06	7.697349916172318451e+00	1.170151531625267305e+00
4.178501181801715866e+06	7.730227186333173961e+00	1.173774989859244222e+00
4.196345827850325964e+06	7.763239781523102678e+00	1.177410354469565990e+00
4.214263917611798272e+06	7.796388247581826469e+00	1.181057665421426650e+00
4.232255747308649123e+06	7.829673132521000944e+00	1.184716962816762642e+00
4.250321614341833629e+06	7.863094986532392028e+00	1.188388286894717094e+00
4.268461817295502871e+06	7.896654361996679583e+00	1.192071678032123883e+00
4.286676655941673554e+06	7.930351813492095836e+00	1.195767176743973703e+00
4.304966431244910695e+06	7.964187897803084226e+00	1.199474823683896574e+00
4.323331445367024280e+06	7.998163173928994674e+00	1.203194659644646780e+00
4.341772001671726815e+06	8.032278203092694469e+00	1.206926725558565172e+00
4.360288404729441740e+06	8.066533548749466931e+00	1.210671062498080763e+00
4.378880960322030820e+06	8.100929776595757303e+00	1.214427711676177468e+00
4.397549975447562523e+06	8.135467454577989699e+00	1.218196714446893480e+00
4.416295758325101808e+06	8.170147152901439114e+00	1.221978112305798891e+00
