0.000000000000000000e+00
3.706856885365094058e+03
7.427454558697179891e+03
1.116184395513054915e+04
1.491007619861757848e+04
1.867220260259846691e+04
2.244827467074617743e+04
2.623834409763629083e+04
3.004246276947809383e+04
3.386068276481283829e+04
3.769305635522597004e+04
4.153963600606610999e+04
4.540047437717288267e+04
4.927562432358227670e+04
5.316513889625505544e+04
5.706907134279771708e+04
6.098747510820976458e+04
6.492040383560233749e+04
6.886791136692441069e+04
7.283005174372042529e+04
7.680687920785974711e+04
8.079844820225983858e+04
8.480481337167322636e+04
8.882602956340368837e+04
9.286215182805783115e+04
9.691323542031366378e+04
1.009793357996786945e+05
1.050605086312340572e+05
1.091568097864019219e+05
1.132682953437108081e+05
1.173950215895632282e+05
1.215370450190124102e+05
1.256944223365343641e+05
1.298672104567948263e+05
1.340554665054252837e+05
1.382592478198248427e+05
1.424786119499341585e+05
1.467136166590247303e+05
1.509643199244821444e+05
1.552307799386053812e+05
1.595130551094042603e+05
1.638112040614106227e+05
1.681252856364569161e+05
1.724553588944883086e+05
1.768014831143885385e+05
1.811637177947810851e+05
1.855421226548380218e+05
1.899367576350914314e+05
1.943476828982830048e+05
1.987749588301561307e+05
2.032186460403010715e+05
2.076788053629754577e+05
2.121554978579469025e+05
2.166487848113214131e+05
2.211587277363748290e+05
2.256853883744115010e+05
2.302288286955941003e+05
2.347891108998213895e+05
2.393662974175421987e+05
2.439604509106162004e+05
2.485716342731970362e+05
2.531999106325739995e+05
2.578453433500388637e+05
2.625079960217676125e+05
2.671879324796502478e+05
2.718852167922188528e+05
2.765999132654832210e+05
2.813320864438274875e+05
2.860818011109039653e+05
2.908491222904932220e+05
2.956341152474207338e+05
3.004368454884444363e+05
3.052573787631241139e+05
3.100957810647680890e+05
3.149521186313007493e+05
3.198264579461731482e+05
3.247188657392994501e+05
3.296294089879398234e+05
3.345581549176347908e+05
3.395051710031128023e+05
3.444705249692315701e+05
3.494542847918837797e+05
3.544565186989514623e+05
3.594772951712200884e+05
3.645166829433245584e+05
3.695747510046914686e+05
3.746515686004776508e+05
3.797472052325212862e+05
3.848617306603034958e+05
3.899952149018838536e+05
3.951477282348675653e+05
4.003193411973789334e+05
4.055101245890061837e+05
4.107201494717972819e+05
4.159494871711882297e+05
4.211982092770424206e+05
4.264663876445742790e+05
4.317540943953569513e+05
4.370614019183183555e+05
4.423883828707130160e+05
4.477351101791285910e+05
4.531016570404800586e+05
4.584880969230129849e+05
4.638945035673184320e+05
4.693209509873178322e+05
4.747675134712993167e+05
4.802342655829265714e+05
4.857212821622581687e+05
4.912286383267724887e+05
4.967564094724056777e+05
5.023046712745756377e+05
5.078734996892060153e+05
5.134629709537914023e+05
5.190731615884166677e+05
5.247041483968310058e+05
5.303560084674635436e+05
5.360288191745150834e+05
5.417226581789958291e+05
5.474376034297926817e+05
5.531737331647411920e+05
5.589311259116961155e+05
5.647098604895945173e+05
5.705100160095510073e+05
5.763316718759334181e+05
5.821749077874463983e+05
5.880398037382306065e+05
5.939264400189560838e+05
5.998348972179070115e+05
6.057652562221095432e+05
6.117175982184167951e+05
6.176920046946404036e+05
6.236885574406450614e+05
6.297073385494828690e+05
6.357484304185230285e+05
6.418119157505489420e+05
6.478978775549242273e+05
6.540063991487196181e+05
6.601375641578470822e+05
6.662914565181960352e+05
6.724681604768224061e+05
6.786677605930452701e+05
6.848903417396396399e+05
6.911359891040020157e+05
6.974047881893028971e+05
7.036968248156590853e+05
7.100121851213120390e+05
7.163509555637966841e+05
7.227132229211339727e+05
7.290990742930322886e+05
7.355085971020525321e+05
7.419418790948418900e+05
7.483990083432712127e+05
7.548800732457111590e+05
7.613851625282149762e+05
7.679143652457206044e+05
7.744677707832723390e+05
7.810454688572562300e+05
7.876475495166413020e+05
7.942741031441828236e+05
8.009252204576607328e+05
8.076009925111522898e+05
8.143015106962327845e+05
8.210268667432910297e+05
8.277771527227067854e+05
8.345524610461918637e+05
8.413528844679940958e+05
8.481785160861795302e+05
8.550294493439206854e+05
8.619057780307850335e+05
8.688075962839820422e+05
8.757349985896965954e+05
8.826880797843469772e+05
8.896669350558868609e+05
8.966716599451499060e+05
9.037023503471000586e+05
9.107591025121705607e+05
9.178420130475985352e+05
9.249511789187125396e+05
9.320866974502867088e+05
9.392486663278606720e+05
9.464371835990743712e+05
9.536523476750298869e+05
9.608942573316232301e+05
9.681630117108926643e+05
9.754587103223737795e+05
9.827814530444925185e+05
9.901313401258918457e+05
9.975084721868222114e+05
1.004912950220525730e+06
1.012344875594610581e+06
1.019804350052442634e+06
1.027291475714530330e+06
1.034806355079933070e+06
1.042349091027641669e+06
1.049919786818034481e+06
1.057518546094253194e+06
1.065145472883611917e+06
1.072800671599051217e+06
1.080484247040561168e+06
1.088196304396603024e+06
1.095936949245555559e+06
1.103706287557168864e+06
1.111504425693993922e+06
1.119331470412869006e+06
1.127187528866341338e+06
1.135072708604187705e+06
1.142987117574839853e+06
1.150930864126872271e+06
1.158904057010505348e+06
1.166906805379081517e+06
1.174939218790545128e+06
1.183001407208975870e+06
1.191093481006057002e+06
1.199215550962600857e+06
1.207367728270094376e+06
1.215550124532166868e+06
1.223762851766160224e+06
1.232006022404651623e+06
1.240279749296986964e+06
1.248584145710812416e+06
1.256919325333666988e+06
1.265285402274503373e+06
1.273682491065240465e+06
1.282110706662383862e+06
1.290570164448545780e+06
1.299060980234046001e+06
1.307583270258503500e+06
1.316137151192417834e+06
1.324722740138772875e+06
1.333340154634627048e+06
1.341989512652740348e+06
1.350670932603176683e+06
1.359384533334927168e+06
1.368130434137546923e+06
1.376908754742772784e+06
1.385719615326179657e+06
1.394563136508806143e+06
1.403439439358824864e+06
1.412348645393174607e+06
1.421290876579254866e+06
1.430266255336575676e+06
1.439274904538444243e+06
1.448316947513634805e+06
1.457392508048087824e+06
1.466501710386599414e+06
1.475644679234522395e+06
1.484821539759462699e+06
1.494032417593027931e+06
1.503277438832508400e+06
1.512556730042627081e+06
1.521870418257265817e+06
1.531218630981184077e+06
1.540601496191810351e+06
1.550019142340944149e+06
1.559471698356549721e+06
1.568959293644504622e+06
1.578482058090380393e+06
1.588040122061204165e+06
1.597633616407267749e+06
1.607262672463906929e+06
1.616927422053292394e+06
1.626627997486238834e+06
1.636364531564019155e+06
1.646137157580184750e+06
1.655946009322389029e+06
1.665791221074211411e+06
1.675672927616999019e+06
1.685591264231724665e+06
1.695546366700824816e+06
1.705538371310053859e+06
1.715567414850370958e+06
1.725633634619785007e+06
1.735737168425262906e+06
1.745878154584593605e+06
1.756056731928295922e+06
1.766273039801505394e+06
1.776527218065893278e+06
1.786819407101587858e+06
1.797149747809077613e+06
1.807518381611142773e+06
1.817925450454808772e+06
1.828371096813281067e+06
1.838855463687876705e+06
1.849378694610011298e+06
1.859940933643150609e+06
1.870542325384769123e+06
1.881183014968361706e+06
1.891863148065396585e+06
1.902582870887340046e+06
1.913342330187638290e+06
1.924141673263724893e+06
1.934981047959049232e+06
1.945860602665097918e+06
1.956780486323419493e+06
1.967740848427665886e+06
1.978741839025641792e+06
1.989783608721365221e+06
2.000866308677108493e+06
2.011990090615491848e+06
2.023155106821546331e+06
2.034361510144799948e+06
2.045609454001373611e+06
2.056899092376074754e+06
2.068230579824517015e+06
2.079604071475231554e+06
2.091019723031786736e+06
2.102477690774914809e+06
2.113978131564663723e+06
2.125521202842537779e+06
2.137107062633656431e+06
2.148735869548911229e+06
2.160407782787147909e+06
2.172122962137339171e+06
2.183881567980770953e+06
2.195683761293231975e+06
2.207529703647233546e+06
2.219419557214218657e+06
2.231353484766765498e+06
2.243331649680824950e+06
2.255354215937970206e+06
2.267421348127628677e+06
2.279533211449330673e+06
2.291689971714979969e+06
2.303891795351127628e+06
2.316138849401235115e+06
2.328431301527963020e+06
2.340769320015499368e+06
2.353153073771816678e+06
2.365582732331021223e+06
2.378058465855633374e+06
2.390580445138961077e+06
2.403148841607416049e+06
2.415763827322856989e+06
2.428425574984952342e+06
2.441134257933543995e+06
2.453890050151039846e+06
2.466693126264736522e+06
2.479543661549282260e+06
2.492441831929025706e+06
2.505387813980455510e+06
2.518381784934592899e+06
2.531423922679424752e+06
2.544514405762356240e+06
2.557653413392639253e+06
2.570841125443818979e+06
2.584077722456225194e+06
2.597363385639403947e+06
2.610698296874632593e+06
2.624082638717385009e+06
2.637516594399848022e+06
2.651000347833429463e+06
2.664534083611268084e+06
2.678117987010767683e+06
2.691752243996101432e+06
2.705437041220834013e+06
2.719172566030373331e+06
2.732959006464631762e+06
2.746796551260543056e+06
2.760685389854645822e+06
2.774625712385724764e+06
2.788617709697364829e+06
2.802661573340572882e+06
2.816757495576433837e+06
2.830905669378679711e+06
2.845106288436410483e+06
2.859359547156667337e+06
2.873665640667158645e+06
2.888024764818878844e+06
2.902437116188831627e+06
2.916902892082681879e+06
2.931422290537512861e+06
2.945995510324471164e+06
2.960622750951538794e+06
2.975304212666250300e+06
2.990040096458397340e+06
3.004830604062842205e+06
3.019675937962240539e+06
3.034576301389815286e+06
3.049531898332155310e+06
3.064542933532003313e+06
3.079609612491033040e+06
3.094732141472706106e+06
3.109910727505058981e+06
3.125145578383546788e+06
3.140436902673914563e+06
3.155784909715013113e+06
3.171189809621685650e+06
3.186651813287657686e+06
3.202171132388376631e+06
3.217747979383959435e+06
3.233382567522074096e+06
3.249075110840884969e+06
3.264825824171948247e+06
3.280634923143166117e+06
3.296502624181753956e+06
3.312429144517199136e+06
3.328414702184209600e+06
3.344459516025720164e+06
3.360563805695894174e+06
3.376727791663115844e+06
3.392951695213013329e+06
3.409235738451489247e+06
3.425580144307764247e+06
3.441985136537430808e+06
3.458450939725497738e+06
3.474977779289494269e+06
3.491565881482513621e+06
3.508215473396362737e+06
3.524926782964632846e+06
3.541700038965841755e+06
3.558535471026552841e+06
3.575433309624508955e+06
3.592393786091824062e+06
3.609417132618108764e+06
3.626503582253680564e+06
3.643653368912726641e+06
3.660866727376528084e+06
3.678143893296674825e+06
3.695485103198278695e+06
3.712890594483201392e+06
3.730360605433334596e+06
3.747895375213845633e+06
3.765495143876453862e+06
3.783160152362713590e+06
3.800890642507316545e+06
3.818686857041382231e+06
3.836549039595832117e+06
3.854477434704669751e+06
3.872472287808360532e+06
3.890533845257180743e+06
3.908662354314598255e+06
3.926858063160627149e+06
3.945121220895275474e+06
3.963452077541919425e+06
3.981850884050731547e+06
4.000317892302140594e+06
4.018853355110236444e+06
4.037457526226269081e+06
4.056130660342087969e+06
4.074873013093685731e+06
4.093684841064641252e+06
4.112566401789628901e+06
4.131517953757995740e+06
4.150539756417253986e+06
4.169632070176681504e+06
4.188795156410818920e+06
4.208029277463105507e+06
4.227334696649453603e+06
4.246711678261836991e+06
4.266160487571932375e+06
4.285681390834727325e+06
4.305274655292191543e+06
4.324940549176924862e+06
4.344679341715799645e+06
4.364491303133708425e+06
4.384376704657212831e+06
4.404335818518276326e+06
4.424368917957980186e+06
4.444476277230275795e+06
4.464658171605739743e+06
4.484914877375319600e+06
4.505246671854163520e+06
4.525653833385357633e+06
4.546136641343787313e+06
4.566695376139935106e+06
4.587330319223714992e+06
4.608041753088339232e+06
4.628829961274193600e+06
4.649695228372694924e+06
4.670637840030204505e+06
4.691658082951935008e+06
4.712756244905865751e+06
4.733932614726709202e+06
4.755187482319831848e+06
4.776521138665232807e+06
4.797933875821546651e+06
4.819425986930035055e+06
4.840997766218567267e+06
4.862649509005673230e+06
4.884381511704613455e+06
4.906194071827390231e+06
4.928087487988850102e+06
4.950062059910751879e+06
4.972118088425885886e+06
4.994255875482177362e+06
5.016475724146848544e+06
5.038777938610534184e+06
5.061162824191466905e+06
5.083630687339644879e+06
5.106181835641032085e+06
5.128816577821768820e+06
5.151535223752409220e+06
5.174338084452149458e+06
5.197225472093070857e+06
5.220197700004456565e+06
5.243255082677050494e+06
5.266397935767367482e+06
5.289626576102001593e+06
5.312941321682002395e+06
5.336342491687186062e+06
5.359830406480534002e+06
5.383405387612547725e+06
5.407067757825697772e+06
5.430817841058792546e+06
5.454655962451452389e+06
5.478582448348531500e+06
5.502597626304592937e+06
5.526701825088420883e+06
5.550895374687472358e+06
5.575178606312443502e+06
5.599551852401764132e+06
5.624015446626154706e+06
5.648569723893255927e+06
5.673215020352095366e+06
5.697951673397810198e+06
5.722780021676194854e+06
5.747700405088335276e+06
5.772713164795326069e+06
5.797818643222854473e+06
5.823017184065951034e+06
5.848309132293660194e+06
5.873694834153814241e+06
5.899174637177697383e+06
5.924748890184856020e+06
5.950417943287880160e+06
5.976182147897124290e+06
6.002041856725618243e+06
6.027997423793838359e+06
6.054049204434554093e+06
6.080197555297722109e+06
6.106442834355327301e+06
6.132785400906305760e+06
6.159225615581488237e+06
6.185763840348479338e+06
6.212400438516684808e+06
6.239135774742196314e+06
6.265970215032895096e+06
6.292904126753350720e+06
6.319937878629900515e+06
6.347071840755740181e+06
6.374306384595929645e+06
6.401641882992456667e+06
6.429078710169441067e+06
6.456617241738158278e+06
6.484257854702227749e+06
6.512000927462782711e+06
6.539846839823619463e+06
6.567795972996415570e+06
6.595848709605950862e+06
6.624005433695334010e+06
6.652266530731286854e+06
6.680632387609373778e+06
6.709103392659329809e+06
6.737679935650393367e+06
6.766362407796605490e+06
6.795151201762181707e+06
6.824046711666893214e+06
6.853049333091446199e+06
6.882159463082931936e+06
6.911377500160206109e+06
6.940703844319394790e+06
6.970138897039349191e+06
6.999683061287147924e+06
7.029336741523613222e+06
7.059100343708845787e+06
7.088974275307766162e+06
7.118958945295717567e+06
7.149054764164086431e+06
7.179262143925837241e+06
7.209581498121249489e+06
7.240013241823523305e+06
7.270557791644473560e+06
7.301215565740231425e+06
7.331986983816985972e+06
7.362872467136714607e+06
7.393872438522949815e+06
7.424987322366565466e+06
7.456217544631589204e+06
7.487563532861050218e+06
7.519025716182796285e+06
7.550604525315422565e+06
7.582300392574125901e+06
7.614113751876594499e+06
7.646045038749039173e+06
7.678094690332097933e+06
7.710263145386803895e+06
7.742550844300618395e+06
7.774958229093465954e+06
7.807485743423765525e+06
7.840133832594523206e+06
7.872902943559413776e+06
7.905793524928919971e+06
7.938806026976434514e+06
7.971940901644466445e+06
8.005198602550806478e+06
8.038579584994735196e+06
8.072084305963285267e+06
8.105713224137451500e+06
8.139466799898497760e+06
8.173345495334258303e+06
8.207349774245459586e+06
8.241480102152079344e+06
8.275736946299696341e+06
8.310120775665918365e+06
8.344632060966763645e+06
8.379271274663155898e+06
8.414038890967337415e+06
8.448935385849412531e+06
8.483961237043807283e+06
8.519116924055872485e+06
8.554402928168391809e+06
8.589819732448207214e+06
8.625367821752833202e+06
8.661047682737056166e+06
8.696859803859638050e+06
8.732804675389975309e+06
8.768882789414845407e+06
8.805094639845108613e+06
8.841440722422463819e+06
8.877921534726286307e+06
8.914537576180374250e+06
8.951289348059833050e+06
8.988177353497929871e+06
9.025202097492972389e+06
9.062364086915234104e+06
9.099663830513851717e+06
9.137101838923856616e+06
9.174678624673113227e+06
9.212394702189341187e+06
9.250250587807202712e+06
9.288246799775326625e+06
9.326383858263390139e+06
9.364662285369303077e+06
9.403082605126291513e+06
9.441645343510106206e+06
9.480351028446223587e+06
9.519200189817056060e+06
9.558193359469190240e+06
9.597331071220744401e+06
9.636613860868580639e+06
9.676042266195697710e+06
9.715616826978577301e+06
9.755338084994580597e+06
9.795206584029356018e+06
9.835222869884287938e+06
9.875387490383971483e+06
9.915700995383698493e+06
9.956163936777012423e+06
9.996776868503224105e+06
1.003754034655503742e+07
1.007845492898613773e+07
1.011952117591883428e+07
1.016073964955173992e+07
1.020211091416743398e+07
1.024363553614022397e+07
1.028531408394387923e+07
1.032714712815943547e+07
1.036913524148297682e+07
1.041127899873349071e+07
1.045357897686075233e+07
1.049603575495317951e+07
1.053864991424581781e+07
1.058142203812823445e+07
1.062435271215257421e+07
1.066744252404150553e+07
1.071069206369633414e+07
1.075410192320502177e+07
1.079767269685032032e+07
1.084140498111790791e+07
1.088529937470454536e+07
1.092935647852627002e+07
1.097357689572665095e+07
1.101796123168500327e+07
1.106251009402470663e+07
1.110722409262150340e+07
1.115210383961187489e+07
1.119714994940138981e+07
1.124236303867313452e+07
1.128774372639615834e+07
1.133329263383392803e+07
1.137901038455285318e+07
1.142489760443082452e+07
1.147095492166574113e+07
1.151718296678416803e+07
1.156358237264993787e+07
1.161015377447282523e+07
1.165689780981721915e+07
1.170381511861087568e+07
1.175090634315368906e+07
1.179817212812642753e+07
1.184561312059963867e+07
1.189322997004244477e+07
1.194102332833145931e+07
1.198899384975972958e+07
1.203714219104564562e+07
1.208546901134198718e+07
1.213397497224488668e+07
1.218266073780294135e+07
1.223152697452627867e+07
1.228057435139565915e+07
1.232980353987170383e+07
1.237921521390401199e+07
1.242881004994042963e+07
1.247858872693627328e+07
1.252855192636368982e+07
1.257870033222092688e+07
1.262903463104170002e+07
1.267955551190462150e+07
1.273026366644264758e+07
1.278115978885244578e+07
1.283224457590403967e+07
1.288351872695025988e+07
1.293498294393632375e+07
1.298663793140948750e+07
1.303848439652861096e+07
1.309052304907394759e+07
1.314275460145675763e+07
1.319517976872918010e+07
1.324779926859385148e+07
1.330061382141391933e+07
1.335362415022274479e+07
1.340683098073390685e+07
1.346023504135108739e+07
1.351383706317808665e+07
1.356763778002876788e+07
1.362163792843714915e+07
1.367583824766745418e+07
1.373023947972428054e+07
1.378484236936273426e+07
1.383964766409861296e+07
1.389465611421863362e+07
1.394986847279074788e+07
1.400528549567437544e+07
1.406090794153084233e+07
1.411673657183372602e+07
1.417277215087925270e+07
1.422901544579677470e+07
1.428546722655931488e+07
1.434212826599406265e+07
1.439899933979296684e+07
1.445608122652337328e+07
1.451337470763863251e+07
1.457088056748885103e+07
1.462859959333160333e+07
1.468653257534270920e+07
1.474468030662708543e+07
1.480304358322952874e+07
1.486162320414571092e+07
1.492041997133301757e+07
1.497943468972161226e+07
1.503866816722541861e+07
1.509812121475314908e+07
1.515779464621944726e+07
1.521768927855606377e+07
1.527780593172294274e+07
1.533814542871953733e+07
1.539870859559603781e+07
1.545949626146467589e+07
1.552050925851107575e+07
1.558174842200568877e+07
1.564321459031515196e+07
1.570490860491383448e+07
1.576683131039530411e+07
1.582898355448396504e+07
1.589136618804655969e+07
1.595398006510389224e+07
1.601682604284252971e+07
1.607990498162645847e+07
1.614321774500893429e+07
1.620676519974428415e+07
1.627054821579976380e+07
1.633456766636747867e+07
1.639882442787633464e+07
1.646331938000402227e+07
1.652805340568907186e+07
1.659302739114293829e+07
1.665824222586216033e+07
1.672369880264050141e+07
1.678939801758117229e+07
1.685534077010910213e+07
1.692152796298328042e+07
1.698796050230907276e+07
1.705463929755068943e+07
1.712156526154354215e+07
1.718873931050683558e+07
1.725616236405605823e+07
1.732383534521554410e+07
1.739175918043119460e+07
1.745993479958308861e+07
1.752836313599825278e+07
1.759704512646343186e+07
1.766598171123784408e+07
1.773517383406619728e+07
1.780462244219145924e+07
1.787432848636792600e+07
1.794429292087421194e+07
1.801451670352626219e+07
1.808500079569055513e+07
1.815574616229720414e+07
1.822675377185315639e+07
1.829802459645551071e+07
1.836955961180477217e+07
1.844135979721821472e+07
1.851342613564332202e+07
1.858575961367124319e+07
1.865836122155023366e+07
1.873123195319927111e+07
1.880437280622166395e+07
1.887778478191868961e+07
1.895146888530328870e+07
1.902542612511385977e+07
1.909965751382805035e+07
1.917416406767660752e+07
1.924894680665729195e+07
1.932400675454886630e+07
1.939934493892509863e+07
1.947496239116882533e+07
1.955086014648605883e+07
1.962703924392016232e+07
1.970350072636612505e+07
1.978024564058475196e+07
1.985727503721706197e+07
1.993458997079864144e+07
2.001219149977412820e+07
2.009008068651161715e+07
2.016825859731724486e+07
2.024672630244981498e+07
2.032548487613544613e+07
2.040453539658222347e+07
2.048387894599499181e+07
2.056351661059023067e+07
2.064344948061080277e+07
2.072367865034097806e+07
2.080420521812139824e+07
2.088503028636403754e+07
2.096615496156740189e+07
2.104758035433161631e+07
2.112930757937363535e+07
2.121133775554252043e+07
2.129367200583473966e+07
2.137631145740954950e+07
2.145925724160445109e+07
2.154251049395059794e+07
2.162607235418842360e+07
2.170994396628322825e+07
2.179412647844081372e+07
2.187862104312323034e+07
2.196342881706451252e+07
2.204855096128654853e+07
2.213398864111499488e+07
2.221974302619518340e+07
2.230581529050815105e+07
2.239220661238674819e+07
2.247891817453166097e+07
2.256595116402776167e+07
2.265330677236023173e+07
2.274098619543092698e+07
2.282899063357472047e+07
2.291732129157599062e+07
2.300597937868506461e+07
2.309496610863478109e+07
2.318428269965710118e+07
2.327393037449984252e+07
2.336391036044335365e+07
2.345422388931728899e+07
2.354487219751758128e+07
2.363585652602326497e+07
2.372717812041353062e+07
2.381883823088473454e+07
2.391083811226757243e+07
2.400317902404413372e+07
2.409586223036532849e+07
2.418888900006803498e+07
2.428226060669252649e+07
2.437597832849994674e+07
2.447004344848972186e+07
2.456445725441721827e+07
2.465922103881125525e+07
2.475433609899197519e+07
2.484980373708840460e+07
2.494562526005646586e+07
2.504180197969670221e+07
2.513833521267235652e+07
2.523522628052734956e+07
2.533247650970433652e+07
2.543008723156293482e+07
2.552805978239793330e+07
2.562639550345757604e+07
2.572509574096192047e+07
2.582416184612125158e+07
2.592359517515457794e+07
2.602339708930831775e+07
2.612356895487464964e+07
2.622411214321058989e+07
2.632502803075647354e+07
2.642631799905495346e+07
2.652798343476985767e+07
2.663002572970512882e+07
2.673244628082397953e+07
2.683524649026794732e+07
2.693842776537614688e+07
2.704199151870438829e+07
2.714593916804472357e+07
2.725027213644472882e+07
2.735499185222704336e+07
2.746009974900884181e+07
2.756559726572150737e+07
2.767148584663037956e+07
2.777776694135448337e+07
2.788444200488635153e+07
2.799151249761196971e+07
2.809897988533075154e+07
2.820684563927567378e+07
2.831511123613327742e+07
2.842377815806404129e+07
2.853284789272260666e+07
2.864232193327804282e+07
2.875220177843449265e+07
2.886248893245153502e+07
2.897318490516483039e+07
2.908429121200676262e+07
2.919580937402719632e+07
2.930774091791435331e+07
2.942008737601564825e+07
2.953285028635869920e+07
2.964603119267236814e+07
2.975963164440793172e+07
2.987365319676014036e+07
2.998809741068878397e+07
3.010296585293981805e+07
3.021826009606691450e+07
3.033398171845301241e+07
3.045013230433180556e+07
3.056671344380960241e+07
3.068372673288699239e+07
3.080117377348065749e+07
3.091905617344540730e+07
3.103737554659615830e+07
3.115613351272993907e+07
3.127533169764817134e+07
3.139497173317889869e+07
3.151505525719909742e+07
3.163558391365712136e+07
3.175655935259521753e+07
3.187798323017212376e+07
3.199985720868564025e+07
3.212218295659556612e+07
3.224496214854639024e+07
3.236819646539027989e+07
3.249188759421005473e+07
3.261603722834240645e+07
3.274064706740079075e+07
3.286571881729909778e+07
3.299125419027468562e+07
3.311725490491190553e+07
3.324372268616577238e+07
3.337065926538535208e+07
3.349806638033761829e+07
3.362594577523118258e+07
3.375429920074019581e+07
3.388312841402831674e+07
3.401243517877276242e+07
3.414222126518841833e+07
3.427248845005214214e+07
3.440323851672698557e+07
3.453447325518676639e+07
3.466619446204041690e+07
3.479840394055660069e+07
3.493110350068856031e+07
3.506429495909868181e+07
3.519798013918343931e+07
3.533216087109850347e+07
3.546683899178353697e+07
3.560201634498753399e+07
3.573769478129400313e+07
3.587387615814629197e+07
3.601056233987303823e+07
3.614775519771363586e+07
3.628545660984396189e+07
3.642366846140196919e+07
3.656239264451357722e+07
3.670163105831848085e+07
3.684138560899631679e+07
3.698165820979261398e+07
3.712245078104497492e+07
3.726376525020948797e+07
3.740560355188702047e+07
3.754796762784974277e+07
3.769085942706765234e+07
3.783428090573538095e+07
3.797823402729883045e+07
3.812272076248213649e+07
3.826774308931453526e+07
3.841330299315768480e+07
3.855940246673265100e+07
3.870604351014716923e+07
3.885322813092315197e+07
3.900095834402408451e+07
3.914923617188261449e+07
3.929806364442830533e+07
