0.000000000000000000e+00	0.000000000000000000e+00	0.000000000000000000e+00
1.019244176229339445e+02	1.885601726024277902e-04	5.072784558855922971e-02
2.037080418316631665e+02	3.768598773885768901e-04	5.049952751404613444e-02
3.054618513219517126e+02	5.651044249456106845e-04	5.031927552410373622e-02
4.072701667106583159e+02	7.534498084147178741e-04	5.017589654998974580e-02
5.091987060918112320e+02	9.420176062698506917e-04	5.006148089170668614e-02
6.112999298899120504e+02	1.130904870296337234e-03	4.997031916757430775e-02
7.136166501780106728e+02	1.320190802829319682e-03	4.989820325246208804e-02
8.161845125445312306e+02	1.509941348207382954e-03	4.984196826238659200e-02
9.190337342969672818e+02	1.700212408449389536e-03	4.979918775602182324e-02
1.022190344345098765e+03	1.891052137038432522e-03	4.976796761696080512e-02
1.125677083723566966e+03	2.082502604888598809e-03	4.974680437328176524e-02
1.229514071195865199e+03	2.274601031712350421e-03	4.973448619806964538e-02
1.333719303557882540e+03	2.467380711582082674e-03	4.973002259649718371e-02
1.438309037733919922e+03	2.660871719807752014e-03	4.973259366167245843e-02
1.543298086998111330e+03	2.855101460946505871e-03	4.974151287970952906e-02
1.648700053851552184e+03	3.050095099625371817e-03	4.975619945597440502e-02
1.754527515487485516e+03	3.245875903651848290e-03	4.977615743005845556e-02
1.860792173274078550e+03	3.442465520557045407e-03	4.980095970037597825e-02
1.967504974569309525e+03	3.639884202953222719e-03	4.983023564844951681e-02
2.074676212998543633e+03	3.838150994047305649e-03	4.986366143740612183e-02
2.182315611773536148e+03	4.037283881781042298e-03	4.990095232223067806e-02
2.290432393514629439e+03	4.237299928002064876e-03	4.994185649152944190e-02
2.399035339223950359e+03	4.438215377564307638e-03	4.998615008837255930e-02
2.508132838456985610e+03	4.640045751145423399e-03	5.003363314853488675e-02
2.617732932292180067e+03	4.842805924740532786e-03	5.008412625964733106e-02
2.727843350360192289e+03	5.046510198166355432e-03	5.013746779215010746e-02
2.838471542937058985e+03	5.251172354433559022e-03	5.019351158775229443e-02
2.949624708907326749e+03	5.456805711478554359e-03	5.025212501694518996e-02
3.061309820249380209e+03	5.663423167461353706e-03	5.031318733650497893e-02
3.173533643574505277e+03	5.871037240612834301e-03	5.037658829259301918e-02
3.286302759156100819e+03	6.079660104438786364e-03	5.044222692628228671e-02
3.399623577809295057e+03	6.289303618947196008e-03	5.051001054698110726e-02
3.513502355920677473e+03	6.499979358453252670e-03	5.057985384594161637e-02
3.627945208878680660e+03	6.711698636425559271e-03	5.065167812730161923e-02
3.742958123115006401e+03	6.924472527762761537e-03	5.072541063825831975e-02
3.858546966934957254e+03	7.138311888829670937e-03	5.080098398326838433e-02
3.974717500287847997e+03	7.353227375532518650e-03	5.087833560980328795e-02
4.091475383606018568e+03	7.569229459671133857e-03	5.095740735531371218e-02
4.208826185822843399e+03	7.786328443772260605e-03	5.103814504676943559e-02
4.326775391664672497e+03	8.004534474579643594e-03	5.112049814554040644e-02
4.445328408298406430e+03	8.223857555352051887e-03	5.120441943152701653e-02
4.564490571405803166e+03	8.444307557100735190e-03	5.128986472139214492e-02
4.684267150746168227e+03	8.665894228880411526e-03	5.137679261651987433e-02
4.804663355261223842e+03	8.888627207233264910e-03	5.146516427697117591e-02
4.925684337769439480e+03	9.112516024873463724e-03	5.155494321825484366e-02
5.047335199290809214e+03	9.337570118687996829e-03	5.164609512816500242e-02
5.169620993039216046e+03	9.563798837122548455e-03	5.173858770133683838e-02
5.292546728113643439e+03	9.791211447010240640e-03	5.183239048947271832e-02
5.416117372917376088e+03	1.001981713989714452e-02	5.192747476547589225e-02
5.540337858330402014e+03	1.024962503791124364e-02	5.202381339995100495e-02
5.665213080657194951e+03	1.048064419921580954e-02	5.212138074873368804e-02
5.790747904370053220e+03	1.071288362308459897e-02	5.222015255027170205e-02
5.916947164666244134e+03	1.094635225463255236e-02	5.232010583183411417e-02
6.043815669854550833e+03	1.118105898923091833e-02	5.242121882364130653e-02
6.171358203585858064e+03	1.141701267663383819e-02	5.252347088011671827e-02
6.299579526941166478e+03	1.165422212484115878e-02	5.262684240756488468e-02
6.428484380387701094e+03	1.189269610371724607e-02	5.273131479764021912e-02
6.558077485614806392e+03	1.213244334838739155e-02	5.283687036606447146e-02
6.688363547258410108e+03	1.237347256242805893e-02	5.294349229609448398e-02
6.819347254523212541e+03	1.261579242086794360e-02	5.305116458630347587e-02
6.951033282709958257e+03	1.285941157301342258e-02	5.315987200228521753e-02
7.083426294655642778e+03	1.310433864511293886e-02	5.326960003192964671e-02
7.216530942092358600e+03	1.335058224287086377e-02	5.338033484395715567e-02
7.350351866931327095e+03	1.359815095382295447e-02	5.349206324942844260e-02
7.484893702477284023e+03	1.384705334958297694e-02	5.360477266597862139e-02
7.620161074578290027e+03	1.409729798796983784e-02	5.371845108454302575e-02
7.756158602715291636e+03	1.434889341502328976e-02	5.383308703837209885e-02
7.892890901036033938e+03	1.460184816691666165e-02	5.394866957414932301e-02
8.030362579336676390e+03	1.485617077177285236e-02	5.406518822503756511e-02
8.168578243994916193e+03	1.511186975139059384e-02	5.418263298551037610e-02
8.307542498857856117e+03	1.536895362288703479e-02	5.430099428781685195e-02
8.447259946087511707e+03	1.562743090026189746e-02	5.442026297996751388e-02
8.587735186966714537e+03	1.588731009588842044e-02	5.454043030511351170e-02
8.728972822667887158e+03	1.614859972193559076e-02	5.466148788222156135e-02
8.870977454987640158e+03	1.641130829172713496e-02	5.478342768794757650e-02
9.013753687048159918e+03	1.667544432103909569e-02	5.490624203961803895e-02
9.157306123968912289e+03	1.694101632934248702e-02	5.502992357924174627e-02
9.301639373509311554e+03	1.720803284099222882e-02	5.515446525847925857e-02
9.446758046684488363e+03	1.747650238636630493e-02	5.527986032449874049e-02
9.592666758356070204e+03	1.774643350295872918e-02	5.540610230665951597e-02
9.739370127799189504e+03	1.801783473642850145e-02	5.553318500396550728e-02
9.886872779247347353e+03	1.829071464160759303e-02	5.566110247323434457e-02
1.003517934241565672e+04	1.856508178346896396e-02	5.578984901793593992e-02
1.018429445300520638e+04	1.884094473805963260e-02	5.591941917765547165e-02
1.033422275318786524e+04	1.911831209339755200e-02	5.604980771813831975e-02
1.048496889207437198e+04	1.939719245033758727e-02	5.618100962187885100e-02
1.063653752616480961e+04	1.967759442340489759e-02	5.631302007922199537e-02
1.078893331978447713e+04	1.995952664160128079e-02	5.644583447993782588e-02
1.094216094550395974e+04	2.024299774918232250e-02	5.657944840524422453e-02
1.109622508454607669e+04	2.052801640641024536e-02	5.671385762024878235e-02
1.125113042717895405e+04	2.081459129028106689e-02	5.684905806678316326e-02
1.140688167309681558e+04	2.110273109522911236e-02	5.698504585660449373e-02
1.156348353178884827e+04	2.139244453380936828e-02	5.712181726494458545e-02
1.172094072289693941e+04	2.168374033735933834e-02	5.725936872438269071e-02
1.187925797656272880e+04	2.197662725664104727e-02	5.739769681902476967e-02
1.203844003376441287e+04	2.227111406246416389e-02	5.753679827897097837e-02
1.219849164664422096e+04	2.256720954629180820e-02	5.767666997505141446e-02
1.235941757882686215e+04	2.286492252082969467e-02	5.781730891381866438e-02
1.252122260572905907e+04	2.316426182059876104e-02	5.795871223278106082e-02
1.268391151486104718e+04	2.346523630249293738e-02	5.810087719586056604e-02
1.284748910612036343e+04	2.376785484632267312e-02	5.824380118906509474e-02
1.301196019207826248e+04	2.407212635534478756e-02	5.838748171636255063e-02
1.317732959825920079e+04	2.437805975677952153e-02	5.853191639574636257e-02
1.334360216341318846e+04	2.468566400231440167e-02	5.867710295547808735e-02
1.351078273978243305e+04	2.499494806859750215e-02	5.882303923050314493e-02
1.367887619336148055e+04	2.530592095771874023e-02	5.896972315902606482e-02
1.384788740415214852e+04	2.561859169768147815e-02	5.911715277923638989e-02
1.401782126641209834e+04	2.593296934286238101e-02	5.926532622618160828e-02
1.418868268889906540e+04	2.624906297446327058e-02	5.941424172877549092e-02
1.436047659510979975e+04	2.656688170095312940e-02	5.956389760693359819e-02
1.453320792351417731e+04	2.688643465850122996e-02	5.971429226883460256e-02
1.470688162778495644e+04	2.720773101140216976e-02	5.986542420829527034e-02
1.488150267702329620e+04	2.753077995249310003e-02	6.001729200225738164e-02
1.505707605597970542e+04	2.785559070356245434e-02	6.016989430837930974e-02
1.523360676527190117e+04	2.818217251575301854e-02	6.032322986272582038e-02
1.541109982159823267e+04	2.851053466995673302e-02	6.047729747755258012e-02
1.558956025794795642e+04	2.884068647720372178e-02	6.063209603918224416e-02
1.576899312380784067e+04	2.917263727904450751e-02	6.078762450596420647e-02
1.594940348536574675e+04	2.950639644792663052e-02	6.094388190631613855e-02
1.613079642571104705e+04	2.984197338756543888e-02	6.110086733684148147e-02
1.631317704503191089e+04	3.017937753330903264e-02	6.125857996052462562e-02
1.649655046081029650e+04	3.051861835249905161e-02	6.141701900499060840e-02
1.668092180801356517e+04	3.085970534482509672e-02	6.157618376083698331e-02
1.686629623928379078e+04	3.120264804267501232e-02	6.173607358002596718e-02
1.705267892512521212e+04	3.154745601148164352e-02	6.189668787433806607e-02
1.724007505408818542e+04	3.189413885006314037e-02	6.205802611388378659e-02
1.742848983295193102e+04	3.224270619096106932e-02	6.222008782567221147e-02
1.761792848690438768e+04	3.259316770077311937e-02	6.238287259222920905e-02
1.780839625972053909e+04	3.294553308048300128e-02	6.254638005027025882e-02
1.799989841393886309e+04	3.329981206578690178e-02	6.271060988941741521e-02
1.819244023103500876e+04	3.365601442741476823e-02	6.287556185096404571e-02
1.838602701159475691e+04	3.401414997145030261e-02	6.304123572668572650e-02
1.858066407548507777e+04	3.437422853964738900e-02	6.320763135768979468e-02
1.877635676202278773e+04	3.473626000974215644e-02	6.337474863330701258e-02
1.897311043014246752e+04	3.510025429576356382e-02	6.354258749002235362e-02
1.917093045856250683e+04	3.546622134834064022e-02	6.371114791044173165e-02
1.936982224595031585e+04	3.583417115500808076e-02	6.388042992229442385e-02
1.956979121108500476e+04	3.620411374050725578e-02	6.405043359747016052e-02
1.977084279301989955e+04	3.657605916708681071e-02	6.422115905108821687e-02
1.997298245124338428e+04	3.695001753480026130e-02	6.439260644059763283e-02
2.017621566583856475e+04	3.732599898180134074e-02	6.456477596490774185e-02
2.038054793764180795e+04	3.770401368463734137e-02	6.473766786354720471e-02
2.058598478840011012e+04	3.808407185854020827e-02	6.491128241585084058e-02
2.079253176092799185e+04	3.846618375771678616e-02	6.508561994017321439e-02
2.100019441926234504e+04	3.885035967563534032e-02	6.526068079312670467e-02
2.120897834881775634e+04	3.923660994531284751e-02	6.543646536884557829e-02
2.141888915653972435e+04	3.962494493959849151e-02	6.561297409827286653e-02
2.162993247105768023e+04	4.001537507145671441e-02	6.579020744846858504e-02
2.184211394283706977e+04	4.040791079424858184e-02	6.596816592194268414e-02
2.205543924433056600e+04	4.080256260201154533e-02	6.614685005600601242e-02
2.226991407012887430e+04	4.119934102973842049e-02	6.632626042214245787e-02
2.248554413711043890e+04	4.159825665365431135e-02	6.650639762540250244e-02
2.270233518459084735e+04	4.199932009149306977e-02	6.668726230381138986e-02
2.292029297447172939e+04	4.240254200277270014e-02	6.686885512779944252e-02
2.313942329138820787e+04	4.280793308906818279e-02	6.705117679964700539e-02
2.335973194285698992e+04	4.321550409428542849e-02	6.723422805294709814e-02
2.358122475942317760e+04	4.362526580493288064e-02	6.741800965208459562e-02
2.380390759480737324e+04	4.403722905039363783e-02	6.760252239173032696e-02
2.402778632605058010e+04	4.445140470319357273e-02	6.778776709635059294e-02
2.425286685366103484e+04	4.486780367927292040e-02	6.797374461973045012e-02
2.447915510175895179e+04	4.528643693825405714e-02	6.816045584451137229e-02
2.470665701822150004e+04	4.570731548370977199e-02	6.834790168174456615e-02
2.493537857482726031e+04	4.613045036343042804e-02	6.853608307045308545e-02
2.516532576740078366e+04	4.655585266969144986e-02	6.872500097720989076e-02
2.539650461595584056e+04	4.698353353951830597e-02	6.891465639572730284e-02
2.562892116483989594e+04	4.741350415495380888e-02	6.910505034645787747e-02
2.586258148287665972e+04	4.784577574332182781e-02	6.929618387620618825e-02
2.609749166351037275e+04	4.828035957749419321e-02	6.948805805775289113e-02
2.633365782494713130e+04	4.871726697615219592e-02	6.968067398948880886e-02
2.657108611029943131e+04	4.915650930405394969e-02	6.987403279505922937e-02
2.680978268772739830e+04	4.959809797229568912e-02	7.006813562301815457e-02
2.704975375058161080e+04	5.004204443857598189e-02	7.026298364649292971e-02
2.729100551754581102e+04	5.048836020745975373e-02	7.045857806285678315e-02
2.753354423277844398e+04	5.093705683064012751e-02	7.065492009341249602e-02
2.777737616605501535e+04	5.138814590720177516e-02	7.085201098308289980e-02
2.802250761291019808e+04	5.184163908388386699e-02	7.104985200011043611e-02
2.826894489477967727e+04	5.229754805534240353e-02	7.124844443576672237e-02
2.851669435914172936e+04	5.275588456441220042e-02	7.144778960406669710e-02
2.876576237965931432e+04	5.321666040236973372e-02	7.164788884149414505e-02
2.901615535632187675e+04	5.367988740919547863e-02	7.184874350673231547e-02
2.926787971558719801e+04	5.414557747383631769e-02	7.205035498040134045e-02
2.952094191052309907e+04	5.461374253446773380e-02	7.225272466480797684e-02
2.977534842094946362e+04	5.508439457875650286e-02	7.245585398369285002e-02
3.003110575357964626e+04	5.555754564412234559e-02	7.265974438199448993e-02
3.028822044216303402e+04	5.603320781800161937e-02	7.286439732561193761e-02
3.054669904762660008e+04	5.651139323810921294e-02	7.306981430117910625e-02
3.080654815821722514e+04	5.699211409270187045e-02	7.327599681584166802e-02
3.106777438964332032e+04	5.747538262084014860e-02	7.348294639704197606e-02
3.133038438521803619e+04	5.796121111265337134e-02	7.369066459230799726e-02
3.159438481600063096e+04	5.844961190960117070e-02	7.389915296905005815e-02
3.185978238093955952e+04	5.894059740473818476e-02	7.410841311436143497e-02
3.212658380701502756e+04	5.943418004297780499e-02	7.431844663482463365e-02
3.239479584938155313e+04	5.993037232135587505e-02	7.452925515632283227e-02
3.266442529151115014e+04	6.042918678929562470e-02	7.474084032385636123e-02
3.293547894533615181e+04	6.093063604887188206e-02	7.495320380136502592e-02
3.320796365139289264e+04	6.143473275507685405e-02	7.516634727155212248e-02
3.348188627896441176e+04	6.194148961608416520e-02	7.538027243571797376e-02
3.375725372622513532e+04	6.245091939351650467e-02	7.559498101359322930e-02
3.403407292038368905e+04	6.296303490270982461e-02	7.581047474317931245e-02
3.431235081782787165e+04	6.347784901298156313e-02	7.602675538059219806e-02
3.459209440426847868e+04	6.399537464789668839e-02	7.624382469991061728e-02
3.487331069488354842e+04	6.451562478553456159e-02	7.646168449302891135e-02
3.515600673446434666e+04	6.503861245875904029e-02	7.668033656951112054e-02
3.544018959755904507e+04	6.556435075548423808e-02	7.689978275645263650e-02
3.572586638861876418e+04	6.609285281894471120e-02	7.712002489834401953e-02
3.601304424214227038e+04	6.662413184796320276e-02	7.734106485693767463e-02
3.630173032282369968e+04	6.715820109722384079e-02	7.756290451111835793e-02
3.659193182569644705e+04	6.769507387753842531e-02	7.778554575677888716e-02
3.688365597628103569e+04	6.823476355611991784e-02	7.800899050669675427e-02
3.717691003073157481e+04	6.877728355685340522e-02	7.823324069041616424e-02
3.747170127598186082e+04	6.932264736056643895e-02	7.845829825413061509e-02
3.776803702989472367e+04	6.987086850530524473e-02	7.868416516057269439e-02
3.806592464140758966e+04	7.042196058660404878e-02	7.891084338890318184e-02
3.836537149068163126e+04	7.097593725776100981e-02	7.913833493460399604e-02
3.866638498924960732e+04	7.153281223011177803e-02	7.936664180937658131e-02
3.896897258016522392e+04	7.209259927330566309e-02	7.959576604103950348e-02
3.927314173815136019e+04	7.265531221558001185e-02	7.982570967343104174e-02
3.957889996975023678e+04	7.322096494403794453e-02	8.005647476631373716e-02
3.988625481347215828e+04	7.378957140492349576e-02	8.028806339528275771e-02
4.019521383994702046e+04	7.436114560390198747e-02	8.052047765167485993e-02
4.050578465207358386e+04	7.493570160633612753e-02	8.075371964248150014e-02
4.081797488517109014e+04	7.551325353756652148e-02	8.098779149026363866e-02
4.113179220712978713e+04	7.609381558319010253e-02	8.122269533306912537e-02
4.144724431856405135e+04	7.667740198934348828e-02	8.145843332435390161e-02
4.176433895296311675e+04	7.726402706298177159e-02	8.169500763290145351e-02
4.208308387684410263e+04	7.785370517216159969e-02	8.193242044275013403e-02
4.240348688990489609e+04	7.844645074632405901e-02	8.217067395311805633e-02
4.272555582517760922e+04	7.904227827657857308e-02	8.240977037833169261e-02
4.304929854918173078e+04	7.964120231598620370e-02	8.264971194775848351e-02
4.337472296207926411e+04	8.024323747984662969e-02	8.289050090573774066e-02
4.370183699782892654e+04	8.084839844598351588e-02	8.313213951151721126e-02
4.403064862434125826e+04	8.145669995503132532e-02	8.337463003918910154e-02
4.436116584363389848e+04	8.206815681072271440e-02	8.361797477762990261e-02
4.469339669198809133e+04	8.268278388017796798e-02	8.386217603043975843e-02
4.502734924010476971e+04	8.330059609419382394e-02	8.410723611588706572e-02
4.536303159326141031e+04	8.392160844753361604e-02	8.435315736685103372e-02
4.570045189146949997e+04	8.454583599921858261e-02	8.459994213076962866e-02
4.603961830963257671e+04	8.517329387282027153e-02	8.484759276958567242e-02
4.638053905770525307e+04	8.580399725675472156e-02	8.509611165969888091e-02
4.672322238085011486e+04	8.643796140457270238e-02	8.534550119191677831e-02
4.706767655959920376e+04	8.707520163525853119e-02	8.559576377140405701e-02
4.741390991001210932e+04	8.771573333352240820e-02	8.584690181764186023e-02
4.776193078383796092e+04	8.835957195010023246e-02	8.609891776438237387e-02
4.811174756867477117e+04	8.900673300204832439e-02	8.635181405960631884e-02
4.846336868813182809e+04	8.965723207304387987e-02	8.660559316548145647e-02
4.881680260199061013e+04	9.031108481368262109e-02	8.686025755832570139e-02
4.917205780636813142e+04	9.096830694178104082e-02	8.711580972856626526e-02
4.952914283387972682e+04	9.162891424267749496e-02	8.737225218070483745e-02
4.988806625380172045e+04	9.229292256953318396e-02	8.762958743328244648e-02
5.024883667223669181e+04	9.296034784363789438e-02	8.788781801884733291e-02
5.061146273227664642e+04	9.363120605471179914e-02	8.814694648391782628e-02
5.097595311416905315e+04	9.430551326121275335e-02	8.840697538895750385e-02
5.134231653548171744e+04	9.498328559064118937e-02	8.866790730834014922e-02
5.171056175126982271e+04	9.566453923984916119e-02	8.892974483032663191e-02
5.208069755424263712e+04	9.634929047534887547e-02	8.919249055703257212e-02
5.245273277492974012e+04	9.703755563362001513e-02	8.945614710440447093e-02
5.282667628185025387e+04	9.772935112142297487e-02	8.972071710219672869e-02
5.320253698168035044e+04	9.842469341610865508e-02	8.998620319394370903e-02
5.358032381942260690e+04	9.912359906593182224e-02	9.025260803694103162e-02
5.396004577857608092e+04	9.982608469036574617e-02	9.051993430222382564e-02
5.434171188130570954e+04	1.005321669804155604e-01	9.078818467454451147e-02
5.472533118861344701e+04	1.012418626989348702e-01	9.105736185235589752e-02
5.511091280050950445e+04	1.019551886809425822e-01	9.132746854779112688e-02
5.549846585618534300e+04	1.026721618339428849e-01	9.159850748664671860e-02
5.588799953418464429e+04	1.033927991382415923e-01	9.187048140837004995e-02
5.627952305257806438e+04	1.041171176472694138e-01	9.214339306603981650e-02
5.667304566913525196e+04	1.048451344879002267e-01	9.241724522635416661e-02
5.706857668150167592e+04	1.055768668607781069e-01	9.269204066961773958e-02
5.746612542737161129e+04	1.063123320406374750e-01	9.296778218973095198e-02
5.786570128466455208e+04	1.070515473766294329e-01	9.324447259417405209e-02
5.826731367170179874e+04	1.077945302926483218e-01	9.352211470400303983e-02
5.867097204738334403e+04	1.085412982876591825e-01	9.380071135383726000e-02
5.907668591136500618e+04	1.092918689360252715e-01	9.408026539185058990e-02
5.948446480423676257e+04	1.100462598878380049e-01	9.436077967976545799e-02
5.989431830770244414e+04	1.108044888692495261e-01	9.464225709284569688e-02
6.030625604475780710e+04	1.115665736828019561e-01	9.492470051989171376e-02
6.072028767987227911e+04	1.123325322077637078e-01	9.520811286323248301e-02
6.113642291916866088e+04	1.131023824004620121e-01	9.549249703872574047e-02
6.155467151060497417e+04	1.138761422946192037e-01	9.577785597575239063e-02
6.197504324415724113e+04	1.146538300016908957e-01	9.606419261721409197e-02
6.239754795200141234e+04	1.154354637112026127e-01	9.635150991953103650e-02
6.282219550869693194e+04	1.162210616910893252e-01	9.663981085264337911e-02
6.324899583137156878e+04	1.170106422880373975e-01	9.692909840000900334e-02
6.367795887990629126e+04	1.178042239278266345e-01	9.721937555860631075e-02
6.410909465711955272e+04	1.186018251156711750e-01	9.751064533893100128e-02
6.454241320895548415e+04	1.194034644365676440e-01	9.780291076500506608e-02
6.497792462466978031e+04	1.202091605556390858e-01	9.809617487437410910e-02
6.541563903701704112e+04	1.210189322184815341e-01	9.839044071811205161e-02
6.585556662243987375e+04	1.218327982515137742e-01	9.868571136082716910e-02
6.629771760125742003e+04	1.226507775623262297e-01	9.898198988066594928e-02
6.674210223785515700e+04	1.234728891400320439e-01	9.927927936931914277e-02
6.718873084087626194e+04	1.242991520556210872e-01	9.957758293202674527e-02
6.763761376341131108e+04	1.251295854623109272e-01	9.987690368758578296e-02
6.808876140319260594e+04	1.259642085959063185e-01	1.001772447683580286e-01
6.854218420278304256e+04	1.268030407751486455e-01	1.004786093202790082e-01
6.899789264977355197e+04	1.276461014020810747e-01	1.007810005028651618e-01
6.945589727697469061e+04	1.284934099624031878e-01	1.010844214892241966e-01
6.991620866261256742e+04	1.293449860258332473e-01	1.013888754660667024e-01
7.037883743052303907e+04	1.302008492464676315e-01	1.016943656337130769e-01
7.084379425034995074e+04	1.310610193631474019e-01	1.020008952061086521e-01
7.131108983774208173e+04	1.319255161998228454e-01	1.023084674108331038e-01
7.178073495454952354e+04	1.327943596659166281e-01	1.026170854891145512e-01
7.225274040902309935e+04	1.336675697566927501e-01	1.029267526958432544e-01
7.272711705601477297e+04	1.345451665536273322e-01	1.032374722995811206e-01
7.320387579717552580e+04	1.354271702247747122e-01	1.035492475825816328e-01
7.368302758115895267e+04	1.363136010251440600e-01	1.038620818407989255e-01
7.416458340381985181e+04	1.372044792970667226e-01	1.041759783839091569e-01
7.464855430841977068e+04	1.380998254705765871e-01	1.044909405353190712e-01
7.513495138582930667e+04	1.389996600637842250e-01	1.048069716321898409e-01
7.562378577473082987e+04	1.399040036832520373e-01	1.051240750254480300e-01
7.611506866182399972e+04	1.408128770243743944e-01	1.054422540798068270e-01
7.660881128203381377e+04	1.417263008717625505e-01	1.057615121737819491e-01
7.710502491871244274e+04	1.426442960996180120e-01	1.060818526997110434e-01
7.760372090384984040e+04	1.435668836721221975e-01	1.064032790637708115e-01
7.810491061828129750e+04	1.444940846438204085e-01	1.067257946859999501e-01
7.860860549189525773e+04	1.454259201600062168e-01	1.070494030003153324e-01
7.911481700384432042e+04	1.463624114571120127e-01	1.073741074545351837e-01
7.962355668275461358e+04	1.473035798630960291e-01	1.076999115103980664e-01
8.013483610693788796e+04	1.482494467978351105e-01	1.080268186435855426e-01
8.064866690460215614e+04	1.492000337735139848e-01	1.083548323437420607e-01
8.116506075406596938e+04	1.501553623950220295e-01	1.086839561145000743e-01
8.168402938397413527e+04	1.511154543603521472e-01	1.090141934734999013e-01
8.220558457350738172e+04	1.520803314609886492e-01	1.093455479524153284e-01
8.272973815260278934e+04	1.530500155823151520e-01	1.096780230969763292e-01
8.325650200216633675e+04	1.540245287040077349e-01	1.100116224669933085e-01
8.378588805429294007e+04	1.550038929004419475e-01	1.103463496363794594e-01
8.431790829248273803e+04	1.559881303410930731e-01	1.106822081931798790e-01
8.485257475186148076e+04	1.569772632909437471e-01	1.110192017395929959e-01
8.538989951939813909e+04	1.579713141108865515e-01	1.113573338919994632e-01
8.592989473412712687e+04	1.589703052581351861e-01	1.116966082809857097e-01
8.647257258737071243e+04	1.599742592866358060e-01	1.120370285513720976e-01
8.701794532295819954e+04	1.609831988474726694e-01	1.123785983622411777e-01
8.756602523745117651e+04	1.619971466892846934e-01	1.127213213869616426e-01
8.811682468036877981e+04	1.630161256586822593e-01	1.130652013132197597e-01
8.867035605441019288e+04	1.640401587006588835e-01	1.134102418430464609e-01
8.922663181568303844e+04	1.650692688590136015e-01	1.137564466928449453e-01
8.978566447392740520e+04	1.661034792767657198e-01	1.141038195934217236e-01
9.034746659274713602e+04	1.671428131965821962e-01	1.144523642900143329e-01
9.091205078983434942e+04	1.681872939611935569e-01	1.148020845423211034e-01
9.147942973720225564e+04	1.692369450138241915e-01	1.151529841245332031e-01
9.204961616141421837e+04	1.702917898986163192e-01	1.155050668253631146e-01
9.262262284381437348e+04	1.713518522610565920e-01	1.158583364480784139e-01
9.319846262076137646e+04	1.724171558484085542e-01	1.162127968105311909e-01
9.377714838386152405e+04	1.734877245101437981e-01	1.165684517451886087e-01
9.435869308020113385e+04	1.745635821983720914e-01	1.169253050991678616e-01
9.494310971258261998e+04	1.756447529682778341e-01	1.172833607342679829e-01
9.553041133976132551e+04	1.767312609785584576e-01	1.176426225270008064e-01
9.612061107668133627e+04	1.778231304918604649e-01	1.180030943686252026e-01
9.671372209471382666e+04	1.789203858752206056e-01	1.183647801651820375e-01
9.730975762189623492e+04	1.800230516005080217e-01	1.187276838375273258e-01
9.790873094317034702e+04	1.811311522448651457e-01	1.190918093213647055e-01
9.851065540062512446e+04	1.822447124911564798e-01	1.194571605672822001e-01
9.911554439373745117e+04	1.833637571284142675e-01	1.198237415407873430e-01
9.972341137961429195e+04	1.844883110522864134e-01	1.201915562223405537e-01
1.003342698732382414e+05	1.856183992654907300e-01	1.205606086073918587e-01
1.009481334477085911e+05	1.867540468782608876e-01	1.209309027064193465e-01
1.015650157344908512e+05	1.878952791088080720e-01	1.213024425449601984e-01
1.021849304236604803e+05	1.890421212837719023e-01	1.216752321636521278e-01
1.028078912641533534e+05	1.901945988386837261e-01	1.220492756182687544e-01
1.034339120640092879e+05	1.913527373184171765e-01	1.224245769797578931e-01
1.040630066906274733e+05	1.925165623776608215e-01	1.228011403342755825e-01
1.046951890710129810e+05	1.936860997813739937e-01	1.231789697832285368e-01
1.053304731920303893e+05	1.948613754052562208e-01	1.235580694433109639e-01
1.059688731006542657e+05	1.960424152362103822e-01	1.239384434465424373e-01
1.066104029042250331e+05	1.972292453728163308e-01	1.243200959403078787e-01
1.072550767707035120e+05	1.984218920258015162e-01	1.247030310873963321e-01
1.079029089289238473e+05	1.996203815185091379e-01	1.250872530660407655e-01
1.085539136688528379e+05	2.008247402873777343e-01	1.254727660699582470e-01
1.092081053418458032e+05	2.020349948824147202e-01	1.258595743083903429e-01
1.098654983609076298e+05	2.032511719676791395e-01	1.262476820061423088e-01
1.105261072009495838e+05	2.044732983217567301e-01	1.266370934036266660e-01
1.111899463990522927e+05	2.057014008382467563e-01	1.270278127569014204e-01
1.118570305547263415e+05	2.069355065262437343e-01	1.274198443377138334e-01
1.125273743301765062e+05	2.081756425108265418e-01	1.278131924335418890e-01
1.132009924505645904e+05	2.094218360335444729e-01	1.282078613476340112e-01
1.138778997042750416e+05	2.106741144529088450e-01	1.286038553990564159e-01
1.145581109431796358e+05	2.119325052448823299e-01	1.290011789227306360e-01
1.152416410829062370e+05	2.131970360033765555e-01	1.293998362694800952e-01
1.159285051031079493e+05	2.144677344407497077e-01	1.297998318060712697e-01
1.166187180477294023e+05	2.157446283882993865e-01	1.302011699152590130e-01
1.173122950252781739e+05	2.170277457967646206e-01	1.306038549958308259e-01
1.180092512090985692e+05	2.183171147368323517e-01	1.310078914626476299e-01
1.187096018376423890e+05	2.196127633996384221e-01	1.314132837466928383e-01
1.194133622147415736e+05	2.209147200972719216e-01	1.318200362951156002e-01
1.201205477098853007e+05	2.222230132632878052e-01	1.322281535712742095e-01
1.208311737584947696e+05	2.235376714532153197e-01	1.326376400547824019e-01
1.215452558621989156e+05	2.248587233450679845e-01	1.330485002415584261e-01
1.222628095891151897e+05	2.261861977398631207e-01	1.334607386438649290e-01
1.229838505741273984e+05	2.275201235621356899e-01	1.338743597903609417e-01
1.237083945191657258e+05	2.288605298604566018e-01	1.342893682261443733e-01
1.244364571934890264e+05	2.302074458079546859e-01	1.347057685128027482e-01
1.251680544339664921e+05	2.315609007028379962e-01	1.351235652284565047e-01
1.259032021453629859e+05	2.329209239689215283e-01	1.355427629678090107e-01
1.266419163006230083e+05	2.342875451561525768e-01	1.359633663421940530e-01
1.273842129411561036e+05	2.356607939411387853e-01	1.363853799796224398e-01
1.281301081771263271e+05	2.370407001276836900e-01	1.368088085248318764e-01
1.288796181877380586e+05	2.384272936473154081e-01	1.372336566393360102e-01
1.296327592215276527e+05	2.398206045598261504e-01	1.376599290014713928e-01
1.303895475966530357e+05	2.412206630538081265e-01	1.380876303064470789e-01
1.311499997011859377e+05	2.426274994471940005e-01	1.385167652663954752e-01
1.319141319934051717e+05	2.440411441877995968e-01	1.389473386104212449e-01
1.326819610020899563e+05	2.454616278538664098e-01	1.393793550846516294e-01
1.334535033268175030e+05	2.468889811546123858e-01	1.398128194522863799e-01
1.342287756382593361e+05	2.483232349307797626e-01	1.402477364936486892e-01
1.350077946784758533e+05	2.497644201551803278e-01	1.406841110062351519e-01
1.357905772612185101e+05	2.512125679332542494e-01	1.411219478047690545e-01
1.365771402722295607e+05	2.526677095036246601e-01	1.415612517212486154e-01
1.373675006695458724e+05	2.541298762386599019e-01	1.420020276050022179e-01
1.381616754837975604e+05	2.555990996450254737e-01	1.424442803227385645e-01
1.389596818185127049e+05	2.570754113642484961e-01	1.428880147585972205e-01
1.397615368504252692e+05	2.585588431732867565e-01	1.433332358142053731e-01
1.405672578297785367e+05	2.600494269850903151e-01	1.437799484087272650e-01
1.413768620806348627e+05	2.615471948491744913e-01	1.442281574789186505e-01
1.421903670011849899e+05	2.630521789521922393e-01	1.446778679791797528e-01
1.430077900640558510e+05	2.645644116185033035e-01	1.451290848816090273e-01
1.438291488166223862e+05	2.660839253107514235e-01	1.455818131760560075e-01
1.446544608813232044e+05	2.676107526304479234e-01	1.460360578701790923e-01
1.454837439559714112e+05	2.691449263185470842e-01	1.464918239894956453e-01
1.463170158140712883e+05	2.706864792560318977e-01	1.469491165774399200e-01
1.471542943051356997e+05	2.722354444645010418e-01	1.474079406954145466e-01
1.479955973550002382e+05	2.737918551067504147e-01	1.478683014228514003e-01
1.488409429661457834e+05	2.753557444873697135e-01	1.483302038572621440e-01
1.496903492180180619e+05	2.769271460533334062e-01	1.487936531142950158e-01
1.505438342673496809e+05	2.785060933945969208e-01	1.492586543277938105e-01
1.514014163484814053e+05	2.800926202446906155e-01	1.497252126498502534e-01
1.522631137736901292e+05	2.816867604813267367e-01	1.501933332508639807e-01
1.531289449335095997e+05	2.832885481269927785e-01	1.506630213195986612e-01
1.539989282970604836e+05	2.848980173495618828e-01	1.511342820632383122e-01
1.548730824123782513e+05	2.865152024628997984e-01	1.516071207074450311e-01
1.557514259067427774e+05	2.881401379274741159e-01	1.520815424964155615e-01
1.566339774870086985e+05	2.897728583509661116e-01	1.525575526929445758e-01
1.575207559399375750e+05	2.914133984888844786e-01	1.530351565784748846e-01
1.584117801325328182e+05	2.930617932451857199e-01	1.535143594531632460e-01
1.593070690123736858e+05	2.947180776728913210e-01	1.539951666359347937e-01
1.602066416079521005e+05	2.963822869747114175e-01	1.544775834645452928e-01
1.611105170290092065e+05	2.980544565036670202e-01	1.549616152956377058e-01
1.620187144668763503e+05	2.997346217637212318e-01	1.554472675048030605e-01
1.629312531948137621e+05	3.014228184104054686e-01	1.559345454866419289e-01
1.638481525683531945e+05	3.031190822514533978e-01	1.564234546548210480e-01
1.647694320256423962e+05	3.048234492474384272e-01	1.569140004421369639e-01
1.656951110877860920e+05	3.065359555124042568e-01	1.574061883005774543e-01
1.666252093591963348e+05	3.082566373145131933e-01	1.579000237013789276e-01
1.675597465279368625e+05	3.099855310766831962e-01	1.583955121350898165e-01
1.684987423660753411e+05	3.117226733772393565e-01	1.588926591116343878e-01
1.694422167300293222e+05	3.134681009505542737e-01	1.593914701603704187e-01
1.703901895609200292e+05	3.152218506877020876e-01	1.598919508301537284e-01
1.713426808849251538e+05	3.169839596371115120e-01	1.603941066894001566e-01
1.722997108136358147e+05	3.187544650052262507e-01	1.608979433261496783e-01
1.732612995444077824e+05	3.205334041571544224e-01	1.614034663481259679e-01
1.742274673607240256e+05	3.223208146173394129e-01	1.619106813828035119e-01
1.751982346325476537e+05	3.241167340702131860e-01	1.624195940774676439e-01
1.761736218166909239e+05	3.259212003608781827e-01	1.629302100992811864e-01
1.771536494571661751e+05	3.277342514957574671e-01	1.634425351353482325e-01
1.781383381855591724e+05	3.295559256432845086e-01	1.639565748927768463e-01
1.791277087213859195e+05	3.313862611345639864e-01	1.644723350987435107e-01
1.801217818724654207e+05	3.332252964640610160e-01	1.649898215005603797e-01
1.811205785352826933e+05	3.350730702902729452e-01	1.655090398657389217e-01
1.821241196953611216e+05	3.369296214364180808e-01	1.660299959820554505e-01
1.831324264276295726e+05	3.387949888911147012e-01	1.665526956576169615e-01
1.841455198968006589e+05	3.406692118090812738e-01	1.670771447209278837e-01
1.851634213577355549e+05	3.425523295118108047e-01	1.676033490209569710e-01
1.861861521558286913e+05	3.444443814882830468e-01	1.681313144271975590e-01
1.872137337273777812e+05	3.463454073956488966e-01	1.686610468297452814e-01
1.882461875999655167e+05	3.482554470599362184e-01	1.691925521393569665e-01
1.892835353928382392e+05	3.501745404767507286e-01	1.697258362875215532e-01
1.903257988172866462e+05	3.521027278119803205e-01	1.702609052265227907e-01
1.913729996770307771e+05	3.540400494025069400e-01	1.707977649295202016e-01
1.924251598686042998e+05	3.559865457569179603e-01	1.713364213905990696e-01
1.934823013817361789e+05	3.579422575562118958e-01	1.718768806248530956e-01
1.945444462997442170e+05	3.599072256545267634e-01	1.724191486684457930e-01
1.956116167999225145e+05	3.618814910798566764e-01	1.729632315786849839e-01
1.966838351539288997e+05	3.638650950347684376e-01	1.735091354340892178e-01
1.977611237281825161e+05	3.658580788971376174e-01	1.740568663344565226e-01
1.988435049842547451e+05	3.678604842208712533e-01	1.746064304009337376e-01
1.999310014792639704e+05	3.698723527366383768e-01	1.751578337760918147e-01
2.010236358662743005e+05	3.718937263526074788e-01	1.757110826239918766e-01
2.021214308946946112e+05	3.739246471551850304e-01	1.762661831302558824e-01
2.032244094106781413e+05	3.759651574097545579e-01	1.768231415021430386e-01
2.043325943575255515e+05	3.780152995614222688e-01	1.773819639686133320e-01
2.054460087760865281e+05	3.800751162357600688e-01	1.779426567804049675e-01
2.065646758051667712e+05	3.821446502395585143e-01	1.785052262101017306e-01
2.076886186819356226e+05	3.842239445615808768e-01	1.790696785522138679e-01
2.088178607423323265e+05	3.863130423733147634e-01	1.796360201232376497e-01
2.099524254214784014e+05	3.884119870297350063e-01	1.802042572617415239e-01
2.110923362540883245e+05	3.905208220700633892e-01	1.807743963284289268e-01
2.122376168748842902e+05	3.926395912185359771e-01	1.813464437062179968e-01
2.133882910190106777e+05	3.947683383851697259e-01	1.819204058003112134e-01
2.145443825224502943e+05	3.969071076665330322e-01	1.824962890382736402e-01
2.157059153224447800e+05	3.990559433465228345e-01	1.830740998701039235e-01
2.168729134579137317e+05	4.012148898971403810e-01	1.836538447683082054e-01
2.180454010698789498e+05	4.033839919792761020e-01	1.842355302279783946e-01
2.192234024018822820e+05	4.055632944434822140e-01	1.848191627668660797e-01
2.204069418004202307e+05	4.077528423307774097e-01	1.854047489254533054e-01
2.215960437153627281e+05	4.099526808734210714e-01	1.859922952670366725e-01
2.227907327003873070e+05	4.121628554957165180e-01	1.865818083777983916e-01
2.239910334134075674e+05	4.143834118148039813e-01	1.871732948668837215e-01
2.251969706170089194e+05	4.166143956414664618e-01	1.877667613664761315e-01
2.264085691788750701e+05	4.188558529809189301e-01	1.883622145318761543e-01
2.276258540722342150e+05	4.211078300336333347e-01	1.889596610415766875e-01
2.288488503762893088e+05	4.233703731961352412e-01	1.895591075973424022e-01
2.300775832766602980e+05	4.256435290618215128e-01	1.901605609242886241e-01
2.313120780658248113e+05	4.279273444217759348e-01	1.907640277709562737e-01
2.325523601435613527e+05	4.302218662655885040e-01	1.913695149093925241e-01
2.337984550173983152e+05	4.325271417821868747e-01	1.919770291352273228e-01
2.350503883030525176e+05	4.348432183606471546e-01	1.925865772677553822e-01
2.363081857248828164e+05	4.371701435910332334e-01	1.931981661500130898e-01
2.375718731163433404e+05	4.395079652652351676e-01	1.938118026488617474e-01
2.388414764204276726e+05	4.418567313777911898e-01	1.944274936550616506e-01
2.401170216901311942e+05	4.442164901267427468e-01	1.950452460833569934e-01
2.413985350888998655e+05	4.465872899144647246e-01	1.956650668725563869e-01
2.426860428910958290e+05	4.489691793485273141e-01	1.962869629856106579e-01
2.439795714824467141e+05	4.513622072425264031e-01	1.969109414096995858e-01
2.452791473605175270e+05	4.537664226169574322e-01	1.975370091563029007e-01
2.465847971351667074e+05	4.561818747000584429e-01	1.981651732612935701e-01
2.478965475290152826e+05	4.586086129286782720e-01	1.987954407850164029e-01
2.492144253779124119e+05	4.610466869491379738e-01	1.994278188123675410e-01
2.505384576314041915e+05	4.634961466180977374e-01	2.000623144528784481e-01
2.518686713532060967e+05	4.659570420034312987e-01	2.006989348408007301e-01
2.532050937216743478e+05	4.684294233850975209e-01	2.013376871351875985e-01
2.545477520302783523e+05	4.709133412560149168e-01	2.019785785199791350e-01
2.558966736880825483e+05	4.734088463229527144e-01	2.026216162040822555e-01
2.572518862202228920e+05	4.759159895074123736e-01	2.032668074214622755e-01
2.586134172683870420e+05	4.784348219465159868e-01	2.039141594312216532e-01
2.599812945912950672e+05	4.809653949938958450e-01	2.045636795176889178e-01
2.613555460651858593e+05	4.835077602205938851e-01	2.052153749904986335e-01
2.627361996843044180e+05	4.860619694159631909e-01	2.058692531846801899e-01
2.641232835613891948e+05	4.886280745885699939e-01	2.065253214607474797e-01
2.655168259281615028e+05	4.912061279670987823e-01	2.071835872047766425e-01
2.669168551358199911e+05	4.937961820012670144e-01	2.078440578285008222e-01
2.683233996555312769e+05	4.963982893627328363e-01	2.085067407693914354e-01
2.697364880789332092e+05	4.990125029460263928e-01	2.091716434907477939e-01
2.711561491186258500e+05	5.016388758694578787e-01	2.098387734817856454e-01
2.725824116086743306e+05	5.042774614760474616e-01	2.105081382577226323e-01
2.740153045051144436e+05	5.069283133344617553e-01	2.111797453598672492e-01
2.754548568864520057e+05	5.095914852399362482e-01	2.118536023557091030e-01
2.769010979541743873e+05	5.122670312152226568e-01	2.125297168390040681e-01
2.783540570332572097e+05	5.149550055115258429e-01	2.132080964298659898e-01
2.798137635726708104e+05	5.176554626094409528e-01	2.138887487748588889e-01
2.812802471458994551e+05	5.203684572199139824e-01	2.145716815470809502e-01
2.827535374514547293e+05	5.230940442851912398e-01	2.152569024462583080e-01
2.842336643133883481e+05	5.258322789797683638e-01	2.159444191988347528e-01
2.857206576818145695e+05	5.285832167113568847e-01	2.166342395580618252e-01
2.872145476334309787e+05	5.313469131218473418e-01	2.173263713040917700e-01
2.887153643720414257e+05	5.341234240882766215e-01	2.180208222440681298e-01
2.902231382290789043e+05	5.369128057237959606e-01	2.187176002122157570e-01
2.917378996641400736e+05	5.397151143786591554e-01	2.194167130699365142e-01
2.932596792655098252e+05	5.425304066411932302e-01	2.201181687059000358e-01
2.947885077506880043e+05	5.453587393387728799e-01	2.208219750361359868e-01
2.963244159669319051e+05	5.482001695388240003e-01	2.215281400041271553e-01
2.978674348917899770e+05	5.510547545498114541e-01	2.222366715809019344e-01
2.994175956336386153e+05	5.539225519222314986e-01	2.229475777651329094e-01
3.009749294322213973e+05	5.568036194496095437e-01	2.236608665832285070e-01
3.025394676591991447e+05	5.596980151695184480e-01	2.243765460894257824e-01
3.041112418186831637e+05	5.626057973645638421e-01	2.250946243658852319e-01
3.056902835477903136e+05	5.655270245634120840e-01	2.258151095227896032e-01
3.072766246171917301e+05	5.684617555418046697e-01	2.265380096984367653e-01
3.088702969316606177e+05	5.714100493235720890e-01	2.272633330593360756e-01
3.104713325306293555e+05	5.743719651816643346e-01	2.279910878003047758e-01
3.120797635887478245e+05	5.773475626391835203e-01	2.287212821445670230e-01
3.136956224164301530e+05	5.803369014703958495e-01	2.294539243438438181e-01
3.153189414604309713e+05	5.833400417017973183e-01	2.301890226784618909e-01
3.169497533043942531e+05	5.863570436131294583e-01	2.309265854574419075e-01
3.185880906694295118e+05	5.893879677384445959e-01	2.316666210185959751e-01
3.202339864146714099e+05	5.924328748671421341e-01	2.324091377286330029e-01
3.218874735378558398e+05	5.954918260450332568e-01	2.331541439832548468e-01
3.235485851758834324e+05	5.985648825753844271e-01	2.339016482072529546e-01
3.252173546053980826e+05	6.016521060199864213e-01	2.346516588546120052e-01
3.268938152433682117e+05	6.047535582002312449e-01	2.354041844086033064e-01
3.285780006476629642e+05	6.078693011981765038e-01	2.361592333818939571e-01
3.302699445176279405e+05	6.109993973576116622e-01	2.369168143166386908e-01
3.319696806946711731e+05	6.141439092851416204e-01	2.376769357845869846e-01
3.336772431628562626e+05	6.173028998512840593e-01	2.384396063871820626e-01
3.353926660494819516e+05	6.204764321915415826e-01	2.392048347556623433e-01
3.371159836256799172e+05	6.236645697075078321e-01	2.399726295511636076e-01
3.388472303069988848e+05	6.268673760679479567e-01	2.407429994648240534e-01
3.405864406540113268e+05	6.300849152099209372e-01	2.415159532178824675e-01
3.423336493729020003e+05	6.333172513398687142e-01	2.422914995617834188e-01
3.440888913160731317e+05	6.365644489347352941e-01	2.430696472782836182e-01
3.458522014827493113e+05	6.398265727430861860e-01	2.438504051795515881e-01
3.476236150195771479e+05	6.431036877862176260e-01	2.446337821082745501e-01
3.494031672212330159e+05	6.463958593592811219e-01	2.454197869377632846e-01
3.511908935310431407e+05	6.497031530324298698e-01	2.462084285720541887e-01
3.529868295415817411e+05	6.530256346519262012e-01	2.469997159460181613e-01
3.547910109952951316e+05	6.563633703412959930e-01	2.477936580254665455e-01
3.566034737851205864e+05	6.597164265024730856e-01	2.485902638072535475e-01
3.584242539551017690e+05	6.630848698169383715e-01	2.493895423193852046e-01
3.602533877010120195e+05	6.664687672468722068e-01	2.501915026211296578e-01
3.620909113709824742e+05	6.698681860363175922e-01	2.509961538031168504e-01
3.639368614661300089e+05	6.732831937123404664e-01	2.518035049874516318e-01
3.657912746411791886e+05	6.767138580861815633e-01	2.526135653278224757e-01
3.676541877051065094e+05	6.801602472544471256e-01	2.534263440096105047e-01
3.695256376217714278e+05	6.836224296002771927e-01	2.542418502499918520e-01
3.714056615105500678e+05	6.871004737945176633e-01	2.550600932980519597e-01
3.732942966469808016e+05	6.905944487969144507e-01	2.558810824348979884e-01
3.751915804634070955e+05	6.941044238573030878e-01	2.567048269737620680e-01
3.770975505496221595e+05	6.976304685168009945e-01	2.575313362601184819e-01
3.790122446535152849e+05	7.011726526090032996e-01	2.583606196717898040e-01
3.809357006817226065e+05	7.047310462611868775e-01	2.591926866190584211e-01
3.828679567002884578e+05	7.083057198955335920e-01	2.600275465447838830e-01
3.848090509353105444e+05	7.118967442303244519e-01	2.608652089245056538e-01
3.867590217736108461e+05	7.155041902811800636e-01	2.617056832665641819e-01
3.887179077633842244e+05	7.191281293622607818e-01	2.625489791122088690e-01
3.906857476148708956e+05	7.227686330875111587e-01	2.633951060357128671e-01
3.926625802010228508e+05	7.264257733718922916e-01	2.642440736444870431e-01
3.946484445581738837e+05	7.300996224326217199e-01	2.650958915791949422e-01
3.966433798867021105e+05	7.337902527903990002e-01	2.659505695138631443e-01
3.986474255517267156e+05	7.374977372706944534e-01	2.668081171560000020e-01
4.006606210837615072e+05	7.412221490049587524e-01	2.676685442467123255e-01
4.026830061794085195e+05	7.449635614319057852e-01	2.685318605608180142e-01
4.047146207020421862e+05	7.487220482987780867e-01	2.693980759069610209e-01
4.067555046824903693e+05	7.524976836626071641e-01	2.702672001277316993e-01
4.088056983197238296e+05	7.562905418914890321e-01	2.711392430997812686e-01
4.108652419815498870e+05	7.601006976658672976e-01	2.720142147339407179e-01
4.129341762053146376e+05	7.639282259798321206e-01	2.728921249753382128e-01
4.150125416985773481e+05	7.677732021423681052e-01	2.737729838035169450e-01
4.171003793398345006e+05	7.716357017786938943e-01	2.746568012325499297e-01
4.191977301792123471e+05	7.755158008315428120e-01	2.755435873111709011e-01
4.213046354391686036e+05	7.794135755624619355e-01	2.764333521228801716e-01
4.234211365152130602e+05	7.833291025531441409e-01	2.773261057860728629e-01
4.255472749766056077e+05	7.872624587067202917e-01	2.782218584541547024e-01
4.276830925670859870e+05	7.912137212491090477e-01	2.791206203156690324e-01
4.298286312055700109e+05	7.951829677303046129e-01	2.800224015944097755e-01
4.319839329868911300e+05	7.991702760257486382e-01	2.809272125495492212e-01
4.341490401825144072e+05	8.031757243376516087e-01	2.818350634757574302e-01
4.363239952412554994e+05	8.071993911963227797e-01	2.827459647033257473e-01
4.385088407900184975e+05	8.112413554615343081e-01	2.836599265982922558e-01
4.407036196345296339e+05	8.153016963238798320e-01	2.845769595625584070e-01
4.429083747600656352e+05	8.193804933061215046e-01	2.854970740340173618e-01
4.451231493321947055e+05	8.234778262645602309e-01	2.864202804866816110e-01
4.473479866975142504e+05	8.275937753904013539e-01	2.873465894308014912e-01
4.495829303844029200e+05	8.317284212111454300e-01	2.882760114129922502e-01
4.518280241037536762e+05	8.358818445919442564e-01	2.892085570163602792e-01
4.540833117497408530e+05	8.400541267370205123e-01	2.901442368606306221e-01
4.563488374005567748e+05	8.442453491910300034e-01	2.910830616022730966e-01
4.586246453191800392e+05	8.484555938404829689e-01	2.920250419346239190e-01
4.609107799541212735e+05	8.526849429151244220e-01	2.929701885880211520e-01
4.632072859402006143e+05	8.569334789893711113e-01	2.939185123299271063e-01
4.655142080992994597e+05	8.612012849837040740e-01	2.948700239650574040e-01
4.678315914411415579e+05	8.654884441661119254e-01	2.958247343355129289e-01
4.701594811640505795e+05	8.697950401534936260e-01	2.967826543209082790e-01
4.724979226557334187e+05	8.741211569131067671e-01	2.977437948384945021e-01
4.748469614940542961e+05	8.784668787640004251e-01	2.987081668433011483e-01
4.772066434478183510e+05	8.828322903784640019e-01	2.996757813282550642e-01
4.795770144775556400e+05	8.872174767834779541e-01	3.006466493243222238e-01
4.819581207363026915e+05	8.916225233621599688e-01	3.016207819006277435e-01
4.843500085703995428e+05	8.960475158552391184e-01	3.025981901645991567e-01
4.867527245202758349e+05	9.004925403625102520e-01	3.035788852620917022e-01
4.891663153212541947e+05	9.049576833443202517e-01	3.045628783775236603e-01
4.915908279043472139e+05	9.094430316230424083e-01	3.055501807340102460e-01
4.940263093970605405e+05	9.139486723845620109e-01	3.065408035934967801e-01
4.964728071242023725e+05	9.184746931797744818e-01	3.075347582568924709e-01
4.989303686086872476e+05	9.230211819260714101e-01	3.085320560642068610e-01
5.013990415723463520e+05	9.275882269088407961e-01	3.095327083946822211e-01
5.038788739367582602e+05	9.321759167830028225e-01	3.105367266669348814e-01
5.063699138240528409e+05	9.367843405744977758e-01	3.115441223390842951e-01
5.088722095577451400e+05	9.414135876818285897e-01	3.125549069088939813e-01
5.113858096635508700e+05	9.460637478775690834e-01	3.135690919139121347e-01
5.139107628702261718e+05	9.507349113099183846e-01	3.145866889315993009e-01
5.164471181103925337e+05	9.554271685042262652e-01	3.156077095794764253e-01
5.189949245213799295e+05	9.601406103645528933e-01	3.166321655152601888e-01
5.215542314460584312e+05	9.648753281752081579e-01	3.176600684370019523e-01
5.241250884336853051e+05	9.696314136023177488e-01	3.186914300832265901e-01
5.267075452407529810e+05	9.744089586953930127e-01	3.197262622330738213e-01
5.293016518318359740e+05	9.792080558888964781e-01	3.207645767064388198e-01
5.319074583804488648e+05	9.840287980038303628e-01	3.218063853641129901e-01
5.345250152698867023e+05	9.888712782492904418e-01	3.228517001079261872e-01
5.371543730941138929e+05	9.937355902241107319e-01	3.239005328808888806e-01
5.397955826585976174e+05	9.986218279184055913e-01	3.249528956673338742e-01
5.424486949811956147e+05	1.003530085715211850e+00	3.260088004930613015e-01
5.451137612930139294e+05	1.008460458392075765e+00	3.270682594254790132e-01
5.477908330392959761e+05	1.013413041122697589e+00	3.281312845737528461e-01
5.504799618802772602e+05	1.018387929478512977e+00	3.291978880889429582e-01
5.531811996920844540e+05	1.023385219430356097e+00	3.302680821641571507e-01
5.558945985676245764e+05	1.028405007350105427e+00	3.313418790346928655e-01
5.586202108174507739e+05	1.033447390012284028e+00	3.324192909781809591e-01
5.613580889706743183e+05	1.038512464595747531e+00	3.335003303147385800e-01
5.641082857758561149e+05	1.043600328685333922e+00	3.345850094071118330e-01
5.668708542018912267e+05	1.048711080273498686e+00	3.356733406608263803e-01
5.696458474389306502e+05	1.053844817762021657e+00	3.367653365243257757e-01
5.724333188992855139e+05	1.059001639963678354e+00	3.378610094891410509e-01
5.752333222183138132e+05	1.064181646103880663e+00	3.389603720900201678e-01
5.780459112553749001e+05	1.069384935822443428e+00	3.400634369050951067e-01
5.808711400947001530e+05	1.074611609175195159e+00	3.411702165560075439e-01
5.837090630463548005e+05	1.079861766635756393e+00	3.422807237080889298e-01
5.865597346471323399e+05	1.085135509097194806e+00	3.433949710704898850e-01
5.894232096615033224e+05	1.090432937873781150e+00	3.445129713963440143e-01
5.922995430825448129e+05	1.095754154702707872e+00	3.456347374829210617e-01
5.951887901328636799e+05	1.101099261745797753e+00	3.467602821717663542e-01
5.980910062655394431e+05	1.106468361591247840e+00	3.478896183488745519e-01
6.010062471650872612e+05	1.111861557255411359e+00	3.490227589448215983e-01
6.039345687483788934e+05	1.117278952184500795e+00	3.501597169349478511e-01
6.068760271656096447e+05	1.122720650256377795e+00	3.513005053394820942e-01
6.098306788012501784e+05	1.128186755782312867e+00	3.524451372237186741e-01
6.127985802750044968e+05	1.133677373508758413e+00	3.535936256981666026e-01
6.157797884427661775e+05	1.139192608619117308e+00	3.547459839187062647e-01
6.187743603976021986e+05	1.144732566735564117e+00	3.559022250867514003e-01
6.217823534707071958e+05	1.150297353920808341e+00	3.570623624494020376e-01
6.248038252323854249e+05	1.155887076679912973e+00	3.582264092996020333e-01
6.278388334930299316e+05	1.161501841962105264e+00	3.593943789763082153e-01
6.308874363040900789e+05	1.167141757162566629e+00	3.605662848646324359e-01
6.339496919590820326e+05	1.172806930124301816e+00	3.617421403960214832e-01
6.370256589945645537e+05	1.178497469139944354e+00	3.629219590484051849e-01
6.401153961911322549e+05	1.184213482953594632e+00	3.641057543463653845e-01
6.432189625744208461e+05	1.189955080762678641e+00	3.652935398612906504e-01
6.463364174160959665e+05	1.195722372219777618e+00	3.664853292115392014e-01
6.494678202348877676e+05	1.201515467434542295e+00	3.676811360626104919e-01
6.526132307975667063e+05	1.207334476975498339e+00	3.688809741273027520e-01
6.557727091199792922e+05	1.213179511871961713e+00	3.700848571658772457e-01
6.589463154680655571e+05	1.219050683615921393e+00	3.712927989862250255e-01
6.621341103588725673e+05	1.224948104163914087e+00	3.725048134440333558e-01
6.653361545615901705e+05	1.230871885938941812e+00	3.737209144429424201e-01
6.685525090985640418e+05	1.236822141832343513e+00	3.749411159347280642e-01
6.717832352463600691e+05	1.242798985205766149e+00	3.761654319194543961e-01
6.750283945367876440e+05	1.248802529893057178e+00	3.773938764456538086e-01
6.782880487579362234e+05	1.254832890202181916e+00	3.786264636104827441e-01
6.815622599552324973e+05	1.260890180917179970e+00	3.798632075599033264e-01
6.848510904324926669e+05	1.266974517300111458e+00	3.811041224888418455e-01
6.881546027529767016e+05	1.273086015093006784e+00	3.823492226413673922e-01
6.914728597404446919e+05	1.279224790519822630e+00	3.835985223108561160e-01
6.948059244802210014e+05	1.285390960288408824e+00	3.848520358401685271e-01
6.981538603202740196e+05	1.291584641592506966e+00	3.861097776218120892e-01
7.015167308722842718e+05	1.297805952113725958e+00	3.873717620981311227e-01
7.048946000127125299e+05	1.304055010023518202e+00	3.886380037614662886e-01
7.082875318838866660e+05	1.310331933985190211e+00	3.899085171543251183e-01
7.116955908951028250e+05	1.316636843155940317e+00	3.911833168695649232e-01
7.151188417236909736e+05	1.322969857188828424e+00	3.924624175505716517e-01
7.185573493161351653e+05	1.329331096234849907e+00	3.937458338914212042e-01
7.220111788891397882e+05	1.335720680944908478e+00	3.950335806370706693e-01
7.254803959307813784e+05	1.342138732471945595e+00	3.963256725835273553e-01
7.289650662015650887e+05	1.348585372472895560e+00	3.976221245780247049e-01
7.324652557355788304e+05	1.355060723110820708e+00	3.989229515192077580e-01
7.359810308415819891e+05	1.361564907056926677e+00	4.002281683572991855e-01
7.395124581041472265e+05	1.368098047492672498e+00	4.015377900942974088e-01
7.430596043847739929e+05	1.374660268111831840e+00	4.028518317841405239e-01
7.466225368230175227e+05	1.381251693122582447e+00	4.041703085328967049e-01
7.502013228376404149e+05	1.387872447249634655e+00	4.054932354989390086e-01
7.537960301277396502e+05	1.394522655736318173e+00	4.068206278931300601e-01
7.574067266738958424e+05	1.401202444346707265e+00	4.081525009790036851e-01
7.610334807393174851e+05	1.407911939367737508e+00	4.094888700729492070e-01
7.646763608709985856e+05	1.414651267611347407e+00	4.108297505443961883e-01
7.683354359008689644e+05	1.421420556416607583e+00	4.121751578160008922e-01
7.720107749469751725e+05	1.428219933651903917e+00	4.135251073638230301e-01
7.757024474146304419e+05	1.435049527717066287e+00	4.148796147175188298e-01
7.794105229976044502e+05	1.441909467545568146e+00	4.162386954605272749e-01
7.831350716792813037e+05	1.448799882606670364e+00	4.176023652302549016e-01
7.868761637338442961e+05	1.455720902907611913e+00	4.189706397182659803e-01
7.906338697274812730e+05	1.462672658995840314e+00	4.203435346704697539e-01
7.944082605195653159e+05	1.469655281961195881e+00	4.217210658872997397e-01
7.981994072638371726e+05	1.476668903438098868e+00	4.231032492239288900e-01
8.020073814096221467e+05	1.483713655607800996e+00	4.244901005904304636e-01
8.058322547030429123e+05	1.490789671200629440e+00	4.258816359519929651e-01
8.096740991882069502e+05	1.497897083498182846e+00	4.272778713290982244e-01
8.135329872084358940e+05	1.505036026335606403e+00	4.286788227977145760e-01
8.174089914074923145e+05	1.512206634103860692e+00	4.300845064894988079e-01
8.213021847307905555e+05	1.519409041751962341e+00	4.314949385919772396e-01
8.252126404266441241e+05	1.526643384789291513e+00	4.329101353487568304e-01
8.291404320474790875e+05	1.533909799287836329e+00	4.343301130597020387e-01
8.330856334510975285e+05	1.541208421884530555e+00	4.357548880811406566e-01
8.370483188018949004e+05	1.548539389783505582e+00	4.371844768260658709e-01
8.410285625721509568e+05	1.555902840758479400e+00	4.386188957643197828e-01
8.450264395432379097e+05	1.563298913154989922e+00	4.400581614228018523e-01
8.490420248069263762e+05	1.570727745892813942e+00	4.415022903856640757e-01
8.530753937666154234e+05	1.578189478468238427e+00	4.429512992945145999e-01
8.571266221386132529e+05	1.585684250956434616e+00	4.444052048486040185e-01
8.611957859534303425e+05	1.593212204013846112e+00	4.458640238050443627e-01
8.652829615570282331e+05	1.600773478880502143e+00	4.473277729789988388e-01
8.693882256121363025e+05	1.608368217382452281e+00	4.487964692438866088e-01
8.735116550995252328e+05	1.615996561934121667e+00	4.502701295315899577e-01
8.776533273193024797e+05	1.623658655540709539e+00	4.517487708326491935e-01
8.818133198922264855e+05	1.631354641800618843e+00	4.532324101964775309e-01
8.859917107610022649e+05	1.639084664907854316e+00	4.547210647315524379e-01
8.901885781915995758e+05	1.646848869654459202e+00	4.562147516056460628e-01
8.944040007745691109e+05	1.654647401432952858e+00	4.577134880459995947e-01
8.986380574263547314e+05	1.662480406238756370e+00	4.592172913395496381e-01
9.028908273906368995e+05	1.670348030672678341e+00	4.607261788331406538e-01
9.071623902396670310e+05	1.678250421943384030e+00	4.622401679337176938e-01
9.114528258755815914e+05	1.686187727869825848e+00	4.637592761085452819e-01
9.157622145317675313e+05	1.694160096883770006e+00	4.652835208854171900e-01
9.200906367742097937e+05	1.702167678032288078e+00	4.668129198528718216e-01
9.244381735028505791e+05	1.710210620980273655e+00	4.683474906603877219e-01
9.288049059529338265e+05	1.718289076012927685e+00	4.698872510186168916e-01
9.331909156963787973e+05	1.726403194038300670e+00	4.714322186995811848e-01
9.375962846431529615e+05	1.734553126589833072e+00	4.729824115368965187e-01
9.420210950426544296e+05	1.742739025828910604e+00	4.745378474259835389e-01
9.464654294850708684e+05	1.750961044547381107e+00	4.760985443242839454e-01
9.509293709027973237e+05	1.759219336170175119e+00	4.776645202514738786e-01
9.554130025718120160e+05	1.767514054757852282e+00	4.792357932896826322e-01
9.599164081130839186e+05	1.775845355009205040e+00	4.808123815837100912e-01
9.644396714939638041e+05	1.784213392263833242e+00	4.823943033412512182e-01
9.689828770296053262e+05	1.792618322504769823e+00	4.839815768330995582e-01
9.735461093843904091e+05	1.801060302361122245e+00	4.855742203933926526e-01
9.781294535733241355e+05	1.809539489110649768e+00	4.871722524198021098e-01
9.827329949634867953e+05	1.818056040682450636e+00	4.887756913737806852e-01
9.873568192754510092e+05	1.826610115659584421e+00	4.903845557807693933e-01
9.920010125847423915e+05	1.835201873281773421e+00	4.919988642304292115e-01
9.966656613232480595e+05	1.843831473448008795e+00	4.936186353768633461e-01
1.001350852280702675e+06	1.852499076719300142e+00	4.952438879388331716e-01
1.006056672606122214e+06	1.861204844321326046e+00	4.968746406999944298e-01
1.010783209809276974e+06	1.869948938147162565e+00	4.985109125091191085e-01
1.015530551762158400e+06	1.878731520759993279e+00	5.001527222803268113e-01
1.020298786700441386e+06	1.887552755395816462e+00	5.018000889933051933e-01
1.025088003224988468e+06	1.896412805966228632e+00	5.034530316935358352e-01
1.029898290303306538e+06	1.905311837061117064e+00	5.051115694925459865e-01
1.034729737271063495e+06	1.914250013951467544e+00	5.067757215681100158e-01
1.039582433833565563e+06	1.923227502592096183e+00	5.084455071644992108e-01
1.044456470067279995e+06	1.932244469624468053e+00	5.101209455927095959e-01
1.049351936421324266e+06	1.941301082379450094e+00	5.118020562306824228e-01
1.054268923718989827e+06	1.950397508880131303e+00	5.134888585235602987e-01
1.059207523159284843e+06	1.959533917844677120e+00	5.151813719839025696e-01
1.064167826318444917e+06	1.968710478689123189e+00	5.168796161919336773e-01
1.069149925151440781e+06	1.977927361530165351e+00	5.185836107957655372e-01
1.074153911993566435e+06	1.987184737188097738e+00	5.202933755116481152e-01
1.079179879561949987e+06	1.996482777189607427e+00	5.220089301241968016e-01
1.084227920957137365e+06	2.005821653770703872e+00	5.237302944866358834e-01
1.089298129664624343e+06	2.015201539879555082e+00	5.254574885210381296e-01
1.094390599556435132e+06	2.024622609179405064e+00	5.271905322185574949e-01
1.099505424892665586e+06	2.034085036051431317e+00	5.289294456396863575e-01
1.104642700323128141e+06	2.043588995597787061e+00	5.306742489144781194e-01
1.109802520888849627e+06	2.053134663644371916e+00	5.324249622428101070e-01
1.114984982023726450e+06	2.062722216743893888e+00	5.341816058946039503e-01
1.120190179556107614e+06	2.072351832178799036e+00	5.359442002100867075e-01
1.125418209710381925e+06	2.082023687964206449e+00	5.377127656000358913e-01
1.130669169108603150e+06	2.091737962850916066e+00	5.394873225460172783e-01
1.135943154772087932e+06	2.101494836328362759e+00	5.412678916006404828e-01
1.141240264123051660e+06	2.111294488627645460e+00	5.430544933877939906e-01
1.146560594986233395e+06	2.121137100724531876e+00	5.448471486029083932e-01
1.151904245590551291e+06	2.131022854342520034e+00	5.466458780132027462e-01
1.157271314570709132e+06	2.140951931955811904e+00	5.484507024579285961e-01
1.162661900968874106e+06	2.150924516792417140e+00	5.502616428486227784e-01
1.168076104236314306e+06	2.160940792837181323e+00	5.520787201693669877e-01
1.173514024235076504e+06	2.171000944834891477e+00	5.539019554770370224e-01
1.178975761239633430e+06	2.181105158293321633e+00	5.557313699015500319e-01
1.184461415938583901e+06	2.191253619486380089e+00	5.575669846461307477e-01
1.189971089436325477e+06	2.201446515457202491e+00	5.594088209875562878e-01
1.195504883254728978e+06	2.211684034021248468e+00	5.612569002764241644e-01
1.201062899334861198e+06	2.221966363769493302e+00	5.631112439374023060e-01
1.206645240038675023e+06	2.232293694071548984e+00	5.649718734694908484e-01
1.212252008150687674e+06	2.242666215078771952e+00	5.668388104462808164e-01
1.217883306879746960e+06	2.253084117727531588e+00	5.687120765162082536e-01
1.223539239860749571e+06	2.263547593742386788e+00	5.705916934028283372e-01
1.229219911156333052e+06	2.274056835639215901e+00	5.724776829050689519e-01
1.234925425258630421e+06	2.284612036728466578e+00	5.743700668974968115e-01
1.240655887091032928e+06	2.295213391118410939e+00	5.762688673305734754e-01
1.246411402009919751e+06	2.305861093718351906e+00	5.781741062309377899e-01
1.252192075806435430e+06	2.316555340241905458e+00	5.800858057016495817e-01
1.257998014708215604e+06	2.327296327210198967e+00	5.820039879224819801e-01
1.263829325381203787e+06	2.338084251955226733e+00	5.839286751501624462e-01
1.269686114931412041e+06	2.348919312623112265e+00	5.858598897186614307e-01
1.275568490906707244e+06	2.359801708177408308e+00	5.877976540394558302e-01
1.281476561298595741e+06	2.370731638402402197e+00	5.897419906017953295e-01
1.287410434544051765e+06	2.381709303906495823e+00	5.916929219729779588e-01
1.293370219527274137e+06	2.392734906125457250e+00	5.936504707986223206e-01
1.299356025581564521e+06	2.403808647325894388e+00	5.956146598029462558e-01
1.305367962491096696e+06	2.414930730608528808e+00	5.975855117890299661e-01
1.311406140492788050e+06	2.426101359911657873e+00	5.995630496391035624e-01
1.317470670278106350e+06	2.437320740014496501e+00	6.015472963148109642e-01
1.323561662994917948e+06	2.448589076540597986e+00	6.035382748574998901e-01
1.329679230249372311e+06	2.459906575961338770e+00	6.055360083884869793e-01
1.335823484107709024e+06	2.471273445599261986e+00	6.075405201093529994e-01
1.341994537098176777e+06	2.482689893631627065e+00	6.095518333022128532e-01
1.348192502212853404e+06	2.494156129093778596e+00	6.115699713299926898e-01
1.354417492909564404e+06	2.505672361882694155e+00	6.135949576367221159e-01
1.360669623113773298e+06	2.517238802760480620e+00	6.156268157478121950e-01
1.366949007220465923e+06	2.528855663357862049e+00	6.176655692703439948e-01
1.373255760096048005e+06	2.540523156177688868e+00	6.197112418933511391e-01
1.379589997080276487e+06	2.552241494598511462e+00	6.217638573881039132e-01
1.385951833988171071e+06	2.564010892878116454e+00	6.238234396083998101e-01
1.392341387111929012e+06	2.575831566157068764e+00	6.258900124908480800e-01
1.398758773222882301e+06	2.587703730462332263e+00	6.279636000551637176e-01
1.405204109573421534e+06	2.599627602710829599e+00	6.300442264044543439e-01
1.411677513898975449e+06	2.611603400713104151e+00	6.321319157255141929e-01
1.418179104419908253e+06	2.623631343176830555e+00	6.342266922891156566e-01
1.424708999843553407e+06	2.635711649710573923e+00	6.363285804502999410e-01
1.431267319366160315e+06	2.647844540827396731e+00	6.384376046486759382e-01
1.437854182674869662e+06	2.660030237948508791e+00	6.405537894087151018e-01
1.444469709949724376e+06	2.672268963406990050e+00	6.426771593400465443e-01
1.451114021865630290e+06	2.684560940451415689e+00	6.448077391377492473e-01
1.457787239594398998e+06	2.696906393249637990e+00	6.469455535826638126e-01
1.464489484806755790e+06	2.709305546892498473e+00	6.490906275416786775e-01
1.471220879674330121e+06	2.721758627397511177e+00	6.512429859680350930e-01
1.477981546871739905e+06	2.734265861712718682e+00	6.534026539016416502e-01
1.484771609578575008e+06	2.746827477720363397e+00	6.555696564693533901e-01
1.491591191481481772e+06	2.759443704240741368e+00	6.577440188852917702e-01
1.498440416776200058e+06	2.772114771035970371e+00	6.599257664511487542e-01
1.505319410169633571e+06	2.784840908813821958e+00	6.621149245564896813e-01
1.512228296881919727e+06	2.797622349231551286e+00	6.643115186790599092e-01
1.519167202648493694e+06	2.810459324899713618e+00	6.665155743850962322e-01
1.526136253722215770e+06	2.823352069386099394e+00	6.687271173296268634e-01
1.533135576875415863e+06	2.836300817219519210e+00	6.709461732567981729e-01
1.540165299402046017e+06	2.849305803893785072e+00	6.731727680001718950e-01
1.547225549119759584e+06	2.862367265871555322e+00	6.754069274830379888e-01
1.554316454372033244e+06	2.875485440588261721e+00	6.776486777187513688e-01
1.561438144030328607e+06	2.888660566456108025e+00	6.798980448110125696e-01
1.568590747496194206e+06	2.901892882867959322e+00	6.821550549542005903e-01
1.575774394703456899e+06	2.915182630201395231e+00	6.844197344336970801e-01
1.582989216120304074e+06	2.928530049822562820e+00	6.866921096261834334e-01
1.590235342751533492e+06	2.941935384090336836e+00	6.889722069999850707e-01
1.597512906140662031e+06	2.955398876360224580e+00	6.912600531153788586e-01
1.604822038372145267e+06	2.968920770988468849e+00	6.935556746249024185e-01
1.612162872073548613e+06	2.982501313336064719e+00	6.958590982737052899e-01
1.619535540417743148e+06	2.996140749772824741e+00	6.981703508998494678e-01
1.626940177125125658e+06	3.009839327681482324e+00	7.004894594346458003e-01
1.634376916465850314e+06	3.023597295461822654e+00	7.028164509029661833e-01
1.641845893262005644e+06	3.037414902534710581e+00	7.051513524235966113e-01
1.649347242889895104e+06	3.051292399346305473e+00	7.074941912095354946e-01
1.656881101282257121e+06	3.065230037372175698e+00	7.098449945683447115e-01
1.664447604930531234e+06	3.079228069121482392e+00	7.122037899024726837e-01
1.672046890887118876e+06	3.093286748141169884e+00	7.145706047095821134e-01
1.679679096767637646e+06	3.107406329020129920e+00	7.169454665828903783e-01
1.687344360753208632e+06	3.121587067393436055e+00	7.193284032115028204e-01
1.695042821592747699e+06	3.135829219946582924e+00	7.217194423807478110e-01
1.702774618605277967e+06	3.150133044419764161e+00	7.241186119724939418e-01
1.710539891682214336e+06	3.164498799612096569e+00	7.265259399655304984e-01
1.718338781289672945e+06	3.178926745385895369e+00	7.289414544358654435e-01
1.726171428470839513e+06	3.193417142671053366e+00	7.313651835570830206e-01
1.734037974848258542e+06	3.207970253469278443e+00	7.337971556006793739e-01
1.741938562626190018e+06	3.222586340858451415e+00	7.362373989364211502e-01
1.749873334592982894e+06	3.237265668997018508e+00	7.386859420326667980e-01
1.757842434123405255e+06	3.252008503128299921e+00	7.411428134567262793e-01
1.765846005181068787e+06	3.266815109584977339e+00	7.436080418751958021e-01
1.773884192320754752e+06	3.281685755793396275e+00	7.460816560543214182e-01
1.781957140690791653e+06	3.296620710277964772e+00	7.485636848603332005e-01
1.790064996035556309e+06	3.311620242665779479e+00	7.510541572597920768e-01
1.798207904697785620e+06	3.326684623690903120e+00	7.535531023199655287e-01
1.806386013621041784e+06	3.341814125198927066e+00	7.560605492091452273e-01
1.814599470352123957e+06	3.357009020151429102e+00	7.585765271970292822e-01
1.822848423043518560e+06	3.372269582630508911e+00	7.611010656550674103e-01
1.831133020455841674e+06	3.387596087843306680e+00	7.636341940567996645e-01
1.839453411960317288e+06	3.402988812126586993e+00	7.661759419782437908e-01
1.847809747541220859e+06	3.418448032951258764e+00	7.687263390982390643e-01
1.856202177798371995e+06	3.433974028926988442e+00	7.712854151987995621e-01
1.864630853949621087e+06	3.449567079806798997e+00	7.738532001654881975e-01
1.873095927833337570e+06	3.465227466491674679e+00	7.764297239877662182e-01
1.881597551910938229e+06	3.480955471035235949e+00	7.790150167593659081e-01
1.890135879269391065e+06	3.496751376648373544e+00	7.816091086786649544e-01
1.898711063623757102e+06	3.512615467703950500e+00	7.842120300490252882e-01
1.907323259319722420e+06	3.528548029741486403e+00	7.868238112791802186e-01
1.915972621336136712e+06	3.544549349471852739e+00	7.894444828835922578e-01
1.924659305287587456e+06	3.560619714782037093e+00	7.920740754828431429e-01
1.933383467426961055e+06	3.576759414739878018e+00	7.947126198039796696e-01
1.942145264648030978e+06	3.592968739598857209e+00	7.973601466809162597e-01
1.950944854488036362e+06	3.609247980802867239e+00	8.000166870547618103e-01
1.959782395130292745e+06	3.625597430991041481e+00	8.026822719742525702e-01
1.968658045406811405e+06	3.642017384002601332e+00	8.053569325960833192e-01
1.977571964800884482e+06	3.658508134881636398e+00	8.080407001853036064e-01
1.986524313449753448e+06	3.675069979882043647e+00	8.107336061157000007e-01
1.995515252147248248e+06	3.691703216472409288e+00	8.134356818701765635e-01
2.004544942346421070e+06	3.708408143340879093e+00	8.161469590411218888e-01
2.013613546162207378e+06	3.725185060400083348e+00	8.188674693308046759e-01
2.022721226374126971e+06	3.742034268792135077e+00	8.215972445517704115e-01
2.031868146428950829e+06	3.758956070893558987e+00	8.243363166271939768e-01
2.041054470443398925e+06	3.775950770320287919e+00	8.270847175913069727e-01
2.050280363206848036e+06	3.793018671932669061e+00	8.298424795897523243e-01
2.059545990184052847e+06	3.810160081840497703e+00	8.326096348799849611e-01
2.068851517517863773e+06	3.827375307408047878e+00	8.353862158316737174e-01
2.078197112031963188e+06	3.844664657259131868e+00	8.381722549270885780e-01
2.087582941233631689e+06	3.862028441282218338e+00	8.409677847614849266e-01
2.097009173316498753e+06	3.879466970635522927e+00	8.437728380435201014e-01
2.106475977163320873e+06	3.896980557752143692e+00	8.465874475956267631e-01
2.115983522348749451e+06	3.914569516345186351e+00	8.494116463544221229e-01
2.125531979142143857e+06	3.932234161412965889e+00	8.522454673711116202e-01
2.135121518510356080e+06	3.949974809244158891e+00	8.550889438118881580e-01
2.144752312120576855e+06	3.967791777423067323e+00	8.579421089583277871e-01
2.154424532343122642e+06	3.985685384834777079e+00	8.608049962078054840e-01
2.164138352254347876e+06	4.003655951670543445e+00	8.636776390738899467e-01
2.173893945639369078e+06	4.021703799432832405e+00	8.665600711867438299e-01
2.183691486995023210e+06	4.039829250940792704e+00	8.694523262935623942e-01
2.193531151532784104e+06	4.058032630335650204e+00	8.723544382589464297e-01
2.203413115181494970e+06	4.076314263085765610e+00	8.752664410653432370e-01
2.213337554590384476e+06	4.094674475992211349e+00	8.781883688134421995e-01
2.223304647131958976e+06	4.113113597194123727e+00	8.811202557225872312e-01
2.233314570904902648e+06	4.131631956174070197e+00	8.840621361312022142e-01
2.243367504736987408e+06	4.150229883763426386e+00	8.870140444972069993e-01
2.253463628188027069e+06	4.168907712147849942e+00	8.899760153984390687e-01
2.263603121552882716e+06	4.187665774872833424e+00	8.929480835330494415e-01
2.273786165864353534e+06	4.206504406849053801e+00	8.959302837199557557e-01
2.284012942896236666e+06	4.225423944358038142e+00	8.989226508992445019e-01
2.294283635166218039e+06	4.244424725057503345e+00	9.019252201326144469e-01
2.304598425938928965e+06	4.263507087987019162e+00	9.049380266037686527e-01
2.314957499228998553e+06	4.282671373573647244e+00	9.079611056188875429e-01
2.325361039804012980e+06	4.301917923637424757e+00	9.109944926070198123e-01
2.335809233187548816e+06	4.321247081396965228e+00	9.140382231205311792e-01
2.346302265662323684e+06	4.340659191475299217e+00	9.170923328355340409e-01
2.356840324273125734e+06	4.360154599905282424e+00	9.201568575523129123e-01
2.367423596829977352e+06	4.379733654135458565e+00	9.232318331957769519e-01
2.378052271911186632e+06	4.399396703035695744e+00	9.263172958158715220e-01
2.388726538866446353e+06	4.419144096902925867e+00	9.294132815880394860e-01
2.399446587819955312e+06	4.438976187466916912e+00	9.325198268136496438e-01
2.410212609673538245e+06	4.458893327896046088e+00	9.356369679204444845e-01
2.421024796109808609e+06	4.478895872803145828e+00	9.387647414629626264e-01
2.431883339595269412e+06	4.498984178251248522e+00	9.419031841230125490e-01
2.442788433383478783e+06	4.519158601759436067e+00	9.450523327100976978e-01
2.453740271518270485e+06	4.539419502308800425e+00	9.482122241618755609e-01
2.464739048836911563e+06	4.559767240348286066e+00	9.513828955445967628e-01
2.475784960973287467e+06	4.580202177800581254e+00	9.545643840535628089e-01
2.486878204361137934e+06	4.600724678068105256e+00	9.577567270135761701e-01
2.498018976237280760e+06	4.621335106038968910e+00	9.609599618793965847e-01
2.509207474644827191e+06	4.642033828092930747e+00	9.641741262361868126e-01
2.520443898436433170e+06	4.662821212107401081e+00	9.673992577999855902e-01
