0.000000000000000000e+00
3.706856885365094058e+03
7.427454558697063476e+03
1.116184395513089839e+04
1.491007619861769490e+04
1.867220260259881616e+04
2.244827467074664310e+04
2.623834409763687290e+04
3.004246276947890874e+04
3.386068276481342036e+04
3.769305635522666853e+04
4.153963600606727414e+04
4.540047437717416324e+04
4.927562432358390652e+04
5.316513889625645243e+04
5.706907134279911406e+04
6.098747510821116157e+04
6.492040383560373448e+04
6.886791136692604050e+04
7.283005174372275360e+04
7.680687920786230825e+04
8.079844820226216689e+04
8.480481337167508900e+04
8.882602956340578385e+04
9.286215182805992663e+04
9.691323542031575926e+04
1.009793357996805571e+05
1.050605086312361527e+05
1.091568097864035517e+05
1.132682953437124379e+05
1.173950215895646252e+05
1.215370450190133415e+05
1.256944223365352955e+05
1.298672104567955248e+05
1.340554665054259822e+05
1.382592478198250756e+05
1.424786119499339256e+05
1.467136166590240318e+05
1.509643199244814459e+05
1.552307799386051483e+05
1.595130551094035618e+05
1.638112040614094585e+05
1.681252856364557520e+05
1.724553588944866788e+05
1.768014831143873744e+05
1.811637177947792225e+05
1.855421226548354607e+05
1.899367576350884046e+05
1.943476828982797451e+05
1.987749588301519398e+05
2.032186460402968805e+05
2.076788053629710339e+05
2.121554978579415474e+05
2.166487848113158252e+05
2.211587277363690082e+05
2.256853883744052146e+05
2.302288286955873482e+05
2.347891108998139389e+05
2.393662974175342824e+05
2.439604509106071200e+05
2.485716342731872573e+05
2.531999106325642206e+05
2.578453433500286192e+05
2.625079960217571352e+05
2.671879324796388391e+05
2.718852167922069784e+05
2.765999132654711138e+05
2.813320864438142162e+05
2.860818011108909268e+05
2.908491222904799506e+05
2.956341152474067640e+05
3.004368454884295352e+05
3.052573787631087471e+05
3.100957810647520237e+05
3.149521186312842183e+05
3.198264579461552203e+05
3.247188657392808236e+05
3.296294089879200328e+05
3.345581549176136032e+05
3.395051710030909162e+05
3.444705249692082871e+05
3.494542847918595653e+05
3.544565186989260837e+05
3.594772951711933129e+05
3.645166829432980157e+05
3.695747510046632960e+05
3.746515686004490126e+05
3.797472052324921824e+05
3.848617306602727622e+05
3.899952149018521886e+05
3.951477282348345034e+05
4.003193411973451730e+05
4.055101245889710262e+05
4.107201494717611931e+05
4.159494871711509768e+05
4.211982092770037707e+05
4.264663876445349306e+05
4.317540943953169044e+05
4.370614019182769116e+05
4.423883828706701752e+05
4.477351101790843531e+05
4.531016570404341910e+05
4.584880969229666516e+05
4.638945035672709346e+05
4.693209509872687049e+05
4.747675134712490253e+05
4.802342655828753486e+05
4.857212821622057818e+05
4.912286383267187048e+05
4.967564094723500311e+05
5.023046712745185941e+05
5.078734996891471092e+05
5.134629709537313320e+05
5.190731615883547347e+05
5.247041483967667446e+05
5.303560084673976526e+05
5.360288191744477954e+05
5.417226581789276097e+05
5.474376034297225997e+05
5.531737331646683160e+05
5.589311259116213769e+05
5.647098604895179160e+05
5.705100160094727762e+05
5.763316718758530915e+05
5.821749077873649076e+05
5.880398037381470203e+05
5.939264400188701693e+05
5.998348972178201657e+05
6.057652562220213003e+05
6.117175982183259912e+05
6.176920046945479698e+05
6.236885574405512307e+05
6.297073385493871756e+05
6.357484304184254725e+05
6.418119157504497562e+05
6.478978775548231788e+05
6.540063991486157756e+05
6.601375641577425413e+05
6.662914565180900972e+05
6.724681604767143726e+05
6.786677605929351412e+05
6.848903417395274155e+05
6.911359891038879286e+05
6.974047881891874131e+05
7.036968248155415058e+05
7.100121851211916655e+05
7.163509555636737496e+05
7.227132229210087098e+05
7.290990742929049302e+05
7.355085971019230783e+05
7.419418790947101079e+05
7.483990083431364037e+05
7.548800732455737889e+05
7.613851625280762091e+05
7.679143652455797419e+05
7.744677707831291482e+05
7.810454688571114093e+05
7.876475495164939202e+05
7.942741031440328807e+05
8.009252204575086944e+05
8.076009925109972246e+05
8.143015106960756239e+05
8.210268667431308422e+05
8.277771527225442696e+05
8.345524610460265540e+05
8.413528844678255264e+05
8.481785160860104952e+05
8.550294493437486235e+05
8.619057780306101777e+05
8.688075962838050909e+05
8.757349985895184800e+05
8.826880797841674648e+05
8.896669350557050202e+05
8.966716599449650384e+05
9.037023503469126299e+05
9.107591025119812693e+05
9.178420130474071484e+05
9.249511789185185917e+05
9.320866974500908982e+05
9.392486663276627660e+05
9.464371835988739040e+05
9.536523476748268586e+05
9.608942573314183392e+05
9.681630117106849793e+05
9.754587103221626021e+05
9.827814530442797113e+05
9.901313401256764773e+05
9.975084721866028849e+05
1.004912950220302679e+06
1.012344875594385201e+06
1.019804350052215159e+06
1.027291475714299362e+06
1.034806355079699773e+06
1.042349091027405113e+06
1.049919786817795597e+06
1.057518546094012680e+06
1.065145472883366980e+06
1.072800671598801622e+06
1.080484247040308546e+06
1.088196304396348307e+06
1.095936949245298048e+06
1.103706287556908093e+06
1.111504425693729427e+06
1.119331470412602648e+06
1.127187528866071254e+06
1.135072708603914827e+06
1.142987117574564181e+06
1.150930864126593806e+06
1.158904057010224089e+06
1.166906805378797464e+06
1.174939218790256884e+06
1.183001407208685763e+06
1.191093481005762238e+06
1.199215550962302834e+06
1.207367728269792628e+06
1.215550124531860463e+06
1.223762851765850559e+06
1.232006022404338699e+06
1.240279749296670314e+06
1.248584145710492507e+06
1.256919325333343353e+06
1.265285402274175547e+06
1.273682491064908914e+06
1.282110706662048586e+06
1.290570164448208641e+06
1.299060980233704671e+06
1.307583270258160308e+06
1.316137151192069519e+06
1.324722740138422698e+06
1.333340154634274077e+06
1.341989512652383186e+06
1.350670932602816261e+06
1.359384533334563486e+06
1.368130434137179516e+06
1.376908754742401186e+06
1.385719615325804334e+06
1.394563136508428492e+06
1.403439439358443487e+06
1.412348645392789505e+06
1.421290876578865573e+06
1.430266255336182658e+06
1.439274904538048431e+06
1.448316947513235267e+06
1.457392508047684096e+06
1.466501710386193357e+06
1.475644679234112613e+06
1.484821539759049658e+06
1.494032417592609767e+06
1.503277438832086511e+06
1.512556730042201467e+06
1.521870418256837875e+06
1.531218630980753340e+06
1.540601496191376820e+06
1.550019142340506893e+06
1.559471698356105946e+06
1.568959293644056655e+06
1.578482058089927305e+06
1.588040122060747817e+06
1.597633616406807210e+06
1.607262672463443130e+06
1.616927422052825801e+06
1.626627997485768981e+06
1.636364531563546043e+06
1.646137157579707913e+06
1.655946009321908467e+06
1.665791221073726658e+06
1.675672927616510540e+06
1.685591264231231529e+06
1.695546366700326093e+06
1.705538371309552807e+06
1.715567414849865250e+06
1.725633634619275108e+06
1.735737168424748816e+06
1.745878154584078118e+06
1.756056731927775312e+06
1.766273039800980128e+06
1.776527218065366149e+06
1.786819407101055607e+06
1.797149747808541171e+06
1.807518381610601675e+06
1.817925450454261620e+06
1.828371096812728792e+06
1.838855463687320240e+06
1.849378694609450176e+06
1.859940933642585762e+06
1.870542325384198222e+06
1.881183014967787080e+06
1.891863148064818699e+06
1.902582870886757970e+06
1.913342330187051091e+06
1.924141673263134900e+06
1.934981047958453652e+06
1.945860602664499544e+06
1.956780486322815530e+06
1.967740848427056801e+06
1.978741839025027119e+06
1.989783608720746823e+06
2.000866308676486835e+06
2.011990090614866000e+06
2.023155106820917223e+06
2.034361510144168045e+06
2.045609454000737518e+06
2.056899092375434935e+06
2.068230579823873006e+06
2.079604071474583354e+06
2.091019723031134345e+06
2.102477690774258692e+06
2.113978131564001087e+06
2.125521202841869555e+06
2.137107062632982619e+06
2.148735869548232295e+06
2.160407782786464319e+06
2.172122962136653252e+06
2.183881567980081774e+06
2.195683761292536277e+06
2.207529703646533191e+06
2.219419557213514112e+06
2.231353484766054899e+06
2.243331649680108763e+06
2.255354215937249828e+06
2.267421348126904573e+06
2.279533211448601447e+06
2.291689971714244690e+06
2.303891795350388624e+06
2.316138849400494248e+06
2.328431301527217496e+06
2.340769320014749654e+06
2.353153073771060444e+06
2.365582732330262661e+06
2.378058465854871087e+06
2.390580445138192736e+06
2.403148841606646311e+06
2.415763827322085388e+06
2.428425574984176084e+06
2.441134257932761684e+06
2.453890050150251482e+06
2.466693126263944432e+06
2.479543661548484582e+06
2.492441831928223372e+06
2.505387813979648519e+06
2.518381784933784977e+06
2.531423922678611241e+06
2.544514405761536211e+06
2.557653413391816430e+06
2.570841125442992430e+06
2.584077722455397248e+06
2.597363385638569016e+06
2.610698296873795800e+06
2.624082638716544490e+06
2.637516594399005175e+06
2.651000347832581028e+06
2.664534083610410802e+06
2.678117987009904347e+06
2.691752243995233439e+06
2.705437041219959036e+06
2.719172566029494628e+06
2.732959006463746075e+06
2.746796551259651780e+06
2.760685389853750821e+06
2.774625712384820916e+06
2.788617709696456790e+06
2.802661573339657858e+06
2.816757495575512759e+06
2.830905669377752580e+06
2.845106288435478695e+06
2.859359547155730426e+06
2.873665640666213352e+06
2.888024764817928430e+06
2.902437116187877953e+06
2.916902892081723548e+06
2.931422290536548477e+06
2.945995510323502123e+06
2.960622750950564165e+06
2.975304212665269617e+06
2.990040096457413398e+06
3.004830604061854538e+06
3.019675937961249612e+06
3.034576301388818771e+06
3.049531898331153672e+06
3.064542933530996554e+06
3.079609612490019295e+06
3.094732141471686773e+06
3.109910727504032198e+06
3.125145578382514417e+06
3.140436902672876604e+06
3.155784909713968169e+06
3.171189809620637912e+06
3.186651813286608551e+06
3.202171132387321442e+06
3.217747979382899590e+06
3.233382567521007732e+06
3.249075110839814879e+06
3.264825824170873500e+06
3.280634923142085783e+06
3.296502624180668034e+06
3.312429144516109489e+06
3.328414702183119021e+06
3.344459516024624929e+06
3.360563805694796145e+06
3.376727791662014090e+06
3.392951695211908780e+06
3.409235738450383767e+06
3.425580144306658767e+06
3.441985136536316015e+06
3.458450939724379219e+06
3.474977779288371094e+06
3.491565881481387652e+06
3.508215473395229317e+06
3.524926782963494770e+06
3.541700038964698091e+06
3.558535471025408246e+06
3.575433309623357840e+06
3.592393786090667360e+06
3.609417132616948336e+06
3.626503582252518274e+06
3.643653368911558762e+06
3.660866727375352755e+06
3.678143893295493908e+06
3.695485103197092190e+06
3.712890594482009299e+06
3.730360605432134122e+06
3.747895375212645158e+06
3.765495143875250593e+06
3.783160152361505665e+06
3.800890642506101169e+06
3.818686857040164992e+06
3.836549039594611153e+06
3.854477434703444131e+06
3.872472287807135843e+06
3.890533845255954191e+06
3.908662354313364252e+06
3.926858063159389421e+06
3.945121220894026570e+06
3.963452077540668659e+06
3.981850884049477056e+06
4.000317892300885171e+06
4.018853355108977295e+06
4.037457526225008070e+06
4.056130660340825096e+06
4.074873013092420064e+06
4.093684841063369997e+06
4.112566401788351126e+06
4.131517953756711446e+06
4.150539756415968761e+06
4.169632070175395347e+06
4.188795156409529969e+06
4.208029277461810969e+06
4.227334696648152545e+06
4.246711678260534070e+06
4.266160487570625730e+06
4.285681390833417885e+06
4.305274655290876515e+06
4.324940549175601453e+06
4.344679341714472510e+06
4.364491303132379428e+06
4.384376704655881040e+06
4.404335818516937084e+06
4.424368917956637219e+06
4.444476277228929102e+06
4.464658171604386531e+06
4.484914877373965457e+06
4.505246671852803789e+06
4.525653833383994177e+06
4.546136641342420131e+06
4.566695376138559543e+06
4.587330319222334772e+06
4.608041753086953424e+06
4.628829961272801273e+06
4.649695228371300735e+06
4.670637840028807521e+06
4.691658082950532436e+06
4.712756244904461317e+06
4.733932614725301042e+06
4.755187482318415307e+06
4.776521138663815334e+06
4.797933875820131041e+06
4.819425986928612925e+06
4.840997766217140481e+06
4.862649509004243650e+06
4.884381511703179218e+06
4.906194071825952269e+06
4.928087487987406552e+06
4.950062059909306467e+06
4.972118088424433954e+06
4.994255875480721705e+06
5.016475724145392887e+06
5.038777938609075733e+06
5.061162824190004729e+06
5.083630687338175252e+06
5.106181835639559664e+06
5.128816577820291743e+06
5.151535223750930279e+06
5.174338084450666793e+06
5.197225472091582604e+06
5.220197700002964586e+06
5.243255082675557584e+06
5.266397935765868053e+06
5.289626576100502163e+06
5.312941321680493653e+06
5.336342491685675457e+06
5.359830406479019672e+06
5.383405387611029670e+06
5.407067757824177854e+06
5.430817841057268903e+06
5.454655962449925952e+06
5.478582448347003199e+06
5.502597626303063706e+06
5.526701825086890720e+06
5.550895374685939401e+06
5.575178606310907751e+06
5.599551852400219068e+06
5.624015446624606848e+06
5.648569723891696893e+06
5.673215020350534469e+06
5.697951673396247439e+06
5.722780021674633957e+06
5.747700405086769722e+06
5.772713164793753065e+06
5.797818643221281469e+06
5.823017184064376168e+06
5.848309132292087190e+06
5.873694834152237512e+06
5.899174637176115997e+06
5.924748890183271840e+06
5.950417943286292255e+06
5.976182147895535454e+06
6.002041856724032201e+06
6.027997423792249523e+06
6.054049204432962462e+06
6.080197555296123959e+06
6.106442834353722632e+06
6.132785400904696435e+06
6.159225615579879843e+06
6.185763840346867219e+06
6.212400438515065238e+06
6.239135774740577675e+06
6.265970215031275526e+06
6.292904126751726493e+06
6.319937878628282808e+06
6.347071840754121542e+06
6.374306384594301693e+06
6.401641882990831509e+06
6.429078710167804733e+06
6.456617241736522876e+06
6.484257854700589553e+06
6.512000927461135201e+06
6.539846839821967296e+06
6.567795972994763404e+06
6.595848709604299627e+06
6.624005433693680912e+06
6.652266530729634687e+06
6.680632387607722543e+06
6.709103392657680437e+06
6.737679935648748651e+06
6.766362407794968225e+06
6.795151201760546304e+06
6.824046711665259674e+06
6.853049333089811727e+06
6.882159463081294671e+06
6.911377500158577226e+06
6.940703844317767769e+06
6.970138897037727758e+06
6.999683061285532080e+06
7.029336741521994583e+06
7.059100343707222492e+06
7.088974275306141935e+06
7.118958945294097997e+06
7.149054764162462205e+06
7.179262143924213946e+06
7.209581498119623400e+06
7.240013241821898147e+06
7.270557791642846540e+06
7.301215565738609061e+06
7.331986983815364540e+06
7.362872467135095038e+06
7.393872438521331176e+06
7.424987322364943102e+06
7.456217544629966840e+06
7.487563532859431580e+06
7.519025716181179509e+06
7.550604525313803926e+06
7.582300392572499812e+06
7.614113751874970272e+06
7.646045038747427985e+06
7.678094690330486745e+06
7.710263145385188982e+06
7.742550844299009070e+06
7.774958229091851041e+06
7.807485743422152475e+06
7.840133832592917606e+06
7.872902943557804450e+06
7.905793524927310646e+06
7.938806026974821463e+06
7.971940901642855257e+06
8.005198602549193427e+06
8.038579584993133321e+06
8.072084305961681530e+06
8.105713224135845900e+06
8.139466799896892160e+06
8.173345495332650840e+06
8.207349774243859574e+06
8.241480102150483057e+06
8.275736946298103780e+06
8.310120775664325804e+06
8.344632060965172946e+06
8.379271274661570787e+06
8.414038890965757892e+06
8.448935385847827420e+06
8.483961237042225897e+06
8.519116924054289237e+06
8.554402928166810423e+06
8.589819732446635142e+06
8.625367821751268581e+06
8.661047682735495269e+06
8.696859803858088329e+06
8.732804675388436764e+06
8.768882789413312450e+06
8.805094639843583107e+06
8.841440722420934588e+06
8.877921534724758938e+06
8.914537576178846881e+06
8.951289348058322445e+06
8.988177353496426716e+06
9.025202097491471097e+06
9.062364086913730949e+06
9.099663830512356013e+06
9.137101838922364637e+06
9.174678624671621248e+06
9.212394702187858522e+06
9.250250587805733085e+06
9.288246799773849547e+06
9.326383858261926100e+06
9.364662285367840901e+06
9.403082605124834925e+06
9.441645343508657068e+06
9.480351028444783762e+06
9.519200189815618098e+06
9.558193359467769042e+06
9.597331071219326928e+06
9.636613860867166892e+06
9.676042266194293275e+06
9.715616826977182180e+06
9.755338084993194789e+06
9.795206584027972072e+06
9.835222869882907718e+06
9.875387490382593125e+06
9.915700995382331312e+06
9.956163936775650829e+06
9.996776868501869962e+06
1.003754034655369632e+07
1.007845492898480594e+07
1.011952117591751739e+07
1.016073964955042489e+07
1.020211091416611895e+07
1.024363553613892011e+07
1.028531408394258097e+07
1.032714712815814465e+07
1.036913524148169532e+07
1.041127899873222597e+07
1.045357897685948573e+07
1.049603575495192409e+07
1.053864991424456611e+07
1.058142203812699579e+07
1.062435271215134114e+07
1.066744252404028922e+07
1.071069206369513832e+07
1.075410192320383154e+07
1.079767269684913196e+07
1.084140498111672141e+07
1.088529937470336631e+07
1.092935647852510400e+07
1.097357689572549798e+07
1.101796123168386333e+07
1.106251009402357414e+07
1.110722409262039512e+07
1.115210383961077407e+07
1.119714994940029830e+07
1.124236303867206350e+07
1.128774372639510222e+07
1.133329263383289054e+07
1.137901038455183432e+07
1.142489760442980565e+07
1.147095492166474462e+07
1.151718296678318456e+07
1.156358237264897674e+07
1.161015377447187714e+07
1.165689780981627479e+07
1.170381511860994622e+07
1.175090634315276705e+07
1.179817212812552042e+07
1.184561312059874646e+07
1.189322997004156746e+07
1.194102332833059877e+07
1.198899384975887835e+07
1.203714219104482047e+07
1.208546901134117134e+07
1.213397497224408388e+07
1.218266073780216090e+07
1.223152697452550754e+07
1.228057435139491223e+07
1.232980353987097554e+07
1.237921521390330233e+07
1.242881004993973114e+07
1.247858872693560272e+07
1.252855192636304162e+07
1.257870033222029544e+07
1.262903463104109280e+07
1.267955551190404408e+07
1.273026366644207574e+07
1.278115978885189816e+07
1.283224457590351254e+07
1.288351872694975324e+07
1.293498294393583201e+07
1.298663793140899763e+07
1.303848439652812853e+07
1.309052304907348379e+07
1.314275460145632736e+07
1.319517976872875169e+07
1.324779926859344728e+07
1.330061382141353562e+07
1.335362415022237599e+07
1.340683098073355667e+07
1.346023504135077633e+07
1.351383706317779049e+07
1.356763778002848104e+07
1.362163792843687162e+07
1.367583824766720645e+07
1.373023947972407751e+07
1.378484236936256476e+07
1.383964766409846582e+07
1.389465611421850510e+07
1.394986847279063612e+07
1.400528549567429163e+07
1.406090794153079391e+07
1.411673657183369994e+07
1.417277215087925270e+07
1.422901544579680078e+07
1.428546722655937262e+07
1.434212826599415019e+07
1.439899933979309537e+07
1.445608122652352415e+07
1.451337470763880946e+07
1.457088056748904288e+07
1.462859959333183244e+07
1.468653257534296997e+07
1.474468030662737973e+07
1.480304358322986774e+07
1.486162320414608158e+07
1.492041997133341618e+07
1.497943468972203135e+07
1.503866816722584143e+07
1.509812121475359239e+07
1.515779464621993341e+07
1.521768927855656482e+07
1.527780593172348477e+07
1.533814542872010544e+07
1.539870859559664875e+07
1.545949626146532036e+07
1.552050925851176679e+07
1.558174842200641520e+07
1.564321459031591378e+07
1.570490860491461866e+07
1.576683131039612740e+07
1.582898355448481068e+07
1.589136618804743513e+07
1.595398006510481983e+07
1.601682604284348339e+07
1.607990498162744194e+07
1.614321774500996247e+07
1.620676519974533468e+07
1.627054821580085158e+07
1.633456766636861861e+07
1.639882442787751183e+07
1.646331938000524044e+07
1.652805340569031984e+07
1.659302739114423096e+07
1.665824222586350515e+07
1.672369880264187604e+07
1.678939801758257672e+07
1.685534077011054382e+07
1.692152796298473701e+07
1.698796050231057033e+07
1.705463929755221680e+07
1.712156526154511794e+07
1.718873931050844863e+07
1.725616236405770108e+07
1.732383534521722794e+07
1.739175918043292314e+07
1.745993479958488047e+07
1.752836313600008562e+07
1.759704512646529451e+07
1.766598171123977005e+07
1.773517383406816050e+07
1.780462244219347090e+07
1.787432848636998609e+07
1.794429292087630928e+07
1.801451670352841541e+07
1.808500079569276795e+07
1.815574616229945794e+07
1.822675377185545117e+07
1.829802459645785391e+07
1.836955961180716008e+07
1.844135979722065106e+07
1.851342613564581797e+07
1.858575961367378384e+07
1.865836122155280784e+07
1.873123195320189744e+07
1.880437280622432753e+07
1.887778478192139044e+07
1.895146888530603796e+07
1.902542612511666864e+07
1.909965751383089647e+07
1.917416406767948717e+07
1.924894680666021630e+07
1.932400675455185026e+07
1.939934493892815337e+07
1.947496239117193967e+07
1.955086014648921788e+07
1.962703924392339960e+07
1.970350072636941448e+07
1.978024564058808237e+07
1.985727503722044080e+07
1.993458997080209106e+07
2.001219149977763370e+07
2.009008068651517108e+07
2.016825859732086211e+07
2.024672630245350301e+07
2.032548487613919005e+07
2.040453539658603072e+07
2.048387894599888101e+07
2.056351661059416831e+07
2.064344948061480746e+07
2.072367865034503862e+07
2.080420521812551096e+07
2.088503028636821359e+07
2.096615496157163009e+07
2.104758035433589295e+07
2.112930757937798277e+07
2.121133775554692745e+07
2.129367200583922118e+07
2.137631145741410181e+07
2.145925724160907418e+07
2.154251049395527318e+07
2.162607235419318080e+07
2.170994396628805250e+07
2.179412647844572365e+07
2.187862104312820733e+07
2.196342881706955284e+07
2.204855096129167080e+07
2.213398864112019539e+07
2.221974302620045841e+07
2.230581529051350430e+07
2.239220661239216104e+07
2.247891817453716323e+07
2.256595116403333470e+07
2.265330677236587927e+07
2.274098619543664157e+07
2.282899063358050957e+07
2.291732129158185795e+07
2.300597937869100645e+07
2.309496610864080861e+07
2.318428269966323301e+07
2.327393037450606003e+07
2.336391036044963449e+07
2.345422388932363689e+07
2.354487219752399251e+07
2.363585652602976561e+07
2.372717812042011693e+07
2.381883823089141026e+07
2.391083811227431893e+07
2.400317902405097708e+07
2.409586223037227243e+07
2.418888900007506460e+07
2.428226060669964179e+07
2.437597832850712910e+07
2.447004344849698618e+07
2.456445725442455709e+07
2.465922103881870210e+07
2.475433609899949655e+07
2.484980373709605634e+07
2.494562526006420329e+07
2.504180197970453650e+07
2.513833521268028766e+07
2.523522628053536639e+07
2.533247650971242413e+07
2.543008723157111928e+07
2.552805978240623325e+07
2.562639550346595794e+07
2.572509574097039178e+07
2.582416184612980112e+07
2.592359517516323552e+07
2.602339708931703493e+07
2.612356895488348603e+07
2.622411214321953058e+07
2.632502803076551482e+07
2.642631799906411022e+07
2.652798343477912247e+07
2.663002572971449420e+07
2.673244628083343431e+07
2.683524649027751014e+07
2.693842776538579538e+07
2.704199151871415228e+07
2.714593916805460677e+07
2.725027213645472005e+07
2.735499185223714635e+07
2.746009974901901931e+07
2.756559726573179290e+07
2.767148584664078429e+07
2.777776694136500359e+07
2.788444200489701331e+07
2.799151249762274697e+07
2.809897988534166291e+07
2.820684563928670064e+07
2.831511123614442721e+07
2.842377815807530284e+07
2.853284789273397252e+07
2.864232193328954279e+07
2.875220177844612673e+07
2.886248893246329948e+07
2.897318490517666936e+07
2.908429121201869100e+07
2.919580937403925508e+07
2.930774091792653501e+07
2.942008737602793798e+07
2.953285028637113050e+07
2.964603119268491864e+07
2.975963164442058653e+07
2.987365319677293673e+07
2.998809741070169955e+07
3.010296585295287147e+07
3.021826009608007967e+07
3.033398171846629679e+07
3.045013230434522778e+07
3.056671344382315502e+07
3.068372673290068284e+07
3.080117377349450439e+07
3.091905617345939577e+07
3.103737554661027342e+07
3.115613351274419203e+07
3.127533169766256958e+07
3.139497173319342732e+07
3.151505525721377134e+07
3.163558391367194057e+07
3.175655935261016712e+07
3.187798323018721491e+07
3.199985720870088786e+07
3.212218295661096275e+07
3.224496214856195450e+07
3.236819646540597454e+07
3.249188759422593191e+07
3.261603722835838050e+07
3.274064706741694361e+07
3.286571881731539965e+07
3.299125419029115140e+07
3.311725490492853522e+07
3.324372268618255109e+07
3.337065926540230215e+07
3.349806638035473228e+07
3.362594577524846047e+07
3.375429920075764507e+07
3.388312841404592246e+07
3.401243517879052460e+07
3.414222126520633698e+07
3.427248845007020980e+07
3.440323851674522460e+07
3.453447325520519912e+07
3.466619446205902100e+07
3.479840394057539105e+07
3.493110350070752949e+07
3.506429495911782980e+07
3.519798013920278847e+07
3.533216087111800909e+07
3.546683899180322886e+07
3.560201634500742704e+07
3.573769478131406754e+07
3.587387615816653520e+07
3.601056233989343792e+07
3.614775519773424417e+07
3.628545660986474156e+07
3.642366846142288297e+07
3.656239264453464746e+07
3.670163105833975226e+07
3.684138560901777446e+07
3.698165820981425047e+07
3.712245078106679767e+07
3.726376525023150444e+07
3.740560355190924555e+07
3.754796762787214667e+07
3.769085942709027231e+07
3.783428090575819463e+07
3.797823402732181549e+07
3.812272076250530779e+07
3.826774308933795244e+07
3.841330299318131804e+07
3.855940246675647050e+07
3.870604351017121971e+07
3.885322813094741851e+07
3.900095834404857457e+07
3.914923617190731317e+07
3.929806364445321262e+07
