0.000000000000000000e+00	0.000000000000000000e+00	0.000000000000000000e+00
1.018073219161314285e+02	9.412479290698195675e-05	5.069487194572498689e-02
2.031638389681125432e+02	1.878797742446554299e-04	5.038158787991713072e-02
3.040927318574168794e+02	2.812391927331884265e-04	5.008004927401862177e-02
4.046162350715482603e+02	3.742236157001311496e-04	4.978977436203142065e-02
5.047556836737265940e+02	4.668527784845250212e-04	4.951030496244586410e-02
6.045315575715311525e+02	5.591456253865298215e-04	4.924120521350222601e-02
7.039635234085475304e+02	6.511203484182646580e-04	4.898206038049581629e-02
8.030704742145293267e+02	7.427944239812141409e-04	4.873247573083942102e-02
9.018705669414548538e+02	8.341846475880295006e-04	4.849207547287071735e-02
1.000381258005441737e+03	9.253071667396966984e-04	4.826050175462899550e-02
1.098619336947175725e+03	1.016177512062277181e-03	4.803741371906360136e-02
1.196600958317082359e+03	1.106810626801489573e-03	4.782248661234472786e-02
1.294341671885027154e+03	1.197220894767435633e-03	4.761541094215750169e-02
1.391856451268583214e+03	1.287422166816456571e-03	4.741589168304213148e-02
1.489159721068287809e+03	1.377427785951918426e-03	4.722364752603009502e-02
1.586265382593207960e+03	1.467250611120992157e-03	4.703841016998214219e-02
1.683186838255195653e+03	1.556903039779939215e-03	4.685992365220268546e-02
1.779937014705732054e+03	1.646397029296256575e-03	4.668794371604180482e-02
1.876528384784874106e+03	1.735744117251986985e-03	4.652223721333837575e-02
1.972972988347784167e+03	1.824955440708762953e-03	4.636258153968694090e-02
2.069282452030588502e+03	1.914041754491703062e-03	4.620876410063299439e-02
2.165468008013749568e+03	2.003013448545982143e-03	4.606058180701200211e-02
2.261540511837614304e+03	2.091880564416639682e-03	4.591784059775562421e-02
2.357510459321920735e+03	2.180652810899525416e-03	4.578035498859055891e-02
2.453388002637837872e+03	2.269339578908318410e-03	4.564794764514616687e-02
2.549182965578486346e+03	2.357949955600119243e-03	4.552044897907925325e-02
2.644904858071142826e+03	2.446492737799579441e-03	4.539769676590148240e-02
2.740562889972000448e+03	2.534976444759378181e-03	4.527953578328232365e-02
2.836165984181909153e+03	2.623409330292587275e-03	4.516581746865657582e-02
2.931722789119384743e+03	2.711799394310493959e-03	4.505639959505777781e-02
3.027241690585146443e+03	2.800154393797572253e-03	4.495114596413644220e-02
3.122730823050556864e+03	2.888481853253547713e-03	4.484992611540861845e-02
3.218198080400372874e+03	2.976789074630689733e-03	4.475261505081656876e-02
3.313651126158559237e+03	3.065083146792921698e-03	4.465909297374581755e-02
3.409097403224417576e+03	3.153370954521957092e-03	4.456924504169240686e-02
3.504544143144694772e+03	3.241659187094212986e-03	4.448296113182330369e-02
3.599998374945792875e+03	3.329954346450801628e-03	4.440013561870919528e-02
3.695466933549052101e+03	3.418262754981851812e-03	4.432066716356185959e-02
3.790956467790620991e+03	3.506590562945071168e-03	4.424445851433252835e-02
3.886473448066490164e+03	3.594943755537566722e-03	4.417141631608417773e-02
3.982024173621722184e+03	3.683328159638548076e-03	4.410145093106407344e-02
4.077614779502405327e+03	3.771749450240031044e-03	4.403447626795159442e-02
4.173251243187396540e+03	3.860213156581348073e-03	4.397040961977843887e-02
4.268939390916058983e+03	3.948724668002442234e-03	4.390917151004904845e-02
4.364684903727707024e+03	4.037289239530477379e-03	4.385068554661747386e-02
4.460493323226865868e+03	4.125911997212839549e-03	4.379487828289956725e-02
4.556370057088675821e+03	4.214597943209739961e-03	4.374167908602710764e-02
4.652320384316986747e+03	4.303351960658072586e-03	4.369102001156636300e-02
4.748349460267751965e+03	4.392178818318155480e-03	4.364283568445547629e-02
4.844462321449342198e+03	4.481083175014120672e-03	4.359706318582277224e-02
4.940663890110697139e+03	4.570069583878053933e-03	4.355364194537498373e-02
5.036958978627949364e+03	4.659142496407710742e-03	4.351251363906079306e-02
5.133352293699439542e+03	4.748306266346991218e-03	4.347362209172679626e-02
5.229848440358208791e+03	4.837565153397575292e-03	4.343691318450566830e-02
5.326451925811341425e+03	4.926923326770402123e-03	4.340233476668783896e-02
5.423167163113835159e+03	5.016384868584065383e-03	4.336983657183960533e-02
5.519998474686089139e+03	5.105953777118560355e-03	4.333937013794531001e-02
5.616950095681057974e+03	5.195633969929977329e-03	4.331088873136797884e-02
5.714026177209867456e+03	5.285429286834250270e-03	4.328434727442533048e-02
5.811230789431429002e+03	5.375343492765122418e-03	4.325970227639686777e-02
5.908567924513123216e+03	5.465380280512822757e-03	4.323691176778676759e-02
6.006041499468212351e+03	5.555543273348743406e-03	4.321593523767050526e-02
6.103655358876501850e+03	5.645836027542091434e-03	4.319673357397185026e-02
6.201413277492883935e+03	5.736262034772850182e-03	4.317926900651746641e-02
6.299318962749686762e+03	5.826824724446498863e-03	4.316350505273186533e-02
6.397376057157172909e+03	5.917527465914514985e-03	4.314940646583333150e-02
6.495588140607410423e+03	6.008373570605505566e-03	4.313693918541196964e-02
6.593958732585650978e+03	6.099366294070768767e-03	4.312607029026136601e-02
6.692491294293609826e+03	6.190508837948368627e-03	4.311676795335842721e-02
6.791189230688528369e+03	6.281804351849309444e-03	4.310900139888036026e-02
6.890055892441958349e+03	6.373255935169442297e-03	4.310274086115886000e-02
6.989094577821955681e+03	6.464866638830529810e-03	4.309795754547407487e-02
7.088308534501831673e+03	6.556639466953383469e-03	4.309462359059865882e-02
7.187700961299176925e+03	6.648577378466472704e-03	4.309271203300622105e-02
7.287275009847920046e+03	6.740683288652630362e-03	4.309219677266143411e-02
7.387033786206543482e+03	6.832960070636670026e-03	4.309305254031548654e-02
7.486980352405276790e+03	6.925410556816565845e-03	4.309525486623301538e-02
7.587117727934852155e+03	7.018037540240586181e-03	4.309878005028239950e-02
7.687448891179657949e+03	7.110843775932977964e-03	4.310360513332166243e-02
7.787976780797182073e+03	7.203831982169980712e-03	4.310970786982029623e-02
7.888704297046722786e+03	7.297004841708904996e-03	4.311706670165536825e-02
7.989634303068914960e+03	7.390365002971716925e-03	4.312566073302640662e-02
8.090769626118841188e+03	7.483915081185688219e-03	4.313546970643938189e-02
8.192113058754099256e+03	7.577657659482373888e-03	4.314647397970380188e-02
8.293667359979990579e+03	7.671595289956941073e-03	4.315865450389858027e-02
8.395435256353895966e+03	7.765730494689719945e-03	4.317199280226039632e-02
8.497419443050006521e+03	7.860065766731117246e-03	4.318647094995289176e-02
8.599622584886703407e+03	7.954603571051937702e-03	4.320207155467228194e-02
8.702047317317610577e+03	8.049346345460143756e-03	4.321877773805544304e-02
8.804696247387948461e+03	8.144296501485492543e-03	4.323657311784717683e-02
8.907571954658031245e+03	8.239456425233767506e-03	4.325544179079912621e-02
9.010676992094453453e+03	8.334828478211174507e-03	4.327536831626126179e-02
9.114013886931472371e+03	8.430414998121107256e-03	4.329633770043680996e-02
9.217585141502106126e+03	8.526218299632933387e-03	4.331833538126996647e-02
9.321393234042208860e+03	8.622240675125783169e-03	4.334134721393718276e-02
9.425440619466591670e+03	8.718484395406468287e-03	4.336535945691709359e-02
9.529729730119994201e+03	8.814951710404141452e-03	4.339035875861068509e-02
9.634262976502872334e+03	8.911644849841663871e-03	4.341633214448919337e-02
9.739042747973340738e+03	9.008566023884908777e-03	4.344326700474247099e-02
9.844071413426005165e+03	9.105717423770700106e-03	4.347115108241383225e-02
9.949351321949092380e+03	9.203101222414657862e-03	4.349997246198943762e-02
1.005488480346014694e+04	9.300719574999236419e-03	4.352971955843067120e-02
1.016067416932179003e+04	9.398574619543294956e-03	4.356038110662589086e-02
1.026672171293706197e+04	9.496668477452827051e-03	4.359194615124559885e-02
1.037302971032681853e+04	9.595003254055026534e-03	4.362440403698138180e-02
1.047960042068850998e+04	9.693581039115191714e-03	4.365774439915449945e-02
1.058643608693800161e+04	9.792403907337906069e-03	4.369195715467678875e-02
1.069353893623400108e+04	9.891473918852143263e-03	4.372703249334861098e-02
1.080091118048698081e+04	9.990793119682024256e-03	4.376296086948026215e-02
1.090855501685212403e+04	1.009036354220281019e-02	4.379973299382461382e-02
1.101647262820772630e+04	1.019018720558341473e-02	4.383733982580440003e-02
1.112466618361883775e+04	1.029026611621529710e-02	4.387577256602507442e-02
1.123313783878743016e+04	1.039060226812885991e-02	4.391502264905848552e-02
1.134188973648879255e+04	1.049119764339711929e-02	4.395508173649010503e-02
1.145092400699550672e+04	1.059205421252790678e-02	4.399594171021492528e-02
1.156024276848862792e+04	1.069317393484419537e-02	4.403759466597259586e-02
1.166984812745721320e+04	1.079455875885367878e-02	4.408003290711574873e-02
1.177974217908618266e+04	1.089621062260754704e-02	4.412324893859608660e-02
1.188992700763310313e+04	1.099813145404902361e-02	4.416723546116403665e-02
1.200040468679435071e+04	1.110032317135205109e-02	4.421198536577180399e-02
1.211117728006081961e+04	1.120278768325034917e-02	4.425749172817095706e-02
1.222224684106373752e+04	1.130552688935728550e-02	4.430374780369751575e-02
1.233361541391067112e+04	1.140854268047668610e-02	4.435074702223824189e-02
1.244528503351273685e+04	1.151183693890551335e-02	4.439848298336709215e-02
1.255725772590234010e+04	1.161541153872778023e-02	4.444694945165189592e-02
1.266953550854239984e+04	1.171926834610057498e-02	4.449614035211552771e-02
1.278212039062732219e+04	1.182340921953247900e-02	4.454604976585428006e-02
1.289501437337615243e+04	1.192783601015473538e-02	4.459667192580239747e-02
1.300821945031708674e+04	1.203255056198441683e-02	4.464800121263816368e-02
1.312173760756547745e+04	1.213755471218158632e-02	4.470003215082452713e-02
1.323557082409382929e+04	1.224285029129905736e-02	4.475275940478500719e-02
1.334972107199529819e+04	1.234843912352611567e-02	4.480617777520110034e-02
1.346419031673965765e+04	1.245432302692531246e-02	4.486028219543374690e-02
1.357898051742376083e+04	1.256050381366412283e-02	4.491506772806066333e-02
1.369409362701446116e+04	1.266698329023967055e-02	4.497052956152486347e-02
1.380953159258625237e+04	1.277376325769853486e-02	4.502666300689250889e-02
1.392529635555266941e+04	1.288084551185079106e-02	4.508346349471582110e-02
1.404138985189202685e+04	1.298823184347885559e-02	4.514092657199346437e-02
1.415781401236715283e+04	1.309592403854069331e-02	4.519904789922919719e-02
1.427457076274048995e+04	1.320392387836884056e-02	4.525782324758361591e-02
1.439166202398328096e+04	1.331223313986385631e-02	4.531724849611439010e-02
1.450908971248021408e+04	1.342085359568365513e-02	4.537731962910461492e-02
1.462685574022882975e+04	1.352978701442794640e-02	4.543803273347308408e-02
1.474496201503434349e+04	1.363903516081844784e-02	4.549938399626468621e-02
1.486341044070001590e+04	1.374859979587498074e-02	4.556136970221733029e-02
1.498220291721279682e+04	1.385848267708720237e-02	4.562398623140664911e-02
1.510134134092475688e+04	1.396868555858241275e-02	4.568723005695947414e-02
1.522082760473061535e+04	1.407921019128978608e-02	4.575109774283775410e-02
1.534066359824081519e+04	1.419005832310046844e-02	4.581558594168959331e-02
1.546085120795087278e+04	1.430123169902420416e-02	4.588069139276500924e-02
1.558139231740716423e+04	1.441273206134272532e-02	4.594641091989449394e-02
1.570228880736859537e+04	1.452456114975926756e-02	4.601274142952657686e-02
1.582354255596503754e+04	1.463672070154514379e-02	4.607967990882361892e-02
1.594515543885199986e+04	1.474921245168281034e-02	4.614722342381550463e-02
1.606712932936245488e+04	1.486203813300630318e-02	4.621536911760486949e-02
1.618946609865458413e+04	1.497519947633791683e-02	4.628411420862795639e-02
1.631216761585747372e+04	1.508869821062295592e-02	4.635345598896314229e-02
1.643523574821251896e+04	1.520253606306055764e-02	4.642339182268978570e-02
1.655867236121284441e+04	1.531671475923263026e-02	4.649391914429413381e-02
1.668247931873930429e+04	1.543123602322969169e-02	4.656503545712118580e-02
1.680665848319403449e+04	1.554610157777436101e-02	4.663673833187047257e-02
1.693121171563074313e+04	1.566131314434190958e-02	4.670902540513430928e-02
1.705614087588277835e+04	1.577687244327873398e-02	4.678189437797749400e-02
1.718144782268879135e+04	1.589278119391854954e-02	4.685534301455777234e-02
1.730713441381532903e+04	1.600904111469583779e-02	4.692936914078374433e-02
1.743320250617794954e+04	1.612565392325786620e-02	4.700397064301075484e-02
1.755965395595835798e+04	1.624262133657300780e-02	4.707914546677321316e-02
1.768649061872130187e+04	1.635994507103892548e-02	4.715489161555164871e-02
1.781371434952738855e+04	1.647762684258687743e-02	4.723120714957282362e-02
1.794132700304527316e+04	1.659566836678554036e-02	4.730809018464605942e-02
1.806933043366080165e+04	1.671407135894191487e-02	4.738553889102605637e-02
1.819772649558389458e+04	1.683283753420023940e-02	4.746355149231090004e-02
1.832651704295473246e+04	1.695196860764018945e-02	4.754212626436787881e-02
1.845570392994664144e+04	1.707146629437204799e-02	4.762126153428919428e-02
1.858528901086782207e+04	1.719133230963082112e-02	4.770095567937485126e-02
1.871527414026136466e+04	1.731156836886873357e-02	4.778120712614294940e-02
1.884566117300289989e+04	1.743217618784556958e-02	4.786201434936609295e-02
1.897645196439705614e+04	1.755315748271788281e-02	4.794337587113347426e-02
1.910764837027187968e+04	1.767451397012636052e-02	4.802529025993886036e-02
1.923925224707204688e+04	1.779624736728201845e-02	4.810775612978981236e-02
1.937126545195007930e+04	1.791835939205058820e-02	4.819077213934259973e-02
1.950368984285621264e+04	1.804085176303565560e-02	4.827433699105847242e-02
1.963652727862689062e+04	1.816372619966049803e-02	4.835844943038235255e-02
1.976977961907121426e+04	1.828698442224806209e-02	4.844310824494187789e-02
1.990344872505702006e+04	1.841062815210058393e-02	4.852831226376883716e-02
2.003753645859463359e+04	1.853465911157707244e-02	4.861406035653768193e-02
2.017204468291934609e+04	1.865907902416958850e-02	4.870035143282653439e-02
2.030697526257331992e+04	1.878388961457900033e-02	4.878718444139373139e-02
2.044233006348559138e+04	1.890909260878901807e-02	4.887455836947680876e-02
2.057811095305060735e+04	1.903468973413880230e-02	4.896247224210548837e-02
2.071431980020655465e+04	1.916068271939544779e-02	4.905092512143369166e-02
2.085095847551119368e+04	1.928707329482410790e-02	4.913991610608660354e-02
2.098802885121798681e+04	1.941386319225844176e-02	4.922944433052697799e-02
2.112553280134973829e+04	1.954105414516870906e-02	4.931950896443504373e-02
2.126347220177195777e+04	1.966864788872963940e-02	4.941010921210310658e-02
2.140184893026492500e+04	1.979664615988707341e-02	4.950124431184749901e-02
2.154066486659515067e+04	1.992505069742411816e-02	4.959291353543180542e-02
2.167992189258484723e+04	2.005386324202534237e-02	4.968511618750857256e-02
2.181962189218135973e+04	2.018308553634104094e-02	4.977785160506923573e-02
2.195976675152512689e+04	2.031271932505009439e-02	4.987111915691200270e-02
2.210035835901734754e+04	2.044276635492255426e-02	4.996491824312092322e-02
2.224139860538573339e+04	2.057322837488044856e-02	5.005924829455614400e-02
2.238288938375004727e+04	2.070410713605844860e-02	5.015410877235934595e-02
2.252483258968691734e+04	2.083540439186378629e-02	5.024949916746775797e-02
2.266723012129345079e+04	2.096712189803509596e-02	5.034541900014246479e-02
2.281008387924992712e+04	2.109926141270042702e-02	5.044186781950709547e-02
2.295339576688197121e+04	2.123182469643475692e-02	5.053884520309666339e-02
2.309716769022243170e+04	2.136481351231719547e-02	5.063635075641786248e-02
2.324140155807118572e+04	2.149822962598633286e-02	5.073438411251967456e-02
2.338609928205520191e+04	2.163207480569579941e-02	5.083294493157385768e-02
2.353126277668806142e+04	2.176635082236930835e-02	5.093203290046594695e-02
2.367689395942778356e+04	2.190105944965414775e-02	5.103164773239446395e-02
2.382299475073508802e+04	2.203620246397509572e-02	5.113178916648002115e-02
2.396956707412995820e+04	2.217178164458668763e-02	5.123245696738536192e-02
2.411661285624865559e+04	2.230779877362602803e-02	5.133365092494018150e-02
2.426413402689909344e+04	2.244425563616394767e-02	5.143537085377917345e-02
2.441213251911608677e+04	2.258115402025614657e-02	5.153761659298486397e-02
2.456061026921558732e+04	2.271849571699335185e-02	5.164038800574046600e-02
2.470956921684947883e+04	2.285628252055199941e-02	5.174368497899020647e-02
2.485901130505825859e+04	2.299451622824297270e-02	5.184750742310684224e-02
2.500893848032412643e+04	2.313319864056070235e-02	5.195185527156929994e-02
2.515935269262354996e+04	2.327233156123179048e-02	5.205672848064268887e-02
2.531025589547854906e+04	2.341191679726245534e-02	5.216212702907031817e-02
2.546165004600824250e+04	2.355195615898620157e-02	5.226805091777177170e-02
2.561353710497977954e+04	2.369245146011095260e-02	5.237450016954438292e-02
2.576591903685806028e+04	2.383340451776501737e-02	5.248147482877590919e-02
2.591879780985613252e+04	2.397481715254370579e-02	5.258897496116204245e-02
2.607217539598401345e+04	2.411669118855453223e-02	5.269700065342750733e-02
2.622605377109788969e+04	2.425902845346267905e-02	5.280555201305799778e-02
2.638043491494823320e+04	2.440183077853550972e-02	5.291462916803495176e-02
2.653532081122826276e+04	2.454509999868742520e-02	5.302423226657707045e-02
2.669071344762079752e+04	2.468883795252317659e-02	5.313436147688836014e-02
2.684661481584609282e+04	2.483304648238212134e-02	5.324501698691046225e-02
2.700302691170827893e+04	2.497772743438117504e-02	5.335619900408023614e-02
2.715995173514142516e+04	2.512288265845744051e-02	5.346790775509541876e-02
2.731739129025598595e+04	2.526851400841113870e-02	5.358014348568108931e-02
2.747534758538447204e+04	2.541462334194788050e-02	5.369290646036598696e-02
2.763382263312609211e+04	2.556121252071995309e-02	5.380619696226024429e-02
2.779281845039205291e+04	2.570828341036821701e-02	5.392001529283906719e-02
2.795233705844989163e+04	2.585583788056311505e-02	5.403436177173105009e-02
2.811238048296804482e+04	2.600387780504590657e-02	5.414923673651236141e-02
2.827295075405968601e+04	2.615240506166922191e-02	5.426464054250262903e-02
2.843404990632556655e+04	2.630142153243665223e-02	5.438057356256940228e-02
2.859567997889802427e+04	2.645092910354351554e-02	5.449703618693163554e-02
2.875784301548354415e+04	2.660092966541618628e-02	5.461402882297258787e-02
2.892054106440579926e+04	2.675142511275191426e-02	5.473155189505301416e-02
2.908377617864740387e+04	2.690241734455744993e-02	5.484960584433028197e-02
2.924755041589247776e+04	2.705390826418842265e-02	5.496819112858086775e-02
2.941186583856812649e+04	2.720589977938770235e-02	5.508730822202636407e-02
2.957672451388631816e+04	2.735839380232413937e-02	5.520695761516489219e-02
2.974212851388461422e+04	2.751139224963023225e-02	5.532713981460361113e-02
2.990807991546812991e+04	2.766489704244095085e-02	5.544785534289541767e-02
3.007458080044917369e+04	2.781891010643040493e-02	5.556910473838268943e-02
3.024163325558866927e+04	2.797343337185015377e-02	5.569088855503879359e-02
3.040923937263579137e+04	2.812846877356585742e-02	5.581320736231626389e-02
3.057740124836857285e+04	2.828401825109487511e-02	5.593606174499889810e-02
3.074612098463369693e+04	2.844008374864302052e-02	5.605945230305436205e-02
3.091540068838578372e+04	2.859666721514095983e-02	5.618337965149209495e-02
3.108524247172705145e+04	2.875377060428084205e-02	5.630784442022454539e-02
3.125564845194649388e+04	2.891139587455258952e-02	5.643284725392828938e-02
3.142662075155905040e+04	2.906954498928008418e-02	5.655838881191228157e-02
3.159816149834431417e+04	2.922821991665702432e-02	5.668446976798547504e-02
3.177027282538500003e+04	2.938742262978244132e-02	5.681109081033015873e-02
3.194295687110600193e+04	2.954715510669688600e-02	5.693825264137507280e-02
3.211621577931180218e+04	2.970741933041701199e-02	5.706595597767410988e-02
3.229005169922515779e+04	2.986821728897134931e-02	5.719420154978484966e-02
3.246446678552535013e+04	3.002955097543570998e-02	5.732299010215251983e-02
3.263946319838537602e+04	3.019142238796755640e-02	5.745232239299388755e-02
3.281504310350954620e+04	3.035383352984081379e-02	5.758219919418547383e-02
3.299120867217134219e+04	3.051678640948088037e-02	5.771262129115309336e-02
3.316796208125096018e+04	3.068028304049930446e-02	5.784358948276457912e-02
3.334530551327178546e+04	3.084432544172763593e-02	5.797510458122349247e-02
3.352324115643740515e+04	3.100891563725153080e-02	5.810716741196739199e-02
3.370177120466969063e+04	3.117405565644607371e-02	5.823977881356574848e-02
3.388089785764433327e+04	3.133974753400860930e-02	5.837293963762213433e-02
3.406062332082803186e+04	3.150599330999315911e-02	5.850665074867682919e-02
3.424094980551486515e+04	3.167279502984402667e-02	5.864091302411308937e-02
3.442187952886314451e+04	3.184015474442992988e-02	5.877572735406315363e-02
3.460341471393057145e+04	3.200807451007652016e-02	5.891109464132006368e-02
3.478555758971142495e+04	3.217655638860073691e-02	5.904701580124797899e-02
3.496831039117323235e+04	3.234560244734478035e-02	5.918349176169581533e-02
3.515167535929097357e+04	3.251521475920771814e-02	5.932052346291251388e-02
3.533565474108394847e+04	3.268539540267959703e-02	5.945811185746424643e-02
3.552025078965157445e+04	3.285614646187455523e-02	5.959625791015307761e-02
3.570546576420910424e+04	3.302747002656387931e-02	5.973496259793920765e-02
3.589130193012284872e+04	3.319936819220853375e-02	5.987422690986167473e-02
3.607776155894598924e+04	3.337184305999234962e-02	6.001405184696395612e-02
3.626484692845361133e+04	3.354489673685440154e-02	6.015443842221901427e-02
3.645256032267872797e+04	3.371853133552230736e-02	6.029538766045741682e-02
3.664090403194652026e+04	3.389274897454396668e-02	6.043690059829628231e-02
3.682988035291062988e+04	3.406755177832104103e-02	6.057897828407057816e-02
3.701949158858745068e+04	3.424294187714075482e-02	6.072162177776535552e-02
3.720974004839174449e+04	3.441892140720879262e-02	6.086483215094839333e-02
3.740062804817055439e+04	3.459549251068068376e-02	6.100861048670731812e-02
3.759215791024000646e+04	3.477265733569585154e-02	6.115295787958576618e-02
3.778433196341800794e+04	3.495041803640783901e-02	6.129787543552095430e-02
3.797715254306050338e+04	3.512877677301787238e-02	6.144336427178483800e-02
3.817062199109569337e+04	3.530773571180646775e-02	6.158942551692351414e-02
3.836474265605901746e+04	3.548729702516586343e-02	6.173606031070071054e-02
3.855951689312700910e+04	3.566746289163127276e-02	6.188326980404165040e-02
3.875494706415298424e+04	3.584823549591390629e-02	6.203105515897804761e-02
3.895103553770069266e+04	3.602961702893212742e-02	6.217941754859390019e-02
3.914778468907923525e+04	3.621160968784371825e-02	6.232835815697356646e-02
3.934519690037703549e+04	3.639421567607734054e-02	6.247787817915084752e-02
3.954327456049734610e+04	3.657743720336534277e-02	6.262797882105874958e-02
3.974202006519174756e+04	3.676127648577474927e-02	6.277866129948102281e-02
3.994143581709449791e+04	3.694573574573906116e-02	6.292992684200474085e-02
4.014152422575764649e+04	3.713081721209071651e-02	6.308177668697353968e-02
4.034228770768370305e+04	3.731652312009132999e-02	6.323421208344318090e-02
4.054372868636170460e+04	3.750285571146499963e-02	6.338723429113633789e-02
4.074584959230063396e+04	3.768981723442928894e-02	6.354084458040047678e-02
4.094865286306357302e+04	3.787740994372677805e-02	6.369504423216597322e-02
4.115214094330231455e+04	3.806563610065710063e-02	6.384983453790474273e-02
4.135631628479112987e+04	3.825449797310812722e-02	6.400521679959035592e-02
4.156118134646084945e+04	3.844399783558759276e-02	6.416119232966037422e-02
4.176673859443359106e+04	3.863413796925509874e-02	6.431776245097718669e-02
4.197299050205677486e+04	3.882492066195365743e-02	6.447492849679159477e-02
4.217993954993689840e+04	3.901634820824093075e-02	6.463269181070745162e-02
4.238758822597394465e+04	3.920842290942100350e-02	6.479105374664673178e-02
4.259593902539496776e+04	3.940114707357551815e-02	6.495001566881457300e-02
4.280499445078922145e+04	3.959452301559612114e-02	6.510957895166830101e-02
4.301475701214146829e+04	3.978855305721528540e-02	6.526974497988315138e-02
4.322522922686659876e+04	3.998323952703833339e-02	6.543051514832268212e-02
4.343641361984336254e+04	4.017858476057466210e-02	6.559189086200767349e-02
4.364831272344870376e+04	4.037459110026945380e-02	6.575387353608641572e-02
4.386092907759138325e+04	4.057126089553483167e-02	6.591646459580691175e-02
4.407426522974751424e+04	4.076859650278269465e-02	6.607966547648971845e-02
4.428832373499278765e+04	4.096660028545451998e-02	6.624347762349772073e-02
4.450310715603818971e+04	4.116527461405446175e-02	6.640790249221471819e-02
4.471861806326344959e+04	4.136462186618016651e-02	6.657294154801705888e-02
4.493485903475141822e+04	4.156464442655475461e-02	6.673859626624900621e-02
4.515183265632190160e+04	4.176534468705792036e-02	6.690486813220035411e-02
4.536954152156666532e+04	4.196672504675845461e-02	6.707175864108309848e-02
4.558798823188252572e+04	4.216878791194480364e-02	6.723926929800795593e-02
4.580717539650670369e+04	4.237153569615775134e-02	6.740740161796537899e-02
4.602710563255026500e+04	4.257497082022139445e-02	6.757615712580236633e-02
4.624778156503335049e+04	4.277909571227568597e-02	6.774553735620257588e-02
4.646920582691885647e+04	4.298391280780764628e-02	6.791554385366879720e-02
4.669138105914604239e+04	4.318942454968236616e-02	6.808617817250177395e-02
4.691430991066690331e+04	4.339563338817673671e-02	6.825744187678584041e-02
4.713799503847834421e+04	4.360254178100916866e-02	6.842933654036707780e-02
4.736243910765786131e+04	4.381015219337259375e-02	6.860186374683989452e-02
4.758764479139824107e+04	4.401846709796659873e-02	6.877502508953028948e-02
4.781361477104146616e+04	4.422748897502870591e-02	6.894882217148015635e-02
4.804035173611289065e+04	4.443722031236611164e-02	6.912325660543243433e-02
4.826785838435687765e+04	4.464766360538852119e-02	6.929833001381739688e-02
4.849613742177028325e+04	4.485882135713920027e-02	6.947404402873966212e-02
4.872519156263778859e+04	4.507069607832765029e-02	6.965040029196414850e-02
4.895502352956645336e+04	4.528329028736154116e-02	6.982740045490480607e-02
4.918563605352054583e+04	4.549660651037894243e-02	7.000504617861236234e-02
4.941703187385532510e+04	4.571064728127957610e-02	7.018333913376419153e-02
4.964921373835368286e+04	4.592541514175872697e-02	7.036228100065226865e-02
4.988218440325925621e+04	4.614091264133781539e-02	7.054187346917410728e-02
5.011594663331231277e+04	4.635714233739767626e-02	7.072211823882430803e-02
5.035050320178406400e+04	4.657410679521021418e-02	7.090301701868356732e-02
5.058585689051213558e+04	4.679180858797125919e-02	7.108457152741264051e-02
5.082201048993509903e+04	4.701025029683251338e-02	7.126678349324297446e-02
5.105896679912813124e+04	4.722943451093449679e-02	7.144965465396968529e-02
5.129672862583849928e+04	4.744936382743942388e-02	7.163318675694604898e-02
5.153529878651883337e+04	4.767004085156194976e-02	7.181738155907593790e-02
5.177468010636468534e+04	4.789146819660389937e-02	7.200224082680838078e-02
5.201487541934797628e+04	4.811364848398523575e-02	7.218776633613448179e-02
5.225588756825373275e+04	4.833658434327801207e-02	7.237395987257937147e-02
5.249771940471473499e+04	4.856027841223847091e-02	7.256082323120002786e-02
5.274037378924726363e+04	4.878473333684004570e-02	7.274835821658123813e-02
5.298385359128647542e+04	4.900995177130611918e-02	7.293656664283251767e-02
5.322816168922173529e+04	4.923593637814270563e-02	7.312545033358490432e-02
5.347330097043258866e+04	4.946268982817171589e-02	7.331501112198895997e-02
5.371927433132457372e+04	4.969021480056409756e-02	7.350525085071374365e-02
5.396608467736482999e+04	4.991851398287274616e-02	7.369617137194350853e-02
5.421373492311761947e+04	5.014759007106539546e-02	7.388777454737871508e-02
5.446222799228123768e+04	5.037744576955873604e-02	7.408006224823458774e-02
5.471156681772234151e+04	5.060808379125017464e-02	7.427303635524082348e-02
5.496175434151373338e+04	5.083950685755279225e-02	7.446669875864270205e-02
5.521279351496862364e+04	5.107171769842702019e-02	7.466105135820150229e-02
5.546468729867873481e+04	5.130471905241590358e-02	7.485609606319547360e-02
5.571743866254916793e+04	5.153851366667733941e-02	7.505183479242244493e-02
5.597105058583506616e+04	5.177310429701801470e-02	7.524826947420105994e-02
5.622552605717779807e+04	5.200849370792682419e-02	7.544540204637373293e-02
5.648086807464243611e+04	5.224468467260963422e-02	7.564323445630843912e-02
5.673707964575262304e+04	5.248167997302138899e-02	7.584176866090369673e-02
5.699416378752856690e+04	5.271948239990140173e-02	7.604100662659064869e-02
5.725212352652309346e+04	5.295809475280661288e-02	7.624095032933850269e-02
5.751096189885861531e+04	5.319751984014581964e-02	7.644160175465748719e-02
5.777068195026329340e+04	5.343776047921311445e-02	7.664296289760499925e-02
5.803128673610895203e+04	5.367881949622298893e-02	7.684503576279101689e-02
5.829277932144741499e+04	5.392069972634386948e-02	7.704782236438156851e-02
5.855516278104777302e+04	5.416340401373265917e-02	7.725132472610703183e-02
5.881844019943384774e+04	5.440693521156939744e-02	7.745554488126688009e-02
5.908261467092028761e+04	5.465129618209058071e-02	7.766048487273731482e-02
5.934768929965110874e+04	5.489648979662486300e-02	7.786614675297748311e-02
5.961366719963662763e+04	5.514251893562724383e-02	7.807253258403873408e-02
5.988055149479148531e+04	5.538938648871414433e-02	7.827964443756926793e-02
6.014834531897044508e+04	5.563709535469663070e-02	7.848748439482432226e-02
6.041705181600797368e+04	5.588564844161696132e-02	7.869605454667477629e-02
6.068667413975537056e+04	5.613504866678293431e-02	7.890535699361435340e-02
6.095721545411862462e+04	5.638529895680293585e-02	7.911539384577127854e-02
6.122867893309544161e+04	5.663640224762019060e-02	7.932616722291419009e-02
6.150106776081459975e+04	5.688836148454909369e-02	7.953767925446471321e-02
6.177438513157347916e+04	5.714117962231001630e-02	7.974993207950682728e-02
6.204863424987574399e+04	5.739485962506412492e-02	7.996292784679691346e-02
6.232381833047010150e+04	5.764940446644922084e-02	8.017666871477424628e-02
6.259994059838913381e+04	5.790481712961569050e-02	8.039115685157338653e-02
6.287700428898703831e+04	5.816110060726136649e-02	8.060639443503427037e-02
6.315501264797755721e+04	5.841825790166666615e-02	8.082238365271399161e-02
6.343396893147506489e+04	5.867629202473256811e-02	8.103912670189913903e-02
6.371387640603062755e+04	5.893520599801397447e-02	8.125662578961875826e-02
6.399473834867197002e+04	5.919500285275667434e-02	8.147488313265544013e-02
6.427655804694300605e+04	5.945568562993391176e-02	8.169390095755951764e-02
6.455933879894136044e+04	5.971725738028110797e-02	8.191368150066140330e-02
6.484308391335912893e+04	5.997972116433353262e-02	8.213422700808568899e-02
6.512779670952140441e+04	6.024308005246199055e-02	8.235553973576469067e-02
6.541348051742499229e+04	6.050733712490854316e-02	8.257762194945270084e-02
6.570013867777897394e+04	6.077249547182417277e-02	8.280047592474031048e-02
6.598777454204291280e+04	6.103855819330394894e-02	8.302410394706891128e-02
6.627639147246857465e+04	6.130552839942579602e-02	8.324850831174554489e-02
6.656599284213708597e+04	6.157340921028470193e-02	8.347369132395841829e-02
6.685658203500186210e+04	6.184220375603256825e-02	8.369965529879226651e-02
6.714816244592473959e+04	6.211191517691152381e-02	8.392640256124439535e-02
6.744073748071935552e+04	6.238254662329411476e-02	8.415393544624126532e-02
6.773431055618971004e+04	6.265410125571893585e-02	8.438225629865193922e-02
6.802888510017030057e+04	6.292658224492779506e-02	8.461136747330938457e-02
6.832446455156836601e+04	6.319999277190475884e-02	8.484127133502318563e-02
6.862105236040217278e+04	6.347433602791159590e-02	8.507197025860026296e-02
6.891865198784225504e+04	6.374961521452583713e-02	8.530346662885697484e-02
6.921726690625262563e+04	6.402583354367905044e-02	8.553576284064387525e-02
6.951690059923179797e+04	6.430299423769463008e-02	8.576886129885762100e-02
6.981755656165171240e+04	6.458110052932389267e-02	8.600276441846239905e-02
7.011923829970225052e+04	6.486015566178728042e-02	8.623747462450787049e-02
7.042194933092858992e+04	6.514016288880876415e-02	8.647299435214725327e-02
7.072569318427595135e+04	6.542112547465742112e-02	8.670932604665682053e-02
7.103047340012768109e+04	6.570304669418255972e-02	8.694647216345491314e-02
7.133629353035055101e+04	6.598592983285557489e-02	8.718443516812027227e-02
7.164315713833303016e+04	6.626977818680550303e-02	8.742321753641373039e-02
7.195106779902838753e+04	6.655459506285875404e-02	8.766282175429819523e-02
7.226002909899591759e+04	6.684038377857727531e-02	8.790325031795732935e-02
7.257004463644497446e+04	6.712714766229935237e-02	8.814450573381607534e-02
7.288111802127347619e+04	6.741489005317513605e-02	8.838659051856365134e-02
7.319325287511336501e+04	6.770361430120870605e-02	8.862950719917207787e-02
7.350645283137256047e+04	6.799332376729698424e-02	8.887325831291860434e-02
7.382072153527510818e+04	6.828402182326667735e-02	8.911784640740498531e-02
7.413606264390550496e+04	6.857571185191550789e-02	8.936327404058380663e-02
7.445247982625200530e+04	6.886839724705205723e-02	8.960954378077623517e-02
7.476997676324765780e+04	6.916208141353387406e-02	8.985665820669470893e-02
7.508855714781449933e+04	6.945676776730827506e-02	9.010461990746808369e-02
7.540822468490681786e+04	6.975245973545242395e-02	9.035343148265978508e-02
7.572898309155253810e+04	7.004916075621156479e-02	9.060309554229575846e-02
7.605083609689904551e+04	7.034687427904139090e-02	9.085361470688396723e-02
7.637378744225419359e+04	7.064560376464601443e-02	9.110499160743884550e-02
7.669784088113303005e+04	7.094535268502123737e-02	9.135722888550473764e-02
7.702300017929772730e+04	7.124612452349135538e-02	9.161032919317854684e-02
7.734926911480481795e+04	7.154792277475302553e-02	9.186429519313789316e-02
7.767665147804582375e+04	7.185075094491261138e-02	9.211912955865914077e-02
7.800515107179376355e+04	7.215461255152949560e-02	9.237483497364694374e-02
7.833477171124830784e+04	7.245951112365756064e-02	9.263141413265650603e-02
7.866551722407639318e+04	7.276545020188299184e-02	9.288886974092007420e-02
7.899739145046030171e+04	7.307243333836853372e-02	9.314720451436971083e-02
7.933039824313990539e+04	7.338046409689281957e-02	9.340642117966432845e-02
7.966454146745934850e+04	7.368954605289330939e-02	9.366652247421504429e-02
7.999982500140980119e+04	7.399968279350598033e-02	9.392751114621138153e-02
8.033625273567698605e+04	7.431087791760924988e-02	9.418938995464598563e-02
8.067382857368348050e+04	7.462313503586308350e-02	9.445216166934319868e-02
8.101255643163679633e+04	7.493645777075355618e-02	9.471582907098240189e-02
8.135244023857294815e+04	7.525084975663297315e-02	9.498039495112670094e-02
8.169348393640275754e+04	7.556631463976290486e-02	9.524586211224927990e-02
8.203569147995713865e+04	7.588285607835595914e-02	9.551223336776062944e-02
8.237906683703386807e+04	7.620047774261907991e-02	9.577951154203591388e-02
8.272361398844196810e+04	7.651918331479459767e-02	9.604769947044207445e-02
8.306933692804971361e+04	7.683897648920458290e-02	9.631679999936618164e-02
8.341623966282993206e+04	7.715986097229284024e-02	9.658681598624407894e-02
8.376432621290504176e+04	7.748184048266652801e-02	9.685775029958516857e-02
8.411360061159689212e+04	7.780491875114223244e-02	9.712960581900412227e-02
8.446406690547168546e+04	7.812909952078753162e-02	9.740238543525064907e-02
8.481572915438428754e+04	7.845438654696205993e-02	9.767609205023236596e-02
8.516859143153003242e+04	7.878078359736530312e-02	9.795072857705154623e-02
8.552265782348856737e+04	7.910829445207723243e-02	9.822629794002667170e-02
8.587793243027216522e+04	7.943692290360297725e-02	9.850280307472822350e-02
8.623441936537250876e+04	7.976667275691608217e-02	9.878024692800334294e-02
8.659212275580926507e+04	8.009754782950351260e-02	9.905863245801015127e-02
8.695104674217764114e+04	8.042955195140952251e-02	9.933796263424408968e-02
8.731119547869559028e+04	8.076268896527938335e-02	9.961824043756861702e-02
8.767257313325170253e+04	8.109696272640373738e-02	9.989946886024934913e-02
8.803518388745374978e+04	8.143237710276339525e-02	1.001816509059813287e-01
8.839903193667788582e+04	8.176893597507495226e-02	1.004647895899188070e-01
8.876412149011614383e+04	8.210664323683464216e-02	1.007488879387097858e-01
8.913045677082450129e+04	8.244550279436277385e-02	1.010339489905239807e-01
8.949804201577330241e+04	8.278551856685048560e-02	1.013199757950883073e-01
8.986688147589408618e+04	8.312669448640301606e-02	1.016069714137131513e-01
9.023697941613098374e+04	8.346903449808713849e-02	1.018949389193293947e-01
9.060834011548721173e+04	8.381254255997437619e-02	1.021838813965177950e-01
9.098096786707868159e+04	8.415722264319035195e-02	1.024738019415405432e-01
9.135486697817796085e+04	8.450307873195565811e-02	1.027647036623759863e-01
9.173004177026914840e+04	8.485011482363651047e-02	1.030565896787507957e-01
9.210649657909406233e+04	8.519833492878747805e-02	1.033494631221715254e-01
9.248423575470485957e+04	8.554774307120016630e-02	1.036433271359576691e-01
9.286326366151176626e+04	8.589834328794739016e-02	1.039381848752774645e-01
9.324358467833626491e+04	8.625013962943235690e-02	1.042340395071788273e-01
9.362520319845840277e+04	8.660313615943238119e-02	1.045308942106228933e-01
9.400812362966992077e+04	8.695733695514815120e-02	1.048287521765203095e-01
9.439235039432445774e+04	8.731274610724995555e-02	1.051276166077620283e-01
9.477788792938858387e+04	8.766936771992515920e-02	1.054274907192587485e-01
9.516474068649188848e+04	8.802720591092434710e-02	1.057283777379680600e-01
9.555291313197894488e+04	8.838626481160938297e-02	1.060302809029357585e-01
9.594240974696139165e+04	8.874654856700173178e-02	1.063332034653263758e-01
9.633323502736973751e+04	8.910806133583025479e-02	1.066371486884608311e-01
9.672539348400315794e+04	8.947080729057725612e-02	1.069421198478500146e-01
9.711888964258403576e+04	8.983479061752906725e-02	1.072481202312316056e-01
9.751372804380772868e+04	9.020001551682192698e-02	1.075551531386049198e-01
9.790991324339745915e+04	9.056648620249289905e-02	1.078632218822669769e-01
9.830744981215528969e+04	9.093420690252684846e-02	1.081723297868488476e-01
9.870634233601366577e+04	9.130318185890429206e-02	1.084824801893490565e-01
9.910659541609104781e+04	9.167341532765281575e-02	1.087936764391769229e-01
9.950821366874151863e+04	9.204491157889282960e-02	1.091059218981813850e-01
9.991120172561166692e+04	9.241767489689037274e-02	1.094192199406930494e-01
1.003155642336895544e+05	9.279170958010228565e-02	1.097335739535579696e-01
1.007213058553626033e+05	9.316701994122979225e-02	1.100489873361777116e-01
1.011284312684702163e+05	9.354361030726721093e-02	1.103654635005448664e-01
1.015369451663538493e+05	9.392148501954816764e-02	1.106830058712806875e-01
1.019468522579155397e+05	9.430064843379985795e-02	1.110016178856741836e-01
1.023581572676711658e+05	9.468110492019224389e-02	1.113213029937192705e-01
1.027708649358030671e+05	9.506285886338670943e-02	1.116420646581523374e-01
1.031849800182163890e+05	9.544591466258824097e-02	1.119639063544931312e-01
1.036005072865932452e+05	9.583027673159549842e-02	1.122868315710795900e-01
1.040174515284462977e+05	9.621594949885033110e-02	1.126108438091111691e-01
1.044358175471758732e+05	9.660293740749069380e-02	1.129359465826837300e-01
1.048556101621261623e+05	9.699124491540259130e-02	1.132621434188297721e-01
1.052768342086350167e+05	9.738087649526611100e-02	1.135894378575599967e-01
1.056994945380977297e+05	9.777183663461443131e-02	1.139178334519010266e-01
1.061235960180157708e+05	9.816412983587900765e-02	1.142473337679340700e-01
1.065491435320577148e+05	9.855776061644574981e-02	1.145779423848391904e-01
1.069761419801124284e+05	9.895273350870432971e-02	1.149096628949288906e-01
1.074045962783459981e+05	9.934905306010087533e-02	1.152424989036959918e-01
1.078345113592592825e+05	9.974672383319108104e-02	1.155764540298489101e-01
1.082658921717448393e+05	1.001457504056929848e-01	1.159115319053536097e-01
1.086987436811410589e+05	1.005461373705369421e-01	1.162477361754744726e-01
1.091330708692941407e+05	1.009478893359230939e-01	1.165850704988174169e-01
1.095688787346097233e+05	1.013510109253689673e-01	1.169235385473692546e-01
1.100061722921153996e+05	1.017555067777673600e-01	1.172631440065382974e-01
1.104449565735151846e+05	1.021613815474367998e-01	1.176038905752001679e-01
1.108852366272491199e+05	1.025686399041765284e-01	1.179457819657360601e-01
1.113270175185502594e+05	1.029772865333193760e-01	1.182888219040751365e-01
1.117703043295037933e+05	1.033873261357863005e-01	1.186330141297388119e-01
1.122151021591044992e+05	1.037987634281396510e-01	1.189783623958810543e-01
1.126614161233157065e+05	1.042116031426376793e-01	1.193248704693341405e-01
1.131092513551299344e+05	1.046258500272905234e-01	1.196725421306488596e-01
1.135586130046249164e+05	1.050415088459122070e-01	1.200213811741380060e-01
1.140095062390249514e+05	1.054585843781772475e-01	1.203713914079213992e-01
1.144619362427593151e+05	1.058770814196747512e-01	1.207225766539675310e-01
1.149159082175235380e+05	1.062970047819651043e-01	1.210749407481381268e-01
1.153714273823359836e+05	1.067183592926322505e-01	1.214284875402339564e-01
1.158284989736015850e+05	1.071411497953426994e-01	1.217832208940343303e-01
1.162871282451688894e+05	1.075653811498982898e-01	1.221391446873459630e-01
1.167473204683932854e+05	1.079910582322946011e-01	1.224962628120444402e-01
1.172090809321953857e+05	1.084181859347751326e-01	1.228545791741212923e-01
1.176724149431236146e+05	1.088467691658889236e-01	1.232140976937274729e-01
1.181373278254126344e+05	1.092768128505449132e-01	1.235748223052201972e-01
1.186038249210485374e+05	1.097083219300720169e-01	1.239367569572064204e-01
1.190719115898273594e+05	1.101413013622732640e-01	1.242999056125881352e-01
1.195415932094159070e+05	1.105757561214821827e-01	1.246642722486100974e-01
1.200128751754169352e+05	1.110116911986230581e-01	1.250298608569035408e-01
1.204857629014289269e+05	1.114491116012660821e-01	1.253966754435347219e-01
1.209602618191086658e+05	1.118880223536854734e-01	1.257647200290498424e-01
1.214363773782340286e+05	1.123284284969173208e-01	1.261339986485215947e-01
1.219141150467658008e+05	1.127703350888169670e-01	1.265045153515958476e-01
1.223934803109130735e+05	1.132137472041193638e-01	1.268762742025406065e-01
1.228744786751927459e+05	1.136586699344941387e-01	1.272492792802890627e-01
1.233571156624946889e+05	1.141051083886059220e-01	1.276235346784904412e-01
1.238413968141467776e+05	1.145530676921744373e-01	1.279990445055576298e-01
1.243273276899761113e+05	1.150025529880312342e-01	1.283758128847130586e-01
1.248149138683734636e+05	1.154535694361791265e-01	1.287538439540365232e-01
1.253041609463586792e+05	1.159061222138528524e-01	1.291331418665162545e-01
1.257950745396439452e+05	1.163602165155775137e-01	1.295137107900950213e-01
1.262876602826988383e+05	1.168158575532288052e-01	1.298955549077181193e-01
1.267819238288153283e+05	1.172730505560930503e-01	1.302786784173852463e-01
1.272778708501728106e+05	1.177318007709274861e-01	1.306630855321958828e-01
1.277755070379015524e+05	1.181921134620187719e-01	1.310487804804015000e-01
1.282748381021517562e+05	1.186539939112470771e-01	1.314357675054518004e-01
1.287758697721557255e+05	1.191174474181434240e-01	1.318240508660485089e-01
1.292786077962954878e+05	1.195824792999523184e-01	1.322136348361921676e-01
1.297830579421691218e+05	1.200490948916930617e-01	1.326045237052322356e-01
1.302892259966567653e+05	1.205172995462208685e-01	1.329967217779195743e-01
1.307971177659869427e+05	1.209870986342881649e-01	1.333902333744547419e-01
1.313067390758035763e+05	1.214584975446065668e-01	1.337850628305397305e-01
1.318180957712316012e+05	1.219315016839076227e-01	1.341812144974281473e-01
1.323311937169482990e+05	1.224061164770087334e-01	1.345786927419776735e-01
1.328460387972470198e+05	1.228823473668722577e-01	1.349775019467009674e-01
1.333626369161048788e+05	1.233601998146677814e-01	1.353776465098147086e-01
1.338809939972541470e+05	1.238396792998385509e-01	1.357791308452974965e-01
1.344011159842441557e+05	1.243207913201585385e-01	1.361819593829323161e-01
1.349230088405182469e+05	1.248035413918036074e-01	1.365861365683680717e-01
1.354466785494739597e+05	1.252879350494072175e-01	1.369916668631673273e-01
1.359721311145384389e+05	1.257739778461302305e-01	1.373985547448600408e-01
1.364993725592351402e+05	1.262616753537225134e-01	1.378068047069946900e-01
1.370284089272480342e+05	1.267510331625823494e-01	1.382164212591943386e-01
1.375592462825033581e+05	1.272420568818322661e-01	1.386274089272075960e-01
1.380918907092262816e+05	1.277347521393709939e-01	1.390397722529627400e-01
1.386263483120189339e+05	1.282291245819461301e-01	1.394535157946213688e-01
1.391626252159270807e+05	1.287251798752155341e-01	1.398686441266330238e-01
1.397007275665153866e+05	1.292229237038169665e-01	1.402851618397872868e-01
1.402406615299311525e+05	1.297223617714272914e-01	1.407030735412714284e-01
1.407824332929812081e+05	1.302234998008330591e-01	1.411223838547207010e-01
1.413260490632002475e+05	1.307263435339943991e-01	1.415430974202790404e-01
1.418715150689225702e+05	1.312308987321108011e-01	1.419652188946470550e-01
1.424188375593527744e+05	1.317371711756869235e-01	1.423887529511429773e-01
1.429680228046432603e+05	1.322451666646040636e-01	1.428137042797543721e-01
1.435190770959598303e+05	1.327548910181807207e-01	1.432400775871967291e-01
1.440720067455548269e+05	1.332663500752406527e-01	1.436678775969661426e-01
1.446268180868457421e+05	1.337795496941852069e-01	1.440971090493993190e-01
1.451835174744806136e+05	1.342944957530539940e-01	1.445277767017263126e-01
1.457421112844164309e+05	1.348111941495972743e-01	1.449598853281304778e-01
1.463026059139928839e+05	1.353296508013444865e-01	1.453934397198012041e-01
1.468650077820002916e+05	1.358498716456666422e-01	1.458284446849947014e-01
1.474293233287571929e+05	1.363718626398484624e-01	1.462649050490872626e-01
1.479955590161881119e+05	1.368956297611600981e-01	1.467028256546383802e-01
1.485637213278916897e+05	1.374211790069202466e-01	1.471422113614438976e-01
1.491338167692182469e+05	1.379485163945678716e-01	1.475830670465947680e-01
1.497058518673458311e+05	1.384776479617325917e-01	1.480253976045363407e-01
1.502798331713540829e+05	1.390085797663029032e-01	1.484692079471248427e-01
1.508557672523005458e+05	1.395413178864968740e-01	1.489145030036889694e-01
1.514336607032957254e+05	1.400758684209314764e-01	1.493612877210867829e-01
1.520135201395778568e+05	1.406122374886918103e-01	1.498095670637621946e-01
1.525953521985908446e+05	1.411504312294032393e-01	1.502593460138101633e-01
1.531791635400613304e+05	1.416904558033025840e-01	1.507106295710324007e-01
1.537649608460752061e+05	1.422323173913088989e-01	1.511634227529967955e-01
1.543527508211511304e+05	1.427760221950915565e-01	1.516177305951000864e-01
1.549425401923208265e+05	1.433215764371444934e-01	1.520735581506243161e-01
1.555343357092090009e+05	1.438689863608601516e-01	1.525309104908010027e-01
1.561281441441067727e+05	1.444182582305971740e-01	1.529897927048687878e-01
1.567239722920529312e+05	1.449693983317559831e-01	1.534502099001388564e-01
1.573218269709099550e+05	1.455224129708488356e-01	1.539121672020492271e-01
1.579217150214438152e+05	1.460773084755735973e-01	1.543756697542324197e-01
1.585236433074025263e+05	1.466340911948865178e-01	1.548407227185737423e-01
1.591276187155951047e+05	1.471927674990752832e-01	1.553073312752744073e-01
1.597336481559728272e+05	1.477533437798340676e-01	1.557755006229153416e-01
1.603417385617048712e+05	1.483158264503336710e-01	1.562452359785133915e-01
1.609518968892643752e+05	1.488802219453008724e-01	1.567165425775900733e-01
1.615641301185030024e+05	1.494465367210877083e-01	1.571894256742333018e-01
1.621784452527336834e+05	1.500147772557476888e-01	1.576638905411593683e-01
1.627948493188108550e+05	1.505849500491102944e-01	1.581399424697762512e-01
1.634133493672137556e+05	1.511570616228578856e-01	1.586175867702465658e-01
1.640339524721244816e+05	1.517311185205979240e-01	1.590968287715528728e-01
1.646566657315120683e+05	1.523071273079407428e-01	1.595776738215612667e-01
1.652814962672129041e+05	1.528850945725739319e-01	1.600601272870856295e-01
1.659084512250152766e+05	1.534650269243406084e-01	1.605441945539512194e-01
1.665375377747374878e+05	1.540469309953114430e-01	1.610298810270618386e-01
1.671687631103150488e+05	1.546308134398657330e-01	1.615171921304617286e-01
1.678021344498805993e+05	1.552166809347649556e-01	1.620061333074028775e-01
1.684376590358509857e+05	1.558045401792333695e-01	1.624967100204101067e-01
1.690753441350068024e+05	1.563943978950318170e-01	1.629889277513475176e-01
1.697151970385774330e+05	1.569862608265360504e-01	1.634827920014829961e-01
1.703572250623260625e+05	1.575801357408157244e-01	1.639783082915552137e-01
1.710014355466350098e+05	1.581760294277130829e-01	1.644754821618421570e-01
1.716478358565886738e+05	1.587739486999197314e-01	1.649743191722233271e-01
1.722964333820579923e+05	1.593739003930547959e-01	1.654748249022523210e-01
1.729472355377888016e+05	1.599758913657466641e-01	1.659770049512191703e-01
1.736002497634850733e+05	1.605799284997098952e-01	1.664808649382209793e-01
1.742554835238935484e+05	1.611860186998237132e-01	1.669864105022284551e-01
1.749129443088954431e+05	1.617941688942165224e-01	1.674936473021560457e-01
1.755726396335862519e+05	1.624043860343400425e-01	1.680025810169239742e-01
1.762345770383671916e+05	1.630166770950536026e-01	1.685132173455388405e-01
1.768987640890315815e+05	1.636310490747043267e-01	1.690255620071475229e-01
1.775652083768508746e+05	1.642475089952064315e-01	1.695396207411169198e-01
1.782339175186613575e+05	1.648660639021217456e-01	1.700553993071002301e-01
1.789048991569558857e+05	1.654867208647441412e-01	1.705729034851059533e-01
1.795781609599695366e+05	1.661094869761792214e-01	1.710921390755681115e-01
1.802537106217687833e+05	1.667343693534264759e-01	1.716131118994189131e-01
1.809315558623420657e+05	1.673613751374632141e-01	1.721358277981530904e-01
1.816117044276853558e+05	1.679905114933236687e-01	1.726602926339053656e-01
1.822941640898938058e+05	1.686217856101837609e-01	1.731865122895155373e-01
1.829789426472539781e+05	1.692552047014463934e-01	1.737144926686047530e-01
1.836660479243274312e+05	1.698907760048189164e-01	1.742442396956420947e-01
1.843554877720520599e+05	1.705285067824065526e-01	1.747757593160206846e-01
1.850472700678186666e+05	1.711684043207836181e-01	1.753090574961276293e-01
1.857414027155741933e+05	1.718104759310886964e-01	1.758441402234172390e-01
1.864378936459086253e+05	1.724547289491052404e-01	1.763810135064797224e-01
1.871367508161447477e+05	1.731011707353443119e-01	1.769196833751208453e-01
1.878379822104323539e+05	1.737498086751322057e-01	1.774601558804290713e-01
1.885415958398422808e+05	1.744006501786968533e-01	1.780024370948503909e-01
1.892475997424563393e+05	1.750537026812514496e-01	1.785465331122652599e-01
1.899560019834589912e+05	1.757089736430790805e-01	1.790924500480580162e-01
1.906668106552351092e+05	1.763664705496230944e-01	1.796401940391932905e-01
1.913800338774615084e+05	1.770262009115720070e-01	1.801897712442898369e-01
1.920956797971984779e+05	1.776881722649438222e-01	1.807411878436957775e-01
1.928137565889878024e+05	1.783523921711769600e-01	1.812944500395622105e-01
1.935342724549471459e+05	1.790188682172174639e-01	1.818495640559218973e-01
1.942572356248611759e+05	1.796876080156034339e-01	1.824065361387616213e-01
1.949826543562783918e+05	1.803586192045542880e-01	1.829653725560975441e-01
1.957105369346124353e+05	1.810319094480646873e-01	1.835260795980549475e-01
1.964408916732300422e+05	1.817074864359860265e-01	1.840886635769409529e-01
1.971737269135512761e+05	1.823853578841188039e-01	1.846531308273219318e-01
1.979090510251430969e+05	1.830655315342994693e-01	1.852194877061020262e-01
1.986468724058220687e+05	1.837480151544951257e-01	1.857877405926010028e-01
1.993871994817462692e+05	1.844328165388890439e-01	1.863578958886284997e-01
2.001300407075144758e+05	1.851199435079717848e-01	1.869299600185642396e-01
2.008754045662643330e+05	1.858094039086324867e-01	1.875039394294350514e-01
2.016232995697716542e+05	1.865012056142505148e-01	1.880798405909961113e-01
2.023737342585466686e+05	1.871953565247845286e-01	1.886576699958044945e-01
2.031267172019335558e+05	1.878918645668645471e-01	1.892374341593030529e-01
2.038822569982137356e+05	1.885907376938874003e-01	1.898191396198970204e-01
2.046403622746979527e+05	1.892919838861021331e-01	1.904027929390341434e-01
2.054010416878330871e+05	1.899956111507086765e-01	1.909884007012845608e-01
2.061643039232993033e+05	1.907016275219475254e-01	1.915759695144216845e-01
2.069301576961120008e+05	1.914100410611943581e-01	1.921655060095011358e-01
2.076986117507186718e+05	1.921208598570494919e-01	1.927570168409430962e-01
2.084696748611078074e+05	1.928340920254386082e-01	1.933505086866122713e-01
2.092433558309048531e+05	1.935497457097015150e-01	1.939459882479006858e-01
2.100196634934753820e+05	1.942678290806875707e-01	1.945434622498067589e-01
2.107986067120281223e+05	1.949883503368510240e-01	1.951429374410183215e-01
2.115801943797183339e+05	1.957113177043465768e-01	1.957444205939958548e-01
2.123644354197479261e+05	1.964367394371221709e-01	1.963479185050563403e-01
2.131513387854741013e+05	1.971646238170191578e-01	1.969534379944527236e-01
2.139409134605087456e+05	1.978949791538645586e-01	1.975609859064589580e-01
2.147331684588266071e+05	1.986278137855709280e-01	1.981705691094514943e-01
2.155281128248629393e+05	1.993631360782267548e-01	1.987821944959972109e-01
2.163257556336253765e+05	2.001009544261999895e-01	1.993958689829306574e-01
2.171261059907960007e+05	2.008412772522323031e-01	2.000115995114484513e-01
2.179291730328401318e+05	2.015841130075398668e-01	2.006293930471835796e-01
2.187349659271072305e+05	2.023294701719066391e-01	2.012492565802976030e-01
2.195434938719402417e+05	2.030773572537854510e-01	2.018711971255610360e-01
2.203547660967837146e+05	2.038277827903980932e-01	2.024952217224449402e-01
2.211687918622872676e+05	2.045807553478310725e-01	2.031213374352005829e-01
2.219855804604167643e+05	2.053362835211382242e-01	2.037495513529470614e-01
2.228051412145588838e+05	2.060943759344376902e-01	2.043798705897620638e-01
2.236274834796317737e+05	2.068550412410141981e-01	2.050123022847643861e-01
2.244526166421924136e+05	2.076182881234182875e-01	2.056468536022051374e-01
2.252805501205469482e+05	2.083841252935683674e-01	2.062835317315469541e-01
2.261112933648571488e+05	2.091525614928493870e-01	2.069223438875631427e-01
2.269448558572549664e+05	2.099236054922185291e-01	2.075632973104169499e-01
2.277812471119467227e+05	2.106972660923018548e-01	2.082063992657553764e-01
2.286204766753299918e+05	2.114735521235021065e-01	2.088516570447941367e-01
2.294625541260969185e+05	2.122524724460946588e-01	2.094990779644105849e-01
2.303074890753533691e+05	2.130340359503373471e-01	2.101486693672336148e-01
2.311552911667248118e+05	2.138182515565686947e-01	2.108004386217252613e-01
2.320059700764717418e+05	2.146051282153145501e-01	2.114543931222774009e-01
2.328595355136003636e+05	2.153946749073905043e-01	2.121105402893049274e-01
2.337159972199762997e+05	2.161869006440069463e-01	2.127688875693313220e-01
2.345753649704357376e+05	2.169818144668721471e-01	2.134294424350814401e-01
2.354376485729023116e+05	2.177794254483001180e-01	2.140922123855742987e-01
2.363028578684986569e+05	2.185797426913138886e-01	2.147572049462102284e-01
2.371710027316626511e+05	2.193827753297531435e-01	2.154244276688685455e-01
2.380420930702598998e+05	2.201885325283780004e-01	2.160938881319969807e-01
2.389161388257007056e+05	2.209970234829774782e-01	2.167655939407061305e-01
2.397931499730549403e+05	2.218082574204755797e-01	2.174395527268609407e-01
2.406731365211679949e+05	2.226222435990387327e-01	2.181157721491736590e-01
2.415561085127773113e+05	2.234389913081832602e-01	2.187942598933014793e-01
2.424420760246296995e+05	2.242585098688842926e-01	2.194750236719321401e-01
2.433310491675992962e+05	2.250808086336844871e-01	2.201580712248904503e-01
2.442230380867994681e+05	2.259058969867979716e-01	2.208434103192255249e-01
2.451180529617094435e+05	2.267337843442270573e-01	2.215310487493040159e-01
2.460161040062876418e+05	2.275644801538673212e-01	2.222209943369135854e-01
2.469172014690908545e+05	2.283979938956177402e-01	2.229132549313478928e-01
2.478213556333931629e+05	2.292343350814907144e-01	2.236078384095158966e-01
2.487285768173087854e+05	2.300735132557258367e-01	2.243047526760272026e-01
2.496388753739071835e+05	2.309155379948961695e-01	2.250040056632930663e-01
2.505522616913385573e+05	2.317604189080243182e-01	2.257056053316240651e-01
2.514687461929502606e+05	2.326081656366903172e-01	2.264095596693277146e-01
2.523883393374110165e+05	2.334587878551463991e-01	2.271158766928071115e-01
2.533110516188320180e+05	2.343122952704289608e-01	2.278245644466582176e-01
2.542368935668902996e+05	2.351686976224727776e-01	2.285356310037650607e-01
2.551658757469467819e+05	2.360280046842201940e-01	2.292490844654075655e-01
2.560980087601759005e+05	2.368902262617409715e-01	2.299649329613508153e-01
2.570333032436826325e+05	2.377553721943405363e-01	2.306831846499524663e-01
2.579717698706313968e+05	2.386234523546792718e-01	2.314038477182592257e-01
2.589134193503674469e+05	2.394944766488848464e-01	2.321269303821084096e-01
2.598582624285424536e+05	2.403684550166681477e-01	2.328524408862272521e-01
2.608063098872402043e+05	2.412453974314398009e-01	2.335803875043380995e-01
2.617575725451015751e+05	2.421253139004257982e-01	2.343107785392515574e-01
2.627120612574504921e+05	2.430082144647836284e-01	2.350436223229817878e-01
2.636697869164199219e+05	2.438941091997192945e-01	2.357789272168352157e-01
2.646307604510781239e+05	2.447830082146038311e-01	2.365167016115203857e-01
2.655949928275648854e+05	2.456749216530994262e-01	2.372569539272506300e-01
2.665624950492031639e+05	2.465698596932623943e-01	2.379996926138435165e-01
2.675332781566356425e+05	2.474678325476701302e-01	2.387449261508340359e-01
2.685073532279604697e+05	2.483688504635459815e-01	2.394926630475652796e-01
2.694847313788509346e+05	2.492729237228703543e-01	2.402429118433040134e-01
2.704654237626839313e+05	2.501800626424994234e-01	2.409956811073424854e-01
2.714494415706775617e+05	2.510902775742923088e-01	2.417509794390999833e-01
2.724367960320197162e+05	2.520035789052302855e-01	2.425088154682343844e-01
2.734274984139925800e+05	2.529199770575317752e-01	2.432691978547414369e-01
2.744215600221136119e+05	2.538394824887826307e-01	2.440321352890680584e-01
2.754189922002569074e+05	2.547621056920486571e-01	2.447976364922160308e-01
2.764198063307951088e+05	2.556878571960067292e-01	2.455657102158487759e-01
2.774240138347253087e+05	2.566167475650612539e-01	2.463363652424015449e-01
2.784316261718037422e+05	2.575487873994686816e-01	2.471096103851823933e-01
2.794426548406869988e+05	2.584839873354684570e-01	2.478854544884895039e-01
2.804571113790569361e+05	2.594223580453983158e-01	2.486639064277157418e-01
2.814750073637544992e+05	2.603639102378177417e-01	2.494449751094571788e-01
2.824963544109250652e+05	2.613086546576431357e-01	2.502286694716227000e-01
2.835211641761388746e+05	2.622566020862587832e-01	2.510149984835469694e-01
2.845494483545473777e+05	2.632077633416612938e-01	2.518039711460990926e-01
2.855812186809995328e+05	2.641621492785675707e-01	2.525955964917922514e-01
2.866164869301901199e+05	2.651197707885518673e-01	2.533898835848944486e-01
2.876552649167954805e+05	2.660806388001713541e-01	2.541868415215411958e-01
2.886975644956073957e+05	2.670447642790897413e-01	2.549864794298474235e-01
2.897433975616758107e+05	2.680121582282096182e-01	2.557888064700248321e-01
2.907927760504506878e+05	2.689828316878034586e-01	2.565938318344804792e-01
2.918457119379082578e+05	2.699567957356304726e-01	2.574015647479462321e-01
2.929022172407085891e+05	2.709340614870824338e-01	2.582120144675853490e-01
2.939623040163227706e+05	2.719146400953011411e-01	2.590251902831007813e-01
2.950259843631817494e+05	2.728985427513163087e-01	2.598411015168623495e-01
2.960932704208080540e+05	2.738857806841672460e-01	2.606597575240084952e-01
2.971641743699691142e+05	2.748763651610445780e-01	2.614811676925729578e-01
2.982387084328106139e+05	2.758703074874140904e-01	2.623053414435903563e-01
2.993168848730053287e+05	2.768676190071537313e-01	2.631322882312179812e-01
3.003987159958920674e+05	2.778683111026825081e-01	2.639620175428521454e-01
3.014842141486212495e+05	2.788723951950954905e-01	2.647945388992437032e-01
3.025733917203015881e+05	2.798798827442984805e-01	2.656298618546161783e-01
3.036662611421438050e+05	2.808907852491420165e-01	2.664679959967816703e-01
3.047628348875953234e+05	2.819051142475454408e-01	2.673089509472622027e-01
3.058631254725105828e+05	2.829228813166543843e-01	2.681527363614039650e-01
3.069671454552687355e+05	2.839440980729499020e-01	2.689993619285025450e-01
3.080749074369406444e+05	2.849687761724028490e-01	2.698488373719173383e-01
3.091864240614299197e+05	2.859969273106040544e-01	2.707011724491906191e-01
3.103017080156150623e+05	2.870285632228963268e-01	2.715563769521697202e-01
3.114207720295106992e+05	2.880636956845231134e-01	2.724144607071349311e-01
3.125436288764076307e+05	2.891023365107585064e-01	2.732754335749059127e-01
3.136702913730206201e+05	2.901444975570434681e-01	2.741393054509764782e-01
3.148007723796383943e+05	2.911901907191248307e-01	2.750060862656277250e-01
3.159350848002869170e+05	2.922394279332064526e-01	2.758757859840574311e-01
3.170732415828628000e+05	2.932922211760722320e-01	2.767484146064983497e-01
3.182152557192921522e+05	2.943485824652335436e-01	2.776239821683423314e-01
3.193611402456896612e+05	2.954085238590759555e-01	2.785024987402676122e-01
3.205109082424998051e+05	2.964720574569900680e-01	2.793839744283574400e-01
3.216645728346543619e+05	2.975391953995172312e-01	2.802684193742281393e-01
3.228221471917284071e+05	2.986099498684936515e-01	2.811558437551547884e-01
3.239836445280929329e+05	2.996843330871916122e-01	2.820462577841966745e-01
3.251490781030682265e+05	3.007623573204618039e-01	2.829396717103207504e-01
3.263184612210787018e+05	3.018440348748757662e-01	2.838360958185302541e-01
3.274918072318111081e+05	3.029293780988727702e-01	2.847355404299922732e-01
3.286691295303700026e+05	3.040183993829035369e-01	2.856380159021659759e-01
3.298504415574339218e+05	3.051111111595746217e-01	2.865435326289244022e-01
3.310357567994153360e+05	3.062075259037962960e-01	2.874521010406916877e-01
3.322250887886103592e+05	3.073076561329212697e-01	2.883637316045652987e-01
3.334184511033701710e+05	3.084115144069029535e-01	2.892784348244479276e-01
3.346158573682508431e+05	3.095191133284344032e-01	2.901962212411764441e-01
3.358173212541773100e+05	3.106304655430996986e-01	2.911171014326527362e-01
3.370228564785975032e+05	3.117455837395164964e-01	2.920410860139733833e-01
3.382324768056515604e+05	3.128644806494929598e-01	2.929681856375629945e-01
3.394461960463227588e+05	3.139871690481668698e-01	2.938984109933040489e-01
3.406640280586145818e+05	3.151136617541696605e-01	2.948317728086673473e-01
3.418859867477003136e+05	3.162439716297646419e-01	2.957682818488487353e-01
3.431120860660862527e+05	3.173781115809983788e-01	2.967079489169008322e-01
3.443423400137824938e+05	3.185160945578581759e-01	2.976507848538630929e-01
3.455767626384624164e+05	3.196579335544197376e-01	2.985968005388988655e-01
3.468153680356286350e+05	3.208036416090008225e-01	2.995460068894275629e-01
3.480581703487792984e+05	3.219532318043150654e-01	3.004984148612674377e-01
3.493051837695671711e+05	3.231067172676189703e-01	3.014540354487590390e-01
3.505564225379792624e+05	3.242641111708780555e-01	3.024128796849107070e-01
3.518119009424934629e+05	3.254254267309119597e-01	3.033749586415290800e-01
3.530716333202481037e+05	3.265906772095509836e-01	3.043402834293605363e-01
3.543356340572090121e+05	3.277598759137910767e-01	3.053088651982268642e-01
3.556039175883436692e+05	3.289330361959543758e-01	3.062807151371570447e-01
3.568764983977848897e+05	3.301101714538409726e-01	3.072558444745394635e-01
3.581533910190038150e+05	3.312912951308887299e-01	3.082342644782476992e-01
3.594346100349800545e+05	3.324764207163308782e-01	3.092159864557876836e-01
3.607201700783732813e+05	3.336655617453546663e-01	3.102010217544333703e-01
3.620100858316929662e+05	3.348587317992581802e-01	3.111893817613661239e-01
3.633043720274697407e+05	3.360559445056091055e-01	3.121810779038206030e-01
3.646030434484357829e+05	3.372572135384115932e-01	3.131761216492265909e-01
3.659061149276896613e+05	3.384625526182581945e-01	3.141745245053435553e-01
3.672136013488712488e+05	3.396719755124925633e-01	3.151762980204083631e-01
3.685255176463460666e+05	3.408854960353792651e-01	3.161814537832792205e-01
3.698418788053686148e+05	3.421031280482552117e-01	3.171900034235758947e-01
3.711626998622642132e+05	3.433248854596975819e-01	3.182019586118251531e-01
3.724879959046058357e+05	3.445507822256876351e-01	3.192173310596055358e-01
3.738177820713900728e+05	3.457808323497734149e-01	3.202361325196917963e-01
3.751520735532141407e+05	3.470150498832334507e-01	3.212583747861995631e-01
3.764908855924574891e+05	3.482534489252447907e-01	3.222840696947353312e-01
3.778342334834600915e+05	3.494960436230475920e-01	3.233132291225370158e-01
3.791821325726952055e+05	3.507428481721057700e-01	3.243458649886254985e-01
3.805345982589605264e+05	3.519938768162828024e-01	3.253819892539515646e-01
3.818916459935505991e+05	3.532491438480018231e-01	3.264216139215415646e-01
3.832532912804466905e+05	3.545086636084211484e-01	3.274647510366485714e-01
3.846195496764903655e+05	3.557724504875946492e-01	3.285114126869018158e-01
3.859904367915707990e+05	3.570405189246453337e-01	3.295616110024580658e-01
3.873659682888074894e+05	3.583128834079339908e-01	3.306153581561444565e-01
3.887461598847370478e+05	3.595895584752322738e-01	3.316726663636164196e-01
3.901310273494917783e+05	3.608705587138877902e-01	3.327335478835081184e-01
3.915205865069922293e+05	3.621558987610020153e-01	3.337980150175820504e-01
3.929148532351276372e+05	3.634455933035976583e-01	3.348660801108842566e-01
3.943138434659452760e+05	3.647396570787931891e-01	3.359377555518910929e-01
3.957175731858395156e+05	3.660381048739782539e-01	3.370130537726749309e-01
3.971260584357355838e+05	3.673409515269834280e-01	3.380919872490426026e-01
3.985393153112782165e+05	3.686482119262548540e-01	3.391745685007029332e-01
3.999573599630295066e+05	3.699599010110368735e-01	3.402608100914210065e-01
4.013802085966476006e+05	3.712760337715377834e-01	3.413507246291622721e-01
4.028078774730840814e+05	3.725966252491121899e-01	3.424443247662615764e-01
4.042403829087794293e+05	3.739216905364419197e-01	3.435416231995740977e-01
4.056777412758403225e+05	3.752512447776996662e-01	3.446426326706349408e-01
4.071199690022467985e+05	3.765853031687412811e-01	3.457473659658153453e-01
4.085670825720382272e+05	3.779238809572770807e-01	3.468558359164819471e-01
4.100190985255109263e+05	3.792669934430552003e-01	3.479680553991561509e-01
4.114760334594078013e+05	3.806146559780365646e-01	3.490840373356769999e-01
4.129379040271224221e+05	3.819668839665839588e-01	3.502037946933510004e-01
4.144047269388866844e+05	3.833236928656357789e-01	3.513273404851296466e-01
4.158765189619729645e+05	3.846850981848922713e-01	3.524546877697542491e-01
4.173532969208862050e+05	3.860511154869941119e-01	3.535858496519294625e-01
4.188350776975686895e+05	3.874217603877113669e-01	3.547208392824797718e-01
4.203218782315916615e+05	3.887970485561206280e-01	3.558596698585166918e-01
4.218137155203616130e+05	3.901769957147961376e-01	3.570023546235969181e-01
4.233106066193179577e+05	3.915616176399924209e-01	3.581489068678938570e-01
4.248125686421347200e+05	3.929509301618310801e-01	3.592993399283602174e-01
4.263196187609147164e+05	3.943449491644801519e-01	3.604536671888893262e-01
4.278317742064073100e+05	3.957436905863555565e-01	3.616119020804830497e-01
4.293490522681949660e+05	3.971471704202937936e-01	3.627740580814243221e-01
4.308714702949093771e+05	3.985554047137517819e-01	3.639401487174370731e-01
4.323990456944300095e+05	3.999684095689907681e-01	3.651101875618567028e-01
4.339317959340872476e+05	4.013862011432636767e-01	3.662841882357984469e-01
4.354697385408743285e+05	4.028087956490116195e-01	3.674621644083336802e-01
4.370128911016502534e+05	4.042362093540514678e-01	3.686441297966464581e-01
4.385612712633488700e+05	4.056684585817691424e-01	3.698300981662149267e-01
4.401148967331826570e+05	4.071055597113082958e-01	3.710200833309699187e-01
4.416737852788593154e+05	4.085475291777706519e-01	3.722140991534836352e-01
4.432379547287868918e+05	4.099943834724052993e-01	3.734121595451302400e-01
4.448074229722808814e+05	4.114461391428008707e-01	3.746142784662586100e-01
4.463822079597776174e+05	4.129028127930828851e-01	3.758204699263716919e-01
4.479623277030498721e+05	4.143644210841125886e-01	3.770307479842965326e-01
4.495478002754161134e+05	4.158309807336810771e-01	3.782451267483559199e-01
4.511386438119528466e+05	4.173025085167054171e-01	3.794636203765530680e-01
4.527348765097092255e+05	4.187790212654274868e-01	3.806862430767399830e-01
4.543365166279250407e+05	4.202605358696152593e-01	3.819130091067959865e-01
4.559435824882370071e+05	4.217470692767535945e-01	3.831439327748030754e-01
4.575560924749079859e+05	4.232386384922569578e-01	3.843790284392284984e-01
4.591740650350325741e+05	4.247352605796584357e-01	3.856183105090980612e-01
4.607975186787652201e+05	4.262369526608219550e-01	3.868617934441813122e-01
4.624264719795279088e+05	4.277437319161333518e-01	3.881094917551629608e-01
4.640609435742360656e+05	4.292556155847099819e-01	3.893614200038315598e-01
4.657009521635192796e+05	4.307726209646047799e-01	3.906175928032549205e-01
4.673465165119369631e+05	4.322947654130055994e-01	3.918780248179661863e-01
4.689976554482030915e+05	4.338220663464429361e-01	3.931427307641391367e-01
4.706543878654107102e+05	4.353545412409983162e-01	3.944117254097831426e-01
4.723167327212535311e+05	4.368922076325082449e-01	3.956850235749167499e-01
4.739847090382472379e+05	4.384350831167698748e-01	3.969626401317495334e-01
4.756583359039545758e+05	4.399831853497485623e-01	3.982445900048764420e-01
4.773376324712143396e+05	4.415365320477898647e-01	3.995308881714650373e-01
4.790226179583673365e+05	4.430951409878288727e-01	4.008215496614266349e-01
4.807133116494786809e+05	4.446590300075951019e-01	4.021165895576188642e-01
4.824097328945738263e+05	4.462282170058317621e-01	4.034160229960297994e-01
4.841119011098568444e+05	4.478027199424968741e-01	4.047198651659527080e-01
4.858198357779469225e+05	4.493825568389824276e-01	4.060281313101984368e-01
4.875335564481044421e+05	4.509677457783233812e-01	4.073408367252649986e-01
4.892530827364695724e+05	4.525583049054184293e-01	4.086579967615394660e-01
4.909784343262863113e+05	4.541542524272371706e-01	4.099796268234880969e-01
4.927096309681442799e+05	4.557556066130437067e-01	4.113057423698386339e-01
4.944466924801975838e+05	4.573623857945995352e-01	4.126363589137825305e-01
4.961896387484107399e+05	4.589746083663901466e-01	4.139714920231671313e-01
4.979384897267908673e+05	4.605922927858407956e-01	4.153111573206837437e-01
4.996932654376252322e+05	4.622154575735353266e-01	4.166553704840696981e-01
5.014539859717135550e+05	4.638441213134320562e-01	4.180041472462965313e-01
5.032206714886103873e+05	4.654783026530869283e-01	4.193575033957668841e-01
5.049933422168593388e+05	4.671180203038707290e-01	4.207154547765178387e-01
5.067720184542378993e+05	4.687632930411957943e-01	4.220780172884108228e-01
5.085567205679937033e+05	4.704141397047337803e-01	4.234452068873316710e-01
5.103474689950830070e+05	4.720705791986370414e-01	4.248170395853917425e-01
5.121442842424245318e+05	4.737326304917728881e-01	4.261935314511265949e-01
5.139471868871228071e+05	4.754003126179305316e-01	4.275746986096942148e-01
5.157561975767284166e+05	4.770736446760617810e-01	4.289605572430729152e-01
5.175713370294718188e+05	4.787526458304968702e-01	4.303511235902721666e-01
5.193926260345210903e+05	4.804373353111834333e-01	4.317464139475261642e-01
5.212200854522100999e+05	4.821277324138973919e-01	4.331464446685019953e-01
5.230537362143042265e+05	4.838238565004885916e-01	4.345512321645037535e-01
5.248935993242309196e+05	4.855257269990941316e-01	4.359607929046664943e-01
5.267396958573411684e+05	4.872333634043806150e-01	4.373751434161807228e-01
5.285920469611578155e+05	4.889467852777730217e-01	4.387943002844788554e-01
5.304506738556188066e+05	4.906660122476804164e-01	4.402182801534541001e-01
5.323155978333301609e+05	4.923910640097298175e-01	4.416470997256663478e-01
5.341868402598294197e+05	4.941219603270093352e-01	4.430807757625495058e-01
5.360644225738265086e+05	4.958587210302922710e-01	4.445193250846091737e-01
5.379483662874493748e+05	4.976013660182625475e-01	4.459627645716544020e-01
5.398386929865319980e+05	4.993499152577826061e-01	4.474111111629881510e-01
5.417354243308288278e+05	5.011043887840909150e-01	4.488643818576287803e-01
5.436385820543016307e+05	5.028648067010680345e-01	4.503225937145236557e-01
5.455481879653736250e+05	5.046311891814706518e-01	4.517857638527524311e-01
5.474642639471616130e+05	5.064035564671472978e-01	4.532539094517508693e-01
5.493868319577716757e+05	5.081819288693115722e-01	4.547270477515171772e-01
5.513159140305394540e+05	5.099663267687636337e-01	4.562051960528283878e-01
5.532515322742882418e+05	5.117567706161303409e-01	4.576883717174608512e-01
5.551937088736025617e+05	5.135532809321173842e-01	4.591765921684031193e-01
5.571424660890846280e+05	5.153558783077464289e-01	4.606698748900748819e-01
5.590978262576217530e+05	5.171645834046029178e-01	4.621682374285413508e-01
5.610598117926496780e+05	5.189794169550794312e-01	4.636716973917350826e-01
5.630284451844170690e+05	5.208003997626202697e-01	4.651802724496751362e-01
5.650037490002482664e+05	5.226275527019650369e-01	4.666939803346923377e-01
5.669857458848219831e+05	5.244608967194055449e-01	4.682128388416417208e-01
5.689744585604281165e+05	5.263004528330239573e-01	4.697368658281294573e-01
5.709699098272561096e+05	5.281462421329594648e-01	4.712660792147322919e-01
5.729721225636380259e+05	5.299982857816331050e-01	4.728004969852321882e-01
5.749811197263380745e+05	5.318566050140151047e-01	4.743401371868256056e-01
5.769969243508267682e+05	5.337212211378797866e-01	4.758850179303551475e-01
5.790195595515399473e+05	5.355921555340432683e-01	4.774351573905418200e-01
5.810490485221708659e+05	5.374694296566351337e-01	4.789905738061999707e-01
5.830854145359286340e+05	5.393530650333370202e-01	4.805512854804761536e-01
5.851286809458313510e+05	5.412430832656539570e-01	4.821173107810686753e-01
5.871788711849651299e+05	5.431395060291530630e-01	4.836886681404632959e-01
5.892360087667733897e+05	5.450423550737324430e-01	4.852653760561550511e-01
5.913001172853425378e+05	5.469516522238848655e-01	4.868474530908982190e-01
5.933712204156664666e+05	5.488674193789420119e-01	4.884349178729125995e-01
5.954493419139378238e+05	5.507896785133442608e-01	4.900277890961351468e-01
5.975345056178246159e+05	5.527184516768972600e-01	4.916260855204425684e-01
