0.000000000000000000e+00	0.000000000000000000e+00	0.000000000000000000e+00
1.018174225538219986e+02	9.413412223487305176e-05	5.070974041095396151e-02
2.032406191806164202e+02	1.879507444594242160e-04	5.043717285535051498e-02
3.043394708970020019e+02	2.814673177407790890e-04	5.019723079783065117e-02
4.051740295899576267e+02	3.747393941948261591e-04	4.998540416818338106e-02
5.057962345711457601e+02	4.678150210944656442e-04	4.979795885512013770e-02
6.062512956642078734e+02	5.607360203622706188e-04	4.963178741291507379e-02
7.065788120671372781e+02	6.535390236268426344e-04	4.948429055483796052e-02
8.068136811870972451e+02	7.462563129815386271e-04	4.935328277872241820e-02
9.069868399784851363e+02	8.389165067912973933e-04	4.923691695817734859e-02
1.007125872248864880e+03	9.315451215060368802e-04	4.913362387966182382e-02
1.107255508336591674e+03	1.024165033907031321e-03	4.904206359082467770e-02
1.207398038052272113e+03	1.116796863113753624e-03	4.896108611010633466e-02
1.307573653464206700e+03	1.209459287689574171e-03	4.888969957806305056e-02
1.407800734725089569e+03	1.302169310055186977e-03	4.882704434275111222e-02
1.508096089478350905e+03	1.394942477958850376e-03	4.877237179197158046e-02
1.608475154285470808e+03	1.487793070812536231e-03	4.872502699503742513e-02
1.708952164858446849e+03	1.580734257170035790e-03	4.868443441199511029e-02
1.809540300567924533e+03	1.673778228407785422e-03	4.865008608116559025e-02
1.910251807653321293e+03	1.766936312703189281e-03	4.862153181593998480e-02
2.011098104728751196e+03	1.860219072635070463e-03	4.859837103627090427e-02
2.112089873513124985e+03	1.953636389115252954e-03	4.858024593485253673e-02
2.213237137178771263e+03	2.047197533866281210e-03	4.856683573696135570e-02
2.314549328283629620e+03	2.140911232263118143e-03	4.855785185971049633e-02
2.416035347905567050e+03	2.234785718036127068e-03	4.855303381365995430e-02
2.517703617316474265e+03	2.328828781072790448e-03	4.855214571940018320e-02
2.619562123306382546e+03	2.423047809345226910e-03	4.855497333544116917e-02
2.721618458081516565e+03	2.517449825818210418e-03	4.856132151277170461e-02
2.823879854508880726e+03	2.612041521052407226e-03	4.857101200675414954e-02
2.926353217355216202e+03	2.706829282102132892e-03	4.858388158936520484e-02
3.029045151065351547e+03	2.801819218211808963e-03	4.859978041478979494e-02
3.131961984540944741e+03	2.897017183737596313e-03	4.861857059947715526e-02
3.235109793309776705e+03	2.992428798655115667e-03	4.864012498437459558e-02
3.338494419417796507e+03	3.088059466960575445e-03	4.866432605244257886e-02
3.442121489327484596e+03	3.183914393227618364e-03	4.869106497897211783e-02
3.545996430065107234e+03	3.279998597544292373e-03	4.872024079585875189e-02
3.650124483825547031e+03	3.376316929023189407e-03	4.875175965396822547e-02
3.754510721214443038e+03	3.472874078051016531e-03	4.878553417021420230e-02
3.859160053282871104e+03	3.569674587421200335e-03	4.882148284801845345e-02
3.964077242489594482e+03	3.666722862474439820e-03	4.885952956152030818e-02
4.069266912707842948e+03	3.764023180355389065e-03	4.889960309533859795e-02
4.174733558379047281e+03	3.861579698480239759e-03	4.894163673288142585e-02
4.280481552903002012e+03	3.959396462297952966e-03	4.898556788718957250e-02
4.386515156342379669e+03	4.057477412417233482e-03	4.903133776915853670e-02
4.492838522511457995e+03	4.155826391163880418e-03	4.907889108867768274e-02
4.599455705509127256e+03	4.254447148624052912e-03	4.912817578485189490e-02
4.706370665750318949e+03	4.353343348223570608e-03	4.917914278195739675e-02
4.813587275543453870e+03	4.452518571887246687e-03	4.923174576824194959e-02
4.921109324255893625e+03	4.551976324817115158e-03	4.928594099503995352e-02
5.028940523105546163e+03	4.651720039924833218e-03	4.934168709399873454e-02
5.137084509611879184e+03	4.751753081949012733e-03	4.939894491048020531e-02
5.245544851736250166e+03	4.852078751285167010e-03	4.945767735144560029e-02
5.354325051739031551e+03	4.952700287553677902e-03	4.951784924633080565e-02
5.463428549776794171e+03	5.053620872927303345e-03	4.957942721959605198e-02
5.572858727262149841e+03	5.154843635239133963e-03	4.964237957378889177e-02
5.682618910004935969e+03	5.256371650888293050e-03	4.970667618208947369e-02
5.792712371153347704e+03	5.358207947560564115e-03	4.977228838942716199e-02
5.903142333950024295e+03	5.460355506777861065e-03	4.983918892135372203e-02
6.013911974318126340e+03	5.562817266290417083e-03	4.990735179995189202e-02
6.125024423290502455e+03	5.665596122323846538e-03	4.997675226613271932e-02
6.236482769293407728e+03	5.768694931691627920e-03	5.004736670774287410e-02
6.348290060296189040e+03	5.872116513783643375e-03	5.011917259296978094e-02
6.460449305836529675e+03	5.975863652439575117e-03	5.019214840857281340e-02
6.572963478930017118e+03	6.079939097715306683e-03	5.026627360253013016e-02
6.685835517872805212e+03	6.184345567550438016e-03	5.034152853072379474e-02
6.799068327944551129e+03	6.289085749343543627e-03	5.041789440732095257e-02
6.912664783018634807e+03	6.394162301441668611e-03	5.049535325855241535e-02
7.026627727085957304e+03	6.499577854549873010e-03	5.057388787960408194e-02
7.140959975698116978e+03	6.605335013066219486e-03	5.065348179437823006e-02
7.255664317335693340e+03	6.711436356347457929e-03	5.073411921789124090e-02
7.370743514705765847e+03	6.817884439909268485e-03	5.081578502110443291e-02
7.486200305974143703e+03	6.924681796566101513e-03	5.089846469800280576e-02
7.602037405935820061e+03	7.031830937513867952e-03	5.098214433474377444e-02
7.718257507127930694e+03	7.139334353359469074e-03	5.106681058072620738e-02
7.834863280888542249e+03	7.247194515100181464e-03	5.115245062143704280e-02
7.951857378364812575e+03	7.355413875056240891e-03	5.123905215294070892e-02
8.069242431473388024e+03	7.463994867759222822e-03	5.132660335789769601e-02
8.187021053816146377e+03	7.572939910799129579e-03	5.141509288299948854e-02
8.305195841553699211e+03	7.682251405632397646e-03	5.150450981772342063e-02
8.423769374239063836e+03	7.791931738353063790e-03	5.159484367431102503e-02
8.542744215614549830e+03	7.901983280429897630e-03	5.168608436888864899e-02
8.662122914372583182e+03	8.012408389410181561e-03	5.177822220365451561e-02
8.781908004883936883e+03	8.123209409593344643e-03	5.187124785005367555e-02
8.902102007894236522e+03	8.234388672675228490e-03	5.196515233288272889e-02
9.022707431190856369e+03	8.345948498365007850e-03	5.205992701525838373e-02
9.143726770241937629e+03	8.457891194976259464e-03	5.215556358439583928e-02
9.265162508808658458e+03	8.570219059993352748e-03	5.225205403814423000e-02
9.387017119532607467e+03	8.682934380614766925e-03	5.234939067223144671e-02
9.509293064499341199e+03	8.796039434274399715e-03	5.244756606817158745e-02
9.631992795779096923e+03	8.909536489141728008e-03	5.254657308180031572e-02
9.755118755946630699e+03	9.023427804602676683e-03	5.264640483238850616e-02
9.878673378580630015e+03	9.137715631721582410e-03	5.274705469231055072e-02
1.000265908874361230e+04	9.252402213685102447e-03	5.284851627722678830e-02
1.012707830344387912e+04	9.367489786229536014e-03	5.295078343675101162e-02
1.025193343207993530e+04	9.482980578051919060e-03	5.305385024557512930e-02
1.037722687686838799e+04	9.598876811205843060e-03	5.315771099502415026e-02
1.050296103325628428e+04	9.715180701482858255e-03	5.326236018501583069e-02
1.062913829031852947e+04	9.831894458780113602e-03	5.336779251640322297e-02
1.075576103114072976e+04	9.949020287454476280e-03	5.347400288367666621e-02
1.088283163318888364e+04	1.006656038666450988e-02	5.358098636800612269e-02
1.101035246866593843e+04	1.018451695070029736e-02	5.368873823060526379e-02
1.113832590485600485e+04	1.030289216930183917e-02	5.379725390639912563e-02
1.126675430445710663e+04	1.042168822796684866e-02	5.390652899797758468e-02
1.139564002590209202e+04	1.054090730824761186e-02	5.401655926982208006e-02
1.152498542366975016e+04	1.066055158803877120e-02	5.412734064278659774e-02
1.165479284858488245e+04	1.078062324185488467e-02	5.423886918882576957e-02
1.178506464810904981e+04	1.090112444109938954e-02	5.435114112594974234e-02
1.191580316662177211e+04	1.102205735432470156e-02	5.446415281340097336e-02
1.204701074569299635e+04	1.114342414748426165e-02	5.457790074703460642e-02
1.217868972434685202e+04	1.126522698417650389e-02	5.469238155489852815e-02
1.231084243931738092e+04	1.138746802588142155e-02	5.480759199299908152e-02
1.244347122529618355e+04	1.151014943218962860e-02	5.492352894124388069e-02
1.257657841517292036e+04	1.163327336102485017e-02	5.504018939955202666e-02
1.271016634026834254e+04	1.175684196885944457e-02	5.515757048412730373e-02
1.284423733056073252e+04	1.188085741092389375e-02	5.527566942388174864e-02
1.297879371490540143e+04	1.200532184140983352e-02	5.539448355700234833e-02
1.311383782124806748e+04	1.213023741366742181e-02	5.551401032766081767e-02
1.324937197683235718e+04	1.225560628039729615e-02	5.563424728284755566e-02
1.338539850840093641e+04	1.238143059383660198e-02	5.575519206933809979e-02
1.352191974239166848e+04	1.250771250594046556e-02	5.587684243077328805e-02
1.365893800512807684e+04	1.263445416855814990e-02	5.599919620485591804e-02
1.379645562300460188e+04	1.276165773360444372e-02	5.612225132065432748e-02
1.393447492266702648e+04	1.288932535322653318e-02	5.624600579601118922e-02
1.407299823118837594e+04	1.301745917996673108e-02	5.637045773504846535e-02
1.421202787623975200e+04	1.314606136692049281e-02	5.649560532576766020e-02
1.435156618625728333e+04	1.327513406789084319e-02	5.662144683774294335e-02
1.449161549060415564e+04	1.340467943753826524e-02	5.674798061989552028e-02
1.463217811972947493e+04	1.353469963152764514e-02	5.687520509835329585e-02
1.477325640532261605e+04	1.366519680667103998e-02	5.700311877438850316e-02
1.491485268046370584e+04	1.379617312106689447e-02	5.713172022242986314e-02
1.505696927977114319e+04	1.392763073423648572e-02	5.726100808814835186e-02
1.519960853954483900e+04	1.405957180725641263e-02	5.739098108660959513e-02
1.534277279790674584e+04	1.419199850288861524e-02	5.752163800049408388e-02
1.548646439493756225e+04	1.432491298570679437e-02	5.765297767838014481e-02
1.563068567281072865e+04	1.445831742222038890e-02	5.778499903308605135e-02
1.577543897592335998e+04	1.459221398099567156e-02	5.791770104007238490e-02
1.592072665102425708e+04	1.472660483277416638e-02	5.805108273589866530e-02
1.606655104733896223e+04	1.486149215058832525e-02	5.818514321673324413e-02
1.621291451669210437e+04	1.499687810987469783e-02	5.831988163691410876e-02
1.635981941362744328e+04	1.513276488858498157e-02	5.845529720756090231e-02
1.650726809552531995e+04	1.526915466729464842e-02	5.859138919523104033e-02
1.665526292271718921e+04	1.540604962930890859e-02	5.872815692062308135e-02
1.680380625859876454e+04	1.554345196076735436e-02	5.886559975732330585e-02
1.695290046973980498e+04	1.568136385074550901e-02	5.900371713059249928e-02
1.710254792599241409e+04	1.581978749135503834e-02	5.914250851619554800e-02
1.725275100059766919e+04	1.595872507784234021e-02	5.928197343926742968e-02
1.740351207028847057e+04	1.609817880868370452e-02	5.942211147321665998e-02
1.755483351539248906e+04	1.623815088568055301e-02	5.956292223866539032e-02
1.770671771993198126e+04	1.637864351405173696e-02	5.970440540242193811e-02
1.785916707172234237e+04	1.651965890252471078e-02	5.984656067648860128e-02
1.801218396246787961e+04	1.666119926342415555e-02	5.998938781710028839e-02
1.816577078785794220e+04	1.680326681276083853e-02	6.013288662379145944e-02
1.831992994765872209e+04	1.694586377031658680e-02	6.027705693849721991e-02
1.847466384580564772e+04	1.708899235972972594e-02	6.042189864467816668e-02
1.862997489049290743e+04	1.723265480857788176e-02	6.056741166647579971e-02
1.878586549426236888e+04	1.737685334846025831e-02	6.071359596789275420e-02
1.894233807409027213e+04	1.752159021507780287e-02	6.086045155199685391e-02
1.909939505147325326e+04	1.766686764831279163e-02	6.100797846015441894e-02
1.925703885251198517e+04	1.781268789230620181e-02	6.115617677128215579e-02
1.941527190799482923e+04	1.795905319553508378e-02	6.130504660112449239e-02
1.957409665347924238e+04	1.810596581088785503e-02	6.145458810155106366e-02
1.973351552937203451e+04	1.825342799573855673e-02	6.160480145987877465e-02
1.989353098100914940e+04	1.840144201202063845e-02	6.175568689821005208e-02
2.005414545873349562e+04	1.855001012629895266e-02	6.190724467279294652e-02
2.021536141797174423e+04	1.869913460984080900e-02	6.205947507340171115e-02
2.037718131931049720e+04	1.884881773868640406e-02	6.221237842273242419e-02
2.053960762857123336e+04	1.899906179371816523e-02	6.236595507582016334e-02
2.070264281688395204e+04	1.914986906072888018e-02	6.252020541946938514e-02
2.086628936076020545e+04	1.930124183048921929e-02	6.267512987170426042e-02
2.103054974216502524e+04	1.945318239881430739e-02	6.283072888123351907e-02
2.119542644858757558e+04	1.960569306662904299e-02	6.298700292693140690e-02
2.136092197311180644e+04	1.975877614003348007e-02	6.314395251733199987e-02
2.152703881448549510e+04	1.991243393036667281e-02	6.330157819014155252e-02
2.169377947718836731e+04	2.006666875426970156e-02	6.345988051176038036e-02
2.186114647150015662e+04	2.022148293374862252e-02	6.361886007682199251e-02
2.202914231356698656e+04	2.037687879623587342e-02	6.377851750774424233e-02
2.219776952546761822e+04	2.053285867465155096e-02	6.393885345429189959e-02
2.236703063527877384e+04	2.068942490746383117e-02	6.409986859315332242e-02
2.253692817713966724e+04	2.084657983874866477e-02	6.426156362752880047e-02
2.270746469131614867e+04	2.100432581824911854e-02	6.442393928672891790e-02
2.287864272426337629e+04	2.116266520143333593e-02	6.458699632578634997e-02
2.305046482868878957e+04	2.132160034955279948e-02	6.475073552507662478e-02
2.322293356361400220e+04	2.148113362969955933e-02	6.491515768994986224e-02
2.339605149443618939e+04	2.164126741486303504e-02	6.508026365037548888e-02
2.356982119298849648e+04	2.180200408398590833e-02	6.524605426059022772e-02
2.374424523760077136e+04	2.196334602202026226e-02	6.541253039876328279e-02
2.391932621315869255e+04	2.212529561998230129e-02	6.557969296666524284e-02
2.409506671116274083e+04	2.228785527500690491e-02	6.574754288934936408e-02
2.427146932978728728e+04	2.245102739040226100e-02	6.591608111483893140e-02
2.444853667393816067e+04	2.261481437570313571e-02	6.608530861382706789e-02
2.462627135531034946e+04	2.277921864672424399e-02	6.625522637937818204e-02
2.480467599244547455e+04	2.294424262561339453e-02	6.642583542664429186e-02
2.498375321078735215e+04	2.310988874090292786e-02	6.659713679258551233e-02
2.516350564273919736e+04	2.327615942756256981e-02	6.676913153569843939e-02
2.534393592771905969e+04	2.344305712705077246e-02	6.694182073575147274e-02
2.552504671221469835e+04	2.361058428736542356e-02	6.711520549352911758e-02
2.570684064983914141e+04	2.377874336309526368e-02	6.728928693058203181e-02
2.588932040138473894e+04	2.394753681546988797e-02	6.746406618898126428e-02
2.607248863487782728e+04	2.411696711241030286e-02	6.763954443108438630e-02
2.625634802563161793e+04	2.428703672857784185e-02	6.781572283930339951e-02
2.644090125630045441e+04	2.445774814542435796e-02	6.799260261588011001e-02
2.662615101693244651e+04	2.462910385124093826e-02	6.817018498266876059e-02
2.681210000502249386e+04	2.480110634120689592e-02	6.834847118092218787e-02
2.699875092556429809e+04	2.497375811743792959e-02	6.852746247108547351e-02
2.718610649110301165e+04	2.514706168903479630e-02	6.870716013259473010e-02
2.737416942178641693e+04	2.532101957213066940e-02	6.888756546368071665e-02
2.756294244541695298e+04	2.549563428993925282e-02	6.906867978117650630e-02
2.775242829750279998e+04	2.567090837280203847e-02	6.925050442033360565e-02
2.794262972130843264e+04	2.584684435823506390e-02	6.943304073464003079e-02
2.813354946790587928e+04	2.602344479097633279e-02	6.961629009564400394e-02
2.832519029622519520e+04	2.620071222303250666e-02	6.980025389278249337e-02
2.851755497310383726e+04	2.637864921372455596e-02	6.998493353321406929e-02
2.871064627333753015e+04	2.655725832973484038e-02	7.017033044165654765e-02
2.890446697972975380e+04	2.673654214515285704e-02	7.035644606022814496e-02
2.909901988314090704e+04	2.691650324152074225e-02	7.054328184829383730e-02
2.929430778253773678e+04	2.709714420787897454e-02	7.073083928231509165e-02
2.949033348504298556e+04	2.727846764081230668e-02	7.091911985570439891e-02
2.968709980598333641e+04	2.746047614449411908e-02	7.110812507868098653e-02
2.988460956893885304e+04	2.764317233073213323e-02	7.129785647813523253e-02
3.008286560579112484e+04	2.782655881901298020e-02	7.148831559749162234e-02
3.028187075677209941e+04	2.801063823654733123e-02	7.167950399657872784e-02
3.048162787051115447e+04	2.819541321831346703e-02	7.187142325150180922e-02
3.068213980408442876e+04	2.838088640710289406e-02	7.206407495451649936e-02
3.088340942306179204e+04	2.856706045356380980e-02	7.225746071390931613e-02
3.108543960155522291e+04	2.875393801624583079e-02	7.245158215388089462e-02
3.128823322226515666e+04	2.894152176164287160e-02	7.264644091442973295e-02
3.149179317652967802e+04	2.912981436423866394e-02	7.284203865124086463e-02
3.169612236437033062e+04	2.931881850654909777e-02	7.303837703557775063e-02
3.190122369453984356e+04	2.950853687916640475e-02	7.323545775417694692e-02
3.210710008456916330e+04	2.969897218080264426e-02	7.343328250914468724e-02
3.231375446081442715e+04	2.989012711833313740e-02	7.363185301785797610e-02
3.252118975850349671e+04	3.008200440683956103e-02	7.383117101286630624e-02
3.272940892178314607e+04	3.027460676965352745e-02	7.403123824179710932e-02
3.293841490376510046e+04	3.046793693839923434e-02	7.423205646726559193e-02
3.314821066657269694e+04	3.066199765303658301e-02	7.443362746678272579e-02
3.335879918138773792e+04	3.085679166190455694e-02	7.463595303267031578e-02
3.357018342849631154e+04	3.105232172176354208e-02	7.483903497197585963e-02
3.378236639733538323e+04	3.124859059783851103e-02	7.504287510639004455e-02
3.399535108653911448e+04	3.144560106386177362e-02	7.524747527216740783e-02
3.420914050398413383e+04	3.164335590211495713e-02	7.545283732004889887e-02
3.442373766683656140e+04	3.184185790347239531e-02	7.565896311518584272e-02
3.463914560159744724e+04	3.204110986744323347e-02	7.586585453706672089e-02
3.485536734414880630e+04	3.224111460221398828e-02	7.607351347944708853e-02
3.507240593979889672e+04	3.244187492469043088e-02	7.628194185027951935e-02
3.529026444332971732e+04	3.264339366054152397e-02	7.649114157164671468e-02
3.550894591904117988e+04	3.284567364424025027e-02	7.670111457969767954e-02
3.572845344079718052e+04	3.304871771910630057e-02	7.691186282458223333e-02
3.594879009207140916e+04	3.325252873734838022e-02	7.712338827039212641e-02
3.616995896599291154e+04	3.345710956010636977e-02	7.733569289510000555e-02
3.639196316539208055e+04	3.366246305749390211e-02	7.754877869050268158e-02
3.661480580284573080e+04	3.386859210863999575e-02	7.776264766216522961e-02
3.683849000072314811e+04	3.407549960173171522e-02	7.797730182936561671e-02
3.706301889123085130e+04	3.428318843405551986e-02	7.819274322504490837e-02
3.728839561645883805e+04	3.449166151204006991e-02	7.840897389575350596e-02
3.751462332842571050e+04	3.470092175129798479e-02	7.862599590160418428e-02
3.774170518912456464e+04	3.491097207666825353e-02	7.884381131622346384e-02
3.796964437056800671e+04	3.512181542225788211e-02	7.906242222670566144e-02
3.819844405483394075e+04	3.533345473148427618e-02	7.928183073356907806e-02
3.842810743411046860e+04	3.554589295711672869e-02	7.950203895071203397e-02
3.865863771074232500e+04	3.575913306131942720e-02	7.972304900537220684e-02
3.889003809727549378e+04	3.597317801569267087e-02	7.994486303808547023e-02
3.912231181650308281e+04	3.618803080131534344e-02	8.016748320264846517e-02
3.935546210151081323e+04	3.640369440878694907e-02	8.039091166608029748e-02
3.958949219572232687e+04	3.662017183826957178e-02	8.061515060858724657e-02
3.982440535294417350e+04	3.683746609952947421e-02	8.084020222352678031e-02
4.006020483741304633e+04	3.705558021198073620e-02	8.106606871737577491e-02
4.029689392383928498e+04	3.727451720472559071e-02	8.129275230969706945e-02
4.053447589745410369e+04	3.749428011659801385e-02	8.152025523311007271e-02
4.077295405405382189e+04	3.771487199620471992e-02	8.174857973325969085e-02
4.101233170004683780e+04	3.793629590196855028e-02	8.197772806878786400e-02
4.125261215249752422e+04	3.815855490216911450e-02	8.220770251130721240e-02
4.149379873917349323e+04	3.838165207498649145e-02	8.243850534537414121e-02
4.173589479859093990e+04	3.860559050854318192e-02	8.267013886846492909e-02
4.197890368005984055e+04	3.883037330094590150e-02	8.290260539094966574e-02
4.222282874372937658e+04	3.905600356032763731e-02	8.313590723607139354e-02
4.246767336063578841e+04	3.928248440489184867e-02	8.337004673992380599e-02
4.271344091274593666e+04	3.950981896295282375e-02	8.360502625142998689e-02
4.296013479300446488e+04	3.973801037297926969e-02	8.384084813232292599e-02
4.320775840537954355e+04	3.996706178363663986e-02	8.407751475712729738e-02
4.345631516490787180e+04	4.019697635382873946e-02	8.431502851314141844e-02
4.370580849774305534e+04	4.042775725274250914e-02	8.455339180042106828e-02
4.395624184119910205e+04	4.065940765988822897e-02	8.479260703176107195e-02
4.420761864379834878e+04	4.089193076514388570e-02	8.503267663268622434e-02
4.445994236531674687e+04	4.112532976879698654e-02	8.527360304143007108e-02
4.471321647683072661e+04	4.135960788158802443e-02	8.551538870892749777e-02
4.496744446076291933e+04	4.159476832475264563e-02	8.575803609880069955e-02
4.522262981092920381e+04	4.183081433006527461e-02	8.600154768734712130e-02
4.547877603258474119e+04	4.206774913988162168e-02	8.624592596353052032e-02
4.573588664247049019e+04	4.230557600718176658e-02	8.649117342896986416e-02
4.599396516886031168e+04	4.254429819561367926e-02	8.673729259793194757e-02
4.625301515160730196e+04	4.278391897953610912e-02	8.698428599732377364e-02
4.651304014218980592e+04	4.302444164406114130e-02	8.723215616668381078e-02
4.677404370375975850e+04	4.326586948509890396e-02	8.748090565817591424e-02
4.703602941118797753e+04	4.350820580939945142e-02	8.773053703658577340e-02
4.729900085111221415e+04	4.375145393459727722e-02	8.798105287931595742e-02
4.756296162198428647e+04	4.399561718925484172e-02	8.823245577637792159e-02
4.782791533411567070e+04	4.424069891290472595e-02	8.848474833039481069e-02
4.809386560972657753e+04	4.448670245609515767e-02	8.873793315659364578e-02
4.836081608299264190e+04	4.473363118043301168e-02	8.899201288280468580e-02
4.862877040009151096e+04	4.498148845862708772e-02	8.924699014946398112e-02
4.889773221925124381e+04	4.523027767453272757e-02	8.950286760960804444e-02
4.916770521079737227e+04	4.548000222319546065e-02	8.975964792887781984e-02
4.943869305720045668e+04	4.573066551089492032e-02	9.001733378551754483e-02
4.971069945312433265e+04	4.598227095518950952e-02	9.027592787037599931e-02
4.998372810547357221e+04	4.623482198496026846e-02	9.053543288691123792e-02
5.025778273344138142e+04	4.648832204045524191e-02	9.079585155119032636e-02
5.053286706855734519e+04	4.674277457333356200e-02	9.105718659189555864e-02
5.080898485473611072e+04	4.699818304671054409e-02	9.131944075032606689e-02
5.108613984832512506e+04	4.725455093520180422e-02	9.158261678040656439e-02
5.136433581815328216e+04	4.751188172496831341e-02	9.184671744868809495e-02
5.164357654557928618e+04	4.777017891376103553e-02	9.211174553435667878e-02
5.192386582453949086e+04	4.802944601096529459e-02	9.237770382923841950e-02
5.220520746159752161e+04	4.828968653764656449e-02	9.264459513780999578e-02
5.248760527599202032e+04	4.855090402659475307e-02	9.291242227720193647e-02
5.277106309968645655e+04	4.881310202237013063e-02	9.318118807720895957e-02
5.305558477741706884e+04	4.907628408134783599e-02	9.345089538029925647e-02
5.334117416674248670e+04	4.934045377176364544e-02	9.372154704162426186e-02
5.362783513809283613e+04	4.960561467375944333e-02	9.399314592902642540e-02
5.391557157481880859e+04	4.987177037942866487e-02	9.426569492305282572e-02
5.420438737324054819e+04	5.013892449286141278e-02	9.453919691696274774e-02
5.449428644269907090e+04	5.040708063019209290e-02	9.481365481674197682e-02
5.478527270560304169e+04	5.067624241964267806e-02	9.508907154111240212e-02
5.507735009748087759e+04	5.094641350157086412e-02	9.536545002154755979e-02
5.537052256702895829e+04	5.121759752851470088e-02	9.564279320228301351e-02
5.566479407616238313e+04	5.148979816523953368e-02	9.592110404033160620e-02
5.596016860006539355e+04	5.176301908878463975e-02	9.620038550549615819e-02
5.625665012724060216e+04	5.203726398850874735e-02	9.648064058038598179e-02
5.655424265955924784e+04	5.231253656613659569e-02	9.676187226043095335e-02
5.685295021231319697e+04	5.258884053580689666e-02	9.704408355389468332e-02
5.715277681426391064e+04	5.286617962411778449e-02	9.732727748189401451e-02
5.745372650769343454e+04	5.314455757017388232e-02	9.761145707841402397e-02
5.775580334845624020e+04	5.342397812563429160e-02	9.789662539032482902e-02
5.805901140602840314e+04	5.370444505475806957e-02	9.818278547739875406e-02
5.836335476356056461e+04	5.398596213445321784e-02	9.846994041232767780e-02
5.866883751792783005e+04	5.426853315432286079e-02	9.875809328074330873e-02
5.897546377978063538e+04	5.455216191671224957e-02	9.904724718123422700e-02
5.928323767359854537e+04	5.483685223675857645e-02	9.933740522536370354e-02
5.959216333773939550e+04	5.512260794243643847e-02	9.962857053769254290e-02
5.990224492449220998e+04	5.540943287460669414e-02	9.992074625579687452e-02
6.021348660012939945e+04	5.569733088706485535e-02	1.002139355302872625e-01
6.052589254495721252e+04	5.598630584658769588e-02	1.005081415248336579e-01
6.083946695336982521e+04	5.627636163298331551e-02	1.008033674161816218e-01
6.115421403390027990e+04	5.656750213913820657e-02	1.010996163941776521e-01
6.147013800927363627e+04	5.685973127106649233e-02	1.013968916617893901e-01
6.178724311645885609e+04	5.715305294795784002e-02	1.016951964351288096e-01
6.210553360672232520e+04	5.744747110222706010e-02	1.019945339434748660e-01
6.242501374567969469e+04	5.774298967956194989e-02	1.022949074292958671e-01
6.274568781335035601e+04	5.803961263897380873e-02	1.025963201482737175e-01
6.306756010420943494e+04	5.833734395284539270e-02	1.028987753693281909e-01
6.339063492724068055e+04	5.863618760697997256e-02	1.032022763746401894e-01
6.371491660599073657e+04	5.893614760065142566e-02	1.035068264596785415e-01
6.404040947862354369e+04	5.923722794665464697e-02	1.038124289332220257e-01
6.436711789797225356e+04	5.953943267135350381e-02	1.041190871173885563e-01
6.469504623159402399e+04	5.984276581473151058e-02	1.044268043476567071e-01
6.502419886182455957e+04	6.014723143044238551e-02	1.047355839728948274e-01
6.535458018583120429e+04	6.045283358585903932e-02	1.050454293553880758e-01
6.568619461566740938e+04	6.075957636212399315e-02	1.053563438708625538e-01
6.601904657832920202e+04	6.106746385420169093e-02	1.056683309085154343e-01
6.635314051580663363e+04	6.137650017092594057e-02	1.059813938710389841e-01
6.668848088514152914e+04	6.168668943505348917e-02	1.062955361746539262e-01
6.702507215848068881e+04	6.199803578331310877e-02	1.066107612491325601e-01
6.736291882313184033e+04	6.231054336645743680e-02	1.069270725378305142e-01
6.770202538161767006e+04	6.262421634931288061e-02	1.072444734977132247e-01
6.804239635173291026e+04	6.293905891083252657e-02	1.075629675993873130e-01
6.838403626659930160e+04	6.325507524414687721e-02	1.078825583271301597e-01
6.872694967472176359e+04	6.357226955661582357e-02	1.082032491789197970e-01
6.907114114004351723e+04	6.389064606987970851e-02	1.085250436664637746e-01
6.941661524200186250e+04	6.421020901991088270e-02	1.088479453152301074e-01
6.976337657558626961e+04	6.453096265706737000e-02	1.091719576644808315e-01
7.011142975139339978e+04	6.485291124614386837e-02	1.094970842673009537e-01
7.046077939568375587e+04	6.517605906642406910e-02	1.098233286906285938e-01
7.081143015043897321e+04	6.550041041173369771e-02	1.101506945152915667e-01
7.116338667341788823e+04	6.582596959049237528e-02	1.104791853360357345e-01
7.151665363821566280e+04	6.615274092576831078e-02	1.108088047615583549e-01
7.187123573431835393e+04	6.648072875532871906e-02	1.111395564145418180e-01
7.222713766716263490e+04	6.680993743169512389e-02	1.114714439316864258e-01
7.258436415819160175e+04	6.714037132219501103e-02	1.118044709637448786e-01
7.294291994491449441e+04	6.747203480901695083e-02	1.121386411755537216e-01
7.330280978096253239e+04	6.780493228926234850e-02	1.124739582460696496e-01
7.366403843614902871e+04	6.813906817500102464e-02	1.128104258684023004e-01
7.402661069652678270e+04	6.847444689332433942e-02	1.131480477498515436e-01
7.439053136444596748e+04	6.881107288639858044e-02	1.134868276119390812e-01
7.475580525861488422e+04	6.914895061152138978e-02	1.138267691904458895e-01
7.512243721415560867e+04	6.948808454117308409e-02	1.141678762354489673e-01
7.549043208266758302e+04	6.982847916307548253e-02	1.145101525113541574e-01
7.585979473228190909e+04	7.017013898024222762e-02	1.148536017969340461e-01
7.623053004772288841e+04	7.051306851103560092e-02	1.151982278853649205e-01
7.660264293036896561e+04	7.085727228922293619e-02	1.155440345842633915e-01
7.697613829831131443e+04	7.120275486403083998e-02	1.158910257157223372e-01
7.735102108641284576e+04	7.154952080019973126e-02	1.162392051163500667e-01
7.772729624637011148e+04	7.189757467804110125e-02	1.165885766373059851e-01
7.810496874677286542e+04	7.224692109349267755e-02	1.169391441443395213e-01
7.848404357316433743e+04	7.259756465817408799e-02	1.172909115178297906e-01
7.886452572810201673e+04	7.294950999944307957e-02	1.176438826528234116e-01
7.924642023121826060e+04	7.330276176045172343e-02	1.179980614590711990e-01
7.962973211928328965e+04	7.365732460020452121e-02	1.183534518610686037e-01
8.001446644626357011e+04	7.401320319361247291e-02	1.187100577980959720e-01
8.040062828338574036e+04	7.437040223155225172e-02	1.190678832242572788e-01
8.078822271919633204e+04	7.472892642092132665e-02	1.194269321085199842e-01
8.117725485962539096e+04	7.508878048469699862e-02	1.197872084347575278e-01
8.156772982804743515e+04	7.544996916199254999e-02	1.201487162017855770e-01
8.195965276534373697e+04	7.581249720811508719e-02	1.205114594234059505e-01
8.235302882996630797e+04	7.617636939462457679e-02	1.208754421284470026e-01
8.274786319799868215e+04	7.654159050939009223e-02	1.212406683608051178e-01
8.314416106321834377e+04	7.690816535664764253e-02	1.216071421794850393e-01
8.354192763716203626e+04	7.727609875706045739e-02	1.219748676586427938e-01
8.394116814918756427e+04	7.764539554777627473e-02	1.223438488876293084e-01
8.434188784653737093e+04	7.801606058248605757e-02	1.227140899710288530e-01
8.474409199440317752e+04	7.838809873148382124e-02	1.230855950287056827e-01
8.514778587598745071e+04	7.876151488172351833e-02	1.234583681958447976e-01
8.555297479257032683e+04	7.913631393688089211e-02	1.238324136229962680e-01
8.595966406357203959e+04	7.951250081741126352e-02	1.242077354761167152e-01
8.636785902661763248e+04	7.989008046060933066e-02	1.245843379366161768e-01
8.677756503760331543e+04	8.026905782067066120e-02	1.249622252014006146e-01
8.718878747075854335e+04	8.064943786874899379e-02	1.253414014829150602e-01
8.760153171871349332e+04	8.103122559301871586e-02	1.257218710091896341e-01
8.801580319256271468e+04	8.141442599873371933e-02	1.261036380238839683e-01
8.843160732193286822e+04	8.179904410829010042e-02	1.264867067863319483e-01
8.884894955504506652e+04	8.218508496128375251e-02	1.268710815715874407e-01
8.926783535878396651e+04	8.257255361457437048e-02	1.272567666704710054e-01
8.968827021876149229e+04	8.296145514234426477e-02	1.276437663896135555e-01
9.011025963938646601e+04	8.335179463616290696e-02	1.280320850515034858e-01
9.053380914392821433e+04	8.374357720504567448e-02	1.284217269945329976e-01
9.095892427458423481e+04	8.413680797551650881e-02	1.288126965730454765e-01
9.138561059254720749e+04	8.453149209166981037e-02	1.292049981573818451e-01
9.181387367807260307e+04	8.492763471523305518e-02	1.295986361339272475e-01
9.224371913054573815e+04	8.532524102562882851e-02	1.299936149051596490e-01
9.267515256855014013e+04	8.572431622003798268e-02	1.303899388896961609e-01
9.310817962993463152e+04	8.612486551346176800e-02	1.307876125223426944e-01
9.354280597188153479e+04	8.652689413878482394e-02	1.311866402541401744e-01
9.397903727097487717e+04	8.693040734683842030e-02	1.315870265524149985e-01
9.441687922327106935e+04	8.733541040646575215e-02	1.319887759008261108e-01
9.485633754436402523e+04	8.774190860458207231e-02	1.323918927994141570e-01
9.529741796945777605e+04	8.814990724624205409e-02	1.327963817646536648e-01
9.574012625343343825e+04	8.855941165470161691e-02	1.332022473294979525e-01
9.618446817091880075e+04	8.897042717148231916e-02	1.336094940434314482e-01
9.663044951635933830e+04	8.938295915643702794e-02	1.340181264725217591e-01
9.707807610408692562e+04	8.979701298781352092e-02	1.344281491994646360e-01
9.752735376839076343e+04	9.021259406232007283e-02	1.348395668236392342e-01
9.797828836358833360e+04	9.062970779519105569e-02	1.352523839611571854e-01
9.843088576409303641e+04	9.104835962024956930e-02	1.356666052449128912e-01
9.888515186448927852e+04	9.146855498997684408e-02	1.360822353246363137e-01
9.934109257960021205e+04	9.189029937557489924e-02	1.364992788669438795e-01
9.979871384456127998e+04	9.231359826703462723e-02	1.369177405553897720e-01
1.002580216148908075e+05	9.273845717320104709e-02	1.373376250905203322e-01
1.007190218665613356e+05	9.316488162183925170e-02	1.377589371899227144e-01
1.011817205960723659e+05	9.359287715970177057e-02	1.381816815882802585e-01
1.016461238205226109e+05	9.402244935259541914e-02	1.386058630374251699e-01
1.021122375776826084e+05	9.445360378544828683e-02	1.390314863063899786e-01
1.025800679260664620e+05	9.488634606237639213e-02	1.394585561814622454e-01
1.030496209450065508e+05	9.532068180675247471e-02	1.398870774662385463e-01
1.035209027347256342e+05	9.575661666127295579e-02	1.403170549816771251e-01
1.039939194164101500e+05	9.619415628802553686e-02	1.407484935661530989e-01
1.044686771322854474e+05	9.663330636855894940e-02	1.411813980755129982e-01
1.049451820456873538e+05	9.707407260394904092e-02	1.416157733831265864e-01
1.054234403411393432e+05	9.751646071487020395e-02	1.420516243799456180e-01
1.059034582244240446e+05	9.796047644166153145e-02	1.424889559745582401e-01
1.063852419226605416e+05	9.840612554439825965e-02	1.429277730932434209e-01
1.068687976843772049e+05	9.885341380295926961e-02	1.433680806800254337e-01
1.073541317795888317e+05	9.930234701709823864e-02	1.438098836967318939e-01
1.078412504998705554e+05	9.975293100651221045e-02	1.442531871230504914e-01
1.083301601584337768e+05	1.002051716109116919e-01	1.446979959565828366e-01
1.088208670902034792e+05	1.006590746900922345e-01	1.451443152129034131e-01
1.093133776518936502e+05	1.011146461240041844e-01	1.455921499256144502e-01
1.098076982220828213e+05	1.015718918128225567e-01	1.460415051464061809e-01
1.103038352012935648e+05	1.020308176770205466e-01	1.464923859451136290e-01
1.108017950120650494e+05	1.024914296574367112e-01	1.469447974097705945e-01
1.113015840990345023e+05	1.029537337153502152e-01	1.473987446466720197e-01
1.118032089290130389e+05	1.034177358325510943e-01	1.478542327804298617e-01
1.123066759910635737e+05	1.038834420114122248e-01	1.483112669540339046e-01
1.128119917965787026e+05	1.043508582749614055e-01	1.487698523289080477e-01
1.133191628793582931e+05	1.048199906669531473e-01	1.492299940849712292e-01
1.138281957956899860e+05	1.052908452519430993e-01	1.496916974206957407e-01
1.143390971244276589e+05	1.057634281153606026e-01	1.501549675531660688e-01
1.148518734670679696e+05	1.062377453635796332e-01	1.506198097181407625e-01
1.153665314478331129e+05	1.067138031239951712e-01	1.510862291701114690e-01
1.158830777137485275e+05	1.071916075450951716e-01	1.515542311823626087e-01
1.164015189347230626e+05	1.076711647965347268e-01	1.520238210470337969e-01
1.169218618036292464e+05	1.081524810692102712e-01	1.524950040751796021e-01
1.174441130363839184e+05	1.086355625753342297e-01	1.529677855968287203e-01
1.179682793720293557e+05	1.091204155485099719e-01	1.534421709610501727e-01
1.184943675728134986e+05	1.096070462438060999e-01	1.539181655360101486e-01
1.190223844242702471e+05	1.100954609378306942e-01	1.543957747090378974e-01
1.195523367353037902e+05	1.105856659288092791e-01	1.548750038866847090e-01
1.200842313382687862e+05	1.110776675366590693e-01	1.553558584947870858e-01
1.206180750890526397e+05	1.115714721030649920e-01	1.558383439785310243e-01
1.211538748671557842e+05	1.120670859915540579e-01	1.563224658025146041e-01
1.216916375757788337e+05	1.125645155875757697e-01	1.568082294508106322e-01
1.222313701419018907e+05	1.130637672985757708e-01	1.572956404270290931e-01
1.227730795163686562e+05	1.135648475540734226e-01	1.577847042543844280e-01
1.233167726739699574e+05	1.140677628057391035e-01	1.582754264757532947e-01
1.238624566135286150e+05	1.145725195274728131e-01	1.587678126537483414e-01
1.244101383579823596e+05	1.150791242154808186e-01	1.592618683707719973e-01
1.249598249544681603e+05	1.155875833883535375e-01	1.597575992290903857e-01
1.255115234744070040e+05	1.160979035871441550e-01	1.602550108508943028e-01
1.260652410135890386e+05	1.166100913754472973e-01	1.607541088783638883e-01
1.266209846922584984e+05	1.171241533394775380e-01	1.612548989737357663e-01
1.271787616551994579e+05	1.176400960881487379e-01	1.617573868193696585e-01
1.277385790718227217e+05	1.181579262531545355e-01	1.622615781178124716e-01
1.283004441362474317e+05	1.186776504890436762e-01	1.627674785918671874e-01
1.288643640673942136e+05	1.191992754733061932e-01	1.632750939846579485e-01
1.294303461090671044e+05	1.197228079064493744e-01	1.637844300596974223e-01
1.299983975300411839e+05	1.202482545120785590e-01	1.642954926009547456e-01
1.305685256241506431e+05	1.207756220369787387e-01	1.648082874129220832e-01
1.311407377103774052e+05	1.213049172511966034e-01	1.653228203206833224e-01
1.317150411329352646e+05	1.218361469481181736e-01	1.658390971699818806e-01
1.322914432613625249e+05	1.223693179445546481e-01	1.663571238272879838e-01
1.328699514906072873e+05	1.229044370808212577e-01	1.668769061798716369e-01
1.334505732411184872e+05	1.234415112208214899e-01	1.673984501358656007e-01
1.340333159589319257e+05	1.239805472521265522e-01	1.679217616243369182e-01
1.346181871157630812e+05	1.245215520860614017e-01	1.684468465953607996e-01
1.352051942090949742e+05	1.250645326577858318e-01	1.689737110200808246e-01
1.357943447622660606e+05	1.256094959263760469e-01	1.695023608907902934e-01
1.363856463245668565e+05	1.261564488749136459e-01	1.700328022209939838e-01
1.369791064713227679e+05	1.267053985105626168e-01	1.705650410454826738e-01
1.375747328039892309e+05	1.272563518646571412e-01	1.710990834204035305e-01
1.381725329502442328e+05	1.278093159927871370e-01	1.716349354233293878e-01
1.387725145640770497e+05	1.283642979748805812e-01	1.721726031533309942e-01
1.393746853258800111e+05	1.289213049152881096e-01	1.727120927310556164e-01
1.399790529425427958e+05	1.294803439428703629e-01	1.732534102987864644e-01
1.405856251475439349e+05	1.300414222110827800e-01	1.737965620205233763e-01
1.411944097010417900e+05	1.306045468980593371e-01	1.743415540820544007e-01
1.418054143899705959e+05	1.311697252067018926e-01	1.748883926910287656e-01
1.424186470281314687e+05	1.317369643647639532e-01	1.754370840770264894e-01
1.430341154562892916e+05	1.323062716249406578e-01	1.759876344916368185e-01
1.436518275422622974e+05	1.328776542649512116e-01	1.765400502085270051e-01
1.442717911810190417e+05	1.334511195876290635e-01	1.770943375235223827e-01
1.448940142947732238e+05	1.340266749210091701e-01	1.776505027546740889e-01
1.455185048330800782e+05	1.346043276184175630e-01	1.782085522423394464e-01
1.461452707729264803e+05	1.351840850585542542e-01	1.787684923492532940e-01
1.467743201188331295e+05	1.357659546455882438e-01	1.793303294606033993e-01
1.474056609029465180e+05	1.363499438092421745e-01	1.798940699841075908e-01
1.480393011851353222e+05	1.369360600048817878e-01	1.804597203500886149e-01
1.486752490530903160e+05	1.375243107136081000e-01	1.810272870115501309e-01
1.493135126224164560e+05	1.381147034423427788e-01	1.815967764442529830e-01
1.499541000367345114e+05	1.387072457239220680e-01	1.821681951467932770e-01
1.505970194677775726e+05	1.393019451171860490e-01	1.827415496406760431e-01
1.512422791154859879e+05	1.398988092070664879e-01	1.833168464703938960e-01
1.518898872081093723e+05	1.404978456046810931e-01	1.838940922035101067e-01
1.525398520023066085e+05	1.410990619474263297e-01	1.844732934307279359e-01
1.531921817832390952e+05	1.417024658990631014e-01	1.850544567659708206e-01
1.538468848646759288e+05	1.423080651498146998e-01	1.856375888464658064e-01
1.545039695890879084e+05	1.429158674164532350e-01	1.862226963328169338e-01
1.551634443277538812e+05	1.435258804423983348e-01	1.868097859090886159e-01
1.558253174808554468e+05	1.441381119978045744e-01	1.873988642828793849e-01
1.564895974775828363e+05	1.447525698796594262e-01	1.879899381854070461e-01
1.571562927762310428e+05	1.453692619118724383e-01	1.885830143715857554e-01
1.578254118643049733e+05	1.459881959453719069e-01	1.891780996201069820e-01
1.584969632586187799e+05	1.466093798581974972e-01	1.897752007335168078e-01
1.591709555054004886e+05	1.472328215555964437e-01	1.903743245383046068e-01
1.598473971803906607e+05	1.478585289701151162e-01	1.909754778849788726e-01
1.605262968889478361e+05	1.484865100616964140e-01	1.915786676481467943e-01
1.612076632661543554e+05	1.491167728177777152e-01	1.921839007265993549e-01
1.618915049769133329e+05	1.497493252533806385e-01	1.927911840433946533e-01
1.625778307160571567e+05	1.503841754112112683e-01	1.934005245459346212e-01
1.632666492084521742e+05	1.510213313617569941e-01	1.940119292060561995e-01
1.639579692090993049e+05	1.516608012033797970e-01	1.946254050201059738e-01
1.646517995032423350e+05	1.523025930624161139e-01	1.952409590090276037e-01
1.653481489064746711e+05	1.529467150932758146e-01	1.958585982184467833e-01
1.660470262648387579e+05	1.535931754785340164e-01	1.964783297187526478e-01
1.667484404549408646e+05	1.542419824290373609e-01	1.971001606051797361e-01
1.674524003840480582e+05	1.548931441839937195e-01	1.977240979979013047e-01
1.681589149902031058e+05	1.555466690110783867e-01	1.983501490421061275e-01
1.688679932423259015e+05	1.562025652065278936e-01	1.989783209080834836e-01
1.695796441403244971e+05	1.568608410952429255e-01	1.996086207913159161e-01
1.702938767152007786e+05	1.575215050308857168e-01	2.002410559125565592e-01
1.710107000291624572e+05	1.581845653959840503e-01	2.008756335179242847e-01
1.717301231757251371e+05	1.588500306020252661e-01	2.015123608789810006e-01
1.724521552798262273e+05	1.595179090895620100e-01	2.021512452928229120e-01
1.731768054979363806e+05	1.601882093283149289e-01	2.027922940821733910e-01
1.739040830181615311e+05	1.608609398172674010e-01	2.034355145954571953e-01
1.746339970603620459e+05	1.615361090847755032e-01	2.040809142069001381e-01
1.753665568762545590e+05	1.622137256886624357e-01	2.047285003166108841e-01
1.761017717495295801e+05	1.628937982163271014e-01	2.053782803506749854e-01
1.768396509959588002e+05	1.635763352848433605e-01	2.060302617612363441e-01
1.775802039635116234e+05	1.642613455410681100e-01	2.066844520265915808e-01
1.783234400324609596e+05	1.649488376617387342e-01	2.073408586512769658e-01
1.790693686154987663e+05	1.656388203535803794e-01	2.079994891661598178e-01
1.798179991578492045e+05	1.663313023534101764e-01	2.086603511285287094e-01
1.805693411373833660e+05	1.670262924282439054e-01	2.093234521221835065e-01
1.813234040647274524e+05	1.677237993753954992e-01	2.099887997575254073e-01
1.820801974833824497e+05	1.684238320225882324e-01	2.106564016716491738e-01
1.828397309698357421e+05	1.691263992280576389e-01	2.113262655284322555e-01
1.836020141336754896e+05	1.698315098806573720e-01	2.119983990186293799e-01
1.843670566177082364e+05	1.705391728999681722e-01	2.126728098599647288e-01
1.851348680980727659e+05	1.712493972364029227e-01	2.133495057972210340e-01
1.859054582843560784e+05	1.719621918713141184e-01	2.140284946023381374e-01
1.866788369197098073e+05	1.726775658171014471e-01	2.147097840744997821e-01
1.874550137809684093e+05	1.733955281173212293e-01	2.153933820402323118e-01
1.882339986787643575e+05	1.741160878467927775e-01	2.160792963534941824e-01
1.890158014576450805e+05	1.748392541117068100e-01	2.167675348957737447e-01
1.898004319961945002e+05	1.755650360497375828e-01	2.174581055761815596e-01
1.905879002071492432e+05	1.762934428301508316e-01	2.181510163315452944e-01
1.913782160375185194e+05	1.770244836539140443e-01	2.188462751265089490e-01
1.921713894687005377e+05	1.777581677538046800e-01	2.195438899536218680e-01
1.929674305166050035e+05	1.784945043945232179e-01	2.202438688334397709e-01
1.937663492317728524e+05	1.792335028728040125e-01	2.209462198146182610e-01
1.945681556994940038e+05	1.799751725175240680e-01	2.216509509740104134e-01
1.953728600399346906e+05	1.807195226898210549e-01	2.223580704167661126e-01
1.961804724082497705e+05	1.814665627831970329e-01	2.230675862764235073e-01
1.969910029947119765e+05	1.822163022236379382e-01	2.237795067150125661e-01
1.978044620248296706e+05	1.829687504697226907e-01	2.244938399231514725e-01
1.986208597594735329e+05	1.837239170127402954e-01	2.252105941201442418e-01
1.994402064949943742e+05	1.844818113767988932e-01	2.259297775540788089e-01
2.002625125633499410e+05	1.852424431189427512e-01	2.266513985019275590e-01
2.010877883322306443e+05	1.860058218292690579e-01	2.273754652696469425e-01
2.019160442051768187e+05	1.867719571310359761e-01	2.281019861922764791e-01
2.027472906217107666e+05	1.875408586807850164e-01	2.288309696340388444e-01
2.035815380574582960e+05	1.883125361684532262e-01	2.295624239884420381e-01
2.044187970242761075e+05	1.890869993174913444e-01	2.302963576783798039e-01
2.052590780703743512e+05	1.898642578849768781e-01	2.310327791562293842e-01
2.061023917804477096e+05	1.906443216617355330e-01	2.317716969039597952e-01
2.069487487757999916e+05	1.914272004724563159e-01	2.325131194332285822e-01
2.077981597144704429e+05	1.922129041758086077e-01	2.332570552854858481e-01
2.086506352913603187e+05	1.930014426645589309e-01	2.340035130320786416e-01
2.095061862383672269e+05	1.937928258656954061e-01	2.347525012743527095e-01
2.103648233245106239e+05	1.945870637405438808e-01	2.355040286437541097e-01
2.112265573560571938e+05	1.953841662848837535e-01	2.362581038019406221e-01
2.120913991766539402e+05	1.961841435290712088e-01	2.370147354408730922e-01
2.129593596674574947e+05	1.969870055381587326e-01	2.377739322829319490e-01
2.138304497472670628e+05	1.977927624120180972e-01	2.385357030810180967e-01
2.147046803726494836e+05	1.986014242854562684e-01	2.393000566186579692e-01
2.155820625380757556e+05	1.994130013283412217e-01	2.400670017101088072e-01
2.164626072760527313e+05	2.002275037457242890e-01	2.408365472004698749e-01
2.173463256572515529e+05	2.010449417779584802e-01	2.416087019657799373e-01
2.182332287906433339e+05	2.018653257008244106e-01	2.423834749131302257e-01
2.191233278236321639e+05	2.026886658256529805e-01	2.431608749807719627e-01
2.200166339421880257e+05	2.035149724994486653e-01	2.439409111382253859e-01
2.209131583709802362e+05	2.043442561050126116e-01	2.447235923863818885e-01
2.218129123735138564e+05	2.051765270610689806e-01	2.455089277576174289e-01
2.227159072522647621e+05	2.060117958223899315e-01	2.462969263159009159e-01
2.236221543488119205e+05	2.068500728799178567e-01	2.470875971569041762e-01
2.245316650439763907e+05	2.076913687608940573e-01	2.478809494081107290e-01
2.254444507579591882e+05	2.085356940289862515e-01	2.486769922289211454e-01
2.263605229504738527e+05	2.093830592844111438e-01	2.494757348107716766e-01
2.272798931208867871e+05	2.102334751640643484e-01	2.502771863772424443e-01
2.282025728083534341e+05	2.110869523416460669e-01	2.510813561841697683e-01
2.291285735919594590e+05	2.119435015277922330e-01	2.518882535197500272e-01
2.300579070908571011e+05	2.128031334701999122e-01	2.526978877046620053e-01
2.309905849644051923e+05	2.136658589537575592e-01	2.535102680921765272e-01
2.319266189123072545e+05	2.145316888006721379e-01	2.543254040682654260e-01
2.328660206747556804e+05	2.154006338706028756e-01	2.551433050517196155e-01
2.338088020325684047e+05	2.162727050607875789e-01	2.559639804942593355e-01
2.347549748073346855e+05	2.171479133061773592e-01	2.567874398806537783e-01
2.357045508615511353e+05	2.180262695795626704e-01	2.576136927288238954e-01
2.366575420987697435e+05	2.189077848917100888e-01	2.584427485899748467e-01
2.376139604637382727e+05	2.197924702914922090e-01	2.592746170486953106e-01
2.385738179425382987e+05	2.206803368660153197e-01	2.601093077230838269e-01
2.395371265627404209e+05	2.215713957407629831e-01	2.609468302648587090e-01
2.405038983935381402e+05	2.224656580797199357e-01	2.617871943594785034e-01
2.414741455458965502e+05	2.233631350855095066e-01	2.626304097262563420e-01
2.424478801726982347e+05	2.242638379995287312e-01	2.634764861184805684e-01
2.434251144688882050e+05	2.251677781020821889e-01	2.643254333235300346e-01
2.444058606716195936e+05	2.260749667125170059e-01	2.651772611629931165e-01
2.453901310603997845e+05	2.269854151893578864e-01	2.660319794927899495e-01
2.463779379572413745e+05	2.278991349304467506e-01	2.668895982032834513e-01
2.473692937268054520e+05	2.288161373730754344e-01	2.677501272194067194e-01
2.483642107765537512e+05	2.297364339941261047e-01	2.686135765007796050e-01
2.493627015568934730e+05	2.306600363102055684e-01	2.694799560418297268e-01
2.503647785613307788e+05	2.315869558777871318e-01	2.703492758719160949e-01
2.513704543266161636e+05	2.325172042933448813e-01	2.712215460554426305e-01
2.523797414328999585e+05	2.334507931934977631e-01	2.720967766919912822e-01
2.533926525038774416e+05	2.343877342551437815e-01	2.729749779164351020e-01
2.544092002069462324e+05	2.353280391956054096e-01	2.738561598990644774e-01
2.554293972533553315e+05	2.362717197727677299e-01	2.747403328457084237e-01
2.564532563983540749e+05	2.372187877852160731e-01	2.756275069978640913e-01
2.574807904413517390e+05	2.381692550723833457e-01	2.765176926328108409e-01
2.585120122260668722e+05	2.391231335146888348e-01	2.774109000637463018e-01
2.595469346406843397e+05	2.400804350336828985e-01	2.783071396398978381e-01
2.605855706180042762e+05	2.410411715921849662e-01	2.792064217466618259e-01
2.616279331356041075e+05	2.420053551944334747e-01	2.801087568057175625e-01
2.626740352159896283e+05	2.429729978862254225e-01	2.810141552751606597e-01
2.637238899267521920e+05	2.439441117550618932e-01	2.819226276496290540e-01
2.647775103807288106e+05	2.449187089302961862e-01	2.828341844604285726e-01
2.658349097361560562e+05	2.458968015832761755e-01	2.837488362756581672e-01
2.668961011968232924e+05	2.468784019274857522e-01	2.846665937003438063e-01
2.679610980122422916e+05	2.478635222187022813e-01	2.855874673765638194e-01
2.690299134777962463e+05	2.488521747551339092e-01	2.865114679835735201e-01
2.701025609349086881e+05	2.498443718775759936e-01	2.874386062379434836e-01
2.711790537711899960e+05	2.508401259695469121e-01	2.883688928936832263e-01
2.722594054206122528e+05	2.518394494574492382e-01	2.893023387423750425e-01
2.733436293636644841e+05	2.528423548107137653e-01	2.902389546133007370e-01
2.744317391275121481e+05	2.538488545419469444e-01	2.911787513735757393e-01
2.755237482861627941e+05	2.548589612070840116e-01	2.921217399282804439e-01
2.766196704606234562e+05	2.558726874055348155e-01	2.930679312205926590e-01
2.777195193190704449e+05	2.568900457803404702e-01	2.940173362319217776e-01
2.788233085770116886e+05	2.579110490183239013e-01	2.949699659820372855e-01
2.799310519974550116e+05	2.589357098502453325e-01	2.959258315292077612e-01
2.810427633910645382e+05	2.599640410509470589e-01	2.968849439703311610e-01
2.821584566163292038e+05	2.609960554395092114e-01	2.978473144410714868e-01
2.832781455797329545e+05	2.620317658794071303e-01	2.988129541159925684e-01
2.844018442359194742e+05	2.630711852786638549e-01	2.997818742086971189e-01
2.855295665878599393e+05	2.641143265900054438e-01	3.007540859719567417e-01
2.866613266870203661e+05	2.651612028110155173e-01	3.017296006978538170e-01
2.877971386335296556e+05	2.662118269842906892e-01	3.027084297179143402e-01
2.889370165763532277e+05	2.672662121976013827e-01	3.036905844032509738e-01
2.900809747134552454e+05	2.683243715840415988e-01	3.046760761646957194e-01
2.912290272919756244e+05	2.693863183221932855e-01	3.056649164529395279e-01
2.923811886083963909e+05	2.704520656362791597e-01	3.066571167586751301e-01
2.935374730087170028e+05	2.715216267963259100e-01	3.076526886127312621e-01
2.946978948886257713e+05	2.725950151183221815e-01	3.086516435862169949e-01
2.958624686936681974e+05	2.736722439643744509e-01	3.096539932906587356e-01
2.970312089194274158e+05	2.747533267428740045e-01	3.106597493781430575e-01
2.982041301116934046e+05	2.758382769086532571e-01	3.116689235414588643e-01
2.993812468666379573e+05	2.769271079631478449e-01	3.126815275142367234e-01
3.005625738309934968e+05	2.780198334545616046e-01	3.136975730710960253e-01
3.017481257022246718e+05	2.791164669780261121e-01	3.147170720277818745e-01
3.029379172287038527e+05	2.802170221757621094e-01	3.157400362413141925e-01
3.041319632098946604e+05	2.813215127372497570e-01	3.167664776101282720e-01
3.053302784965246683e+05	2.824299523993882288e-01	3.177964080742209929e-01
3.065328779907620628e+05	2.835423549466595250e-01	3.188298396152962622e-01
3.077397766463977168e+05	2.846587342112960051e-01	3.198667842569091202e-01
3.089509894690293586e+05	2.857791040734517507e-01	3.209072540646113469e-01
3.101665315162241459e+05	2.869034784613522793e-01	3.219512611461003981e-01
3.113864178977286792e+05	2.880318713514888329e-01	3.229988176513656217e-01
3.126106637756191776e+05	2.891642967687579335e-01	3.240499357728350849e-01
3.138392843645011890e+05	2.903007687866451803e-01	3.251046277455238442e-01
3.150722949316949816e+05	2.914413015273976115e-01	3.261629058471868792e-01
3.163097107974037062e+05	2.925859091621784702e-01	3.272247823984602566e-01
3.175515473349147360e+05	2.937346059112538876e-01	3.282902697630182831e-01
3.187978199707692256e+05	2.948874060441499800e-01	3.293593803477189996e-01
3.200485441849572817e+05	2.960443238798327603e-01	3.304321266027585025e-01
3.213037355111003853e+05	2.972053737868771695e-01	3.315085210218209344e-01
3.225634095366353285e+05	2.983705701836374957e-01	3.325885761422294196e-01
3.238275819030079874e+05	2.995399275384259541e-01	3.336723045450991076e-01
3.250962683058546390e+05	3.007134603696809960e-01	3.347597188554917169e-01
3.263694844951921259e+05	3.018911832461431133e-01	3.358508317425677459e-01
3.276472462756111636e+05	3.030731107870334728e-01	3.369456559197392953e-01
3.289295695064606261e+05	3.042592576622243361e-01	3.380442041448306623e-01
3.302164701020399807e+05	3.054496385924172497e-01	3.391464892202253889e-01
3.315079640317916055e+05	3.066442683493207921e-01	3.402525239930214718e-01
3.328040673204926425e+05	3.078431617558283206e-01	3.413623213552027247e-01
3.341047960484439391e+05	3.090463336861923316e-01	3.424758942437778897e-01
3.354101663516662666e+05	3.102537990662062040e-01	3.435932556409453387e-01
3.367201944220925798e+05	3.114655728733821127e-01	3.447144185742506695e-01
3.380348965077660978e+05	3.126816701371339380e-01	3.458393961167443020e-01
3.393542889130310505e+05	3.139021059389539570e-01	3.469682013871490112e-01
3.406783879987339606e+05	3.151268954125991950e-01	3.481008475500067534e-01
3.420072101824088022e+05	3.163560537442621778e-01	3.492373478158450895e-01
3.433407719384888769e+05	3.175895961727674410e-01	3.503777154413343364e-01
3.446790897984949988e+05	3.188275379897452244e-01	3.515219637294559329e-01
3.460221803512334009e+05	3.200698945398147144e-01	3.526701060296593693e-01
3.473700602430030121e+05	3.213166812207759460e-01	3.538221557380254456e-01
3.487227461777885910e+05	3.225679134837879380e-01	3.549781262974324170e-01
3.500802549174656160e+05	3.238236068335587081e-01	3.561380311977161983e-01
3.514426032819960383e+05	3.250837768285261831e-01	3.573018839758325127e-01
3.528098081496380037e+05	3.263484390810522107e-01	3.584696982160297529e-01
3.541818864571411395e+05	3.276176092576030263e-01	3.596414875500046904e-01
3.555588551999545889e+05	3.288913030789417657e-01	3.608172656570735604e-01
3.569407314324285835e+05	3.301695363203153155e-01	3.619970462643409825e-01
3.583275322680253885e+05	3.314523248116487686e-01	3.631808431468643850e-01
3.597192748795131920e+05	3.327396844377252250e-01	3.643686701278212037e-01
3.611159764991874690e+05	3.340316311383905168e-01	3.655605410786785248e-01
3.625176544190621353e+05	3.353281809087297338e-01	3.667564699193635036e-01
3.639243259910893976e+05	3.366293497992709494e-01	3.679564706184275669e-01
3.653360086273671477e+05	3.379351539161768447e-01	3.691605571932232155e-01
3.667527198003357626e+05	3.392456094214267859e-01	3.703687437100716129e-01
3.681744770430082572e+05	3.405607325330297641e-01	3.715810442844369454e-01
3.696012979491628939e+05	3.418805395252024759e-01	3.727974730810899584e-01
3.710332001735650119e+05	3.432050467285747697e-01	3.740180443142882560e-01
3.724702014321749448e+05	3.445342705303814368e-01	3.752427722479503291e-01
3.739123195023633307e+05	3.458682273746618852e-01	3.764716711958248085e-01
3.753595722231224645e+05	3.472069337624554275e-01	3.777047555216695440e-01
3.768119774952794542e+05	3.485504062519985680e-01	3.789420396394219126e-01
3.782695532817174681e+05	3.498986614589294497e-01	3.801835380133791187e-01
3.797323176075848169e+05	3.512517160564814223e-01	3.814292651583719440e-01
3.812002885605192860e+05	3.526095867756904312e-01	3.826792356399384420e-01
3.826734842908512801e+05	3.539722904055831454e-01	3.839334640745074578e-01
3.841519230118395644e+05	3.553398437933946719e-01	3.851919651295797054e-01
3.856356229998828494e+05	3.567122638447646765e-01	3.864547535238958553e-01
3.871246025947304443e+05	3.580895675239318954e-01	3.877218440276211653e-01
3.886188801997179980e+05	3.594717718539521267e-01	3.889932514625318305e-01
3.901184742819844396e+05	3.608588939168996257e-01	3.902689907021854587e-01
3.916234033726798370e+05	3.622509508540583956e-01	3.915490766721104188e-01
3.931336860672096373e+05	3.636479598661487844e-01	3.928335243499793683e-01
3.946493410254435148e+05	3.650499382135202198e-01	3.941223487658063740e-01
3.961703869719491922e+05	3.664569032163679796e-01	3.954155650021150548e-01
3.976968426962043159e+05	3.678688722549288137e-01	3.967131881941294846e-01
3.992287270528345834e+05	3.692858627697013785e-01	3.980152335299559918e-01
4.007660589618401136e+05	3.707078922616552918e-01	3.993217162507784468e-01
4.023088574088156456e+05	3.721349782924355809e-01	4.006326516510297364e-01
4.038571414451812161e+05	3.735671384845750120e-01	4.019480550785905493e-01
4.054109301884145243e+05	3.750043905217099738e-01	4.032679419349623484e-01
4.069702428222814342e+05	3.764467521487931956e-01	4.045923276754759823e-01
4.085350985970586189e+05	3.778942411722996941e-01	4.059212278094638804e-01
4.101055168297737837e+05	3.793468754604493731e-01	4.072546579004499012e-01
4.116815169044340728e+05	3.808046729434175215e-01	4.085926335663522813e-01
4.132631182722586673e+05	3.822676516135509739e-01	4.099351704796552198e-01
4.148503404519151081e+05	3.837358295255858809e-01	4.112822843676210982e-01
4.164432030297496822e+05	3.852092247968611494e-01	4.126339910124638410e-01
4.180417256600259570e+05	3.866878556075392104e-01	4.139903062515605248e-01
4.196459280651673907e+05	3.881717402008301177e-01	4.153512459776205756e-01
4.212558300359819550e+05	3.896608968831995479e-01	4.167168261389023187e-01
4.228714514319057926e+05	3.911553440245941760e-01	4.180870627393986627e-01
4.244928121812454192e+05	3.926551000586656626e-01	4.194619718390289465e-01
4.261199322814191110e+05	3.941601834829937534e-01	4.208415695538418877e-01
4.277528317991799559e+05	3.956706128592930582e-01	4.222258720562064305e-01
4.293915308708820376e+05	3.971864068136588544e-01	4.236148955750127509e-01
4.310360497027056990e+05	3.987075840367755863e-01	4.250086563958729857e-01
4.326864085709039355e+05	4.002341632841446839e-01	4.264071708613161316e-01
4.343426278220534441e+05	4.017661633763172091e-01	4.278104553709888291e-01
4.360047278732889099e+05	4.033036031991100168e-01	4.292185263818543151e-01
4.376727292125612148e+05	4.048465017038447855e-01	4.306314004083951485e-01
4.393466523988661356e+05	4.063948779075597373e-01	4.320490940228119414e-01
4.410265180625095963e+05	4.079487508932547191e-01	4.334716238552344114e-01
4.427123469053416629e+05	4.095081398101080294e-01	4.348990065939138949e-01
4.444041597010202822e+05	4.110730638737200571e-01	4.363312589854364543e-01
4.461019772952444036e+05	4.126435423663287194e-01	4.377683978349192206e-01
4.478058206060203374e+05	4.142195946370564874e-01	4.392104400062205594e-01
4.495157106239022687e+05	4.158012401021324300e-01	4.406574024221495134e-01
4.512316684122527367e+05	4.173884982451330217e-01	4.421093020646613136e-01
4.529537151074839639e+05	4.189813886172059076e-01	4.435661559750781469e-01
4.546818719193315483e+05	4.205799308373223688e-01	4.450279812542891622e-01
4.564161601310916012e+05	4.221841445924973124e-01	4.464947950629596374e-01
4.581566010998862330e+05	4.237940496380344091e-01	4.479666146217466949e-01
4.599032162569183856e+05	4.254096657977621820e-01	4.494434572115086901e-01
4.616560271077283542e+05	4.270310129642708175e-01	4.509253401735046629e-01
4.634150552324549644e+05	4.286581110991543597e-01	4.524122809096262077e-01
4.651803222860944225e+05	4.302909802332495204e-01	4.539042968825938162e-01
4.669518499987605610e+05	4.319296404668766520e-01	4.554014056161740376e-01
4.687296601759440964e+05	4.335741119700800006e-01	4.569036246954019109e-01
4.705137746987814899e+05	4.352244149828755071e-01	4.584109717667883555e-01
4.723042155243091984e+05	4.368805698154868966e-01	4.599234645385344988e-01
4.741010046857377747e+05	4.385425968485985315e-01	4.614411207807554982e-01
4.759041642927095527e+05	4.402105165335942760e-01	4.629639583256902058e-01
4.777137165315686725e+05	4.418843493928069077e-01	4.644919950679281540e-01
4.795296836656267988e+05	4.435641160197638655e-01	4.660252489646189433e-01
4.813520880354309920e+05	4.452498370794356064e-01	4.675637380356982287e-01
4.831809520590301836e+05	4.469415333084814645e-01	4.691074803641080426e-01
4.850162982322513126e+05	4.486392255155052244e-01	4.706564940960133447e-01
4.868581491289646947e+05	4.503429345813008688e-01	4.722107974410265641e-01
4.887065274013624876e+05	4.520526814591097620e-01	4.737704086724298658e-01
4.905614557802181807e+05	4.537684871748610127e-01	4.753353461274066882e-01
4.924229570751744905e+05	4.554903728274375951e-01	4.769056282072509645e-01
4.942910541750117554e+05	4.572183595889247609e-01	4.784812733776042659e-01
4.961657700479208142e+05	4.589524687048620599e-01	4.800623001686780134e-01
4.980471277417857200e+05	4.606927214945054083e-01	4.816487271754819055e-01
4.999351503844553954e+05	4.624391393510780546e-01	4.832405730580456860e-01
5.018298611840272206e+05	4.641917437420328696e-01	4.848378565416567310e-01
5.037312834291229956e+05	4.659505562093077535e-01	4.864405964170759322e-01
5.056394404891732847e+05	4.677155983695883146e-01	4.880488115407847216e-01
5.075543558146880823e+05	4.694868919145590014e-01	4.896625208352026193e-01
5.094760529375551851e+05	4.712644586111781608e-01	4.912817432889242664e-01
5.114045554713130696e+05	4.730483203019311689e-01	4.929064979569503513e-01
5.133398871114341891e+05	4.748384989050919991e-01	4.945368039609221444e-01
5.152820716356186313e+05	4.766350164149952273e-01	4.961726804893593634e-01
5.172311329040760756e+05	4.784378949022964900e-01	4.978141467978871582e-01
5.191870948598102550e+05	4.802471565142359400e-01	4.994612222094731990e-01
5.211499815289049875e+05	4.820628234749025354e-01	5.011139261146699830e-01
5.231198170208269148e+05	4.838849180855143151e-01	5.027722779718478696e-01
5.250966255287043750e+05	4.857134627246762482e-01	5.044362973074343337e-01
5.270804313296198379e+05	4.875484798486507398e-01	5.061060037161561054e-01
5.290712587849051924e+05	4.893899919916308572e-01	5.077814168612716506e-01
5.310691323404379655e+05	4.912380217660139436e-01	5.094625564748210822e-01
5.330740765269292751e+05	4.930925918626686277e-01	5.111494423578635260e-01
5.350861159602208063e+05	4.949537250512089370e-01	5.128420943807132648e-01
5.371052753415862098e+05	4.968214441802734083e-01	5.145405324831967553e-01
5.391315794580170186e+05	4.986957721777895980e-01	5.162447766748842204e-01
5.411650531825370854e+05	5.005767320512645169e-01	5.179548470353487755e-01
5.432057214744992089e+05	5.024643468880598540e-01	5.196707637143939129e-01
5.452536093798670918e+05	5.043586398556515471e-01	5.213925469323170692e-01
5.473087420315396739e+05	5.062596342019309859e-01	5.231202169801510982e-01
5.493711446496471763e+05	5.081673532554782380e-01	5.248537942199055228e-01
5.514408425418493571e+05	5.100818204258380506e-01	5.265932990848297690e-01
5.535178611036456423e+05	5.120030592038066208e-01	5.283387520796524184e-01
5.556022258186836261e+05	5.139310931617170342e-01	5.300901737808453307e-01
5.576939622590543004e+05	5.158659459537127123e-01	5.318475848368564574e-01
5.597930960856091697e+05	5.178076413160400682e-01	5.336110059683799589e-01
5.618996530482773669e+05	5.197562030673422706e-01	5.353804579686055609e-01
5.640136589863634435e+05	5.217116551089345799e-01	5.371559617034711298e-01
5.661351398288577329e+05	5.236740214250915626e-01	5.389375381119162478e-01
5.682641215947536984e+05	5.256433260833405230e-01	5.407252082061433374e-01
5.704006303933733143e+05	5.276195932347623740e-01	5.425189930718762321e-01
5.725446924246523995e+05	5.296028471142556482e-01	5.443189138686136408e-01
5.746963339794899803e+05	5.315931120408600163e-01	5.461249918298973771e-01
5.768555814400318777e+05	5.335904124180179675e-01	5.479372482635542774e-01
5.790224612800227478e+05	5.355947727339007702e-01	5.497557045519800845e-01
5.811970000650980510e+05	5.376062175616789229e-01	5.515803821523930228e-01
5.833792244531189790e+05	5.396247715598311290e-01	5.534113025970884836e-01
5.855691611944823526e+05	5.416504594724317334e-01	5.552484874937121395e-01
5.877668371324623004e+05	5.436833061294660263e-01	5.570919585255211803e-01
5.899722792035125894e+05	5.457233364471106851e-01	5.589417374516583159e-01
5.921855144375967793e+05	5.477705754280386419e-01	5.607978461074032417e-01
5.944065699585292023e+05	5.498250481617346086e-01	5.626603064044563007e-01
5.966354729842873057e+05	5.518867798247842904e-01	5.645291403311974987e-01
5.988722508273334242e+05	5.539557956811714812e-01	5.664043699529615061e-01
6.011169308949657716e+05	5.560321210826032479e-01	5.682860174123000041e-01
6.033695406896225177e+05	5.581157814687904839e-01	5.701741049292630148e-01
6.056301078092465177e+05	5.602068023677863051e-01	5.720686548016672424e-01
6.078986599475839175e+05	5.623052093962614961e-01	5.739696894053715193e-01
6.101752248945304891e+05	5.644110282598250317e-01	5.758772311945460354e-01
6.124598305364851840e+05	5.665242847533512593e-01	5.777913027019576653e-01
6.147525048566639889e+05	5.686450047612701120e-01	5.797119265392345344e-01
6.170532759354350856e+05	5.707732142578773038e-01	5.816391253971550102e-01
6.193621719506782247e+05	5.729089393076660652e-01	5.835729220459148214e-01
6.216792211781134829e+05	5.750522060656323431e-01	5.855133393354141624e-01
6.240044519916308345e+05	5.772030407775791128e-01	5.874604001955413546e-01
6.263378928636491764e+05	5.793614697804478908e-01	5.894141276364440740e-01
6.286795723654548638e+05	5.815275195026327060e-01	5.913745447488113482e-01
6.310295191675452515e+05	5.837012164642979561e-01	5.933416747041748707e-01
6.333877620399676962e+05	5.858825872776909360e-01	5.953155407551731226e-01
6.357543298526846338e+05	5.880716586474810104e-01	5.972961662358470258e-01
6.381292515758979134e+05	5.902684573710581528e-01	5.992835745619222720e-01
6.405125562804209767e+05	5.924730103388783364e-01	6.012777892310978700e-01
6.429042731380149489e+05	5.946853445347739520e-01	6.032788338233375791e-01
6.453044314217426581e+05	5.969054870362806575e-01	6.052867320011622310e-01
6.477130605063330149e+05	5.991334650149761076e-01	6.073015075099258420e-01
6.501301898685147753e+05	6.013693057367871520e-01	6.093231841781192593e-01
6.525558490873876726e+05	6.036130365623332272e-01	6.113517859176618163e-01
6.549900678447760874e+05	6.058646849472546503e-01	6.133873367241932106e-01
6.574328759255858604e+05	6.081242784425413550e-01	6.154298606773680458e-01
6.598843032181727467e+05	6.103918446948745080e-01	6.174793819411463769e-01
6.623443797146835132e+05	6.126674114469419230e-01	6.195359247641065714e-01
6.648131355114300968e+05	6.149510065377837842e-01	6.215995134797224209e-01
6.672906008092500269e+05	6.172426579031263794e-01	6.236701725066763347e-01
6.697768059138830286e+05	6.195423935757303768e-01	6.257479263491525501e-01
6.722717812363140984e+05	6.218502416857080162e-01	6.278327995971380027e-01
6.747755572931629140e+05	6.241662304608838197e-01	6.299248169267375186e-01
6.772881647070269100e+05	6.264903882271111168e-01	6.320240031004584758e-01
6.798096342068788363e+05	6.288227434086404166e-01	6.341303829675193349e-01
6.823399966284182156e+05	6.311633245284443694e-01	6.362439814641638325e-01
6.848792829144566786e+05	6.335121602085740378e-01	6.383648236139600751e-01
6.874275241152681410e+05	6.358692791704833036e-01	6.404929345281101805e-01
6.899847513889928814e+05	6.382347102354015700e-01	6.426283394057566989e-01
6.925509960020019207e+05	6.406084823246719351e-01	6.447710635342984720e-01
6.951262893292667577e+05	6.429906244600930298e-01	6.469211322896905036e-01
6.977106628547401633e+05	6.453811657642704036e-01	6.490785711367668132e-01
7.003041481717511779e+05	6.477801354609827866e-01	6.512434056295464124e-01
7.029067769833677448e+05	6.501875628755172665e-01	6.534156614115483874e-01
7.055185811027893797e+05	6.526034774350323309e-01	6.555953642161160833e-01
7.081395924537286628e+05	6.550279086689108077e-01	6.577825398667126455e-01
7.107698430708014639e+05	6.574608862091210204e-01	6.599772142772595274e-01
7.134093650999034289e+05	6.599024397905651762e-01	6.621794134524461306e-01
7.160581907985992730e+05	6.623525992514385230e-01	6.643891634880522146e-01
7.187163525365289534e+05	6.648113945336062702e-01	6.666064905712620892e-01
7.213838827957799658e+05	6.672788556829472029e-01	6.688314209809943511e-01
7.240608141712894430e+05	6.697550128497260502e-01	6.710639810882198519e-01
7.267471793712283252e+05	6.722398962889483132e-01	6.733041973562899907e-01
7.294430112174045062e+05	6.747335363607335212e-01	6.755520963412509072e-01
7.321483426456584129e+05	6.772359635306814951e-01	6.778077046921973103e-01
7.348632067062598653e+05	6.797472083702387202e-01	6.800710491515665757e-01
7.375876365643014433e+05	6.822673015570624999e-01	6.823421565554809165e-01
7.403216655001074541e+05	6.847962738753995415e-01	6.846210538340931073e-01
7.430653269096316071e+05	6.873341562164535512e-01	6.869077680118934603e-01
7.458186543048657477e+05	6.898809795787629318e-01	6.892023262080493318e-01
7.485816813142331084e+05	6.924367750685656020e-01	6.915047556367567294e-01
7.513544416830081027e+05	6.950015739001859094e-01	6.938150836075417383e-01
7.541369692737065488e+05	6.975754073963970070e-01	6.961333375256272271e-01
7.569292980665183859e+05	7.001583069888198674e-01	6.984595448922632510e-01
7.597314621596959187e+05	7.027503042182831061e-01	7.007937333050435758e-01
7.625434957699765218e+05	7.053514307352140023e-01	7.031359304582613934e-01
7.653654332329933532e+05	7.079617183000180836e-01	7.054861641432659258e-01
7.681973090036909562e+05	7.105811987834639298e-01	7.078444622487776172e-01
7.710391576567476150e+05	7.132099041670735273e-01	7.102108527612367439e-01
7.738910138869788498e+05	7.158478665434951926e-01	7.125853637651634598e-01
7.767529125097678043e+05	7.184951181169028089e-01	7.149680234434894199e-01
7.796248884614862036e+05	7.211516912033839599e-01	7.173588600779013946e-01
7.825069767999029718e+05	7.238176182313187379e-01	7.197579020492076429e-01
7.853992127046266105e+05	7.264929317417888610e-01	7.221651778376599884e-01
7.883016314775223145e+05	7.291776643889623655e-01	7.245807160233304067e-01
7.912142685431262944e+05	7.318718489404788530e-01	7.270045452864517532e-01
7.941371594490971183e+05	7.345755182778653802e-01	7.294366944077689263e-01
7.970703398666243302e+05	7.372887053969150450e-01	7.318771922688931397e-01
8.000138455908802571e+05	7.400114434081048742e-01	7.343260678526504215e-01
8.029677125414269976e+05	7.427437655369719671e-01	7.367833502434674164e-01
8.059319767626650864e+05	7.454857051245289412e-01	7.392490686276906864e-01
8.089066744242773857e+05	7.482372956276748255e-01	7.417232522939807282e-01
8.118918418216600548e+05	7.509985706195925204e-01	7.442059306336377134e-01
8.148875153763438575e+05	7.537695637901394852e-01	7.466971331409967272e-01
8.178937316364481812e+05	7.565503089462676245e-01	7.491968894137678303e-01
8.209105272771384334e+05	7.593408400124461721e-01	7.517052291534118691e-01
8.239379391010395484e+05	7.621411910310438298e-01	7.542221821654971903e-01
8.269760040387017652e+05	7.649513961627606440e-01	7.567477783600826680e-01
8.300247591490396298e+05	7.677714896870329042e-01	7.592820477520593192e-01
8.330842416197892744e+05	7.706015060024569152e-01	7.618250204615479859e-01
8.361544887679349631e+05	7.734414796271831261e-01	7.643767267142611566e-01
8.392355380401788279e+05	7.762914451993511156e-01	7.669371968418627894e-01
8.423274270133919781e+05	7.791514374775060370e-01	7.695064612823615535e-01
8.454301933950684033e+05	7.820214913410197255e-01	7.720845505804548869e-01
8.485438750237779459e+05	7.849016417905082532e-01	7.746714953879531018e-01
8.516685098696150817e+05	7.877919239482480407e-01	7.772673264641140056e-01
8.548041360346835572e+05	7.906923730586242760e-01	7.798720746760305911e-01
8.579507917535244487e+05	7.936030244885257101e-01	7.824857709990310495e-01
8.611085153936087154e+05	7.965239137278016246e-01	7.851084465170448112e-01
8.642773454557857476e+05	7.994550763896756118e-01	7.877401324229855728e-01
8.674573205747350585e+05	8.023965482111644620e-01	7.903808600191348788e-01
8.706484795194664039e+05	8.053483650535399052e-01	7.930306607175301448e-01
8.738508611937599489e+05	8.083105629027360628e-01	7.956895660403650039e-01
8.770645046366598690e+05	8.112831778698064156e-01	7.983576076203511285e-01
8.802894490229237126e+05	8.142662461913385830e-01	8.010348172011233503e-01
8.835257336635070387e+05	8.172598042299035193e-01	8.037212266376272396e-01
8.867733980060488684e+05	8.202638884745035996e-01	8.064168678965166759e-01
8.900324816353269853e+05	8.232785355409951711e-01	8.091217730565535282e-01
8.933030242737506051e+05	8.263037821725429666e-01	8.118359743089779146e-01
8.965850657818468753e+05	8.293396652400703006e-01	8.145595039579297536e-01
8.998786461587259546e+05	8.323862217426899468e-01	8.172923944208334568e-01
9.031838055425786879e+05	8.354434888081643251e-01	8.200346782288084890e-01
9.065005842111509992e+05	8.385115036933433741e-01	8.227863880270640529e-01
9.098290225822445937e+05	8.415903037846288459e-01	8.255475565752834477e-01
9.131691612141948426e+05	8.446799265984161753e-01	8.283182167480667157e-01
