0.000000000000000000e+00	0.000000000000000000e+00	0.000000000000000000e+00
1.018107562183822523e+02	9.412796492692151584e-05	5.069996027434485464e-02
2.031904359106208631e+02	1.879043583607624196e-04	5.040108296773247731e-02
3.041797163281681833e+02	2.813196143969216661e-04	5.012210039357086616e-02
4.048161567327911712e+02	3.744084767240527141e-04	4.986149508646157275e-02
5.051344927753346497e+02	4.672030770619375797e-04	4.961789140168481466e-02
6.051669001486711750e+02	5.597331790538532083e-04	4.939004079842675837e-02
7.049432309353152277e+02	6.520263969000164280e-04	4.917680875479371605e-02
8.044912256721447648e+02	7.441083915280379078e-04	4.897716312528338500e-02
9.038367038045022355e+02	8.360030467723937771e-04	4.879016377408898486e-02
1.003003734893697015e+03	9.277326277497618002e-04	4.861495333752310910e-02
1.102014792670479665e+03	1.019317923365974229e-03	4.845074898631879928e-02
1.200890893787959840e+03	1.110778374669148553e-03	4.829683507389732205e-02
1.299651722916405333e+03	1.202132190568342210e-03	4.815255657015915514e-02
1.398315745636757583e+03	1.293396452265388160e-03	4.801731319218592586e-02
1.496900310425294947e+03	1.384587207595477758e-03	4.789055415362818841e-02
1.595421740877284947e+03	1.475719556338307790e-03	4.777177346370114347e-02
1.693895419189315817e+03	1.566807727443062740e-03	4.766050571474474834e-02
1.792335861807109040e+03	1.657865149006072358e-03	4.755632230437779190e-02
1.890756788045524445e+03	1.748904511747392202e-03	4.745882804451195813e-02
1.989171182398897145e+03	1.839937826650630366e-03	4.736765811496028433e-02
2.087591351181803020e+03	1.930976477358142861e-03	4.728247532422812094e-02
2.186028974070719869e+03	2.022031267849304023e-03	4.720296764431802100e-02
2.284495151055652514e+03	2.113112465872774275e-03	4.712884599015098458e-02
2.383000445256397143e+03	2.204229842553359804e-03	4.705984221751677993e-02
2.481554922009329857e+03	2.295392708548932032e-03	4.699570731639576143e-02
2.580168184588250824e+03	2.386609947093683466e-03	4.693620977908487951e-02
2.678849406884132350e+03	2.477890044228233009e-03	4.688113412484112147e-02
2.777607363334915590e+03	2.569241116485899371e-03	4.683027956478252873e-02
2.876450456366168055e+03	2.660670936276400122e-03	4.678345879257273660e-02
2.975386741576881832e+03	2.752186955183713590e-03	4.674049688800026303e-02
3.074423950880243410e+03	2.843796325372184488e-03	4.670123032196544371e-02
3.173569513788315817e+03	2.935505919275677861e-03	4.666550605263025675e-02
3.272830577010344314e+03	3.027322347726755201e-03	4.663318070359235429e-02
3.372214022517279318e+03	3.119251976667030204e-03	4.660411981591208730e-02
3.471726484210383205e+03	3.211300942566252745e-03	4.657819716670995314e-02
3.571374363317620919e+03	3.303475166664523056e-03	4.655529414779552982e-02
3.671163842629911414e+03	3.395780368141346119e-03	4.653529919850010743e-02
3.771100899678252063e+03	3.488222076304935051e-03	4.651810728747804435e-02
3.871191318942797807e+03	3.580805641886034615e-03	4.650361943879345594e-02
3.971440703176905117e+03	3.673536247513059776e-03	4.649174229808634290e-02
4.071854483920318216e+03	3.766418917437146761e-03	4.648238773504643345e-02
4.172437931269691944e+03	3.859458526570217190e-03	4.647547247880459004e-02
4.273196162967734381e+03	3.952659808892738241e-03	4.647091778319778488e-02
4.374134152866562545e+03	4.046027365282599958e-03	4.646864911916352703e-02
4.475256738816062352e+03	4.139565670812111152e-03	4.646859589179715838e-02
4.576568630023360129e+03	4.233279081555733035e-03	4.647069117984961584e-02
4.678074413925162844e+03	4.327171840947221897e-03	4.647487149565926456e-02
4.779778562611002599e+03	4.421248085721323287e-03	4.648107656370779883e-02
4.881685438832623731e+03	4.515511851472640489e-03	4.648924911616923727e-02
4.983799301630880109e+03	4.609967077860685318e-03	4.649933470396874768e-02
5.086124311609073629e+03	4.704617613487871094e-03	4.651128152202136518e-02
5.188664535879593132e+03	4.799467220475301180e-03	4.652504024743738670e-02
5.291423952707783428e+03	4.894519578758482065e-03	4.654056388959735419e-02
5.394406455875277970e+03	4.989778290123530503e-03	4.655780765110605762e-02
5.497615858783447038e+03	5.085246882002980931e-03	4.657672879871821436e-02
5.601055898314957631e+03	5.180928811047830033e-03	4.659728654342306514e-02
5.704730238471230223e+03	5.276827466492294005e-03	4.661944192893596739e-02
5.808642473801289270e+03	5.372946173325577821e-03	4.664315772792444054e-02
5.912796132636294715e+03	5.469288195283912406e-03	4.666839834535084497e-02
6.017194680143234109e+03	5.565856737675294215e-03	4.669512972836555031e-02
6.121841521210200881e+03	5.662654950048448370e-03	4.672331928224347786e-02
6.226740003174091726e+03	5.759685928716011712e-03	4.675293579189252618e-02
6.331893418401775307e+03	5.856952719142187978e-03	4.678394934850622217e-02
6.437305006733698974e+03	5.954458318203140199e-03	4.681633128097374696e-02
6.542977957799479555e+03	6.052205676328969129e-03	4.685005409168172680e-02
6.648915413213148895e+03	6.150197699534370142e-03	4.688509139639088913e-02
6.755120468656057710e+03	6.248437251345374983e-03	4.692141786787957375e-02
6.861596175854371722e+03	6.346927154628570836e-03	4.695900918308133082e-02
6.968345544457587494e+03	6.445670193328786705e-03	4.699784197346529996e-02
7.075371543824341643e+03	6.544669114120994259e-03	4.703789377842589048e-02
7.182677104721039541e+03	6.643926627981586522e-03	4.707914300146970321e-02
7.290265120938512155e+03	6.743445411683824872e-03	4.712156886900153302e-02
7.398138450831716909e+03	6.843228109222088650e-03	4.716515139153217018e-02
7.506299918786714443e+03	6.943277333168866063e-03	4.720987132713826834e-02
7.614752316619551493e+03	7.043595665968748615e-03	4.725571014702306671e-02
7.723498404910696081e+03	7.144185661172818697e-03	4.730265000303415790e-02
7.832540914278692981e+03	7.245049844616800912e-03	4.735067369701165263e-02
7.941882546596719294e+03	7.346190715546408422e-03	4.739976465183989157e-02
8.051525976154883210e+03	7.447610747692485524e-03	4.744990688409796847e-02
8.161473850771582875e+03	7.549312390299045550e-03	4.750108497819732767e-02
8.271728792856310974e+03	7.651298069106382028e-03	4.755328406192038670e-02
8.382293400427213783e+03	7.753570187292332244e-03	4.760648978326395553e-02
8.493170248085034473e+03	7.856131126373195467e-03	4.766068828850650307e-02
8.604361887946140996e+03	7.958983247066803851e-03	4.771586620142531654e-02
8.715870850537061415e+03	8.062128890119977728e-03	4.777201060359130558e-02
8.827699645651868195e+03	8.165570377101629904e-03	4.782910901567517109e-02
8.939850763175178145e+03	8.269310011164052523e-03	4.788714937970355717e-02
9.052326673871373714e+03	8.373350077772970246e-03	4.794612004220923096e-02
9.165129830143132494e+03	8.477692845409178640e-03	4.800600973821985556e-02
9.278262666759657805e+03	8.582340566242180682e-03	4.806680757603920551e-02
9.391727601556520312e+03	8.687295476777556064e-03	4.812850302277061482e-02
9.505527036108864195e+03	8.792559798479680083e-03	4.819108589054457020e-02
9.619663356378761819e+03	8.898135738370544986e-03	4.825454632340466649e-02
9.734138933337710114e+03	9.004025489605580607e-03	4.831887478482007475e-02
9.848956123567069881e+03	9.110231232029064249e-03	4.838406204578219599e-02
9.964117269834858234e+03	9.216755132707667858e-03	4.845009917346121409e-02
1.007962470165264494e+04	9.323599346445603231e-03	4.851697752038560546e-02
1.019548073581155950e+04	9.430766016280426808e-03	4.858468871411826540e-02
1.031168767689951528e+04	9.538257273961483346e-03	4.865322464740051006e-02
1.042824781779988189e+04	9.646075240411193172e-03	4.872257746874230494e-02
1.054516344017290612e+04	9.754222026170362644e-03	4.879273957343090856e-02
1.066243681491990537e+04	9.862699731827587191e-03	4.886370359493739934e-02
1.078007020263224331e+04	9.971510448434540638e-03	4.893546239670210768e-02
1.089806585402464771e+04	1.008065625790681777e-02	4.900800906427554837e-02
1.101642601035384723e+04	1.019013923341117317e-02	4.908133689779874825e-02
1.113515290382332387e+04	1.029996143973992140e-02	4.915543940480638502e-02
1.125424875797485947e+04	1.041012493367312990e-02	4.923031029333419656e-02
1.137371578806720572e+04	1.052063176432888741e-02	4.930594346531617933e-02
1.149355620144269415e+04	1.063148397350243378e-02	4.938233301025924532e-02
1.161377219788166076e+04	1.074268359599398967e-02	4.945947319917613771e-02
1.173436596994596221e+04	1.085423265992653888e-02	4.953735847877113740e-02
1.185533970331196724e+04	1.096613318705383019e-02	4.961598346586097025e-02
1.197669557709259789e+04	1.107838719305827627e-02	4.969534294202061775e-02
1.209843576415012467e+04	1.119099668784030548e-02	4.977543184844474000e-02
1.222056243139894104e+04	1.130396367579840529e-02	4.985624528101350456e-02
1.234307774009971035e+04	1.141729015610124139e-02	4.993777848555207288e-02
1.246598384614398310e+04	1.153097812295091756e-02	5.002002685327713860e-02
1.258928290033138546e+04	1.164502956583937827e-02	5.010298591642031729e-02
1.271297704863784566e+04	1.175944646979652612e-02	5.018665134401919387e-02
1.283706843247685538e+04	1.187423081563189660e-02	5.027101893787128822e-02
1.296155918895262039e+04	1.198938458016881106e-02	5.035608462864106516e-02
1.308645145110615704e+04	1.210490973647203317e-02	5.044184447211268185e-02
1.321174734815504598e+04	1.222080825406954632e-02	5.052829464558462880e-02
1.333744900572554798e+04	1.233708209916723787e-02	5.061543144439938774e-02
1.346355854607934452e+04	1.245373323485867920e-02	5.070325127859786479e-02
1.359007808833350464e+04	1.257076362132855847e-02	5.079175066970003510e-02
1.371700974867445802e+04	1.268817521605062823e-02	5.088092624760049559e-02
1.384435564056700241e+04	1.280596997398104030e-02	5.097077474757732984e-02
1.397211787495700264e+04	1.292414984774583817e-02	5.106129300740858828e-02
1.410029856046919667e+04	1.304271678782393390e-02	5.115247796459047869e-02
1.422889980359972287e+04	1.316167274272519484e-02	5.124432665365495632e-02
1.435792370890382153e+04	1.328101965916407383e-02	5.133683620358185651e-02
1.448737237917911261e+04	1.340075948222913850e-02	5.143000383530055286e-02
1.461724791564359657e+04	1.352089415554773300e-02	5.152382685927937855e-02
1.474755241810969346e+04	1.364142562144695509e-02	5.161830267319726662e-02
1.487828798515425115e+04	1.376235582111092100e-02	5.171342875969600628e-02
1.500945671428369133e+04	1.388368669473353037e-02	5.180920268420870223e-02
1.514106070209602331e+04	1.400542018166832034e-02	5.190562209286114087e-02
1.527310204443860857e+04	1.412755822057441824e-02	5.200268471044490470e-02
1.540558283656208368e+04	1.425010274955889993e-02	5.210038833845721806e-02
1.553850517327100533e+04	1.437305570631615230e-02	5.219873085320576173e-02
1.567187114907115028e+04	1.449641902826412365e-02	5.229771020397690900e-02
1.580568285831272624e+04	1.462019465267679411e-02	5.239732441126321999e-02
1.593994239533148721e+04	1.474438451681471529e-02	5.249757156504942374e-02
1.607465185458595624e+04	1.486899055805192965e-02	5.259844982315273892e-02
1.620981333079158685e+04	1.499401471400008123e-02	5.269995740961928854e-02
1.634542891905257238e+04	1.511945892263034247e-02	5.280209261316736596e-02
1.648150071499043406e+04	1.524532512239234854e-02	5.290485378568467872e-02
1.661803081486967858e+04	1.537161525233044466e-02	5.300823934077120853e-02
1.675502131572171857e+04	1.549833125219830625e-02	5.311224775232768758e-02
1.689247431546502048e+04	1.562547506257007043e-02	5.321687755318851160e-02
1.703039191302385370e+04	1.575304862495020136e-02	5.332212733379809028e-02
1.716877620844355624e+04	1.588105388188008893e-02	5.342799574092650661e-02
1.730762930300488006e+04	1.600949277704382528e-02	5.353448147642671240e-02
1.744695329933495304e+04	1.613836725537086403e-02	5.364158329602757708e-02
1.758675030151640021e+04	1.626767926313693255e-02	5.374930000816465631e-02
1.772702241519430027e+04	1.639743074806298759e-02	5.385763047284727878e-02
1.786777174768191981e+04	1.652762365941299466e-02	5.396657360055841929e-02
1.800900040806267862e+04	1.665825994808827967e-02	5.407612835118814909e-02
1.815071050729235139e+04	1.678934156672204706e-02	5.418629373299872765e-02
1.829290415829748599e+04	1.692087046977041459e-02	5.429706880162014221e-02
1.843558347607338146e+04	1.705284861360305965e-02	5.440845265907592876e-02
1.857875057778007613e+04	1.718527795659198845e-02	5.452044445283697055e-02
1.872240758283553077e+04	1.731816045919775532e-02	5.463304337490290652e-02
1.886655661300891006e+04	1.745149808405572697e-02	5.474624866091119813e-02
1.901119979251105178e+04	1.758529279605977949e-02	5.486005958927060028e-02
1.915633924808371012e+04	1.771954656244484339e-02	5.497447548032011883e-02
1.930197710908781664e+04	1.785426135286854663e-02	5.508949569551302439e-02
1.944811550758909652e+04	1.798943913949041865e-02	5.520511963662261962e-02
1.959475657844357920e+04	1.812508189705097292e-02	5.532134674497097421e-02
1.974190245938097360e+04	1.826119160294884664e-02	5.543817650068035008e-02
1.988955529108698829e+04	1.839777023731692732e-02	5.555560842194479099e-02
2.003771721728423654e+04	1.853481978309721306e-02	5.567364206432166146e-02
2.018639038481218449e+04	1.867234222611474995e-02	5.579227702004500855e-02
2.033557694370536774e+04	1.881033955514999426e-02	5.591151291735486917e-02
2.048527904727084024e+04	1.894881376201042536e-02	5.603134941984755368e-02
2.063549885216426628e+04	1.908776684160098241e-02	5.615178622584360985e-02
2.078623851846553589e+04	1.922720079199394944e-02	5.627282306777184329e-02
2.093750020975212465e+04	1.936711761449686278e-02	5.639445971157056037e-02
2.108928609317230075e+04	1.950751931372020354e-02	5.651669595610634561e-02
2.124159833951716791e+04	1.964840789764404211e-02	5.663953163260656426e-02
2.139443912329170053e+04	1.978978537768373916e-02	5.676296660410917738e-02
2.154781062278456011e+04	1.993165376875454670e-02	5.688700076492587965e-02
2.170171502013730060e+04	2.007401508933560549e-02	5.701163404011916347e-02
2.185615450141245310e+04	2.021687136153291903e-02	5.713686638499521075e-02
2.201113125666103952e+04	2.036022461114182780e-02	5.726269778460997550e-02
2.216664747998879466e+04	2.050407686770824855e-02	5.738912825328509881e-02
2.232270536962183905e+04	2.064843016458942082e-02	5.751615783414194827e-02
2.247930712797166780e+04	2.079328653901402549e-02	5.764378659864244359e-02
2.263645496169905527e+04	2.093864803214129724e-02	5.777201464614640375e-02
2.279415108177716320e+04	2.108451668911940496e-02	5.790084210347803267e-02
2.295239770355448127e+04	2.123089455914366902e-02	5.803026912450300751e-02
2.311119704681643270e+04	2.137778369551352961e-02	5.816029588971874387e-02
2.327055133584637588e+04	2.152518615568899465e-02	5.829092260585383434e-02
2.343046279948623851e+04	2.167310400134674769e-02	5.842214950547808955e-02
2.359093367119622781e+04	2.182153929843530515e-02	5.855397684662278640e-02
2.375196618911404948e+04	2.197049411722987872e-02	5.868640491240988133e-02
2.391356259611337009e+04	2.211997053238641195e-02	5.881943401069190946e-02
2.407572513986167905e+04	2.226997062299508959e-02	5.895306447369887820e-02
2.423845607287773601e+04	2.242049647263352069e-02	5.908729665769815731e-02
2.440175765258835236e+04	2.257155016941921402e-02	5.922213094265774830e-02
2.456563214138444164e+04	2.272313380606145669e-02	5.935756773192274460e-02
2.473008180667684792e+04	2.287524947991294647e-02	5.949360745189630206e-02
2.489510892095145755e+04	2.302789929302076835e-02	5.963025055173098998e-02
2.506071576182380522e+04	2.318108535217690627e-02	5.976749750302673414e-02
2.522690461209307978e+04	2.333480976896820311e-02	5.990534879953650360e-02
2.539367775979615544e+04	2.348907465982632073e-02	6.004380495688027564e-02
2.556103749826057174e+04	2.364388214607679103e-02	6.018286651226349010e-02
2.572898612615673483e+04	2.379923435398725515e-02	6.032253402420560684e-02
2.589752594755129030e+04	2.395513341481683711e-02	6.046280807227408238e-02
2.606665927195808399e+04	2.411158146486332837e-02	6.060368925682389774e-02
2.623638841439025418e+04	2.426858064551131247e-02	6.074517819874539204e-02
2.640671569541054123e+04	2.442613310327875972e-02	6.088727553921623181e-02
2.657764344118266672e+04	2.458424098986450312e-02	6.102998193946104072e-02
2.674917398352136297e+04	2.474290646219454159e-02	6.117329808051758661e-02
2.692130965994185681e+04	2.490213168246782627e-02	6.131722466300490448e-02
2.709405281370970988e+04	2.506191881820231740e-02	6.146176240690230663e-02
2.726740579389060076e+04	2.522227004228107597e-02	6.160691205132925313e-02
2.744137095539803340e+04	2.538318753299637770e-02	6.175267435433390989e-02
2.761595065904252624e+04	2.554467347409521832e-02	6.189905009268444058e-02
2.779114727157991365e+04	2.570673005482397924e-02	6.204604006166646035e-02
2.796696316575882520e+04	2.586935946997235766e-02	6.219364507488563121e-02
2.814340072036831043e+04	2.603256391991743204e-02	6.234186596407470526e-02
2.832046232028563099e+04	2.619634561066782469e-02	6.249070357890469662e-02
2.849815035652248844e+04	2.636070675390652512e-02	6.264015878680111171e-02
2.867646722627209965e+04	2.652564956703438309e-02	6.279023247276589725e-02
2.885541533295627232e+04	2.669117627321368480e-02	6.294092553920001276e-02
2.903499708627048676e+04	2.685728910140983139e-02	6.309223890573521787e-02
2.921521490223040746e+04	2.702399028643438089e-02	6.324417350906585966e-02
2.939607120321772891e+04	2.719128206898744488e-02	6.339673030278576704e-02
2.957756841802546114e+04	2.735916669569958548e-02	6.354991025723115416e-02
2.975970898190273874e+04	2.752764641917325103e-02	6.370371435932471738e-02
2.994249533660053930e+04	2.769672349802508246e-02	6.385814361242428405e-02
3.012592993041642330e+04	2.786640019692728648e-02	6.401319903617570806e-02
3.031001521823832445e+04	2.803667878664813790e-02	6.416888166636849911e-02
3.049475366158974794e+04	2.820756154409380378e-02	6.432519255479550446e-02
3.068014772867384454e+04	2.837905075234909563e-02	6.448213276911565761e-02
3.086619989441665166e+04	2.855114870071747898e-02	6.463970339272007148e-02
3.105291264051225880e+04	2.872385768476284906e-02	6.479790552460171216e-02
3.124028845546510274e+04	2.889718000634864878e-02	6.495674027922739013e-02
3.142832983463403070e+04	2.907111797367863473e-02	6.511620878641334598e-02
3.161703928027602888e+04	2.924567390133731362e-02	6.527631219120501316e-02
3.180641930158864852e+04	2.942085011032920597e-02	6.543705165375722499e-02
3.199647241475306873e+04	2.959664892811865455e-02	6.559842834921914001e-02
3.218720114297718101e+04	2.977307268866970572e-02	6.576044346762101311e-02
3.237860801653823000e+04	2.995012373248552920e-02	6.592309821376532430e-02
3.257069557282550159e+04	3.012780440664791781e-02	6.608639380711847644e-02
3.276346635638234147e+04	3.030611706485614523e-02	6.625033148170580977e-02
3.295692291894886876e+04	3.048506406746648301e-02	6.641491248601008590e-02
3.315106781950393633e+04	3.066464778153100978e-02	6.658013808287148450e-02
3.334590362430694950e+04	3.084487058083630259e-02	6.674600954939052810e-02
3.354143290694055759e+04	3.102573484594291914e-02	6.691252817683265852e-02
3.373765824835131934e+04	3.120724296422301008e-02	6.707969527053680991e-02
3.393458223689278384e+04	3.138939732990016218e-02	6.724751214982431502e-02
3.413220746836627222e+04	3.157220034408714932e-02	6.741598014791105875e-02
3.433053654606141208e+04	3.175565441482341295e-02	6.758510061182204653e-02
3.452957208080029523e+04	3.193976195711587668e-02	6.775487490230705512e-02
3.472931669097652048e+04	3.212452539297512566e-02	6.792530439376009976e-02
3.492977300259649928e+04	3.230994715145354967e-02	6.809639047413930391e-02
3.513094364932232565e+04	3.249602966868504056e-02	6.826813454488851740e-02
3.533283127251114638e+04	3.268277538792137976e-02	6.844053802086387528e-02
3.553543852125716512e+04	3.287018675957113778e-02	6.861360233025846911e-02
3.573876805243150739e+04	3.305826624123647806e-02	6.878732891453102904e-02
3.594282253072533058e+04	3.324701629775311806e-02	6.896171922833613244e-02
3.614760462868747709e+04	3.343643940122506542e-02	6.913677473945678553e-02
3.635311702676842833e+04	3.362653803106538386e-02	6.931249692873697743e-02
3.655936241335878003e+04	3.381731467403165797e-02	6.948888729001752307e-02
3.676634348483080248e+04	3.400877182426455952e-02	6.966594733007333562e-02
3.697406294557874207e+04	3.420091198332505383e-02	6.984367856855243362e-02
3.718252350805994502e+04	3.439373766023241796e-02	7.002208253791568360e-02
3.739172789283470775e+04	3.458725137150119727e-02	7.020116078337902688e-02
3.760167882860724058e+04	3.478145564117900157e-02	7.038091486285760756e-02
3.781237905226571456e+04	3.497635300088358656e-02	7.056134634691008101e-02
3.802383130892283225e+04	3.517194598984040022e-02	7.074245681868555902e-02
3.823603835195660940e+04	3.536823715492026093e-02	7.092424787387122120e-02
3.844900294304991257e+04	3.556522905067598800e-02	7.110672112064292394e-02
3.866272785223137907e+04	3.576292423938018383e-02	7.128987817961492113e-02
3.887721585791559482e+04	3.596132529106247505e-02	7.147372068379365118e-02
3.909246974694353412e+04	3.616043478354683677e-02	7.165825027852842921e-02
3.930849231462261378e+04	3.636025530248870874e-02	7.184346862147061863e-02
3.952528636476714018e+04	3.656078944141238213e-02	7.202937738252608579e-02
3.974285470973789779e+04	3.676203980174761604e-02	7.221597824381478792e-02
3.996120017048338195e+04	3.696400899286780145e-02	7.240327289963018054e-02
4.018032557657956932e+04	3.716669963212670263e-02	7.259126305639738985e-02
4.040023376626980462e+04	3.737011434489540679e-02	7.277995043263606190e-02
4.062092758650554606e+04	3.757425576459995364e-02	7.296933675892147697e-02
4.084240989298629574e+04	3.777912653275836141e-02	7.315942377784943884e-02
4.106468355020019226e+04	3.798472929901806905e-02	7.335021324400108067e-02
4.128775143146367918e+04	3.819106672119267770e-02	7.354170692390739339e-02
4.151161641896191577e+04	3.839814146529937217e-02	7.373390659601795905e-02
4.173628140378976968e+04	3.860595620559675867e-02	7.392681405066695022e-02
4.196174928599037230e+04	3.881451362462060017e-02	7.412043109004506913e-02
4.218802297459761030e+04	3.902381641322306971e-02	7.431475952816732344e-02
4.241510538767441903e+04	3.923386727060818729e-02	7.450980119084561759e-02
4.264299945235444466e+04	3.944466890437037937e-02	7.470555791565999804e-02
4.287170810488145798e+04	3.965622403053091494e-02	7.490203155193331241e-02
4.310123429065053642e+04	3.986853537357599314e-02	7.509922396070348172e-02
4.333158096424780524e+04	4.008160566649351941e-02	7.529713701470039378e-02
4.356275108949124115e+04	4.029543765081085305e-02	7.549577259832120080e-02
4.379474763947035535e+04	4.051003407663146538e-02	7.569513260760760143e-02
4.402757359658773930e+04	4.072539770267347842e-02	7.589521895022280362e-02
4.426123195259921340e+04	4.094153129630664911e-02	7.609603354543223452e-02
4.449572570865353919e+04	4.115843763358927043e-02	7.629757832408161355e-02
4.473105787533345574e+04	4.137611949930596056e-02	7.649985522857792597e-02
4.496723147269732726e+04	4.159457968700635416e-02	7.670286621287117357e-02
4.520424953031832410e+04	4.181382099904119853e-02	7.690661324243658337e-02
4.544211508732580114e+04	4.203384624660071872e-02	7.711109829425694118e-02
4.568083119244504633e+04	4.225465824975137286e-02	7.731632335680770074e-02
4.592040090403948125e+04	4.247625983747485567e-02	7.752229043004039977e-02
4.616082729015160294e+04	4.269865384770597100e-02	7.772900152536880991e-02
4.640211342854167015e+04	4.292184312736847807e-02	7.793645866565435121e-02
4.664426240673056600e+04	4.314583053241465710e-02	7.814466388519482332e-02
4.688727732204089989e+04	4.337061892786338302e-02	7.835361922971006976e-02
4.713116128163613030e+04	4.359621118783629096e-02	7.856332675633183327e-02
4.737591740256296180e+04	4.382261019559701570e-02	7.877378853359139066e-02
4.762154881179294898e+04	4.404981884358963318e-02	7.898500664141148986e-02
4.786805864626251423e+04	4.427784003347571412e-02	7.919698317109528929e-02
4.811545005291448615e+04	4.450667667617273782e-02	7.940972022531825325e-02
4.836372618874003092e+04	4.473633169189288050e-02	7.962321991811988076e-02
4.861289022081948497e+04	4.496680801018078377e-02	7.983748437489635030e-02
4.886294532636375516e+04	4.519810856995182952e-02	8.005251573239383078e-02
4.911389469275512965e+04	4.543023631952992220e-02	8.026831613870280546e-02
4.936574151759019878e+04	4.566319421668717932e-02	8.048488775325143840e-02
4.961848900872076774e+04	4.589698522868175534e-02	8.070223274680202175e-02
4.987214038429554785e+04	4.613161233229646357e-02	8.092035330144560501e-02
5.012669887280161493e+04	4.636707851387703028e-02	8.113925161059935831e-02
5.038216771310729382e+04	4.660338676937186148e-02	8.135892987900332496e-02
5.063855015450203791e+04	4.684054010436886073e-02	8.157939032271781243e-02
5.089584945674036135e+04	4.707854153413611187e-02	8.180063516912092214e-02
5.115406889008369762e+04	4.731739408366057026e-02	8.202266665690892411e-02
5.141321173534058471e+04	4.755710078768524141e-02	8.224548703609414757e-02
5.167328128391096834e+04	4.779766469075016899e-02	8.246909856800624383e-02
5.193428083782763861e+04	4.803908884723077227e-02	8.269350352529067361e-02
5.219621370979832864e+04	4.828137632137671775e-02	8.291870419191087194e-02
5.245908322324885376e+04	4.852453018735196355e-02	8.314470286315039926e-02
5.272289271236534842e+04	4.876855352927366577e-02	8.337150184561335775e-02
5.298764552213590650e+04	4.901344944125081426e-02	8.359910345722872116e-02
5.325334500839508109e+04	4.925922102742535252e-02	8.382751002725236100e-02
5.351999453786506638e+04	4.950587140201025832e-02	8.405672389626941965e-02
5.378759748819930246e+04	4.975340368932989338e-02	8.428674741620199862e-02
5.405615724802458135e+04	5.000182102385895833e-02	8.451758295031056023e-02
5.432567721698562673e+04	5.025112655026371666e-02	8.474923287320032528e-02
5.459616080578717811e+04	5.050132342344094277e-02	8.498169957082589432e-02
5.486761143623680255e+04	5.075241480855747361e-02	8.521498544049872781e-02
5.514003254128899425e+04	5.100440388109105105e-02	8.544909289089297477e-02
5.541342756508817547e+04	5.125729382687008173e-02	8.568402434205216189e-02
5.568779996301267965e+04	5.151108784211432673e-02	8.591978222539745080e-02
5.596315320171724306e+04	5.176578913347417571e-02	8.615636898373404962e-02
5.623949075917810114e+04	5.202140091807241212e-02	8.639378707126113555e-02
5.651681612473532005e+04	5.227792642354334163e-02	8.663203895358005668e-02
5.679513279913864972e+04	5.253536888807516791e-02	8.687112710770406032e-02
5.707444429458892409e+04	5.279373156044837867e-02	8.711105402206728576e-02
5.735475413478403789e+04	5.305301770007819773e-02	8.735182219653475633e-02
5.763606585496284970e+04	5.331323057705519841e-02	8.759343414241503589e-02
5.791838300194899057e+04	5.357437347218590995e-02	8.783589238246654329e-02
5.820170913419481076e+04	5.383644967703332673e-02	8.807919945091499669e-02
5.848604782182733470e+04	5.409946249395956169e-02	8.832335789346018595e-02
5.877140264669254975e+04	5.436341523616671639e-02	8.856837026729055817e-02
5.905777720239801420e+04	5.462831122773633558e-02	8.881423914109543016e-02
5.934517509436060936e+04	5.489415380367355934e-02	8.906096709507875520e-02
5.963359993984943867e+04	5.516094630994681364e-02	8.930855672097090525e-02
5.992305536803224095e+04	5.542869210353074116e-02	8.955701062204254881e-02
6.021354502001906803e+04	5.569739455244662046e-02	8.980633141312087397e-02
6.050507254890842160e+04	5.596705703580499847e-02	9.005652172060212013e-02
6.079764161983333179e+04	5.623768294384835081e-02	9.030758418246805086e-02
6.109125591000554414e+04	5.650927567799194501e-02	9.055952144829938766e-02
6.138591910876124894e+04	5.678183865086614684e-02	9.081233617929479474e-02
6.168163491760802572e+04	5.705537528635983013e-02	9.106603104828141226e-02
6.197840705026886280e+04	5.732988901966108025e-02	9.132060873973743553e-02
6.227623923273046967e+04	5.760538329730192919e-02	9.157607194980431353e-02
6.257513520328666345e+04	5.788186157719846930e-02	9.183242338630519253e-02
6.287509871258644125e+04	5.815932732869528998e-02	9.208966576876664867e-02
6.317613352367973857e+04	5.843778403260781878e-02	9.234780182842819429e-02
6.347824341206398094e+04	5.871723518126542585e-02	9.260683430826820162e-02
6.378143216573038080e+04	5.899768427855418829e-02	9.286676596301689235e-02
6.408570358521055459e+04	5.927913483996003624e-02	9.312759955917986054e-02
6.439106148362394742e+04	5.956159039261263444e-02	9.338933787505397655e-02
6.469750968672397721e+04	5.984505447532803557e-02	9.365198370074674650e-02
6.500505203294548846e+04	6.012953063865257575e-02	9.391553983820064011e-02
6.531369237345266447e+04	6.041502244490726259e-02	9.418000910120684355e-02
6.562343457218474941e+04	6.070153346822995677e-02	9.444539431543091945e-02
6.593428250590505195e+04	6.098906729462077320e-02	9.471169831843276321e-02
6.624624006424703111e+04	6.127762752198468582e-02	9.497892395968579593e-02
6.655931114976370009e+04	6.156721776017726883e-02	9.524707410059900237e-02
6.687349967797404679e+04	6.185784163104757899e-02	9.551615161453994030e-02
6.718880957741133170e+04	6.214950276848284910e-02	9.578615938685666742e-02
6.750524478967180767e+04	6.244220481845356302e-02	9.605710031490097278e-02
6.782280926946231921e+04	6.273595143905744131e-02	9.632897730804820813e-02
6.814150698464924062e+04	6.303074630056484939e-02	9.660179328772405816e-02
6.846134191630636633e+04	6.332659308546285948e-02	9.687555118742441351e-02
6.878231805876306316e+04	6.362349548850003422e-02	9.715025395274268227e-02
6.910443941965521662e+04	6.392145721673339609e-02	9.742590454139095357e-02
6.942771001997251005e+04	6.422048198957219789e-02	9.770250592322443639e-02
6.975213389410606760e+04	6.452057353882204027e-02	9.798006108026845185e-02
7.007771508990136499e+04	6.482173560873374929e-02	9.825857300674195605e-02
7.040445766870508669e+04	6.512397195604675837e-02	9.853804470908120172e-02
7.073236570541406400e+04	6.542728635003433602e-02	9.881847920596796564e-02
7.106144328852723993e+04	6.573168257255171398e-02	9.909987952835254410e-02
7.139169452019274468e+04	6.603716441807959414e-02	9.938224871948277139e-02
7.172312351626068994e+04	6.634373569377298441e-02	9.966558983492866675e-02
7.205573440633056452e+04	6.665140021950502480e-02	9.994990594260880212e-02
7.238953133380276267e+04	6.696016182791469928e-02	1.002352001228186268e-01
7.272451845592909376e+04	6.727002436445349287e-02	1.005214754682546979e-01
7.306069994386238977e+04	6.758099168743136875e-02	1.008087350840457114e-01
7.339807998270896496e+04	6.789306766806517401e-02	1.010969820877792996e-01
7.373666277157749573e+04	6.820625619052396449e-02	1.013862196095293572e-01
7.407645252362957399e+04	6.852056115197567576e-02	1.016764507918831162e-01
7.441745346613413130e+04	6.883598646263756893e-02	1.019676787899724268e-01
7.475966984051400505e+04	6.915253604581918234e-02	1.022599067715012910e-01
7.510310590240152669e+04	6.947021383797384597e-02	1.025531379167754775e-01
7.544776592168817297e+04	6.978902378874457524e-02	1.028473754187314571e-01
7.579365418257651618e+04	7.010896986101212980e-02	1.031426224829655042e-01
7.614077498363124323e+04	7.043005603094214251e-02	1.034388823277655745e-01
7.648913263783285220e+04	7.075228628803495456e-02	1.037361581841385327e-01
7.683873147262880229e+04	7.107566463517271671e-02	1.040344532958448059e-01
7.718957582998510043e+04	7.140019508866730924e-02	1.043337709194239321e-01
7.754167006644139474e+04	7.172588167831107919e-02	1.046341143242306287e-01
7.789501855316154251e+04	7.205272844742389993e-02	1.049354867924633533e-01
7.824962567598634632e+04	7.238073945290164624e-02	1.052378916191949454e-01
7.860549583548698865e+04	7.270991876526587683e-02	1.055413321124075571e-01
7.896263344701900496e+04	7.304027046871362783e-02	1.058458115930218657e-01
7.932104294077442319e+04	7.337179866116558258e-02	1.061513333949309079e-01
7.968072876183656626e+04	7.370450745431697537e-02	1.064579008650322761e-01
8.004169537023102748e+04	7.403840097368453999e-02	1.067655173632592186e-01
8.040394724098277220e+04	7.437348335865941185e-02	1.070741862626174434e-01
8.076748886416800087e+04	7.470975876255511738e-02	1.073839109492150667e-01
8.113232474496889336e+04	7.504723135265817247e-02	1.076946948222986256e-01
8.149845940372764017e+04	7.538590531027802855e-02	1.080065412942844555e-01
8.186589737600262742e+04	7.572578483079922540e-02	1.083194537907951061e-01
8.223464321261957230e+04	7.606687412372842294e-02	1.086334357506911347e-01
8.260470147972948325e+04	7.640917741274823316e-02	1.089484906261087016e-01
8.297607675886277866e+04	7.675269893576715241e-02	1.092646218824919746e-01
8.334877364698365272e+04	7.709744294496991002e-02	1.095818329986301687e-01
8.372279675654618768e+04	7.744341370686934345e-02	1.099001274666915745e-01
8.409815071554994211e+04	7.779061550235787104e-02	1.102195087922586275e-01
8.447484016759440419e+04	7.813905262675774344e-02	1.105399804943648367e-01
8.485286977193674829e+04	7.848872938987462577e-02	1.108615461055304924e-01
8.523224420354649192e+04	7.883965011604807116e-02	1.111842091718000108e-01
8.561296815316226275e+04	7.919181914420395096e-02	1.115079732527762824e-01
8.599504632734740153e+04	7.954524082790605244e-02	1.118328419216582104e-01
8.637848344854754396e+04	7.989991953540921676e-02	1.121588187652804297e-01
8.676328425514715491e+04	8.025585964971169994e-02	1.124859073841470158e-01
8.714945350152617902e+04	8.061306556860751982e-02	1.128141113924704814e-01
8.753699595811658946e+04	8.097154170473884471e-02	1.131434344182083857e-01
8.792591641146053735e+04	8.133129248564965885e-02	1.134738801031056066e-01
8.831621966426754079e+04	8.169232235383881713e-02	1.138054521027260790e-01
8.870791053547301271e+04	8.205463576681404358e-02	1.141381540864959826e-01
8.910099386029360176e+04	8.241823719714320984e-02	1.144719897377417667e-01
8.949547449028854317e+04	8.278313113251099808e-02	1.148069627537275095e-01
8.989135729341475235e+04	8.314932207576995749e-02	1.151430768456958853e-01
9.028864715408688062e+04	8.351681454499608470e-02	1.154803357389073970e-01
9.068734897323577025e+04	8.388561307354268359e-02	1.158187431726772632e-01
9.108746766836756433e+04	8.425572221009527962e-02	1.161583029004185502e-01
9.148900817362095404e+04	8.462714651872448035e-02	1.164990186896822794e-01
9.189197543982829666e+04	8.499989057894243027e-02	1.168408943221960622e-01
9.229637443457466725e+04	8.537395898575762809e-02	1.171839335939061366e-01
9.270221014225541148e+04	8.574935634972791210e-02	1.175281403150172932e-01
9.310948756413908268e+04	8.612608729701891341e-02	1.178735183100359935e-01
9.351821171842387412e+04	8.650415646945611159e-02	1.182200714178072015e-01
9.392838764030093444e+04	8.688356852458344048e-02	1.185678034915609302e-01
9.434002038201178948e+04	8.726432813571645408e-02	1.189167183989512794e-01
9.475311501291171589e+04	8.764643999200076585e-02	1.192668200220994706e-01
9.516767661952757044e+04	8.802990879846586680e-02	1.196181122576357586e-01
9.558371030562078522e+04	8.841473927608299588e-02	1.199705990167418274e-01
9.600122119224727794e+04	8.880093616182092864e-02	1.203242842251940614e-01
9.642021441781931208e+04	8.918850420870295947e-02	1.206791718234069694e-01
9.684069513816767721e+04	8.957744818586448055e-02	1.210352657664743870e-01
9.726266852660090080e+04	8.996777287860778516e-02	1.213925700242148992e-01
9.768613977397022245e+04	9.035948308846217247e-02	1.217510885812152083e-01
9.811111408872938773e+04	9.075258363323915334e-02	1.221108254368734464e-01
9.853759669699751248e+04	9.114707934709075088e-02	1.224717846054425158e-01
9.896559284262353322e+04	9.154297508056903621e-02	1.228339701160766767e-01
9.939510778724463307e+04	9.194027570068011301e-02	1.231973860128755538e-01
9.982614681035393733e+04	9.233898609094690069e-02	1.235620363549282535e-01
1.002587152093605255e+05	9.273911115146445117e-02	1.239279252163575373e-01
1.006928182996543328e+05	9.314065579896016467e-02	1.242950566863683104e-01
1.011284614146675449e+05	9.354362496685043882e-02	1.246634348692899352e-01
1.015656499059402267e+05	9.394802360530141172e-02	1.250330638846231246e-01
1.020043891431850498e+05	9.435385668128892789e-02	1.254039478670860852e-01
1.024446845143486571e+05	9.476112917865517349e-02	1.257760909666619797e-01
1.028865414256794029e+05	9.516984609817140395e-02	1.261494973486444737e-01
1.033299653017872915e+05	9.558001245759331632e-02	1.265241711936823110e-01
1.037749615857146709e+05	9.599163329172662185e-02	1.269001166978285522e-01
1.042215357389965939e+05	9.640471365248259872e-02	1.272773380725898407e-01
1.046696932417275093e+05	9.681925860894008418e-02	1.276558395449693406e-01
1.051194395926278958e+05	9.723527324740682820e-02	1.280356253575174741e-01
1.055707803091076057e+05	9.765276267147834921e-02	1.284166997683780509e-01
1.060237209273330373e+05	9.807173200209981512e-02	1.287990670513368963e-01
1.064782670022947568e+05	9.849218637762881257e-02	1.291827314958726991e-01
1.069344241078707419e+05	9.891413095389368915e-02	1.295676974072012821e-01
1.073921978368947457e+05	9.933757090425693326e-02	1.299539691063267000e-01
1.078515938012226397e+05	9.976251141967637515e-02	1.303415509300911712e-01
1.083126176317997451e+05	1.001889577087676231e-01	1.307304472312229848e-01
1.087752749787268694e+05	1.006169149978650007e-01	1.311206623783864045e-01
1.092395715113294282e+05	1.010463885310856486e-01	1.315122007562316564e-01
1.097055129182244709e+05	1.014773835703913774e-01	1.319050667654452225e-01
1.101731049073880422e+05	1.019099053956510903e-01	1.322992648227980517e-01
1.106423532062235900e+05	1.023439593047039547e-01	1.326947993611989896e-01
1.111132635616303160e+05	1.027795506134226849e-01	1.330916748297431562e-01
1.115858417400715989e+05	1.032166846557768525e-01	1.334898956937654035e-01
1.120600935276436503e+05	1.036553667838964049e-01	1.338894664348879160e-01
1.125360247301452764e+05	1.040956023681360310e-01	1.342903915510756663e-01
1.130136411731460394e+05	1.045373967971384710e-01	1.346926755566849321e-01
1.134929487020564557e+05	1.049807554778992152e-01	1.350963229825165868e-01
1.139739531821989367e+05	1.054256838358323262e-01	1.355013383758683632e-01
1.144566604988742620e+05	1.058721873148317227e-01	1.359077263005850911e-01
1.149410765574355173e+05	1.063202713773397229e-01	1.363154913371149302e-01
1.154272072833551647e+05	1.067699415044090633e-01	1.367246380825598573e-01
1.159150586222986749e+05	1.072212031957709005e-01	1.371351711507292903e-01
1.164046365401940275e+05	1.076740619698993012e-01	1.375470951721926294e-01
1.168959470233026950e+05	1.081285233640766202e-01	1.379604147943350734e-01
1.173889960782913404e+05	1.085845929344601279e-01	1.383751346814074690e-01
1.178837897323029756e+05	1.090422762561476244e-01	1.387912595145857075e-01
1.183803340330298233e+05	1.095015789232448439e-01	1.392087939920191586e-01
1.188786350487835589e+05	1.099625065489305553e-01	1.396277428288903166e-01
1.193786988685701945e+05	1.104250647655257711e-01	1.400481107574653439e-01
1.198805316021602048e+05	1.108892592245584868e-01	1.404699025271530233e-01
1.203841393801632803e+05	1.113550955968330841e-01	1.408931229045571887e-01
1.208895283541005338e+05	1.118225795724968608e-01	1.413177766735320973e-01
1.213967046964768524e+05	1.122917168611071437e-01	1.417438686352408550e-01
1.219056746008561604e+05	1.127625131917007750e-01	1.421714036082085963e-01
1.224164442819339456e+05	1.132349743128613084e-01	1.426003864283793277e-01
1.229290199756127986e+05	1.137091059927888281e-01	1.430308219491734645e-01
1.234434079390749393e+05	1.141849140193669926e-01	1.434627150415439256e-01
1.239596144508582947e+05	1.146624042002334920e-01	1.438960705940317275e-01
1.244776458109301166e+05	1.151415823628481605e-01	1.443308935128254367e-01
1.249975083407627681e+05	1.156224543545629063e-01	1.447671887218182074e-01
1.255192083834086225e+05	1.161050260426912117e-01	1.452049611626640424e-01
1.260427523035762570e+05	1.165893033145784796e-01	1.456442157948362737e-01
1.265681464877050894e+05	1.170752920776710754e-01	1.460849575956855162e-01
1.270953973440431000e+05	1.175629982595883249e-01	1.465271915605002861e-01
1.276245113027221523e+05	1.180524278081920009e-01	1.469709227025623455e-01
1.281554948158348125e+05	1.185435866916576125e-01	1.474161560532075699e-01
1.286883543575114600e+05	1.190364808985454881e-01	1.478628966618839302e-01
1.292230964239960449e+05	1.195311164378710933e-01	1.483111495962128601e-01
1.297597275337247556e+05	1.200274993391775707e-01	1.487609199420475148e-01
1.302982542274052830e+05	1.205256356526092781e-01	1.492122128035313633e-01
1.308386830680909334e+05	1.210255314489801087e-01	1.496650333031622482e-01
1.313810206412630214e+05	1.215271928198499163e-01	1.501193865818482021e-01
1.319252735549020872e+05	1.220306258775902819e-01	1.505752777989703417e-01
1.324714484395775653e+05	1.225358367554674338e-01	1.510327121324450406e-01
1.330195519485176483e+05	1.230428316077070011e-01	1.514916947787831869e-01
1.335695907576938916e+05	1.235516166095721180e-01	1.519522309531510518e-01
1.341215715658949048e+05	1.240621979574316608e-01	1.524143258894341546e-01
1.346755010948132840e+05	1.245745818688406836e-01	1.528779848402970487e-01
1.352313860891205841e+05	1.250887745826096964e-01	1.533432130772477420e-01
1.357892333165503514e+05	1.256047823588816448e-01	1.538100158906980375e-01
1.363490495679770538e+05	1.261226114792045605e-01	1.542783985900267607e-01
1.369108416574959701e+05	1.266422682466058491e-01	1.547483665036431255e-01
1.374746164225076500e+05	1.271637589856702832e-01	1.552199249790493507e-01
1.380403807237981528e+05	1.276870900426141098e-01	1.556930793829056636e-01
1.386081414456184430e+05	1.282122677853585468e-01	1.561678351010921395e-01
1.391779054957698972e+05	1.287392986036090536e-01	1.566441975387732333e-01
1.397496798056832340e+05	1.292681889089279945e-01	1.571221721204623945e-01
1.403234713305034093e+05	1.297989451348135481e-01	1.576017642900855720e-01
1.408992870491727081e+05	1.303315737367762572e-01	1.580829795110469393e-01
1.414771339645107801e+05	1.308660811924131917e-01	1.585658232662937595e-01
1.420570191033020965e+05	1.314024740014889669e-01	1.590503010583808885e-01
1.426389495163760730e+05	1.319407586860096293e-01	1.595364184095386662e-01
1.432229322786969424e+05	1.324809417903059505e-01	1.600241808617342831e-01
1.438089744894364267e+05	1.330230298811004574e-01	1.605135939767421693e-01
1.443970832720728649e+05	1.335670295475994418e-01	1.610046633362082202e-01
1.449872657744638564e+05	1.341129474015598233e-01	1.614973945417155499e-01
1.455795291689384612e+05	1.346607900773746924e-01	1.619917932148544071e-01
1.461738806523788080e+05	1.352105642321486667e-01	1.624878649972875400e-01
1.467703274463094422e+05	1.357622765457804082e-01	1.629856155508147275e-01
1.473688767969813489e+05	1.363159337210407551e-01	1.634850505574458046e-01
1.479695359754567617e+05	1.368715424836507433e-01	1.639861757194650549e-01
1.485723122776980163e+05	1.374291095823639841e-01	1.644889967594989066e-01
1.491772130246552115e+05	1.379886417890477113e-01	1.649935194205868760e-01
1.497842455623501446e+05	1.385501458987604961e-01	1.654997494662494018e-01
1.503934172619663004e+05	1.391136287298354313e-01	1.660076926805554853e-01
1.510047355199371232e+05	1.396790971239617596e-01	1.665173548681929128e-01
1.516182077580303303e+05	1.402465579462628120e-01	1.670287418545386704e-01
1.522338414234406955e+05	1.408160180853820498e-01	1.675418594857278065e-01
1.528516439888763416e+05	1.413874844535626119e-01	1.680567136287237640e-01
1.534716229526492825e+05	1.419609639867313033e-01	1.685733101713857707e-01
1.540937858387640445e+05	1.425364636445803357e-01	1.690916550225460280e-01
1.547181401970042789e+05	1.431139904106477068e-01	1.696117541120756023e-01
1.553446936030288634e+05	1.436935512924058245e-01	1.701336133909565895e-01
1.559734536584574962e+05	1.442751533213409709e-01	1.706572388313522814e-01
1.566044279909609759e+05	1.448588035530364859e-01	1.711826364266829104e-01
1.572376242543566332e+05	1.454445090672613627e-01	1.717098121916923181e-01
1.578730501286954968e+05	1.460322769680505728e-01	1.722387721625232015e-01
1.585107133203541161e+05	1.466221143837902197e-01	1.727695223967940785e-01
1.591506215621274605e+05	1.472140284673035260e-01	1.733020689736637365e-01
1.597927826133199560e+05	1.478080263959346830e-01	1.738364179939080600e-01
1.604372042598389380e+05	1.484041153716357253e-01	1.743725755799943877e-01
1.610838943142881326e+05	1.490023026210526569e-01	1.749105478761538435e-01
1.617328606160579075e+05	1.496025953956092447e-01	1.754503410484545556e-01
1.623841110314225079e+05	1.502050009715966139e-01	1.759919612848819259e-01
1.630376534536298714e+05	1.508095266502567089e-01	1.765354147954044661e-01
1.636934958029973786e+05	1.514161797578705282e-01	1.770807078120522626e-01
1.643516460270081297e+05	1.520249676458472754e-01	1.776278465889953306e-01
1.650121121004015440e+05	1.526358976908084031e-01	1.781768374026135859e-01
1.656749020252733317e+05	1.532489772946797335e-01	1.787276865515763091e-01
1.663400238311667053e+05	1.538642138847759466e-01	1.792804003569161697e-01
1.670074855751672876e+05	1.544816149138885930e-01	1.798349851621069972e-01
1.676772953420049453e+05	1.551011878603799354e-01	1.803914473331371393e-01
1.683494612441456702e+05	1.557229402282681863e-01	1.809497932585946156e-01
1.690239914218876802e+05	1.563468795473162976e-01	1.815100293497323991e-01
1.697008940434606629e+05	1.569730133731237487e-01	1.820721620405554020e-01
1.703801773051237687e+05	1.576013492872173072e-01	1.826361977878920573e-01
1.710618494312586845e+05	1.582318948971370431e-01	1.832021430714777799e-01
1.717459186744732142e+05	1.588646578365320028e-01	1.837700043940274919e-01
1.724323933156951389e+05	1.594996457652473054e-01	1.843397882813190558e-01
1.731212816642755934e+05	1.601368663694196226e-01	1.849115012822706849e-01
1.738125920580832462e+05	1.607763273615642197e-01	1.854851499690202965e-01
1.745063328636071819e+05	1.614180364806702128e-01	1.860607409370026721e-01
1.752025124760555045e+05	1.620620014922918295e-01	1.866382808050320308e-01
1.759011393194526609e+05	1.627082301886383642e-01	1.872177762153813263e-01
1.766022218467453204e+05	1.633567303886720723e-01	1.877992338338643763e-01
1.773057685398991161e+05	1.640075099381976265e-01	1.883826603499135222e-01
1.780117879100008577e+05	1.646605767099569573e-01	1.889680624766604256e-01
1.787202884973594337e+05	1.653159386037221790e-01	1.895554469510227491e-01
1.794312788716088398e+05	1.659736035463911796e-01	1.901448205337789299e-01
1.801447676318084123e+05	1.666335794920802138e-01	1.907361900096547769e-01
1.808607634065478924e+05	1.672958744222210470e-01	1.913295621874041563e-01
1.815792748540479515e+05	1.679604963456541866e-01	1.919249438998928969e-01
1.823003106622663909e+05	1.686274532987267483e-01	1.925223420041775324e-01
1.830238795489970944e+05	1.692967533453842433e-01	1.931217633815941470e-01
1.837499902619775094e+05	1.699684045772699714e-01	1.937232149378391999e-01
1.844786515789938567e+05	1.706424151138222212e-01	1.943267036030521255e-01
1.852098723079804331e+05	1.713187931023663069e-01	1.949322363319004880e-01
1.859436612871307298e+05	1.719975467182171258e-01	1.955398201036655514e-01
1.866800273850002559e+05	1.726786841647745263e-01	1.961494619223244640e-01
1.874189795006116037e+05	1.733622136736202302e-01	1.967611688166393258e-01
1.881605265635603864e+05	1.740481435046160597e-01	1.973749478402384849e-01
1.889046775341228931e+05	1.747364819460033303e-01	1.979908060717048834e-01
1.896514414033653447e+05	1.754272373145040476e-01	1.986087506146618220e-01
1.904008271932436328e+05	1.761204179554131388e-01	1.992287885978578088e-01
1.911528439567190653e+05	1.768160322427053954e-01	1.998509271752563210e-01
1.919075007778614527e+05	1.775140885791309520e-01	2.004751735261147416e-01
1.926648067719606042e+05	1.782145953963185370e-01	2.011015348550838078e-01
1.934247710856313643e+05	1.789175611548722289e-01	2.017300183922861312e-01
1.941874028969253413e+05	1.796229943444753174e-01	2.023606313934120660e-01
1.949527114154411829e+05	1.803309034839918612e-01	2.029933811397946208e-01
1.957207058824302512e+05	1.810412971215646649e-01	2.036282749385111557e-01
1.964913955709122820e+05	1.817541838347224159e-01	2.042653201224696735e-01
1.972647897857806820e+05	1.824695722304766343e-01	2.049045240504917542e-01
1.980408978639183333e+05	1.831874709454291705e-01	2.055458941074108647e-01
1.988197291743064125e+05	1.839078886458727913e-01	2.061894377041547932e-01
1.996012931181366148e+05	1.846308340278948190e-01	2.068351622778396293e-01
2.003855991289224185e+05	1.853563158174803271e-01	2.074830752918637444e-01
2.011726566726133751e+05	1.860843427706175834e-01	2.081331842359916973e-01
2.019624752477040747e+05	1.868149236733989971e-01	2.087854966264470480e-01
2.027550643853549263e+05	1.875480673421328348e-01	2.094400200060088646e-01
2.035504336494993768e+05	1.882837826234423362e-01	2.100967619440985423e-01
2.043485926369617227e+05	1.890220783943747096e-01	2.107557300368771425e-01
2.051495509775667160e+05	1.897629635625026345e-01	2.114169319073309350e-01
2.059533183342614211e+05	1.905064470660367271e-01	2.120803752053733171e-01
2.067599044032235106e+05	1.912525378739259874e-01	2.127460676079297175e-01
2.075693189139841706e+05	1.920012449859712644e-01	2.134140168190364062e-01
2.083815716295368620e+05	1.927525774329260921e-01	2.140842305699323100e-01
2.091966723464594979e+05	1.935065442766093768e-01	2.147567166191542420e-01
2.100146308950293169e+05	1.942631546100119788e-01	2.154314827526341569e-01
2.108354571393402584e+05	1.950224175574052088e-01	2.161085367837856375e-01
2.116591609774190292e+05	1.957843422744479089e-01	2.167878865536105870e-01
2.124857523413468443e+05	1.965489379482995569e-01	2.174695399307890742e-01
2.133152411973739509e+05	1.973162137977257091e-01	2.181535048117745901e-01
2.141476375460430863e+05	1.980861790732125205e-01	2.188397891208904988e-01
2.149829514223038859e+05	1.988588430570725485e-01	2.195284008104304296e-01
2.158211928956387274e+05	1.996342150635608825e-01	2.202193478607548660e-01
2.166623720701750426e+05	2.004123044389794217e-01	2.209126382803846544e-01
2.175064990848126472e+05	2.011931205617943086e-01	2.216082801061026730e-01
2.183535841133420472e+05	2.019766728427456748e-01	2.223062814030500600e-01
2.192036373645685380e+05	2.027629707249622160e-01	2.230066502648258842e-01
2.200566690824295802e+05	2.035520236840696884e-01	2.237093948135882027e-01
2.209126895461190725e+05	2.043438412283061778e-01	2.244145232001470702e-01
2.217717090702138084e+05	2.051384328986388672e-01	2.251220436040700379e-01
2.226337380047909683e+05	2.059358082688726721e-01	2.258319642337817679e-01
2.234987867355506460e+05	2.067359769457636220e-01	2.265442933266631487e-01
2.243668656839505129e+05	2.075389485691435665e-01	2.272590391491502160e-01
2.252379853073172853e+05	2.083447328120230368e-01	2.279762099968379307e-01
2.261121560989821155e+05	2.091533393807167573e-01	2.286958141945837630e-01
2.269893885883972689e+05	2.099647780149512533e-01	2.294178600966024495e-01
2.278696933412682265e+05	2.107790584879873641e-01	2.301423560865747953e-01
2.287530809596767358e+05	2.115961906067337917e-01	2.308693105777506194e-01
2.296395620822086348e+05	2.124161842118655608e-01	2.315987320130471483e-01
2.305291473840800754e+05	2.132390491779406483e-01	2.323306288651516283e-01
2.314218475772670645e+05	2.140647954135197761e-01	2.330650096366338742e-01
2.323176734106319200e+05	2.148934328612835676e-01	2.338018828600416932e-01
2.332166356700498436e+05	2.157249714981493982e-01	2.345412570980103251e-01
2.341187451785398880e+05	2.165594213353927155e-01	2.352831409433641663e-01
2.350240127963967971e+05	2.173967924187687750e-01	2.360275430192236845e-01
2.359324494213146390e+05	2.182370948286274370e-01	2.367744719791122776e-01
2.368440659885234782e+05	2.190803386800389829e-01	2.375239365070588859e-01
2.377588734709161217e+05	2.199265341229118820e-01	2.382759453177070996e-01
2.386768828791780106e+05	2.207756913421126121e-01	2.390305071564242656e-01
2.395981052619234833e+05	2.216278205575919202e-01	2.397876307994036560e-01
2.405225517058243568e+05	2.224829320245035602e-01	2.405473250537736862e-01
2.414502333357448515e+05	2.233410360333292488e-01	2.413095987577095480e-01
2.423811613148715696e+05	2.242021429099987917e-01	2.420744607805369319e-01
2.433153468448483036e+05	2.250662630160150113e-01	2.428419200228428554e-01
2.442528011659113399e+05	2.259334067485785080e-01	2.436119854165846588e-01
2.451935355570221145e+05	2.268035845407106177e-01	2.443846659251994735e-01
2.461375613360016723e+05	2.276768068613778673e-01	2.451599705437154664e-01
2.470848898596686486e+05	2.285530842156194287e-01	2.459379082988622234e-01
2.480355325239721278e+05	2.294324271446700481e-01	2.467184882491766651e-01
2.489895007641278207e+05	2.303148462260861395e-01	2.475017194851218405e-01
2.499468060547579371e+05	2.312003520738748485e-01	2.482876111291935639e-01
2.509074599100250343e+05	2.320889553386183413e-01	2.490761723360331859e-01
2.518714738837734913e+05	2.329806667076042836e-01	2.498674122925422514e-01
2.528388595696624834e+05	2.338754969049488541e-01	2.506613402179936334e-01
2.538096286013093195e+05	2.347734566917296928e-01	2.514579653641419998e-01
2.547837926524249488e+05	2.356745568661107182e-01	2.522572970153448280e-01
2.557613634369574720e+05	2.365788082634754097e-01	2.530593444886643506e-01
2.567423527092278528e+05	2.374862217565518741e-01	2.538641171340003111e-01
2.577267722640765423e+05	2.383968082555487644e-01	2.546716243341859420e-01
2.587146339369950583e+05	2.393105787082769331e-01	2.554818755051131429e-01
2.597059496042776445e+05	2.402275441002895973e-01	2.562948800958484985e-01
2.607007311831569241e+05	2.411477154550080160e-01	2.571106475887468545e-01
2.616989906319502916e+05	2.420711038338567156e-01	2.579291874995677802e-01
2.627007399502004846e+05	2.429977203363936911e-01	2.587505093775939180e-01
2.637059911788179888e+05	2.439275761004418563e-01	2.595746228057481675e-01
2.647147564002294675e+05	2.448606823022266843e-01	2.604015374007099815e-01
2.657270477385193226e+05	2.457970501565070187e-01	2.612312628130354919e-01
2.667428773595739040e+05	2.467366909167083289e-01	2.620638087272765815e-01
2.677622574712305795e+05	2.476796158750607380e-01	2.628991848620974570e-01
2.687852003234193544e+05	2.486258363627299461e-01	2.637374009703954969e-01
2.698117182083119988e+05	2.495753637499553423e-01	2.645784668394227102e-01
2.708418234604714671e+05	2.505282094461880327e-01	2.654223922909060840e-01
2.718755284569957876e+05	2.514843849002239007e-01	2.662691871811608268e-01
2.729128456176666659e+05	2.524439016003413583e-01	2.671188614012251494e-01
2.739537874050987302e+05	2.534067710744389856e-01	2.679714248769739515e-01
2.749983663248918601e+05	2.543730048901767238e-01	2.688268875692393922e-01
2.760465949257735047e+05	2.553426146551077136e-01	2.696852594739360676e-01
2.770984857997574727e+05	2.563156120168244012e-01	2.705465506221861327e-01
2.781540515822863090e+05	2.572920086630912095e-01	2.714107710804393725e-01
2.792133049523925874e+05	2.582718163219929752e-01	2.722779309506025980e-01
2.802762586328366306e+05	2.592550467620627908e-01	2.731480403701529447e-01
2.813429253902769997e+05	2.602417117924393786e-01	2.740211095122732643e-01
2.824133180354046635e+05	2.612318232629916026e-01	2.748971485859748598e-01
2.834874494231099961e+05	2.622253930644726228e-01	2.757761678362223301e-01
2.845653324526314391e+05	2.632224331286572849e-01	2.766581775440567492e-01
2.856469800677103922e+05	2.642229554284858950e-01	2.775431880267271167e-01
2.867324052567416220e+05	2.652269719782028856e-01	2.784312096378159795e-01
2.878216210529441014e+05	2.662344948335149675e-01	2.793222527673674960e-01
2.889146405344976811e+05	2.672455360917178058e-01	2.802163278420145009e-01
2.900114768247107859e+05	2.682601078918506743e-01	2.811134453251032950e-01
2.911121430921767023e+05	2.692782224148415060e-01	2.820136157168301461e-01
2.922166525509278290e+05	2.702998918836490572e-01	2.829168495543656348e-01
2.933250184605974937e+05	2.713251285634131760e-01	2.838231574119873812e-01
2.944372541265756590e+05	2.723539447615982434e-01	2.847325499012089423e-01
2.955533729001730680e+05	2.733863528281456068e-01	2.856450376709075978e-01
2.966733881787773571e+05	2.744223651556171872e-01	2.865606314074612415e-01
2.977973134060142911e+05	2.754619941793457483e-01	2.874793418348760010e-01
2.989251620719087659e+05	2.765052523775825555e-01	2.884011797149227396e-01
3.000569477130455780e+05	2.775521522716471456e-01	2.893261558472628447e-01
3.011926839127347339e+05	2.786027064260794273e-01	2.902542810695902253e-01
3.023323843011683784e+05	2.796569274487856194e-01	2.911855662577557680e-01
3.034760625555975712e+05	2.807148279912010658e-01	2.921200223259114437e-01
3.046237324004754773e+05	2.817764207484230177e-01	2.930576602266338759e-01
3.057754076076400233e+05	2.828417184593797207e-01	2.939984909510703348e-01
3.069311019964669249e+05	2.839107339069716907e-01	2.949425255290665793e-01
3.080908294340441353e+05	2.849834799182329736e-01	2.958897750293039697e-01
3.092546038353355834e+05	2.860599693644831909e-01	2.968402505594437413e-01
3.104224391633456107e+05	2.871402151614790843e-01	2.977939632662497393e-01
3.115943494292794494e+05	2.882242302695632308e-01	2.987509243357400757e-01
3.127703486927326303e+05	2.893120276938389579e-01	2.997111449933199667e-01
3.139504510618359200e+05	2.904036204843047364e-01	3.006746365039151270e-01
3.151346706934405374e+05	2.914990217360254321e-01	3.016414101721196506e-01
3.163230217932807282e+05	2.925982445892826300e-01	3.026114773423294602e-01
3.175155186161451275e+05	2.937013022297329523e-01	3.035848493988825836e-01
3.187121754660474253e+05	2.948082078885663204e-01	3.045615377662054257e-01
3.199130066963967402e+05	2.959189748426633293e-01	3.055415539089456067e-01
3.211180267101718928e+05	2.970336164147562297e-01	3.065249093321228968e-01
3.223272499601018499e+05	2.981521459735965163e-01	3.075116155812614993e-01
3.235406909488188685e+05	2.992745769340958706e-01	3.085016842425391537e-01
3.247583642290529679e+05	3.004009227575061836e-01	3.094951269429280227e-01
3.259802844037932809e+05	3.015311969515691581e-01	3.104919553503386331e-01
3.272064661264730385e+05	3.026654130706874501e-01	3.114921811737637047e-01
3.284369241011355189e+05	3.038035847160772129e-01	3.124958161634258103e-01
3.296716730826153653e+05	3.049457255359371843e-01	3.135028721109162086e-01
3.309107278767172829e+05	3.060918492256132217e-01	3.145133608493469457e-01
3.321541033403971232e+05	3.072419695277655016e-01	3.155272942534932401e-01
3.334018143819256220e+05	3.083961002325208423e-01	3.165446842399401439e-01
3.346538759610825218e+05	3.095542551776516715e-01	3.175655427672358089e-01
3.359103030893289833e+05	3.107164482487355106e-01	3.185898818360282658e-01
3.371711108299852349e+05	3.118826933793196199e-01	3.196177134892232430e-01
3.384363142984213773e+05	3.130530045510972470e-01	3.206490498121293276e-01
3.397059286622246145e+05	3.142273957940622808e-01	3.216839029326107324e-01
3.409799691413961118e+05	3.154058811866916612e-01	3.227222850212290162e-01
3.422584510085253278e+05	3.165884748561060835e-01	3.237642082914030106e-01
3.435413895889700507e+05	3.177751909782371986e-01	3.248096849995530944e-01
3.448288002610481926e+05	3.189660437780044155e-01	3.258587274452586224e-01
3.461206984562238795e+05	3.201610475294876523e-01	3.269113479714023107e-01
3.474170996592781157e+05	3.213602165560843216e-01	3.279675589643316624e-01
3.487180194085155381e+05	3.225635652307016210e-01	3.290273728540054621e-01
3.500234732959297835e+05	3.237711079759087451e-01	3.300908021141509274e-01
3.513334769674062845e+05	3.249828592641247904e-01	3.311578592624157547e-01
3.526480461229031789e+05	3.261988336177858439e-01	3.322285568605258810e-01
3.539671965166431619e+05	3.274190456095229518e-01	3.333029075144384179e-01
3.552909439573004493e+05	3.286435098623344264e-01	3.343809238744961942e-01
3.566193043081890210e+05	3.298722410497603730e-01	3.354626186355911255e-01
3.579522934874555212e+05	3.311052538960610470e-01	3.365480045373127616e-01
3.592899274682740797e+05	3.323425631763969879e-01	3.376370943641116562e-01
3.606322222790293745e+05	3.335841837169986057e-01	3.387299009454532994e-01
3.619791940035165171e+05	3.348301303953504782e-01	3.398264371559861496e-01
3.633308587811298785e+05	3.360804181403668212e-01	3.409267159156861848e-01
3.646872328070640215e+05	3.373350619325766742e-01	3.420307501900242686e-01
3.660483323324945522e+05	3.385940768042915994e-01	3.431385529901376796e-01
3.674141736647856305e+05	3.398574778397972507e-01	3.442501373729681124e-01
3.687847731676863041e+05	3.411252801755355613e-01	3.453655164414435319e-01
3.701601472615143866e+05	3.423974990002742191e-01	3.464847033446317726e-01
3.715403124233700801e+05	3.436741495553045644e-01	3.476077112779045186e-01
3.729252851873207837e+05	3.449552471346125637e-01	3.487345534830993410e-01
3.743150821446101763e+05	3.462408070850722108e-01	3.498652432486820119e-01
3.757097199438464013e+05	3.475308448066193878e-01	3.509997939099203657e-01
3.771092152912153397e+05	3.488253757524493737e-01	3.521382188490354004e-01
3.785135849506667582e+05	3.501244154291889843e-01	3.532805314953817444e-01
3.799228457441290957e+05	3.514279793970950805e-01	3.544267453256034206e-01
3.813370145517053897e+05	3.527360832702360893e-01	3.555768738638025450e-01
3.827561083118732786e+05	3.540487427166767453e-01	3.567309306817090797e-01
3.841801440216904739e+05	3.553659734586683272e-01	3.578889293988501419e-01
3.856091387370075099e+05	3.566877912728451672e-01	3.590508836827193129e-01
3.870431095726650092e+05	3.580142119904078379e-01	3.602168072489386197e-01
3.884820737026925781e+05	3.593452514973059508e-01	3.613867138614350050e-01
3.899260483605337213e+05	3.606809257344475439e-01	3.625606173326115789e-01
3.913750508392325137e+05	3.620212506978705003e-01	3.637385315235102112e-01
3.928290984916593879e+05	3.633662424389524359e-01	3.649204703440004915e-01
3.942882087307059555e+05	3.647159170645901671e-01	3.661064477529289984e-01
3.957523990295019466e+05	3.660702907374008830e-01	3.672964777583165308e-01
3.972216869216246996e+05	3.674293796759156572e-01	3.684905744175101527e-01
3.986960900013101636e+05	3.687932001547744587e-01	3.696887518373714321e-01
4.001756259236630867e+05	3.701617685049211071e-01	3.708910241744471925e-01
4.016603124048652826e+05	3.715351011137953408e-01	3.720974056351469272e-01
4.031501672223952482e+05	3.729132144255365988e-01	3.733079104759075006e-01
4.046452082152427174e+05	3.742961249411816960e-01	3.745225530033900463e-01
4.061454532841168693e+05	3.756838492188581125e-01	3.757413475746377296e-01
4.076509203916677507e+05	3.770764038739883861e-01	3.769643085972713137e-01
4.091616275626978604e+05	3.784738055794861777e-01	3.781914505296533613e-01
4.106775928843822912e+05	3.798760710659593864e-01	3.794227878810716437e-01
4.121988345064836903e+05	3.812832171219095456e-01	3.806583352119237706e-01
4.137253706415698398e+05	3.826952605939327179e-01	3.818981071338982680e-01
4.152572195652400260e+05	3.841122183869291051e-01	3.831421183101448857e-01
4.167943996163386037e+05	3.855341074643003352e-01	3.843903834554671661e-01
4.183369291971708881e+05	3.869609448481494129e-01	3.856429173365003571e-01
4.198848267737404094e+05	3.883927476195003226e-01	3.868997347718998725e-01
4.214381108759570634e+05	3.898295329184898739e-01	3.881608506325182062e-01
4.229968000978609198e+05	3.912713179445754808e-01	3.894262798415893401e-01
4.245609130978535977e+05	3.927181199567486569e-01	3.906960373749203130e-01
4.261304685989195714e+05	3.941699562737405182e-01	3.919701382610734086e-01
4.277054853888465441e+05	3.956268442742243430e-01	3.932485975815540602e-01
4.292859823204560089e+05	3.970888013970300112e-01	3.945314304709929276e-01
4.308719783118366613e+05	3.985558451413592773e-01	3.958186521173420180e-01
4.324634923465605825e+05	4.000279930669859429e-01	3.971102777620560409e-01
4.340605434739177581e+05	4.015052627944728503e-01	3.984063227002859753e-01
4.356631508091436117e+05	4.029876720053823247e-01	3.997068022810654209e-01
4.372713335336523596e+05	4.044752384424916691e-01	4.010117319075046094e-01
4.388851108952636132e+05	4.059679799100033293e-01	4.023211270369762560e-01
4.405045022084391676e+05	4.074659142737635520e-01	4.036350031813210060e-01
4.421295268545075669e+05	4.089690594614703301e-01	4.049533759070176320e-01
4.437602042819074122e+05	4.104774334628982224e-01	4.062762608353929217e-01
4.453965540064157103e+05	4.119910543301099071e-01	4.076036736428172991e-01
4.470385956113797147e+05	4.135099401776700101e-01	4.089356300608844030e-01
4.486863487479669857e+05	4.150341091828773643e-01	4.102721458766235840e-01
4.503398331353846588e+05	4.165635795859669588e-01	4.116132369326862550e-01
4.519990685611236258e+05	4.180983696903361468e-01	4.129589191275408466e-01
4.536640748812048114e+05	4.196384978627725748e-01	4.143092084156762001e-01
4.553348720204054844e+05	4.211839825336634591e-01	4.156641208077977434e-01
4.570114799725072808e+05	4.227348421972246806e-01	4.170236723710284421e-01
4.586939188005337492e+05	4.242910954117211642e-01	4.183878792291018112e-01
4.603822086369998869e+05	4.258527607996969166e-01	4.197567575625696934e-01
4.620763696841417113e+05	4.274198570481879123e-01	4.211303236089958268e-01
4.637764222141674254e+05	4.289924029089544066e-01	4.225085936631653438e-01
4.654823865695043351e+05	4.305704171987091988e-01	4.238915840772818910e-01
4.671942831630366272e+05	4.321539187993375108e-01	4.252793112611737980e-01
4.689121324783567688e+05	4.337429266581293019e-01	4.266717916824911971e-01
4.706359550700106192e+05	4.353374597880070307e-01	4.280690418669251263e-01
4.723657715637469664e+05	4.369375372677551383e-01	4.294710783983982094e-01
4.741016026567580411e+05	4.385431782422433145e-01	4.308779179192749886e-01
4.758434691179472720e+05	4.401544019226741322e-01	4.322895771305766410e-01
4.775913917881589732e+05	4.417712275867951011e-01	4.337060727921743242e-01
4.793453915804409189e+05	4.433936745791420275e-01	4.351274217230122199e-01
4.811054894802929484e+05	4.450217623112688314e-01	4.365536408013052094e-01
4.828717065459232545e+05	4.466555102619841344e-01	4.379847469647529246e-01
4.846440639085011790e+05	4.482949379775859611e-01	4.394207572107541315e-01
4.864225827724085539e+05	4.499400650720935535e-01	4.408616885966082921e-01
4.882072844154976774e+05	4.515909112274862358e-01	4.423075582397428818e-01
4.899981901893488830e+05	4.532474961939416125e-01	4.437583833179061243e-01
4.917953215195322991e+05	4.549098397900778745e-01	4.452141810693953095e-01
4.935986999058540096e+05	4.565779619031811731e-01	4.466749687932729529e-01
4.954083469226271845e+05	4.582518824894567522e-01	4.481407638495705781e-01
4.972242842189266812e+05	4.599316215742641489e-01	4.496115836595112047e-01
4.990465335188510362e+05	4.616171992523596668e-01	4.510874457057240661e-01
5.008751166217848076e+05	4.633086356881393475e-01	4.525683675324673749e-01
5.027100554026606260e+05	4.650059511158807224e-01	4.540543667458375454e-01
5.045513718122264836e+05	4.667091658399905030e-01	4.555454610139947347e-01
5.063990878773070872e+05	4.684183002352464986e-01	4.570416680673788923e-01
5.082532257010706817e+05	4.701333747470438085e-01	4.585430056989330816e-01
5.101138074632969219e+05	4.718544098916432894e-01	4.600494917643254134e-01
5.119808554206410772e+05	4.735814262564151944e-01	4.615611441821670935e-01
5.138543919069084805e+05	4.753144445000939688e-01	4.630779809342406850e-01
5.157344393333169282e+05	4.770534853530198904e-01	4.646000200657184331e-01
5.176210201887740986e+05	4.787985696173969186e-01	4.661272796853898615e-01
5.195141570401433273e+05	4.805497181675373874e-01	4.676597779658857590e-01
5.214138725325181149e+05	4.823069519501164137e-01	4.691975331439107721e-01
5.233201893894952955e+05	4.840702919844248053e-01	4.707405635204550132e-01
5.252331304134503007e+05	4.858397593626234134e-01	4.722888874610388643e-01
5.271527184858162655e+05	4.876153752500011485e-01	4.738425233959351890e-01
5.290789765673547518e+05	4.893971608852257238e-01	4.754014898203907102e-01
5.310119276984246681e+05	4.911851375805922904e-01	4.769658052948647087e-01
5.329515949992778478e+05	4.929793267222967179e-01	4.785354884452615032e-01
5.348980016703262227e+05	4.947797497706829528e-01	4.801105579631624320e-01
5.368511709924385650e+05	4.965864282605173541e-01	4.816910326060462877e-01
5.388111263271917123e+05	4.983993838012209521e-01	4.832769311975422255e-01
5.407778911171795335e+05	5.002186380771557195e-01	4.848682726276477006e-01
5.427514888862801017e+05	5.020442128478712629e-01	4.864650758529670549e-01
5.447319432399561629e+05	5.038761299483826006e-01	4.880673598969546001e-01
5.467192778655210277e+05	5.057144112894167431e-01	4.896751438501474318e-01
5.487135165324398549e+05	5.075590788576909151e-01	4.912884468704011298e-01
5.507146830926005496e+05	5.094101547161632437e-01	4.929072881831330077e-01
5.527228014806301799e+05	5.112676610043253023e-01	4.945316870815538168e-01
5.547378957141534192e+05	5.131316199384415855e-01	4.961616629269149925e-01
5.567599898940959247e+05	5.150020538118298408e-01	4.977972351487461311e-01
5.587891082049756078e+05	5.168789849951301862e-01	4.994384232450995720e-01
5.608252749151996104e+05	5.187624359365804461e-01	5.010852467827945356e-01
5.628685143773407908e+05	5.206524291622716127e-01	5.027377253976537119e-01
5.649188510284575168e+05	5.225489872764433885e-01	5.043958787947565581e-01
5.669763093903639819e+05	5.244521329617347627e-01	5.060597267486744988e-01
5.690409140699419659e+05	5.263618889794716704e-01	5.077292891037334943e-01
5.711126897594338516e+05	5.282782781699392194e-01	5.094045857742418582e-01
5.731916612367372727e+05	5.302013234526528063e-01	5.110856367447499382e-01
5.752778533657108201e+05	5.321310478266417787e-01	5.127724620702993619e-01
5.773712910964700859e+05	5.340674743707231054e-01	5.144650818766721700e-01
5.794719994656967465e+05	5.360106262437872582e-01	5.161635163606326238e-01
5.815800035969321616e+05	5.379605266850697731e-01	5.178677857901961001e-01
5.836953287008685293e+05	5.399171990144205902e-01	5.195779105048606850e-01
5.858180000757020898e+05	5.418806666326305699e-01	5.212939109158739592e-01
5.879480431073744548e+05	5.438509530216550925e-01	5.230158075064923473e-01
5.900854832699348917e+05	5.458280817449489009e-01	5.247436208322279194e-01
5.922303461258115713e+05	5.478120764477170113e-01	5.264773715210978589e-01
5.943826573261410231e+05	5.498029608572200244e-01	5.282170802738932469e-01
5.965424426110653440e+05	5.518007587830476846e-01	5.299627678644396322e-01
5.987097278100538533e+05	5.538054941174178625e-01	5.317144551398400587e-01
6.008845388422097312e+05	5.558171908354596624e-01	5.334721630207490684e-01
6.030669017165771220e+05	5.578358729954968620e-01	5.352359125016331598e-01
6.052568425324792042e+05	5.598615647393621053e-01	5.370057246510192561e-01
6.074543874798048055e+05	5.618942902926601368e-01	5.387816206117699291e-01
6.096595628393461229e+05	5.639340739650817724e-01	5.405636216013460782e-01
6.118723949831043137e+05	5.659809401506857851e-01	5.423517489120722734e-01
6.140929103746125475e+05	5.680349133281979990e-01	5.441460239113915520e-01
6.163211355692640645e+05	5.700960180613147132e-01	5.459464680421449723e-01
6.185570972146235872e+05	5.721642789989903610e-01	5.477531028228248555e-01
6.208008220507411752e+05	5.742397208757286098e-01	5.495659498478612237e-01
6.230523369105053134e+05	5.763223685119082118e-01	5.513850307878783719e-01
6.253116687199280132e+05	5.784122468140470152e-01	5.532103673899672058e-01
6.275788444985124515e+05	5.805093807751422474e-01	5.550419814779571359e-01
6.298538913595516933e+05	5.826137954749467385e-01	5.568798949526890807e-01
6.321368365104547702e+05	5.847255160802697915e-01	5.587241297922931338e-01
6.344277072531019803e+05	5.868445678453073633e-01	5.605747080524473569e-01
6.367265309841432609e+05	5.889709761119165110e-01	5.624316518666744313e-01
6.390333351953612873e+05	5.911047663099521232e-01	5.642949834466041148e-01
6.413481474739715923e+05	5.932459639575442534e-01	5.661647250822479105e-01
6.436709955029825214e+05	5.953945946614316309e-01	5.680408991422873921e-01
6.460019070615249220e+05	5.975506841172653072e-01	5.699235280743442100e-01
6.483409100251789205e+05	5.997142581099125236e-01	5.718126344052671950e-01
6.506880323663173476e+05	6.018853425137731250e-01	5.737082407414123564e-01
6.530433021544448566e+05	6.040639632930939751e-01	5.756103697689155529e-01
6.554067475565398345e+05	6.062501465022850367e-01	5.775190442539911428e-01
6.577783968373888638e+05	6.084439182862283468e-01	5.794342870432057646e-01
6.601582783599401591e+05	6.106453048806057549e-01	5.813561210637646637e-01
6.625464205856299959e+05	6.128543326122000146e-01	5.832845693238000173e-01
6.649428520747369621e+05	6.150710278992230773e-01	5.852196549126543745e-01
6.673476014867392369e+05	6.172954172516462723e-01	5.871614010011751983e-01
6.697606975806438131e+05	6.195275272715051740e-01	5.891098308419999707e-01
6.721821692153422628e+05	6.217673846532277837e-01	5.910649677698449622e-01
6.746120453499552095e+05	6.240150161839546072e-01	5.930268352018002176e-01
6.770503550441918196e+05	6.262704487438699452e-01	5.949954566376159937e-01
6.794971274587049847e+05	6.285337093065309633e-01	5.969708556600098470e-01
6.819523918554221746e+05	6.308048249391735585e-01	5.989530559349420802e-01
6.844161775979204103e+05	6.330838228030591930e-01	6.009420812119283806e-01
6.868885141517849406e+05	6.353707301538075169e-01	6.029379553243158218e-01
6.893694310849484755e+05	6.376655743417083411e-01	6.049407021896108239e-01
6.918589580680573126e+05	6.399683828120621421e-01	6.069503458097453841e-01
6.943571248748404905e+05	6.422791831055204570e-01	6.089669102714025950e-01
6.968639613824622938e+05	6.445980028584124000e-01	6.109904197462998621e-01
6.993794975718725473e+05	6.469248698030682920e-01	6.130208984915022086e-01
7.019037635281987023e+05	6.492598117681831482e-01	6.150583708497157076e-01
7.044367894410863519e+05	6.516028566791302046e-01	6.171028612495975674e-01
7.069786056050634943e+05	6.539540325582996472e-01	6.191543942060648842e-01
7.095292424199252855e+05	6.563133675254531063e-01	6.212129943205906280e-01
7.120887303910958581e+05	6.586808897980587219e-01	6.232786862815193896e-01
7.146571001300003845e+05	6.610566276916363115e-01	6.253514948643686955e-01
7.172343823544136249e+05	6.634406096200775593e-01	6.274314449321480858e-01
7.198206078888722695e+05	6.658328640960298195e-01	6.295185614356602066e-01
7.224158076650174335e+05	6.682334197312114199e-01	6.316128694138218869e-01
7.250200127219688147e+05	6.706423052367583848e-01	6.337143939939651194e-01
7.276332542067331960e+05	6.730595494236017995e-01	6.358231603921592479e-01
7.302555633745492669e+05	6.754851812027873326e-01	6.379391939135298228e-01
7.328869715892743552e+05	6.779192295858327277e-01	6.400625199525618036e-01
7.355275103237725561e+05	6.803617236850868499e-01	6.421931639934289615e-01
7.381772111602969235e+05	6.828126927140830693e-01	6.443311516103107373e-01
7.408361057908567600e+05	6.852721659878792115e-01	6.464765084676969975e-01
7.435042260176232085e+05	6.877401729234323691e-01	6.486292603207335361e-01
7.461816037533025956e+05	6.902167430399446246e-01	6.507894330155264973e-01
7.488682710215189727e+05	6.927019059592172123e-01	6.529570524894687811e-01
7.515642599572242470e+05	6.951956914060285486e-01	6.551321447715651169e-01
