0.000000000000000000e+00	0.000000000000000000e+00	0.000000000000000000e+00
5.103230662506191351e+01	4.718127547498886335e-05	2.547512289302550359e-02
1.020902414600939210e+02	9.440985270986858649e-05	2.544139433020360663e-02
1.531765345531357809e+02	1.416646600811199486e-04	2.540899336029607200e-02
2.042938715135663870e+02	1.889481817977072670e-04	2.537789556519365677e-02
2.554448946442617512e+02	2.362628620095631174e-04	2.534807712542827204e-02
3.066322040440327328e+02	2.836111058273565544e-04	2.531951480450108163e-02
3.578583586811654982e+02	3.309952803155313101e-04	2.529218593364689766e-02
4.091258774388852544e+02	3.784177154593727690e-04	2.526606839702124491e-02
4.604372401335079417e+02	4.258807051068102417e-04	2.524114061729949843e-02
5.117948885060523025e+02	4.733865078856708134e-04	2.521738154167472989e-02
5.632012271880473691e+02	5.209373480970627473e-04	2.519477062824308083e-02
6.146586246422583599e+02	5.685354165855578288e-04	2.517328783276646942e-02
6.661694140790257279e+02	6.161828715868177507e-04	2.515291359580007838e-02
7.177358943488569594e+02	6.638818395532502257e-04	2.513362883017473959e-02
7.693603308120196971e+02	7.116344159583945159e-04	2.511541490882587477e-02
8.210449561856582932e+02	7.594426660805142417e-04	2.509825365295565228e-02
8.727919713691446759e+02	8.073086257660567729e-04	2.508212732052082783e-02
9.246035462482133198e+02	8.552343021734875846e-04	2.506701859503767185e-02
9.764818204784911586e+02	9.032216744980650983e-04	2.505291057469336349e-02
1.028428904248974050e+03	9.512726946780651486e-04	2.503978676175414031e-02
1.080446879026027773e+03	9.993892880829913228e-04	2.502763105226544355e-02
1.132537798278386617e+03	1.047573354184207347e-03	2.501642772603161757e-02
1.184703688183745044e+03	1.095826767208541537e-03	2.500616143687027851e-02
1.236946548317429006e+03	1.144151376775318345e-03	2.499681720313097141e-02
1.289268352323565750e+03	1.192549008517195626e-03	2.498838039847266906e-02
1.341671048569333379e+03	1.241021464685355220e-03	2.498083674289191397e-02
1.394156560782688757e+03	1.289570524739408041e-03	2.497417229399315902e-02
1.446726788674076488e+03	1.338197945922481574e-03	2.496837343849779220e-02
1.499383608542446837e+03	1.386905463821795767e-03	2.496342688398131907e-02
1.552128873866123286e+03	1.435694792915219106e-03	2.495931965083479295e-02
1.604964415878929003e+03	1.484567627104196267e-03	2.495603906444261721e-02
1.657892044131848024e+03	1.533525640233287602e-03	2.495357274757187618e-02
1.710913547040775256e+03	1.582570486596846307e-03	2.495190861296615187e-02
1.764030692420609739e+03	1.631703801433060947e-03	2.495103485613871935e-02
1.817245228006128400e+03	1.680927201405767960e-03	2.495093994835888632e-02
1.870558881959936116e+03	1.730242285074314957e-03	2.495161262982657779e-02
1.923973363367926140e+03	1.779650633351862301e-03	2.495304190303071143e-02
1.977490362722507143e+03	1.829153809952377982e-03	2.495521702628257857e-02
2.031111552393971351e+03	1.878753361826656894e-03	2.495812750742498407e-02
2.084838587090312103e+03	1.928450819587657463e-03	2.496176309770716320e-02
2.138673104305763900e+03	1.978247697925404787e-03	2.496611378582330384e-02
2.192616724758443070e+03	2.028145496011816984e-03	2.497116979210995194e-02
2.246671052817296186e+03	2.078145697895633637e-03	2.497692156289680818e-02
2.300837676918727084e+03	2.128249772887802396e-03	2.498335976500810907e-02
2.355118169973058230e+03	2.178459175937460125e-03	2.499047528040894417e-02
2.409514089761285504e+03	2.228775347998935338e-03	2.499825920099396290e-02
2.464026979322188254e+03	2.279199716389828084e-03	2.500670282351224322e-02
2.518658367330111105e+03	2.329733695140465653e-03	2.501579764462780534e-02
2.573409768463822274e+03	2.380378685335097968e-03	2.502553535610847410e-02
2.628282683766291029e+03	2.431136075444696037e-03	2.503590784014275011e-02
2.683278600996220575e+03	2.482007241652123275e-03	2.504690716477794843e-02
2.738398994970944386e+03	2.532993548169322311e-03	2.505852557947963952e-02
2.793645327901335804e+03	2.584096347547104079e-03	2.507075551080624118e-02
2.849019049718715451e+03	2.635316980977546117e-03	2.508358955819655137e-02
2.904521598394047942e+03	2.686656778589248569e-03	2.509702048986827555e-02
2.960154400249705304e+03	2.738117059735722860e-03	2.511104123882196629e-02
3.015918870263796180e+03	2.789699133276896115e-03	2.512564489895045827e-02
3.071816412367497833e+03	2.841404297854150263e-03	2.514082472124778631e-02
3.127848419735293646e+03	2.893233842158790450e-03	2.515657411011814476e-02
3.184016275068655432e+03	2.945189045194457518e-03	2.517288661977867131e-02
3.240321350872916355e+03	2.997271176533237384e-03	2.518975595075688412e-02
3.296765009727927008e+03	3.049481496566020661e-03	2.520717594647741561e-02
3.353348604552342294e+03	3.101821256746971171e-03	2.522514058993768557e-02
3.410073478861931562e+03	3.154291699832466322e-03	2.524364400046763893e-02
3.466940967021889719e+03	3.206894060114484635e-03	2.526268043057466536e-02
3.523952394493351221e+03	3.259629563648639046e-03	2.528224426286826074e-02
3.581109078074430727e+03	3.312499428477137017e-03	2.530233000706397922e-02
3.638412326135625335e+03	3.365504864846532128e-03	2.532293229706313042e-02
3.695863438849964950e+03	3.418647075420616285e-03	2.534404588810885636e-02
3.753463708417972612e+03	3.471927255488508907e-03	2.536566565401271456e-02
3.811214419287491637e+03	3.525346593168001644e-03	2.538778658445340827e-02
3.869116848368690171e+03	3.578906269604436186e-03	2.541040378234292116e-02
3.927172265244177652e+03	3.632607459165067450e-03	2.543351246126117002e-02
3.985381932374456937e+03	3.686451329629109042e-03	2.545710794295366272e-02
4.043747105298848055e+03	3.740439042373586761e-03	2.548118565489386825e-02
4.102269032831834920e+03	3.794571752554963279e-03	2.550574112790704798e-02
4.160948957255316600e+03	3.848850609286972452e-03	2.553076999385289758e-02
4.219788114506418424e+03	3.903276755814347101e-03	2.555626798336812014e-02
4.278787734361251751e+03	3.957851329682797632e-03	2.558223092366425366e-02
4.337949040614726073e+03	4.012575462905342526e-03	2.560865473638204021e-02
4.397273251256352523e+03	4.067450282124921747e-03	2.563553543549857913e-02
4.456761578642343011e+03	4.122476908773600561e-03	2.566286912528736516e-02
4.516415229663957689e+03	4.177656459228281348e-03	2.569065199832889015e-02
4.576235405912057104e+03	4.232990044962925587e-03	2.571888033357113204e-02
4.636223303838472930e+03	4.288478772697816403e-03	2.574755049443826216e-02
4.696380114913585203e+03	4.344123744545323913e-03	2.577665892698627337e-02
4.756707025780870936e+03	4.399926058152859448e-03	2.580620215810440488e-02
4.817205218407906614e+03	4.455886806842564163e-03	2.583617679376075740e-02
4.877875870234318427e+03	4.512007079748149227e-03	2.586657951729181767e-02
4.938720154316545631e+03	4.568287961948815611e-03	2.589740708773442465e-02
4.999739239469784479e+03	4.624730534600550967e-03	2.592865633819762747e-02
5.060934290406642504e+03	4.681335875064381209e-03	2.596032417427555916e-02
5.122306467873196198e+03	4.738105057032229901e-03	2.599240757249894271e-02
5.183856928782134673e+03	4.795039150650079289e-03	2.602490357882529873e-02
5.245586826343078428e+03	4.852139222638509296e-03	2.605780930716470462e-02
5.307497310190477037e+03	4.909406336411012602e-03	2.609112193794256226e-02
5.369589526508410017e+03	4.966841552189427481e-03	2.612483871669718169e-02
5.431864618153615083e+03	5.024445927117748671e-03	2.615895695271134441e-02
5.494323724775171286e+03	5.082220515372829622e-03	2.619347401767784314e-02
5.556967982932446830e+03	5.140166368273488794e-03	2.622838734439592728e-02
5.619798526210341151e+03	5.198284534387107546e-03	2.626369442550098576e-02
5.682816485332323282e+03	5.256576059634192333e-03	2.629939281222350503e-02
5.746022988271226495e+03	5.315041987390859562e-03	2.633548011317899881e-02
5.809419160357778310e+03	5.373683358589231851e-03	2.637195399318685227e-02
5.873006124387201453e+03	5.432501211816036235e-03	2.640881217211761903e-02
5.936785000723363737e+03	5.491496583408952449e-03	2.644605242376685608e-02
6.000756907401382705e+03	5.550670507551518779e-03	2.648367257475777933e-02
6.064922960227833755e+03	5.610024016365822673e-03	2.652167050346879856e-02
6.129284272879183845e+03	5.669558140003559850e-03	2.656004413898789898e-02
6.193841956998411661e+03	5.729273906735404646e-03	2.659879146009043460e-02
6.258597122289596882e+03	5.789172343038506870e-03	2.663791049424212368e-02
6.323550876610939667e+03	5.849254473682532346e-03	2.667739931662655578e-02
6.388704326065801069e+03	5.909521321813882011e-03	2.671725604919316169e-02
6.454058575092252795e+03	5.969973909038520619e-03	2.675747885973104451e-02
6.519614726550707019e+03	6.030613255503039505e-03	2.679806596096213217e-02
6.585373881810211060e+03	6.091440379974478146e-03	2.683901560965678071e-02
6.651337140832852128e+03	6.152456299918398867e-03	2.688032610577044401e-02
6.717505602256888778e+03	6.213662031575782792e-03	2.692199579159954698e-02
6.783880363478120671e+03	6.275058590038302964e-03	2.696402305095879637e-02
6.850462520729946846e+03	6.336646989322370152e-03	2.700640630837574871e-02
6.917253169161928781e+03	6.398428242441815163e-03	2.704914402830633710e-02
6.984253402916928280e+03	6.460403361479230208e-03	2.709223471436675301e-02
7.051464315206854735e+03	6.522573357656045664e-03	2.713567690858530515e-02
7.118886998387175481e+03	6.584939241401447166e-03	2.717946919066925940e-02
7.186522544029915480e+03	6.647502022419905787e-03	2.722361017729039989e-02
7.254372042995678385e+03	6.710262709757790558e-03	2.726809852138694160e-02
7.322436585504104187e+03	6.773222311868549832e-03	2.731293291148139887e-02
7.390717261203327325e+03	6.836381836676955898e-03	2.735811207101376125e-02
7.459215159238002343e+03	6.899742291642030345e-03	2.740363475769039617e-02
7.527931368316616499e+03	6.963304683819312828e-03	2.744949976284867185e-02
7.596866976777122545e+03	7.027070019921563375e-03	2.749570591083487156e-02
7.666023072651827533e+03	7.091039306378795967e-03	2.754225205839685997e-02
7.735400743731068360e+03	7.155213549397164592e-03	2.758913709409126919e-02
7.805001077625915968e+03	7.219593755016981938e-03	2.763635993770359109e-02
7.874825161829719946e+03	7.284180929169638274e-03	2.768391953968123848e-02
7.944874083778709064e+03	7.348976077733652100e-03	2.773181488058071298e-02
8.015148930911712341e+03	7.413980206589932363e-03	2.778004497052552826e-02
8.085650790728713218e+03	7.479194321675917446e-03	2.782860884867841694e-02
8.156380750848637945e+03	7.544619429039045415e-03	2.787750558272364398e-02
8.227339899066157159e+03	7.610256534889295321e-03	2.792673426836303138e-02
8.298529323407497941e+03	7.676106645650806505e-03	2.797629402882079869e-02
8.369950112185721082e+03	7.742170768013013904e-03	2.802618401436247908e-02
8.441603354054586816e+03	7.808449908980477118e-03	2.807640340182191926e-02
8.513490138062295955e+03	7.874945075922583707e-03	2.812695139414100529e-02
8.585611553703740356e+03	7.941657276621893330e-03	2.817782721991849912e-02
8.657968690972169497e+03	8.008587519321921575e-03	2.822903013296928360e-02
8.730562640410531458e+03	8.075736812774623671e-03	2.828055941189391159e-02
8.803394493161355058e+03	8.143106166286556355e-03	2.833241435965658944e-02
8.876465341016393722e+03	8.210696589764776912e-03	2.838459430317443605e-02
8.949776276465303454e+03	8.278509093761878337e-03	2.843709859291380926e-02
9.023328392743600489e+03	8.346544689520367030e-03	2.848992660249661385e-02
9.097122783880373390e+03	8.414804389016764669e-03	2.854307772831618517e-02
9.171160544744358049e+03	8.483289205004254652e-03	2.859655138915933800e-02
9.245442771090523820e+03	8.552000151055763957e-03	2.865034702583942397e-02
9.319970559605013477e+03	8.620938241605532321e-03	2.870446410083549171e-02
9.394745007950305080e+03	8.690104491990894783e-03	2.875890209794032537e-02
9.469767214808876815e+03	8.759499918492655648e-03	2.881366052191623381e-02
9.545038279927075564e+03	8.829125538375684479e-03	2.886873889815764344e-02
9.620559304157919541e+03	8.898982369928505956e-03	2.892413677236237851e-02
9.696331389503562605e+03	8.969071432502568816e-03	2.897985371020857584e-02
9.772355639157036421e+03	9.039393746550864264e-03	2.903588929703948551e-02
9.848633157543494235e+03	9.109950333666084685e-03	2.909224313755655669e-02
9.925165050360999885e+03	9.180742216618338267e-03	2.914891485551544814e-02
1.000195242462059286e+04	9.251770419392218309e-03	2.920590409343280444e-02
1.007899638868621696e+04	9.323035967223742421e-03	2.926321051229682779e-02
1.015629805231366481e+04	9.394539886636361914e-03	2.932083379128471584e-02
1.023385852668958069e+04	9.466283205477054458e-03	2.937877362748642432e-02
1.031167892446933729e+04	9.538266952951351615e-03	2.943702973563452549e-02
1.038976035981513451e+04	9.610492159658581487e-03	2.949560184783975997e-02
1.046810394843319227e+04	9.682959857626276950e-03	2.955448971333191760e-02
1.054671080761069061e+04	9.755671080344339302e-03	2.961369309820652967e-02
1.062558205625189294e+04	9.828626862798452504e-03	2.967321178517699429e-02
1.070471881491453860e+04	9.901828241503755901e-03	2.973304557333285650e-02
1.078412220584534225e+04	9.975276254537670390e-03	2.979319427790204713e-02
1.086379335301524225e+04	1.004897194157251122e-02	2.985365773001781922e-02
1.094373338215403965e+04	1.012291634390751795e-02	2.991443577649294944e-02
1.102394342078490445e+04	1.019711050450078892e-02	2.997552827959637164e-02
1.110442459825854712e+04	1.027155546800087756e-02	3.003693511683560441e-02
1.118517804578659343e+04	1.034625228077766523e-02	3.009865618074429247e-02
1.126620489647520117e+04	1.042120199095347352e-02	3.016069137867291930e-02
1.134750628535793294e+04	1.049640564843343747e-02	3.022304063258539342e-02
1.142908334942835609e+04	1.057186430493569848e-02	3.028570387885880580e-02
1.151093722767222789e+04	1.064757901402115653e-02	3.034868106808786062e-02
1.159306906109958436e+04	1.072355083112314783e-02	3.041197216489452404e-02
1.167547999277639610e+04	1.079978081357673390e-02	3.047557714773936957e-02
1.175817116785594408e+04	1.087627002064773564e-02	3.053949600873888046e-02
1.184114373360944592e+04	1.095301951356103358e-02	3.060372875348563865e-02
1.192439883945736256e+04	1.103003035552955688e-02	3.066827540087288875e-02
1.200793763699942429e+04	1.110730361178204235e-02	3.073313598292275184e-02
1.209176128004482234e+04	1.118484034959096179e-02	3.079831054461684703e-02
1.217587092464234229e+04	1.126264163830039897e-02	3.086379914373239830e-02
1.226026772910966611e+04	1.134070854935315294e-02	3.092960185068025641e-02
1.234495285406277071e+04	1.141904215631793333e-02	3.099571874834732010e-02
1.242992746244522459e+04	1.149764353491646018e-02	3.106214993194118812e-02
1.251519271955661861e+04	1.157651376304975367e-02	3.112889550883923828e-02
1.260074979308143156e+04	1.165565392082485406e-02	3.119595559844012128e-02
1.268659985311739911e+04	1.173506509058103685e-02	3.126333033201837003e-02
1.277274407220333524e+04	1.181474835691557514e-02	3.133101985258273520e-02
1.285918362534729386e+04	1.189470480670976570e-02	3.139902431473644284e-02
1.294591969005413011e+04	1.197493552915444327e-02	3.146734388454100473e-02
1.303295344635276888e+04	1.205544161577518439e-02	3.153597873938301238e-02
1.312028607682364782e+04	1.213622416045770890e-02	3.160492906784307526e-02
1.320791876662542018e+04	1.221728425947257897e-02	3.167419506956824921e-02
1.329585270352215957e+04	1.229862301150034566e-02	3.174377695514629671e-02
1.338408907790960620e+04	1.238024151765584197e-02	3.181367494598338203e-02
1.347262908284191872e+04	1.246214088151293732e-02	3.188388927418375762e-02
1.356147391405754024e+04	1.254432220912843517e-02	3.195442018243192100e-02
1.365062477000538638e+04	1.262678660906633478e-02	3.202526792387779681e-02
1.374008285187073307e+04	1.270953519242173230e-02	3.209643276202407691e-02
1.382984936360094434e+04	1.279256907284466449e-02	3.216791497061465693e-02
1.391992551193091276e+04	1.287588936656360733e-02	3.223971483352800621e-02
1.401031250640822509e+04	1.295949719240877332e-02	3.231183264466998967e-02
1.410101155941872639e+04	1.304339367183575057e-02	3.238426870787075584e-02
1.419202388621117825e+04	1.312757992894831617e-02	3.245702333678305435e-02
1.428335070492226077e+04	1.321205709052155480e-02	3.253009685478284313e-02
1.437499323660143455e+04	1.329682628602486295e-02	3.260348959487177622e-02
1.446695270523529507e+04	1.338188864764448295e-02	3.267720189958175925e-02
1.455923033777203273e+04	1.346724531030611162e-02	3.275123412088185026e-02
1.465182736414578358e+04	1.355289741169743607e-02	3.282558662008615291e-02
1.474474501730076554e+04	1.363884609229046654e-02	3.290025976776501243e-02
1.483798453321524721e+04	1.372509249536368880e-02	3.297525394365722479e-02
1.493154715092544939e+04	1.381163776702418709e-02	3.305056953658357111e-02
1.502543411254945750e+04	1.389848305622976010e-02	3.312620694436342605e-02
1.511964666331051558e+04	1.398562951481046972e-02	3.320216657373181030e-02
1.521418605156085687e+04	1.407307829749067547e-02	3.327844884025968342e-02
1.530905352880501778e+04	1.416083056191060931e-02	3.335505416827386910e-02
1.540425034972294634e+04	1.424888746864775256e-02	3.343198299078072033e-02
1.549977777219351628e+04	1.433725018123857727e-02	3.350923574938976385e-02
1.559563705731737355e+04	1.442591986619968548e-02	3.358681289424008537e-02
1.569182946943992283e+04	1.451489769304907008e-02	3.366471488392763084e-02
1.578835627617418140e+04	1.460418483432725581e-02	3.374294218543419377e-02
1.588521874842376019e+04	1.469378246561855658e-02	3.382149527405783201e-02
1.598241816040517369e+04	1.478369176557171004e-02	3.390037463334486662e-02
1.607995578967063193e+04	1.487391391592096310e-02	3.397958075502301167e-02
1.617783291713057952e+04	1.496445010150691639e-02	3.405911413893684264e-02
1.627605082707599649e+04	1.505530151029716053e-02	3.413897529298313971e-02
1.637461080720077734e+04	1.514646933340696965e-02	3.421916473304881245e-02
1.647351414862388629e+04	1.523795476511979018e-02	3.429968298294935880e-02
1.657276214591168900e+04	1.532975900290791879e-02	3.438053057436960686e-02
1.667235609709960409e+04	1.542188324745250201e-02	3.446170804680444982e-02
1.677229730371478217e+04	1.551432870266454198e-02	3.454321594750169727e-02
1.687258707079721353e+04	1.560709657570438953e-02	3.462505483140617540e-02
1.697322670692250904e+04	1.570018807700285235e-02	3.470722526110488204e-02
1.707421752422285499e+04	1.579360442028054576e-02	3.478972780677222487e-02
1.717556083840927386e+04	1.588734682256851688e-02	3.487256304611871527e-02
1.727725796879289192e+04	1.598141650422787996e-02	3.495573156433866291e-02
1.737931023830702543e+04	1.607581468897027049e-02	3.503923395406016716e-02
1.748171897352814995e+04	1.617054260387723943e-02	3.512307081529555952e-02
1.758448550469771362e+04	1.626560147942042456e-02	3.520724275539355297e-02
1.768761116574380867e+04	1.636099254948161080e-02	3.529175038899195344e-02
1.779109729430202060e+04	1.645671705137198224e-02	3.537659433797156472e-02
1.789494523173700145e+04	1.655277622585212341e-02	3.546177523141048199e-02
1.799915632316363917e+04	1.664917131715155929e-02	3.554729370554118167e-02
1.810373191746851080e+04	1.674590357298862825e-02	3.563315040370616110e-02
1.820867336733072807e+04	1.684297424458974443e-02	3.571934597631699210e-02
1.831398202924357247e+04	1.694038458670942687e-02	3.580588108081159820e-02
1.841965926353486066e+04	1.703813585764913513e-02	3.589275638161500137e-02
1.852570643438877960e+04	1.713622931927744411e-02	3.597997255009974943e-02
1.863212490986612829e+04	1.723466623704879644e-02	3.606753026454709299e-02
1.873891606192575273e+04	1.733344788002331993e-02	3.615543021010940439e-02
1.884608126644575532e+04	1.743257552088644038e-02	3.624367307877374156e-02
1.895362190324362018e+04	1.753205043596750556e-02	3.633225956932497475e-02
1.906153935609756809e+04	1.763187390525953330e-02	3.642119038731214675e-02
1.916983501276737297e+04	1.773204721243845650e-02	3.651046624501217558e-02
1.927851026501518936e+04	1.783257164488243063e-02	3.660008786139851839e-02
1.938756650862630704e+04	1.793344849369097466e-02	3.669005596210643538e-02
1.949700514342976021e+04	1.803467905370406688e-02	3.678037127940218809e-02
1.960682757331912944e+04	1.813626462352138993e-02	3.687103455215141878e-02
1.971703520627335456e+04	1.823820650552157238e-02	3.696204652578913286e-02
1.982762945437728195e+04	1.834050600588117697e-02	3.705340795228891787e-02
1.993861173384261929e+04	1.844316443459413646e-02	3.714511959013501452e-02
2.004998346502802087e+04	1.854618310549027357e-02	3.723718220429349246e-02
2.016174607246042797e+04	1.864956333625508722e-02	3.732959656618429350e-02
2.027390098485488124e+04	1.875330644844804343e-02	3.742236345365507894e-02
2.038644963513589755e+04	1.885741376752235465e-02	3.751548365095415394e-02
2.049939346045760249e+04	1.896188662284364890e-02	3.760895794870533493e-02
2.061273390222427770e+04	1.906672634770890593e-02	3.770278714388267116e-02
2.072647240611103916e+04	1.917193427936562250e-02	3.779697203978607534e-02
2.084061042208453364e+04	1.927751175903096026e-02	3.789151344601795340e-02
2.095514940442328225e+04	1.938346013191056053e-02	3.798641217845961926e-02
2.107009081173814047e+04	1.948978074721744932e-02	3.808166905924926376e-02
2.118543610699290730e+04	1.959647495819111934e-02	3.817728491675938252e-02
2.130118675752516720e+04	1.970354412211681658e-02	3.827326058557608407e-02
2.141734423506628082e+04	1.981098960034400822e-02	3.836959690647790550e-02
2.153391001576212511e+04	1.991881275830558601e-02	3.846629472641609898e-02
2.165088558019353513e+04	2.002701496553676436e-02	3.856335489849407883e-02
2.176827241339716420e+04	2.013559759569438432e-02	3.866077828194910276e-02
2.188607200488559101e+04	2.024456202657550288e-02	3.875856574213384226e-02
2.200428584866776873e+04	2.035390964013631537e-02	3.885671815049755728e-02
2.212291544327000520e+04	2.046364182251157043e-02	3.895523638456915849e-02
2.224196229175598273e+04	2.057375996403306914e-02	3.905412132794013752e-02
2.236142790174763286e+04	2.068426545924898288e-02	3.915337387024773325e-02
2.248131378544561449e+04	2.079515970694280000e-02	3.925299490715947887e-02
2.260162145964953015e+04	2.090644411015201223e-02	3.935298534035711754e-02
2.272235244577897538e+04	2.101812007618761996e-02	3.945334607752187805e-02
2.284350826989346024e+04	2.113018901665250637e-02	3.955407803232027092e-02
2.296509046271372426e+04	2.124265234746120293e-02	3.965518212438873952e-02
2.308710055964150888e+04	2.135551148885814210e-02	3.975665927932155869e-02
2.320954010078083957e+04	2.146876786543738119e-02	3.985851042865697080e-02
2.333241063095814752e+04	2.158242290616116388e-02	3.996073650986367576e-02
2.345571369974327536e+04	2.169647804437941502e-02	4.006333846632990914e-02
2.357945086146952963e+04	2.181093471784821547e-02	4.016631724735048731e-02
2.370362367525487207e+04	2.192579436874947732e-02	4.026967380811589253e-02
2.382823370502244870e+04	2.204105844370987666e-02	4.037340910970121238e-02
2.395328251952091159e+04	2.215672839381967532e-02	4.047752411905512077e-02
2.407877169234530447e+04	2.227280567465205613e-02	4.058201980899001082e-02
2.420470280195790474e+04	2.238929174628235749e-02	4.068689715817209313e-02
2.433107743170888352e+04	2.250618807330722476e-02	4.079215715111172980e-02
2.445789716985705672e+04	2.262349612486378933e-02	4.089780077815510090e-02
2.458516360959069789e+04	2.274121737464892407e-02	4.100382903547439284e-02
2.471287834904777992e+04	2.285935330093795403e-02	4.111024292506054723e-02
2.484104299133783934e+04	2.297790538660489726e-02	4.121704345471497583e-02
2.496965914456159226e+04	2.309687511914059951e-02	4.132423163804168492e-02
2.509872842183285320e+04	2.321626399067302712e-02	4.143180849444050989e-02
2.522825244129859493e+04	2.333607349798578687e-02	4.153977504910018326e-02
2.535823282616021606e+04	2.345630514253782897e-02	4.164813233299179129e-02
2.548867120469492147e+04	2.357696043048322643e-02	4.175688138286270945e-02
2.561956921027566204e+04	2.369804087268958040e-02	4.186602324123056551e-02
2.575092848139298439e+04	2.381954798475829568e-02	4.197555895637777174e-02
2.588275066167555269e+04	2.394148328704348572e-02	4.208548958234716031e-02
2.601503739991145994e+04	2.406384830467175537e-02	4.219581617893608527e-02
2.614779035006925187e+04	2.418664456756161596e-02	4.230653981169271716e-02
2.628101117131871069e+04	2.430987361044268866e-02	4.241766155191140780e-02
2.641470152805261387e+04	2.443353697287588278e-02	4.252918247662894335e-02
2.654886308990701218e+04	2.455763619927210997e-02	4.264110366862113033e-02
2.668349753178367610e+04	2.468217283891307665e-02	4.275342621639964535e-02
2.681860653387001003e+04	2.480714844596966853e-02	4.286615121420877389e-02
2.695419178166105121e+04	2.493256457952235106e-02	4.297927976202306488e-02
2.709025496598059181e+04	2.505842280358065027e-02	4.309281296554474949e-02
2.722679778300274120e+04	2.518472468710313689e-02	4.320675193620165944e-02
2.736382193427279708e+04	2.531147180401674066e-02	4.332109779114597797e-02
2.750132912672916063e+04	2.543866573323695646e-02	4.343585165325207498e-02
2.763932107272437861e+04	2.556630805868739809e-02	4.355101465111563958e-02
2.777779949004682931e+04	2.569440036931979962e-02	4.366658791905255604e-02
2.791676610194219757e+04	2.582294425913388841e-02	4.378257259709873034e-02
2.805622263713500070e+04	2.595194132719728930e-02	4.389896983100828598e-02
2.819617082985046363e+04	2.608139317766579660e-02	4.401578077225563879e-02
2.833661241983556101e+04	2.621130141980280992e-02	4.413300657803373439e-02
2.847754915238114336e+04	2.634166766799978313e-02	4.425064841125558174e-02
2.861898277834372857e+04	2.647249354179642689e-02	4.436870744055446819e-02
2.876091505416694417e+04	2.660378066590050189e-02	4.448718484028420933e-02
2.890334774190339886e+04	2.673553067020807694e-02	4.460608179052160532e-02
2.904628260923668131e+04	2.686774518982385646e-02	4.472539947706677399e-02
2.918972142950321359e+04	2.700042586508141426e-02	4.484513909144565574e-02
2.933366598171364603e+04	2.713357434156297293e-02	4.496530183091108218e-02
2.947811805057608581e+04	2.726719227012089353e-02	4.508588889844474673e-02
2.962307942651664416e+04	2.740128130689667083e-02	4.520690150276095859e-02
2.976855190570273771e+04	2.753584311334251328e-02	4.532834085830764193e-02
2.991453729006413414e+04	2.767087935624078232e-02	4.545020818526992329e-02
3.006103738731599515e+04	2.780639170772532601e-02	4.557250470957294186e-02
3.020805401098069342e+04	2.794238184530163996e-02	4.569523166288581850e-02
3.035558898040997519e+04	2.807885145186739262e-02	4.581839028262347374e-02
3.050364412080733382e+04	2.821580221573310315e-02	4.594198181195268543e-02
3.065222126325071076e+04	2.835323583064314895e-02	4.606600749979357368e-02
3.080132224471451991e+04	2.849115399579612781e-02	4.619046860082586664e-02
3.095094890809176286e+04	2.862955841586532074e-02	4.631536637549105162e-02
3.110110310221744294e+04	2.876845080102036212e-02	4.644070208999928617e-02
3.125178668188999654e+04	2.890783286694702595e-02	4.656647701633283287e-02
3.140300150789528925e+04	2.904770633486947889e-02	4.669269243225041000e-02
3.155474944702817083e+04	2.918807293157016369e-02	4.681934962129433858e-02
3.170703237211529995e+04	2.932893438941094541e-02	4.694644987279467802e-02
3.185985216203855452e+04	2.947029244635476081e-02	4.707399448187454816e-02
3.201321070175697605e+04	2.961214884598590072e-02	4.720198474945634659e-02
3.216710988233043827e+04	2.975450533753193350e-02	4.733042198226745934e-02
3.232155160094180610e+04	2.989736367588414698e-02	4.745930749284746342e-02
3.247653776092065527e+04	3.004072562161957949e-02	4.758864259955362941e-02
3.263207027176589327e+04	3.018459294102183998e-02	4.771842862656666684e-02
3.278815104916889686e+04	3.032896740610260475e-02	4.784866690389875249e-02
3.294478201503645687e+04	3.047385079462274979e-02	4.797935876740055255e-02
3.310196509751465783e+04	3.061924489011453102e-02	4.811050555876773827e-02
3.325970223101140436e+04	3.076515148190234542e-02	4.824210862554810519e-02
3.341799535622002441e+04	3.091157236512461978e-02	4.837416932114940726e-02
3.357684642014290148e+04	3.105850934075563355e-02	4.850668900484768342e-02
3.373625737611399381e+04	3.120596421562636322e-02	4.863966904179370387e-02
3.389623018382419832e+04	3.135393880244793929e-02	4.877311080302196983e-02
3.405676680934224714e+04	3.150243491983099192e-02	4.890701566545900547e-02
3.421786922514103935e+04	3.165145439230997171e-02	4.904138501193047034e-02
3.437953941011897405e+04	3.180099905036292557e-02	4.917622023117165786e-02
3.454177934962596919e+04	3.195107073043555040e-02	4.931152271783473262e-02
3.470459103548480925e+04	3.210167127496091344e-02	4.944729387249831298e-02
3.486797646601706219e+04	3.225280253238344691e-02	4.958353510167579775e-02
3.503193764606621698e+04	3.240446635718037538e-02	4.972024781782628799e-02
3.519647658702129411e+04	3.255666460988348304e-02	4.985743343936115818e-02
3.536159530684087076e+04	3.270939915710144308e-02	4.999509339065652536e-02
3.552729583007837209e+04	3.286267187154307684e-02	5.013322910206058358e-02
3.569358018790528877e+04	3.301648463203898237e-02	5.027184200990594820e-02
3.586045041813547869e+04	3.317083932356389153e-02	5.041093355651748292e-02
3.602790856524937408e+04	3.332573783725910344e-02	5.055050519022317307e-02
3.619595668041854515e+04	3.348118207045522321e-02	5.069055836536542209e-02
3.636459682153068570e+04	3.363717392669527545e-02	5.083109454231041213e-02
3.653383105321326002e+04	3.379371531575651316e-02	5.097211518745973363e-02
3.670366144685812469e+04	3.395080815367329530e-02	5.111362177325975281e-02
3.687409008064657246e+04	3.410845436276015857e-02	5.125561577821392129e-02
3.704511903957405593e+04	3.426665587163473664e-02	5.139809868689367012e-02
3.721675041547470028e+04	3.442541461524042945e-02	5.154107198994961614e-02
3.738898630704658717e+04	3.458473253486979426e-02	5.168453718412317072e-02
3.756182881987604196e+04	3.474461157818696522e-02	5.182849577225693422e-02
3.773528006646312861e+04	3.490505369925131496e-02	5.197294926330855297e-02
3.790934216624611872e+04	3.506606085854003380e-02	5.211789917236112762e-02
3.808401724562706659e+04	3.522763502297179133e-02	5.226334702063509252e-02
3.825930743799739867e+04	3.538977816593040504e-02	5.240929433550159389e-02
3.843521488376226625e+04	3.555249226728740553e-02	5.255574265049349492e-02
3.861174173036633874e+04	3.571577931342585083e-02	5.270269350531872621e-02
3.878889013231932040e+04	3.587964129726393947e-02	5.285014844587272720e-02
3.896666225122149626e+04	3.604408021827865127e-02	5.299810902425079739e-02
3.914506025578865956e+04	3.620909808252878448e-02	5.314657679876175905e-02
3.932408632187842886e+04	3.637469690267935291e-02	5.329555333393980882e-02
3.950374263251561206e+04	3.654087869802497002e-02	5.344504020055973470e-02
3.968403137791834888e+04	3.670764549451406566e-02	5.359503897564771302e-02
3.986495475552340940e+04	3.687499932477233955e-02	5.374555124249685151e-02
4.004651497001220559e+04	3.704294222812672122e-02	5.389657859067883278e-02
4.022871423333726852e+04	3.721147625062994069e-02	5.404812261606023460e-02
4.041155476474823081e+04	3.738060344508450927e-02	5.420018492081351419e-02
4.059503879081730702e+04	3.755032587106636732e-02	5.435276711343380723e-02
4.077916854546647664e+04	3.772064559494990588e-02	5.450587080875044649e-02
4.096394626999266620e+04	3.789156468993138543e-02	5.465949762794317796e-02
4.114937421309543424e+04	3.806308523605445027e-02	5.481364919855528234e-02
4.133545463090242265e+04	3.823520932023375535e-02	5.496832715450886836e-02
4.152218978699611762e+04	3.840793903627962025e-02	5.512353313611984690e-02
4.170958195244111266e+04	3.858127648492333528e-02	5.527926879011238470e-02
4.189763340580910153e+04	3.875522377384025413e-02	5.543553576963228258e-02
4.208634643320869509e+04	3.892978301767732047e-02	5.559233573426534958e-02
4.227572332830871164e+04	3.910495633807471033e-02	5.574967035004897015e-02
4.246576639236787742e+04	3.928074586369321997e-02	5.590754128949073504e-02
4.265647793426070712e+04	3.945715373023825356e-02	5.606595023158188196e-02
4.284786027050369012e+04	3.963418208048401919e-02	5.622489886181303298e-02
4.303991572528448887e+04	3.981183306430054886e-02	5.638438887219016094e-02
4.323264663048789953e+04	3.999010883867771399e-02	5.654442196125101378e-02
4.342605532572378434e+04	4.016901156775106591e-02	5.670499983408039402e-02
4.362014415835333784e+04	4.034854342282610806e-02	5.686612420232634718e-02
4.381491548351824895e+04	4.052870658240529528e-02	5.702779678421641962e-02
4.401037166416680702e+04	4.070950323221218803e-02	5.719001930457450616e-02
4.420651507108302030e+04	4.089093556521834760e-02	5.735279349483674710e-02
4.440334808291343506e+04	4.107300578166820509e-02	5.751612109306743215e-02
4.460087308619480609e+04	4.125571608910459653e-02	5.768000384397775626e-02
4.479909247538253112e+04	4.143906870239510293e-02	5.784444349894105747e-02
4.499800865287832858e+04	4.162306584375761315e-02	5.800944181600985877e-02
4.519762402905903582e+04	4.180770974278703173e-02	5.817500055993361785e-02
4.539794102230441786e+04	4.199300263648091114e-02	5.834112150217530407e-02
4.559896205902392103e+04	4.217894676926427916e-02	5.850780642092930084e-02
4.580068957368803240e+04	4.236554439301859487e-02	5.867505710113906509e-02
4.600312600885499705e+04	4.255279776710649275e-02	5.884287533451413449e-02
4.620627381519875780e+04	4.274070915839761620e-02	5.901126291954721104e-02
4.641013545153882296e+04	4.292928084129623428e-02	5.918022166153335401e-02
4.661471338486767490e+04	4.311851509776658958e-02	5.934975337258675820e-02
4.682001009038149641e+04	4.330841421736136149e-02	5.951985987166037717e-02
4.702602805150748463e+04	4.349898049724690990e-02	5.969054298456282631e-02
4.723276975993330416e+04	4.369021624223048267e-02	5.986180454397631995e-02
4.744023771563630726e+04	4.388212376478727722e-02	6.003364638947628756e-02
4.764843442691217206e+04	4.407470538508696106e-02	6.020607036754900554e-02
4.785736241040498862e+04	4.426796343102144815e-02	6.037907833161147014e-02
4.806702419113607903e+04	4.446190023823156506e-02	6.055267214202893905e-02
4.827742230253296293e+04	4.465651815013388370e-02	6.072685366613379820e-02
4.848855928646041139e+04	4.485181951794942057e-02	6.090162477824559439e-02
4.870043769324821915e+04	4.504780670072928983e-02	6.107698735968956211e-02
4.891306008172305883e+04	4.524448206538424222e-02	6.125294329881572630e-02
4.912642901923554018e+04	4.544184798670963810e-02	6.142949449101885867e-02
4.934054708169240621e+04	4.563990684741525000e-02	6.160664283875730979e-02
4.955541685358616814e+04	4.583866103815267823e-02	6.178439025157335396e-02
4.977104092802403466e+04	4.603811295754209332e-02	6.196273864611177851e-02
4.998742190675919119e+04	4.623826501220117818e-02	6.214168994614124863e-02
5.020456240022055863e+04	4.643911961677268940e-02	6.232124608257300080e-02
5.042246502754392714e+04	4.664067919395317730e-02	6.250140899348141654e-02
5.064113241660158383e+04	4.684294617452046394e-02	6.268218062412404812e-02
5.086056720403293730e+04	4.704592299736194694e-02	6.286356292696292092e-02
5.108077203527586244e+04	4.724961210950356927e-02	6.304555786168278275e-02
5.130174956459701207e+04	4.745401596613792183e-02	6.322816739521414098e-02
5.152350245512282709e+04	4.765913703065283863e-02	6.341139350175249711e-02
5.174603337886988447e+04	4.786497777465952702e-02	6.359523816277834474e-02
5.196934501677693333e+04	4.807154067802221764e-02	6.377970336708112253e-02
5.219344005873606511e+04	4.827882822888693304e-02	6.396479111077613133e-02
5.241832120362269779e+04	4.848684292370926407e-02	6.415050339732923657e-02
5.264399115932819404e+04	4.869558726728456799e-02	6.433684223757617227e-02
5.287045264279129333e+04	4.890506377277697297e-02	6.452380964974405164e-02
5.309770838002887467e+04	4.911527496174789703e-02	6.471140765947344664e-02
5.332576110616831284e+04	4.932622336418591297e-02	6.489963829983917687e-02
5.355461356547907781e+04	4.953791151853607910e-02	6.508850361137320795e-02
5.378426851140405051e+04	4.975034197172879119e-02	6.527800564208541267e-02
5.401472870659270848e+04	4.996351727921054253e-02	6.546814644748537304e-02
5.424599692293240514e+04	5.017744000497287304e-02	6.565892809060587532e-02
5.447807594158019492e+04	5.039211272158176241e-02	6.585035264202290795e-02
5.471096855299609888e+04	5.060753801020841103e-02	6.604242217988028074e-02
5.494467755697460234e+04	5.082371846065839027e-02	6.623513878991035830e-02
5.517920576267770230e+04	5.104065667140221529e-02	6.642850456545675020e-02
5.541455598866770015e+04	5.125835524960566797e-02	6.662252160749798646e-02
5.565073106293882302e+04	5.147681681115901658e-02	6.681719202466854246e-02
5.588773382295134797e+04	5.169604398070865720e-02	6.701251793328341644e-02
5.612556711566401646e+04	5.191603939168699944e-02	6.720850145735993153e-02
5.636423379756711074e+04	5.213680568634315726e-02	6.740514472864171658e-02
5.660373673471489019e+04	5.235834551577288332e-02	6.760244988662093835e-02
5.684407880275986827e+04	5.258066153995030745e-02	6.780041907856262928e-02
5.708526288698584540e+04	5.280375642775847478e-02	6.799905445952664218e-02
5.732729188234065077e+04	5.302763285701966173e-02	6.819835819239346286e-02
5.757016869347141619e+04	5.325229351452795412e-02	6.839833244788494360e-02
5.781389623475646658e+04	5.347774109607881382e-02	6.859897940459108723e-02
5.805847743033995357e+04	5.370397830650104620e-02	6.880030124899166877e-02
5.830391521416521573e+04	5.393100785968770600e-02	6.900230017548106276e-02
5.855021253001011792e+04	5.415883247862875172e-02	6.920497838639297350e-02
5.879737233151966939e+04	5.438745489544125067e-02	6.940833809202395788e-02
5.904539758224103571e+04	5.461687785140174889e-02	6.961238151065719804e-02
5.929429125565719005e+04	5.484710409697739902e-02	6.981711086858856385e-02
5.954405633522308199e+04	5.507813639185937804e-02	7.002252840014959456e-02
5.979469581439797184e+04	5.530997750499289795e-02	7.022863634773315877e-02
6.004621269668159221e+04	5.554263021461054023e-02	7.043543696181789326e-02
6.029860999564793747e+04	5.577609730826360579e-02	7.064293250099296095e-02
6.055189073498181824e+04	5.601038158285583102e-02	7.085112523198444645e-02
6.080605794851246901e+04	5.624548584467457812e-02	7.106001742967815726e-02
6.106111468024821079e+04	5.648141290942282344e-02	7.126961137714711569e-02
6.131706398441395868e+04	5.671816560225387965e-02	7.147990936567459597e-02
6.157390892548434203e+04	5.695574675780202406e-02	7.169091369478244880e-02
6.183165257822054991e+04	5.719415922021658938e-02	7.190262667225444382e-02
6.209029802770529204e+04	5.743340584319432673e-02	7.211505061416376150e-02
6.234984836937844375e+04	5.767348949001228908e-02	7.232818784489684905e-02
6.261030670907342574e+04	5.791441303356159587e-02	7.254204069718138415e-02
6.287167616305308184e+04	5.815617935638053848e-02	7.275661151211126887e-02
6.313395985804573138e+04	5.839879135068794941e-02	7.297190263917233133e-02
6.339716093128064676e+04	5.864225191841607177e-02	7.318791643627027554e-02
6.366128253052510991e+04	5.888656397124474029e-02	7.340465526975553656e-02
6.392632781412118493e+04	5.913173043063546519e-02	7.362212151445088337e-02
6.419229995102136309e+04	5.937775422786437107e-02	7.384031755367760630e-02
6.445920212082601938e+04	5.962463830405690529e-02	7.405924577928198194e-02
6.472703751381958864e+04	5.987238561022120015e-02	7.427890859166352833e-02
6.499580933100828406e+04	6.012099910728303104e-02	7.449930839980058173e-02
6.526552078415615688e+04	6.037048176611917866e-02	7.472044762127751094e-02
6.553617509582311322e+04	6.062083656759252592e-02	7.494232868231319455e-02
6.580777549940170138e+04	6.087206650258619733e-02	7.516495401778726382e-02
6.608032523915592174e+04	6.112417457203932203e-02	7.538832607126828844e-02
6.635382757025593310e+04	6.137716378697927883e-02	7.561244729504058848e-02
6.662828575881793222e+04	6.163103716855844461e-02	7.583732015013280869e-02
6.690370308194225072e+04	6.188579774808955491e-02	7.606294710634531331e-02
6.718008282774937106e+04	6.214144856707894821e-02	7.628933064227830241e-02
6.745742829541923129e+04	6.239799267726293952e-02	7.651647324536019201e-02
6.773574279522910365e+04	6.265543314064288272e-02	7.674437741187509210e-02
6.801502964859292842e+04	6.291377302952148864e-02	7.697304564699262996e-02
6.829529218809903250e+04	6.317301542653780411e-02	7.720248046479326332e-02
6.857653375754672743e+04	6.343316342470096958e-02	7.743268438830100409e-02
6.885875771198814618e+04	6.369422012742900763e-02	7.766365994950882867e-02
6.914196741776498675e+04	6.395618864858276797e-02	7.789540968940954213e-02
6.942616625254895189e+04	6.421907211250332814e-02	7.812793615802336722e-02
6.971135760537967144e+04	6.448287365404707649e-02	7.836124191442780940e-02
6.999754487670381786e+04	6.474759641862187776e-02	7.859532952678613404e-02
7.028473147841586615e+04	6.501324356222484835e-02	7.883020157237799475e-02
7.057292083389643813e+04	6.527981825147771699e-02	7.906586063762702232e-02
7.086211637805124337e+04	6.554732366366296248e-02	7.930230931813180006e-02
7.115232155735154811e+04	6.581576298676110326e-02	7.953955021869513198e-02
7.144353982987595373e+04	6.608513941948947201e-02	7.977758595335328329e-02
7.173577466534706764e+04	6.635545617133613294e-02	8.001641914540674749e-02
7.202902954517332546e+04	6.662671646259842040e-02	8.025605242744952850e-02
7.232330796248995466e+04	6.689892352442103340e-02	8.049648844140004644e-02
7.261861342219739163e+04	6.717208059883138238e-02	8.073772983853065577e-02
7.291494944100402063e+04	6.744619093877926574e-02	8.097977927949863430e-02
7.321231954746521660e+04	6.772125780817293828e-02	8.122263943437707523e-02
7.351072728202544386e+04	6.799728448191799668e-02	8.146631298268394716e-02
7.381017619705763354e+04	6.827427424595387817e-02	8.171080261341436002e-02
7.411066985690568981e+04	6.855223039729317625e-02	8.195611102507098511e-02
7.441221183792500233e+04	6.883115624405901356e-02	8.220224092569584917e-02
7.471480572852428304e+04	6.911105510552389974e-02	8.244919503289935281e-02
7.501845512920642796e+04	6.939193031214740959e-02	8.269697607389409066e-02
7.532316365261076135e+04	6.967378520561527677e-02	8.294558678552442499e-02
7.562893492355410126e+04	6.995662313887741901e-02	8.319502991429929273e-02
7.593577257907514286e+04	7.024044747618898854e-02	8.344530821642272278e-02
7.624368026847210422e+04	7.052526159314513599e-02	8.369642445782635165e-02
7.655266165334850666e+04	7.081106887672342087e-02	8.394838141420124522e-02
7.686272040765489510e+04	7.109787272532239188e-02	8.420118187103001195e-02
7.717386021772942331e+04	7.138567654879908464e-02	8.445482862361804177e-02
7.748608478234357608e+04	7.167448376851136282e-02	8.470932447712792301e-02
7.779939781274329289e+04	7.196429781735597109e-02	8.496467224660934903e-02
7.811380303268942225e+04	7.225512213980585241e-02	8.522087475703338244e-02
7.842930417850610684e+04	7.254696019195502887e-02	8.547793484332391611e-02
7.874590499912019004e+04	7.283981544155501697e-02	8.573585535039243699e-02
7.906360925610484264e+04	7.313369136805511483e-02	8.599463913316912622e-02
7.938242072372547409e+04	7.342859146264495152e-02	8.625428905663556911e-02
7.970234318897983758e+04	7.372451922829156845e-02	8.651480799586058756e-02
8.002338045164517825e+04	7.402147817978296795e-02	8.677619883602932793e-02
8.034553632431982260e+04	7.431947184376669346e-02	8.703846447248199392e-02
8.066881463246834755e+04	7.461850375879147679e-02	8.730160781074344789e-02
8.099321921446609485e+04	7.491857747534856615e-02	8.756563176655828007e-02
8.131875392164295772e+04	7.521969655591208281e-02	8.783053926592453153e-02
8.164542261832757504e+04	7.552186457498002992e-02	8.809633324512756991e-02
8.197322918189319898e+04	7.582508511911659199e-02	8.836301665077364587e-02
8.230217750280133623e+04	7.612936178699258871e-02	8.863059243982632229e-02
8.263227148464732454e+04	7.643469818942766336e-02	8.889906357964010020e-02
8.296351504420640413e+04	7.674109794943279050e-02	8.916843304799020042e-02
8.329591211147748982e+04	7.704856470225084075e-02	8.943870383311595951e-02
8.362946662972882041e+04	7.735710209539875537e-02	8.970987893374764155e-02
8.396418255554397183e+04	7.766671378871022047e-02	8.998196135914655891e-02
8.430006385886884527e+04	7.797740345437896570e-02	9.025495412913669968e-02
8.463711452305456623e+04	7.828917477699859351e-02	9.052886027414173975e-02
8.497533854490720842e+04	7.860203145360851462e-02	9.080368283522108341e-02
8.531473993473098380e+04	7.891597719373380504e-02	9.107942486410366967e-02
8.565532271637670055e+04	7.923101571943022559e-02	9.135608942322331893e-02
8.599709092728621908e+04	7.954715076532520301e-02	9.163367958575689698e-02
8.634004861854130286e+04	7.986438607866305772e-02	9.191219843565626157e-02
8.668419985491018451e+04	8.018272541934803876e-02	9.219164906768956280e-02
8.702954871489296784e+04	8.050217255998637356e-02	9.247203458747262073e-02
8.737609929077095876e+04	8.082273128593192579e-02	9.275335811150617338e-02
8.772385568865145615e+04	8.114440539532750962e-02	9.303562276721516477e-02
8.807282202851701004e+04	8.146719869915056145e-02	9.331883169298187120e-02
8.842300244427358848e+04	8.179111502125765987e-02	9.360298803818548063e-02
8.877440108379710000e+04	8.211615819842753294e-02	9.388809496323578807e-02
8.912702210898233170e+04	8.244233208040639693e-02	9.417415563961213654e-02
8.948086969578952994e+04	8.276964052995090804e-02	9.446117324990177533e-02
8.983594803429502645e+04	8.309808742287519423e-02	9.474915098783402712e-02
9.019226132873768802e+04	8.342767664809361272e-02	9.503809205831964535e-02
9.054981379756957176e+04	8.375841210766772627e-02	9.532799967748836756e-02
9.090860967350214196e+04	8.409029771684903287e-02	9.561887707272499759e-02
9.126865320355762378e+04	8.442333740412648335e-02	9.591072748271090020e-02
9.162994864911645709e+04	8.475753511127032125e-02	9.620355415745701633e-02
9.199250028596830089e+04	8.509289479337928119e-02	9.649736035834581560e-02
9.235631240435941436e+04	8.542942041892451210e-02	9.679214935816841947e-02
9.272138930904534936e+04	8.576711596979810781e-02	9.708792444116091935e-02
9.308773531933620689e+04	8.610598544135522614e-02	9.738468890304745329e-02
9.345535476915186155e+04	8.644603284246495101e-02	9.768244605107392897e-02
9.382425200706800388e+04	8.678726219555300825e-02	9.798119920405166938e-02
9.419443139636790147e+04	8.712967753664964399e-02	9.828095169239117745e-02
9.456589731509469857e+04	8.747328291543786383e-02	9.858170685814592049e-02
9.493865415609921911e+04	8.781808239529785565e-02	9.888346805504832915e-02
9.531270632709092752e+04	8.816408005335400755e-02	9.918623864855308225e-02
9.568805825069150887e+04	8.851127998052443768e-02	9.949002201587002492e-02
9.606471436448427266e+04	8.885968628156679094e-02	9.979482154601275468e-02
9.644267912106600124e+04	8.920930307512613122e-02	1.001006406398300963e-01
9.682195698809751775e+04	8.956013449378176505e-02	1.004074827100512046e-01
9.720255244835701887e+04	8.991218468409646614e-02	1.007153511813236174e-01
9.758446999979077373e+04	9.026545780666353491e-02	1.010242494902568039e-01
9.796771415556526335e+04	9.061995803615494061e-02	1.013341810854566094e-01
9.835228944412042620e+04	9.097568956137051799e-02	1.016451494275715656e-01
9.873820040921941109e+04	9.133265658528408326e-02	1.019571579893305685e-01
9.912545161000642111e+04	9.169086332509690518e-02	1.022702102555845399e-01
9.951404762105394911e+04	9.205031401228140620e-02	1.025843097233487544e-01
9.990399303241774032e+04	9.241101289263195517e-02	1.028994599018419331e-01
1.002952924496914493e+05	9.277296422631549355e-02	1.032156643125283213e-01
1.006879504940580518e+05	9.313617228791905289e-02	1.035329264891598905e-01
1.010819718023442983e+05	9.350064136650011737e-02	1.038512499778192072e-01
1.014773610270743084e+05	9.386637576563623686e-02	1.041706383369572636e-01
1.018741228365225688e+05	9.423337980347402942e-02	1.044910951374386221e-01
1.022722619147684454e+05	9.460165781277954378e-02	1.048126239625839923e-01
1.026717829617519019e+05	9.497121414098994019e-02	1.051352284082098104e-01
1.030726906933259888e+05	9.534205315026188232e-02	1.054589120826737031e-01
1.034749898413124756e+05	9.571417921752313485e-02	1.057836786069141222e-01
1.038786851535551541e+05	9.608759673452180183e-02	1.061095316144958084e-01
1.042837813939778716e+05	9.646231010787990889e-02	1.064364747516522575e-01
1.046902833426362922e+05	9.683832375914158686e-02	1.067645116773257158e-01
1.050981957957748091e+05	9.721564212482530776e-02	1.070936460632154336e-01
1.055075235658832535e+05	9.759426965647667596e-02	1.074238815938170777e-01
1.059182714817509986e+05	9.797421082071831877e-02	1.077552219664672656e-01
1.063304443885228829e+05	9.835547009930162288e-02	1.080876708913903611e-01
1.067440471477559477e+05	9.873805198915923398e-02	1.084212320917365274e-01
1.071590846374762186e+05	9.912196100245759811e-02	1.087559093036304242e-01
1.075755617522340472e+05	9.950720166664815680e-02	1.090917062762138540e-01
1.079934834031618957e+05	9.989377852452074880e-02	1.094286267716899214e-01
1.084128545180296205e+05	1.002816961342547775e-01	1.097666745653683162e-01
1.088336800413035089e+05	1.006709590694738338e-01	1.101058534457097504e-01
1.092559649342031771e+05	1.010615719192982792e-01	1.104461672143706719e-01
1.096797141747583228e+05	1.014535392883978010e-01	1.107876196862474932e-01
1.101049327578660304e+05	1.018468657970443975e-01	1.111302146895232351e-01
1.105316256953494303e+05	1.022415560811666124e-01	1.114739560657122402e-01
1.109597980160163279e+05	1.026376147924038390e-01	1.118188476697039718e-01
1.113894547657152725e+05	1.030350465981580282e-01	1.121648933698140144e-01
1.118206010073978832e+05	1.034338561816515317e-01	1.125120970478223209e-01
1.122532418211731710e+05	1.038340482419772420e-01	1.128604625990265592e-01
1.126873823043687735e+05	1.042356274941552419e-01	1.132099939322830096e-01
1.131230275715911121e+05	1.046385986691884679e-01	1.135606949700560531e-01
1.135601827547813009e+05	1.050429665141144053e-01	1.139125696484610401e-01
1.139988530032782292e+05	1.054487357920634860e-01	1.142656219173163040e-01
1.144390434838751389e+05	1.058559112823113518e-01	1.146198557401869461e-01
1.148807593808822421e+05	1.062644977803368640e-01	1.149752750944304236e-01
1.153240058961851901e+05	1.066745000978760738e-01	1.153318839712458715e-01
1.157687882493052603e+05	1.070859230629780251e-01	1.156896863757218147e-01
1.162151116774599650e+05	1.074987715200606819e-01	1.160486863268837127e-01
1.166629814356260031e+05	1.079130503299692984e-01	1.164088878577388825e-01
1.171124027965956338e+05	1.083287643700284186e-01	1.167702950153281377e-01
1.175633810510424228e+05	1.087459185341028561e-01	1.171329118607715714e-01
1.180159215075803513e+05	1.091645177326521915e-01	1.174967424693173362e-01
1.184700294928253279e+05	1.095845668927878380e-01	1.178617909303903699e-01
1.189257103514572518e+05	1.100060709583302876e-01	1.182280613476403702e-01
1.193829694462821062e+05	1.104290348898667035e-01	1.185955578389918524e-01
1.198418121582942549e+05	1.108534636648084576e-01	1.189642845366916668e-01
1.203022438867378369e+05	1.112793622774479046e-01	1.193342455873590141e-01
1.207642700491710275e+05	1.117067357390178761e-01	1.197054451520333518e-01
1.212278960815283208e+05	1.121355890777492592e-01	1.200778874062264079e-01
1.216931274381825642e+05	1.125659273389284093e-01	1.204515765399701149e-01
1.221599695920084632e+05	1.129977555849558390e-01	1.208265167578655708e-01
1.226284280344484287e+05	1.134310788954071975e-01	1.212027122791353301e-01
1.230985082755724143e+05	1.138659023670885589e-01	1.215801673376724346e-01
1.235702158441446518e+05	1.143022311140981517e-01	1.219588861820905951e-01
1.240435562876873155e+05	1.147400702678853246e-01	1.223388730757752063e-01
1.245185351725435612e+05	1.151794249773087642e-01	1.227201322969350278e-01
1.249951580839441449e+05	1.156203004086981678e-01	1.231026681386490906e-01
1.254734306260698067e+05	1.160627017459119475e-01	1.234864849089242628e-01
1.259533584221175552e+05	1.165066341903985281e-01	1.238715869307406431e-01
1.264349471143677074e+05	1.169521029612583529e-01	1.242579785421066146e-01
1.269182023642469139e+05	1.173991132953022126e-01	1.246456640961100815e-01
1.274031298523935402e+05	1.178476704471116687e-01	1.250346479609667771e-01
1.278897352787252021e+05	1.182977796891016287e-01	1.254249345200791343e-01
1.283780243625047005e+05	1.187494463115811721e-01	1.258165281720815820e-01
1.288680028424055781e+05	1.192026756228144052e-01	1.262094333308961813e-01
1.293596764765793196e+05	1.196574729490823413e-01	1.266036544257871377e-01
1.298530510427209956e+05	1.201138436347438943e-01	1.269991959014095950e-01
1.303481323381387629e+05	1.205717930423000628e-01	1.273960622178645363e-01
1.308449261798186344e+05	1.210313265524537718e-01	1.277942578507544058e-01
1.313434384044936160e+05	1.214924495641738350e-01	1.281937872912298493e-01
1.318436748687106883e+05	1.219551674947571551e-01	1.285946550460511650e-01
1.323456414488999580e+05	1.224194857798922703e-01	1.289968656376371259e-01
1.328493440414409270e+05	1.228854098737210132e-01	1.294004236041199352e-01
1.333547885627310316e+05	1.233529452489017381e-01	1.298053334993992114e-01
1.338619809492581699e+05	1.238220973966764477e-01	1.302115998931984986e-01
1.343709271576633619e+05	1.242928718269287469e-01	1.306192273711161422e-01
1.348816331648156338e+05	1.247652740682531070e-01	1.310282205346836315e-01
1.353941049678757554e+05	1.252393096680137763e-01	1.314385840014166695e-01
1.359083485843733069e+05	1.257149841924163070e-01	1.318503224048759581e-01
1.364243700522700965e+05	1.261923032265658273e-01	1.322634403947158255e-01
1.369421754300339380e+05	1.266712723745355706e-01	1.326779426367439563e-01
1.374617707967066381e+05	1.271518972594297414e-01	1.330938338129777632e-01
1.379831622519762604e+05	1.276341835234501010e-01	1.335111186216960677e-01
1.385063559162458405e+05	1.281181368279599719e-01	1.339298017775007732e-01
1.390313579307077453e+05	1.286037628535526278e-01	1.343498880113675187e-01
1.395581744574129989e+05	1.290910673001155751e-01	1.347713820707067967e-01
1.400868116793417721e+05	1.295800558868958341e-01	1.351942887194187148e-01
1.406172758004770440e+05	1.300707343525678572e-01	1.356186127379492845e-01
1.411495730458763428e+05	1.305631084553001697e-01	1.360443589233496509e-01
1.416837096617449424e+05	1.310571839728227883e-01	1.364715320893308825e-01
1.422196919155069627e+05	1.315529667024932514e-01	1.369001370663233408e-01
1.427575260958776926e+05	1.320504624613633160e-01	1.373301787015353825e-01
1.432972185129369027e+05	1.325496770862468199e-01	1.377616618590074005e-01
1.438387754982035840e+05	1.330506164337889596e-01	1.381945914196746061e-01
1.443822034047100169e+05	1.335532863805346249e-01	1.386289722814218195e-01
1.449275086070731631e+05	1.340576928229944842e-01	1.390648093591448087e-01
1.454746975015700446e+05	1.345638416777147073e-01	1.395021075848058290e-01
1.460237765062119288e+05	1.350717388813457154e-01	1.399408719074976548e-01
1.465747520608189225e+05	1.355813903907110429e-01	1.403811072934979531e-01
1.471276306270944478e+05	1.360928021828760603e-01	1.408228187263298181e-01
1.476824186887027172e+05	1.366059802552201663e-01	1.412660112068235829e-01
1.482391227513396007e+05	1.371209306255017080e-01	1.417106897531748011e-01
1.487977493428113812e+05	1.376376593319313113e-01	1.421568594010045872e-01
1.493583050131095806e+05	1.381561724332408259e-01	1.426045252034207900e-01
1.499207963344897144e+05	1.386764760087562942e-01	1.430536922310773340e-01
1.504852299015452154e+05	1.391985761584663417e-01	1.435043655722349210e-01
1.510516123312820855e+05	1.397224790030910657e-01	1.439565503328240903e-01
1.516199502631986397e+05	1.402481906841560322e-01	1.444102516365035338e-01
1.521902503593650763e+05	1.407757173640656889e-01	1.448654746247220737e-01
1.527625193044950720e+05	1.413050652261697571e-01	1.453222244567820010e-01
1.533367638060286699e+05	1.418362404748396421e-01	1.457805063098988052e-01
1.539129905942053010e+05	1.423692493355363242e-01	1.462403253792669278e-01
1.544912064221488836e+05	1.429040980548888506e-01	1.467016868781157724e-01
1.550714180659389240e+05	1.434407929007600613e-01	1.471645960377780671e-01
1.556536323246956163e+05	1.439793401623255253e-01	1.476290581077485120e-01
1.562378560206534166e+05	1.445197461501413760e-01	1.480950783557505868e-01
1.568240959992437565e+05	1.450620171962209159e-01	1.485626620677965859e-01
1.574123591291780176e+05	1.456061596541114445e-01	1.490318145482506518e-01
1.580026523025162460e+05	1.461521798989576237e-01	1.495025411198944998e-01
1.585949824347600515e+05	1.467000843275876043e-01	1.499748471239920333e-01
1.591893564649270847e+05	1.472498793585818588e-01	1.504487379203496844e-01
1.597857813556292676e+05	1.478015714323454299e-01	1.509242188873836099e-01
1.603842640931584756e+05	1.483551670111873666e-01	1.514012954221839180e-01
1.609848116875676787e+05	1.489106725793956365e-01	1.518799729405782561e-01
1.615874311727479508e+05	1.494680946433084578e-01	1.523602568771982302e-01
1.621921296065148199e+05	1.500274397313940689e-01	1.528421526855426316e-01
1.627989140706903709e+05	1.505887143943268336e-01	1.533256658380462434e-01
1.634077916711832222e+05	1.511519252050610163e-01	1.538108018261408749e-01
1.640187695380679797e+05	1.517170787589045000e-01	1.542975661603250004e-01
1.646318548256782524e+05	1.522841816736045517e-01	1.547859643702293730e-01
1.652470547126816527e+05	1.528532405894174606e-01	1.552760020046813627e-01
1.658643764021683310e+05	1.534242621691903619e-01	1.557676846317746222e-01
1.664838271217278671e+05	1.539972530984321797e-01	1.562610178389333970e-01
1.671054141235416755e+05	1.545722200853993922e-01	1.567560072329802490e-01
1.677291446844606835e+05	1.551491698611676406e-01	1.572526584402032801e-01
1.683550261060947087e+05	1.557281091797145522e-01	1.577509771064250221e-01
1.689830657148966275e+05	1.563090448179975389e-01	1.582509688970692718e-01
1.696132708622462815e+05	1.568919835760314019e-01	1.587526394972288701e-01
1.702456489245345292e+05	1.574769322769660751e-01	1.592559946117337311e-01
1.708802073032535554e+05	1.580638977671701972e-01	1.597610399652221458e-01
1.715169534250790894e+05	1.586528869163071898e-01	1.602677813022050646e-01
1.721558947419613542e+05	1.592439066174192730e-01	1.607762243871389551e-01
1.727970387312059756e+05	1.598369637870023785e-01	1.612863750044917499e-01
1.734403928955656302e+05	1.604320653650909978e-01	1.617982389588162873e-01
1.740859647633263958e+05	1.610292183153378687e-01	1.623118220748170915e-01
1.747337618883929681e+05	1.616284296250930230e-01	1.628271301974214269e-01
1.753837918503806577e+05	1.622297063054887190e-01	1.633441691918498806e-01
1.760360622547006933e+05	1.628330553915183221e-01	1.638629449436858343e-01
1.766905807326504728e+05	1.634384839421199331e-01	1.643834633589471572e-01
1.773473549415032321e+05	1.640459990402592938e-01	1.649057303641582317e-01
1.780063925645907002e+05	1.646556077930062534e-01	1.654297519064174549e-01
1.786677013114041183e+05	1.652673173316279720e-01	1.659555339534732610e-01
1.793312889176743338e+05	1.658811348116633611e-01	1.664830824937925668e-01
1.799971631454652234e+05	1.664970674130093475e-01	1.670124035366358506e-01
1.806653317832667381e+05	1.671151223400068331e-01	1.675435031121257912e-01
1.813358026460811088e+05	1.677353068215206855e-01	1.680763872713234297e-01
1.820085835755158332e+05	1.683576281110254202e-01	1.686110620862973364e-01
1.826836824398764293e+05	1.689820934866912705e-01	1.691475336502036575e-01
1.833611071342575306e+05	1.696087102514684808e-01	1.696858080773478161e-01
1.840408655806345050e+05	1.702374857331716285e-01	1.702258915032678621e-01
1.847229657279528328e+05	1.708684272845630014e-01	1.707677900848062480e-01
1.854074155522252549e+05	1.715015422834416658e-01	1.713115100001815216e-01
1.860942230566242652e+05	1.721368381327297026e-01	1.718570574490656810e-01
1.867833962715747475e+05	1.727743222605574169e-01	1.724044386526550066e-01
1.874749432548439363e+05	1.734140021203469662e-01	1.729536598537487202e-01
1.881688720916402235e+05	1.740558851909032589e-01	1.735047273168222881e-01
1.888651908947076590e+05	1.746999789765018574e-01	1.740576473281039982e-01
1.895639078044159978e+05	1.753462910069719105e-01	1.746124261956499557e-01
1.902650309888599731e+05	1.759948288377883308e-01	1.751690702494167751e-01
1.909685686439529818e+05	1.766456000501580581e-01	1.757275858413463732e-01
1.916745289935220790e+05	1.772986122511081286e-01	1.762879793454341371e-01
1.923829202894034388e+05	1.779538730735741592e-01	1.768502571578105531e-01
1.930937508115413075e+05	1.786113901764913858e-01	1.774144256968123723e-01
1.938070288680814265e+05	1.792711712448817052e-01	1.779804914030679031e-01
1.945227627954717027e+05	1.799332239899462116e-01	1.785484607395695644e-01
1.952409609585545550e+05	1.805975561491510450e-01	1.791183401917545992e-01
1.959616317506680789e+05	1.812641754863207610e-01	1.796901362675808467e-01
1.966847835937440104e+05	1.819330897917288969e-01	1.802638554976046803e-01
1.974104249384022260e+05	1.826043068821855964e-01	1.808395044350609993e-01
1.981385642640533624e+05	1.832778346011323944e-01	1.814170896559460788e-01
1.988692100790014083e+05	1.839536808187369754e-01	1.819966177590888468e-01
1.996023709205292398e+05	1.846318534319726645e-01	1.825780953662355655e-01
2.003380553550140758e+05	1.853123603647249540e-01	1.831615291221315445e-01
2.010762719780177285e+05	1.859952095678749084e-01	1.837469256945954144e-01
2.018170294143897190e+05	1.866804090193948107e-01	1.843342917746036425e-01
2.025603363183677720e+05	1.873679667244408931e-01	1.849236340763704134e-01
2.033062013736811641e+05	1.880578907154491497e-01	1.855149593374298966e-01
2.040546332936452527e+05	1.887501890522224890e-01	1.861082743187143229e-01
2.048056408212727983e+05	1.894448698220340122e-01	1.867035858046360020e-01
2.055592327293690760e+05	1.901419411397148040e-01	1.873009006031750301e-01
2.063154178206347860e+05	1.908414111477491626e-01	1.879002255459533421e-01
2.070742049277724873e+05	1.915432880163730200e-01	1.885015674883202541e-01
2.078356029135885183e+05	1.922475799436683397e-01	1.891049333094386442e-01
2.085996206710913393e+05	1.929542951556538766e-01	1.897103299123636400e-01
2.093662671236027963e+05	1.936634419063883450e-01	1.903177642241278555e-01
2.101355512248586165e+05	1.943750284780632054e-01	1.909272431958219385e-01
2.109074819591137930e+05	1.950890631811002252e-01	1.915387738026849418e-01
2.116820683412476210e+05	1.958055543542485122e-01	1.921523630441802633e-01
2.124593194168665505e+05	1.965245103646797997e-01	1.927680179440879327e-01
2.132392442624143441e+05	1.972459396080902538e-01	1.933857455505829936e-01
2.140218519852734171e+05	1.979698505087943150e-01	1.940055529363279019e-01
2.148071517238750530e+05	1.986962515198265611e-01	1.946274471985497134e-01
2.155951526478028973e+05	1.994251511230373808e-01	1.952514354591319834e-01
2.163858639579035225e+05	2.001565578291953917e-01	1.958775248646990597e-01
2.171792948863930942e+05	2.008904801780860006e-01	1.965057225866993496e-01
2.179754546969590301e+05	2.016269267386055219e-01	1.971360358214948039e-01
2.187743526848801703e+05	2.023659061088722289e-01	1.977684717904500122e-01
2.195759981771241291e+05	2.031074269163164470e-01	1.984030377400157197e-01
2.203804005324633035e+05	2.038514978177879688e-01	1.990397409418156460e-01
2.211875691415806359e+05	2.045981274996536980e-01	1.996785886927399112e-01
2.219975134271803545e+05	2.053473246779002337e-01	2.003195883150277190e-01
2.228102428440993535e+05	2.060990980982367604e-01	2.009627471563575352e-01
2.236257668794163619e+05	2.068534565361962174e-01	2.016080725899361825e-01
2.244440950525630033e+05	2.076104087972378276e-01	2.022555720145899349e-01
2.252652369154354674e+05	2.083699637168505703e-01	2.029052528548498102e-01
2.260892020525049302e+05	2.091321301606552108e-01	2.035571225610430524e-01
2.269160000809330086e+05	2.098969170245110205e-01	2.042111886093857520e-01
2.277456406506791245e+05	2.106643332346153086e-01	2.048674585020710259e-01
2.285781334446177934e+05	2.114343877476117517e-01	2.055259397673565858e-01
2.294134881786488695e+05	2.122070895506924237e-01	2.061866399596627986e-01
2.302517146018120984e+05	2.129824476617037388e-01	2.068495666596598115e-01
2.310928224964035908e+05	2.137604711292541426e-01	2.075147274743572023e-01
2.319368216780841176e+05	2.145411690328144494e-01	2.081821300372012351e-01
2.327837219960044313e+05	2.153245504828336099e-01	2.088517820081618737e-01
2.336335333329077112e+05	2.161106246208334414e-01	2.095236910738307035e-01
2.344862656052527018e+05	2.168994006195226754e-01	2.101978649475079453e-01
2.353419287633296044e+05	2.176908876829040662e-01	2.108743113693020144e-01
2.362005327913741639e+05	2.184850950463800012e-01	2.115530381062193377e-01
2.370620877076851611e+05	2.192820319768609971e-01	2.122340529522590558e-01
2.379266035647429817e+05	2.200817077728756122e-01	2.129173637285080023e-01
2.387940904493258859e+05	2.208841317646778879e-01	2.136029782832335189e-01
2.396645584826279373e+05	2.216893133143563455e-01	2.142909044919819872e-01
2.405380178203786199e+05	2.224972618159447302e-01	2.149811502576704225e-01
2.414144786529594276e+05	2.233079866955298975e-01	2.156737235106852002e-01
2.422939512055258383e+05	2.241214974113646119e-01	2.163686322089722336e-01
2.431764457381262910e+05	2.249378034539774307e-01	2.170658843381436109e-01
2.440619725458184257e+05	2.257569143462804795e-01	2.177654879115637210e-01
2.449505419587965298e+05	2.265788396436871910e-01	2.184674509704546408e-01
2.458421643425074581e+05	2.274035889342195527e-01	2.191717815839860084e-01
2.467368500977720541e+05	2.282311718386205168e-01	2.198784878493781902e-01
2.476346096609096567e+05	2.290615980104689642e-01	2.205875778919987873e-01
2.485354535038576287e+05	2.298948771362905319e-01	2.212990598654616392e-01
2.494393921342975227e+05	2.307310189356739649e-01	2.220129419517225533e-01
2.503464360957707977e+05	2.315700331613786411e-01	2.227292323611811398e-01
2.512565959678103682e+05	2.324119295994557799e-01	2.234479393327828967e-01
2.521698823660624330e+05	2.332567180693613518e-01	2.241690711341121911e-01
2.530863059424084786e+05	2.341044084240689604e-01	2.248926360614968423e-01
2.540058773850884754e+05	2.349550105501837793e-01	2.256186424401115387e-01
2.549286074188315542e+05	2.358085343680632329e-01	2.263470986240720684e-01
2.558545068049775145e+05	2.366649898319297673e-01	2.270780129965376259e-01
2.567835863416052307e+05	2.375243869299893396e-01	2.278113939698182822e-01
2.577158568636572163e+05	2.383867356845466579e-01	2.285472499854720729e-01
2.586513292430672154e+05	2.392520461521232544e-01	2.292855895144088607e-01
2.595900143888870371e+05	2.401203284235750024e-01	2.300264210569914758e-01
2.605319232474164164e+05	2.409915926242116868e-01	2.307697531431381066e-01
2.614770668023295584e+05	2.418658489139147993e-01	2.315155943324322119e-01
2.624254560748022632e+05	2.427431074872545280e-01	2.322639532142152519e-01
2.633771021236451925e+05	2.436233785736132140e-01	2.330148384077030121e-01
2.643320160454316647e+05	2.445066724373038958e-01	2.337682585620821096e-01
2.652902089746236452e+05	2.453929993776860774e-01	2.345242223566149642e-01
2.662516920837053331e+05	2.462823697292902680e-01	2.352827385007479899e-01
2.672164765833228594e+05	2.471747938619463236e-01	2.360438157342199528e-01
2.681845737223990145e+05	2.480702821808900560e-01	2.368074628271580051e-01
2.691559947882730630e+05	2.489688451268926295e-01	2.375736885801959519e-01
2.701307511068387539e+05	2.498704931763877646e-01	2.383425018245715343e-01
2.711088540426681866e+05	2.507752368415867572e-01	2.391139114222409767e-01
2.720903149991495302e+05	2.516830866706057379e-01	2.398879262659790457e-01
2.730751454186209594e+05	2.525940532475894340e-01	2.406645552794931253e-01
2.740633567824976053e+05	2.535081471928287145e-01	2.414438074175322135e-01
2.750549606114200433e+05	2.544253791628980355e-01	2.422256916659857873e-01
2.760499684653786244e+05	2.553457598507701820e-01	2.430102170420057051e-01
2.770483919438511948e+05	2.562692999859438325e-01	2.437973925941064046e-01
2.780502426859404659e+05	2.571960103345706794e-01	2.445872274022812265e-01
2.790555323705081246e+05	2.581259016995793298e-01	2.453797305781063309e-01
2.800642727163151721e+05	2.590589849208052575e-01	2.461749112648528304e-01
2.810764754821556853e+05	2.599952708751144259e-01	2.469727786376056111e-01
2.820921524669986102e+05	2.609347704765344611e-01	2.477733419033621154e-01
2.831113155101259472e+05	2.618774946763826050e-01	2.485766103011540495e-01
2.841339764912662795e+05	2.628234544633890613e-01	2.493825931021561582e-01
2.851601473307420383e+05	2.637726608638332193e-01	2.501912996097950814e-01
2.861898399896016344e+05	2.647251249416658903e-01	2.510027391598694813e-01
2.872230664697656757e+05	2.656808577986449205e-01	2.518169211206571223e-01
2.882598388141604373e+05	2.666398705744579822e-01	2.526338548930359695e-01
2.893001691068697837e+05	2.676021744468636832e-01	2.534535499105888268e-01
2.903440694732681732e+05	2.685677806318141903e-01	2.542760156397244065e-01
2.913915520801681560e+05	2.695367003835918429e-01	2.551012615797911831e-01
2.924426291359601892e+05	2.705089449949386604e-01	2.559292972631915242e-01
2.934973128907578648e+05	2.714845257971903458e-01	2.567601322554993182e-01
2.945556156365378411e+05	2.724634541604059601e-01	2.575937761555755490e-01
2.956175497072895523e+05	2.734457414935062003e-01	2.584302385956835924e-01
2.966831274791563628e+05	2.744313992444041284e-01	2.592695292416101749e-01
2.977523613705798052e+05	2.754204389001386755e-01	2.601116577927765072e-01
2.988252638424517354e+05	2.764128719870150297e-01	2.609566339823602421e-01
2.999018473982527503e+05	2.774087100707330888e-01	2.618044675774135466e-01
3.009821245842060307e+05	2.784079647565294580e-01	2.626551683789821734e-01
3.020661079894159338e+05	2.794106476893057911e-01	2.635087462222225341e-01
3.031538102460271330e+05	2.804167705537760624e-01	2.643652109765243230e-01
3.042452440293619875e+05	2.814263450745932982e-01	2.652245725456272574e-01
3.053404220580739784e+05	2.824393830164919628e-01	2.660868408677443675e-01
3.064393570943033556e+05	2.834558961844316771e-01	2.669520259156822894e-01
3.075420619438132853e+05	2.844758964237231735e-01	2.678201376969591152e-01
3.086485494561547530e+05	2.854993956201807292e-01	2.686911862539301254e-01
3.097588325248045730e+05	2.865264057002500642e-01	2.695651816639079712e-01
3.108729240873292438e+05	2.875569386311598863e-01	2.704421340392850204e-01
3.119908371255241218e+05	2.885910064210502890e-01	2.713220535276608669e-01
3.131125846655757632e+05	2.896286211191232418e-01	2.722049503119585157e-01
3.142381797782136709e+05	2.906697948157830336e-01	2.730908346105512807e-01
3.153676355788607616e+05	2.917145396427750503e-01	2.739797166773897952e-01
3.165009652277855785e+05	2.927628677733269957e-01	2.748716068021241909e-01
3.176381819302613148e+05	2.938147914222956070e-01	2.757665153102284439e-01
3.187792989367216360e+05	2.948703228463112613e-01	2.766644525631294926e-01
3.199243295429117861e+05	2.959294743439170872e-01	2.775654289583272538e-01
3.210732870900495909e+05	2.969922582557187885e-01	2.784694549295280708e-01
3.222261849649779615e+05	2.980586869645246995e-01	2.793765409467672267e-01
3.233830366003264207e+05	2.991287728954960534e-01	2.802866975165402841e-01
3.245438554746648297e+05	3.002025285162885915e-01	2.811999351819234327e-01
3.257086551126645063e+05	3.012799663372019432e-01	2.821162645227096033e-01
3.268774490852589952e+05	3.023610989113282299e-01	2.830356961555356432e-01
3.280502510097968043e+05	3.034459388346933406e-01	2.839582407340102144e-01
3.292270745502106729e+05	3.045344987464134734e-01	2.848839089488402476e-01
3.304079334171713563e+05	3.056267913288372995e-01	2.858127115279687214e-01
3.315928413682501996e+05	3.067228293076966761e-01	2.867446592366978964e-01
3.327818122080831090e+05	3.078226254522581362e-01	2.876797628778253180e-01
3.339748597885280033e+05	3.089261925754682170e-01	2.886180332917718250e-01
3.351719980088345474e+05	3.100335435341108892e-01	2.895594813567172188e-01
3.363732408158065518e+05	3.111446912289577149e-01	2.905041179887307701e-01
3.375786022039558156e+05	3.122596486049099562e-01	2.914519541419041126e-01
3.387880962156835012e+05	3.133784286511666628e-01	2.924030008084840260e-01
3.400017369414328132e+05	3.145010444013653372e-01	2.933572690190093257e-01
3.412195385198569275e+05	3.156275089337378659e-01	2.943147698424401493e-01
3.424415151379868039e+05	3.167578353712656170e-01	2.952755143862977327e-01
3.436676810314018512e+05	3.178920368818368702e-01	2.962395137967973047e-01
3.448980504843880772e+05	3.190301266783937550e-01	2.972067792589843660e-01
3.461326378301162040e+05	3.201721180190963412e-01	2.981773219968698596e-01
3.473714574508024380e+05	3.213180242074721860e-01	2.991511532735706691e-01
3.486145237778828014e+05	3.224678585925766505e-01	3.001282843914418463e-01
3.498618512921819347e+05	3.236216345691495522e-01	3.011087266922189420e-01
3.511134545240828302e+05	3.247793655777724275e-01	3.020924915571535641e-01
3.523693480536944116e+05	3.259410651050227981e-01	3.030795904071493796e-01
3.536295465110333171e+05	3.271067466836429793e-01	3.040700347029111072e-01
3.548940645761804772e+05	3.282764238926846878e-01	3.050638359450703052e-01
3.561629169794708141e+05	3.294501103576844003e-01	3.060610056743386376e-01
3.574361185016535455e+05	3.306278197508117911e-01	3.070615554716402684e-01
3.587136839740751893e+05	3.318095657910389851e-01	3.080654969582563019e-01
3.599956282788456883e+05	3.329953622442941574e-01	3.090728417959683894e-01
3.612819663490225212e+05	3.341852229236317862e-01	3.100836016871929002e-01
3.625727131687786314e+05	3.353791616893881944e-01	3.110977883751337436e-01
3.638678837735852576e+05	3.365771924493506928e-01	3.121154136439217575e-01
3.651674932503857417e+05	3.377793291589178404e-01	3.131364893187554288e-01
3.664715567377725383e+05	3.389855858212636464e-01	3.141610272660450009e-01
3.677800894261632930e+05	3.401959764875006065e-01	3.151890393935665724e-01
3.690931065579956048e+05	3.414105152568593371e-01	3.162205376505936028e-01
3.704106234278780175e+05	3.426292162768285188e-01	3.172555340280537872e-01
3.717326553827963653e+05	3.438520937433457991e-01	3.182940405586702215e-01
3.730592178222824587e+05	3.450791619009538902e-01	3.193360693171105047e-01
3.743903261985945865e+05	3.463104350429671574e-01	3.203816324201279042e-01
3.757259960169051192e+05	3.475459275116455360e-01	3.214307420267207283e-01
3.770662428354768781e+05	3.487856536983575118e-01	3.224834103382670514e-01
3.784110822658559191e+05	3.500296280437585339e-01	3.235396495986849752e-01
3.797605299730472616e+05	3.512778650379535517e-01	3.245994720945795109e-01
3.811146016756998724e+05	3.525303792206678777e-01	3.256628901553827449e-01
3.824733131462970050e+05	3.537871851814237134e-01	3.267299161535207608e-01
3.838366802113329177e+05	3.550482975597031299e-01	3.278005625045518068e-01
3.852047187515122350e+05	3.563137310451327533e-01	3.288748416673246133e-01
3.865774447019276558e+05	3.575835003776483001e-01	3.299527661441258308e-01
3.879548740522495937e+05	3.588576203476694371e-01	3.310343484808361825e-01
3.893370228469173890e+05	3.601361057962772505e-01	3.321196012670822317e-01
3.907239071853259811e+05	3.614189716153866083e-01	3.332085371363917581e-01
