1.000000000000000000e+06
1.003681284499135450e+06
1.007376184289919212e+06
1.011084748544595670e+06
1.014807026659551775e+06
1.018543068254069309e+06
1.022292923169252230e+06
1.026056641466978705e+06
1.029834273428998771e+06
1.033625869556088583e+06
1.037431480567297200e+06
1.041251157399278949e+06
1.045084951205700403e+06
1.048932913356698351e+06
1.052795095438421238e+06
1.056671549252624391e+06
1.060562326816349523e+06
1.064467480361625785e+06
1.068387062335234834e+06
1.072321125398550648e+06
1.076269722427397035e+06
1.080232906511943322e+06
1.084210730956706451e+06
1.088203249280514661e+06
1.092210515216547530e+06
1.096232582712425618e+06
1.100269505930325016e+06
1.104321339247102151e+06
1.108388137254477479e+06
1.112469954759239918e+06
1.116566846783484798e+06
1.120678868564880919e+06
1.124806075556957861e+06
1.128948523429409834e+06
1.133106268068430945e+06
1.137279365577094955e+06
1.141467872275728034e+06
1.145671844702312257e+06
1.149891339612898882e+06
1.154126413982059341e+06
1.158377125003339490e+06
1.162643530089758802e+06
1.166925686874272535e+06
1.171223653210287681e+06
1.175537487172212452e+06
1.179867247055979446e+06
1.184212991379599320e+06
1.188574778883717954e+06
1.192952668532230193e+06
1.197346719512839569e+06
1.201756991237683920e+06
1.206183543343942380e+06
1.210626435694474261e+06
1.215085728378453292e+06
1.219561481712005334e+06
1.224053756238889648e+06
1.228562612731151516e+06
1.233088112189833075e+06
1.237630315845623380e+06
1.242189285159559455e+06
1.246765081823763438e+06
1.251357767762136646e+06
1.255967405131082051e+06
1.260594056320254924e+06
1.265237783953253645e+06
1.269898650888428790e+06
1.274576720219589071e+06
1.279272055276781321e+06
1.283984719627069309e+06
1.288714777075278107e+06
1.293462291664806427e+06
1.298227327678407542e+06
1.303009949638953200e+06
1.307810222310285782e+06
1.312628210697985720e+06
1.317463980050187558e+06
1.322317595858432120e+06
1.327189123858451378e+06
1.332078630031021778e+06
1.336986180602786364e+06
1.341911842047113460e+06
1.346855681084922981e+06
1.351817764685563277e+06
1.356798160067646997e+06
1.361796934699926991e+06
1.366814156302157789e+06
1.371849892845972441e+06
1.376904212555756094e+06
1.381977183909546118e+06
1.387068875639896840e+06
1.392179356734781293e+06
1.397308696438505780e+06
1.402456964252582751e+06
1.407624229936676566e+06
1.412810563509457745e+06
1.418016035249597393e+06
1.423240715696623549e+06
1.428484675651870901e+06
1.433747986179426312e+06
1.439030718607041519e+06
1.444332944527086103e+06
1.449654735797487199e+06
1.454996164542681305e+06
1.460357303154576337e+06
1.465738224293481093e+06
1.471139000889098737e+06
1.476559706141479313e+06
1.482000413521991111e+06
1.487461196774298325e+06
1.492942129915349651e+06
1.498443287236356409e+06
1.503964743303764611e+06
1.509506572960277321e+06
1.515068851325826487e+06
1.520651653798605548e+06
1.526255056056030095e+06
1.531879134055795614e+06
1.537523964036863530e+06
1.543189622520485427e+06
1.548876186311233789e+06
1.554583732498031110e+06
1.560312338455162710e+06
1.566062081843335414e+06
1.571833040610707132e+06
1.577625292993932264e+06
1.583438917519214330e+06
1.589273993003363255e+06
1.595130598554832162e+06
1.601008813574811211e+06
1.606908717758265091e+06
1.612830391095029889e+06
1.618773913870862219e+06
1.624739366668535164e+06
1.630726830368930474e+06
1.636736386152089108e+06
1.642768115498343483e+06
1.648822100189404562e+06
1.654898422309454065e+06
1.660997164246237138e+06
1.667118408692224883e+06
1.673262238645656966e+06
1.679428737411704147e+06
1.685617988603595644e+06
1.691830076143728336e+06
1.698065084264801349e+06
1.704323097510955995e+06
1.710604200738907792e+06
1.716908479119097115e+06
1.723236018136855215e+06
1.729586903593530413e+06
1.735961221607683925e+06
1.742359058616181137e+06
1.748780501375439810e+06
1.755225636962575372e+06
1.761694552776551573e+06
1.768187336539375363e+06
1.774704076297288993e+06
1.781244860421978869e+06
1.787809777611733414e+06
1.794398916892645415e+06
1.801012367619850207e+06
1.807650219478678890e+06
1.814312562485949602e+06
1.820999486991091166e+06
1.827711083677461604e+06
1.834447443563500186e+06
1.841208658003976336e+06
1.847994818691237597e+06
1.854806017656465992e+06
1.861642347270880127e+06
1.868503900247033453e+06
1.875390769640031038e+06
1.882303048848790815e+06
1.889240831617360003e+06
1.896204212036113720e+06
1.903193284543062095e+06
1.910208143925146665e+06
1.917248885319483932e+06
1.924315604214688065e+06
1.931408396452142159e+06
1.938527358227297431e+06
1.945672586091004778e+06
1.952844176950796042e+06
1.960042228072194615e+06
1.967266837080031866e+06
1.974518101959812222e+06
1.981796121058976976e+06
1.989100993088270305e+06
1.996432817123087822e+06
2.003791692604799056e+06
2.011177719342105789e+06
2.018590997512382921e+06
2.026031627663051710e+06
2.033499710712911561e+06
2.040995347953570774e+06
2.048518641050767619e+06
2.056069692045738455e+06
2.063648603356641484e+06
2.071255477779933019e+06
2.078890418491750723e+06
2.086553529049308505e+06
2.094244913392324466e+06
2.101964675844399724e+06
2.109712921114466619e+06
2.117489754298160318e+06
2.125295280879318714e+06
2.133129606731342617e+06
2.140992838118650950e+06
2.148885081698148511e+06
2.156806444520647638e+06
2.164757034032310825e+06
2.172736958076152951e+06
2.180746324893440586e+06
2.188785243125200272e+06
2.196853821813713294e+06
2.204952170403928962e+06
2.213080398745012935e+06
2.221238617091804277e+06
2.229426936106323730e+06
2.237645466859246138e+06
2.245894320831466001e+06
2.254173609915558249e+06
2.262483446417293977e+06
2.270823943057223223e+06
2.279195212972137611e+06
2.287597369716633111e+06
2.296030527264661156e+06
2.304494800011053681e+06
2.312990302773100790e+06
2.321517150792073458e+06
2.330075459734819829e+06
2.338665345695316792e+06
2.347286925196251366e+06
2.355940315190606751e+06
2.364625633063241374e+06
2.373342996632493101e+06
2.382092524151756894e+06
2.390874334311112761e+06
2.399688546238911804e+06
2.408535279503418598e+06
2.417414654114423320e+06
2.426326790524873883e+06
2.435271809632498771e+06
2.444249832781461999e+06
2.453260981764005963e+06
2.462305378822093364e+06
2.471383146649068221e+06
2.480494408391357400e+06
2.489639287650090642e+06
2.498817908482817933e+06
2.508030395405170042e+06
2.517276873392536771e+06
2.526557467881815042e+06
2.535872304773051292e+06
2.545221510431188159e+06
2.554605211687772069e+06
2.564023535842672922e+06
2.573476610665798187e+06
2.582964564398855902e+06
2.592487525757083669e+06
2.602045623930983245e+06
2.611638988588077947e+06
2.621267749874683563e+06
2.630932038417675998e+06
2.640631985326258000e+06
2.650367722193732392e+06
2.660139381099298596e+06
2.669947094609850086e+06
2.679790995781766716e+06
2.689671218162714969e+06
2.699587895793476142e+06
2.709541163209743798e+06
2.719531155443983153e+06
2.729558008027236909e+06
2.739621856990967877e+06
2.749722838868918363e+06
2.759861090698958840e+06
2.770036750024947803e+06
2.780249954898602329e+06
2.790500843881350476e+06
2.800789556046250276e+06
2.811116230979862623e+06
2.821481008784121368e+06
2.831884030078272335e+06
2.842325436000767630e+06
2.852805368211161811e+06
2.863323968892081175e+06
2.873881380751108285e+06
2.884477747022754513e+06
2.895113211470388342e+06
2.905787918388181366e+06
2.916502012603071053e+06
2.927255639476748649e+06
2.938048944907603320e+06
2.948882075332716573e+06
2.959755177729846444e+06
2.970668399619446602e+06
2.981621889066621196e+06
2.992615794683182146e+06
3.003650265629647765e+06
3.014725451617264189e+06
3.025841502910042647e+06
3.036998570326800458e+06
3.048196805243211333e+06
3.059436359593862202e+06
3.070717385874318890e+06
3.082040037143168505e+06
3.093404467024135403e+06
3.104810829708153382e+06
3.116259279955454636e+06
3.127749973097671289e+06
3.139283065039958339e+06
3.150858712263099849e+06
3.162477071825632825e+06
3.174138301365970634e+06
3.185842559104569722e+06
3.197590003846070264e+06
3.209380794981428888e+06
3.221215092490104493e+06
3.233093056942236610e+06
3.245014849500814918e+06
3.256980631923857611e+06
3.268990566566633526e+06
3.281044816383848432e+06
3.293143544931863435e+06
3.305286916370897554e+06
3.317475095467311330e+06
3.329708247595779132e+06
3.341986538741596974e+06
3.354310135502855293e+06
3.366679205092784483e+06
3.379093915341989137e+06
3.391554434700718615e+06
3.404060932241167407e+06
3.416613577659769449e+06
3.429212541279532947e+06
3.441857994052269962e+06
3.454550107561009005e+06
3.467289054022272117e+06
3.480075006288449280e+06
3.492908137850107625e+06
3.505788622838359326e+06
3.518716636027249973e+06
3.531692352836119011e+06
3.544715949331957381e+06
3.557787602231852245e+06
3.570907488905316219e+06
3.584075787376770750e+06
3.597292676327896770e+06
3.610558335100104567e+06
3.623872943696966395e+06
3.637236682786650490e+06
3.650649733704389539e+06
3.664112278454886749e+06
3.677624499714894686e+06
3.691186580835564062e+06
3.704798705845061690e+06
3.718461059450984932e+06
3.732173827042885125e+06
3.745937194694822654e+06
3.759751349167867564e+06
3.773616477912614122e+06
3.787532769071790390e+06
3.801500411482716911e+06
3.815519594679990318e+06
3.829590508897942957e+06
3.843713345073314849e+06
3.857888294847782236e+06
3.872115550570615567e+06
3.886395305301226676e+06
3.900727752811883576e+06
3.915113087590242270e+06
3.929551504842066672e+06
3.944043200493854005e+06
3.958588371195438318e+06
3.973187214322758839e+06
3.987839927980488632e+06
4.002546711004709825e+06
4.017307762965662871e+06
4.032123284170426428e+06
4.046993475665614475e+06
4.061918539240171667e+06
4.076898677428052295e+06
4.091934093510990962e+06
4.107024991521300282e+06
4.122171576244578697e+06
4.137374053222545423e+06
4.152632628755819052e+06
4.167947509906663559e+06
4.183318904501889367e+06
4.198747021135616116e+06
4.214232069172153249e+06
4.229774258748787455e+06
4.245373800778659992e+06
4.261030906953657977e+06
4.276745789747276343e+06
4.292518662417465821e+06
4.308349739009566605e+06
4.324239234359222464e+06
4.340187364095276222e+06
4.356194344642705284e+06
4.372260393225570209e+06
4.388385727869953960e+06
4.404570567406936549e+06
4.420815131475554779e+06
4.437119640525790863e+06
4.453484315821538679e+06
4.469909379443667829e+06
4.486395054292999208e+06
4.502941564093347639e+06
4.519549133394552395e+06
4.536217987575506791e+06
4.552948352847282775e+06
4.569740456256139092e+06
4.586594525686638430e+06
4.603510789864717983e+06
4.620489478360825218e+06
4.637530821593035012e+06
4.654635050830158405e+06
4.671802398194875568e+06
4.689033096666919999e+06
4.706327380086251535e+06
4.723685483156186529e+06
4.741107641446613707e+06
4.758594091397202574e+06
4.776145070320568047e+06
4.793760816405582242e+06
4.811441568720513955e+06
4.829187567216346040e+06
4.846999052729989402e+06
4.864876266987589188e+06
4.882819452607765794e+06
4.900828853104963899e+06
4.918904712892736308e+06
4.937047277287027799e+06
4.955256792509589344e+06
4.973533505691223778e+06
4.991877664875226095e+06
5.010289519020690583e+06
5.028769318005965091e+06
5.047317312631984241e+06
5.065933754625650123e+06
5.084618896643349901e+06
5.103372992274302058e+06
5.122196296044068411e+06
5.141089063417931087e+06
5.160051550804428756e+06
5.179084015558832325e+06
5.198186715986605734e+06
5.217359911346951500e+06
5.236603861856292002e+06
5.255918828691853210e+06
5.275305073995186947e+06
5.294762860875703394e+06
5.314292453414318152e+06
5.333894116666969843e+06
5.353568116668250412e+06
5.373314720435027033e+06
5.393134195970037021e+06
5.413026812265578657e+06
5.432992839307093993e+06
5.453032548076923937e+06
5.473146210557917133e+06
5.493334099737168290e+06
5.513596489609693177e+06
5.533933655182176270e+06
5.554345872476682067e+06
5.574833418534445576e+06
5.595396571419589221e+06
5.616035610222931951e+06
5.636750815065769479e+06
5.657542467103664763e+06
5.678410848530307412e+06
5.699356242581299506e+06
5.720378933538034558e+06
5.741479206731549464e+06
5.762657348546423949e+06
5.783913646424608305e+06
5.805248388869369403e+06
5.826661865449249744e+06
5.848154366801927797e+06
5.869726184638216160e+06
5.891377611745998263e+06
5.913108941994206049e+06
5.934920470336822793e+06
5.956812492816908285e+06
5.978785306570578367e+06
6.000839209831066430e+06
6.022974501932777464e+06
6.045191483315347694e+06
6.067490455527706072e+06
6.089871721232223324e+06
6.112335584208776243e+06
6.134882349358870648e+06
6.157512322709833272e+06
6.180225811418932863e+06
6.203023123777545989e+06
6.225904569215347059e+06
6.248870458304550499e+06
6.271921102764087729e+06
6.295056815463861451e+06
6.318277910428958945e+06
6.341584702843994834e+06
6.364977509057313204e+06
6.388456646585343406e+06
6.412022434116872028e+06
6.435675191517387517e+06
6.459415239833447151e+06
6.483242901297002099e+06
6.507158499329808168e+06
6.531162358547764830e+06
6.555254804765393026e+06
6.579436165000257082e+06
6.603706767477324232e+06
6.628066941633518785e+06
6.652517018122159876e+06
6.677057328817413189e+06
6.701688206818912178e+06
6.726409986456157640e+06
6.751223003293116577e+06
6.776127594132769853e+06
6.801124097021752968e+06
6.826212851254822686e+06
6.851394197379562072e+06
6.876668477201017551e+06
6.902036033786206506e+06
6.927497211468965746e+06
6.953052355854498222e+06
6.978701813824107870e+06
7.004445933539960533e+06
7.030285064449706115e+06
7.056219557291321456e+06
7.082249764097836800e+06
7.108376038202085532e+06
7.134598734241605736e+06
7.160918208163343370e+06
7.187334817228595726e+06
7.213848920017705299e+06
7.240460876435126178e+06
7.267171047714178450e+06
7.293979796422037296e+06
7.320887486464556307e+06
7.347894483091308735e+06
7.375001152900534682e+06
7.402207863844053820e+06
7.429514985232353210e+06
7.456922887739552185e+06
7.484431943408451043e+06
7.512042525655573234e+06
7.539755009276248515e+06
7.567569770449758507e+06
7.595487186744304374e+06
7.623507637122289278e+06
7.651631501945392229e+06
7.679859162979761139e+06
7.708191003401145339e+06
7.736627407800184563e+06
7.765168762187541462e+06
7.793815453999262303e+06
7.822567872101920657e+06
7.851426406797957607e+06
7.880391449831006117e+06
7.909463394391194917e+06
7.938642635120428167e+06
7.967929568117868155e+06
7.997324590945194475e+06
8.026828102632086724e+06
8.056440503681655973e+06
8.086162196075778455e+06
8.115993583280683495e+06
8.145935070252358913e+06
8.175987063442073762e+06
8.206149970801896416e+06
8.236424201790258288e+06
8.266810167377483100e+06
8.297308280051406473e+06
8.327918953822939657e+06
8.358642604231709614e+06
8.389479648351732641e+06
8.420430504797028378e+06
8.451495593727381900e+06
8.482675336853988469e+06
8.513970157445169985e+06
8.545380480332210660e+06
8.576906731915052980e+06
8.608549340168083087e+06
8.640308734646022320e+06
8.672185346489684656e+06
8.704179608431860805e+06
8.736291954803254455e+06
8.768522821538275108e+06
8.800872646181043237e+06
8.833341867891306058e+06
8.865930927450399846e+06
8.898640267267264426e+06
8.931470331384412944e+06
8.964421565484000370e+06
8.997494416893867776e+06
9.030689334593618289e+06
9.064006769220678136e+06
9.097447173076523468e+06
9.131011000132709742e+06
9.164698706037109718e+06
9.198510748120088130e+06
9.232447585400674492e+06
9.266509678592894226e+06
9.300697490111915395e+06
9.335011484080424532e+06
9.369452126334870234e+06
9.404019884431825951e+06
9.438715227654339746e+06
9.473538627018280327e+06
9.508490555278791115e+06
9.543571486936639994e+06
9.578781898244746029e+06
9.614122267214579508e+06
9.649593073622731492e+06
9.685194799017358571e+06
9.720927926724733785e+06
9.756792941855901852e+06
9.792790331313127652e+06
9.828920583796652034e+06
9.865184189811225981e+06
9.901581641672845930e+06
9.938113433515405282e+06
9.974780061297414824e+06
1.001158202280873433e+07
1.004851981767735258e+07
1.008559394737616554e+07
1.012280491522980109e+07
1.016015322642144933e+07
1.019763938799970224e+07
1.023526390888550319e+07
1.027302729987898655e+07
1.031093007366648689e+07
1.034897274482747354e+07
1.038715582984151505e+07
1.042547984709533490e+07
1.046394531688987650e+07
1.050255276144727319e+07
1.054130270491809025e+07
1.058019567338829674e+07
1.061923219488653354e+07
1.065841279939121194e+07
1.069773801883775182e+07
1.073720838712580316e+07
1.077682444012647495e+07
1.081658671568965726e+07
1.085649575365127996e+07
1.089655209584070742e+07
1.093675628608804196e+07
1.097710887023156881e+07
1.101761039612510055e+07
1.105826141364550963e+07
1.109906247470011190e+07
1.114001413323423266e+07
1.118111694523870759e+07
1.122237146875743754e+07
1.126377826389495283e+07
1.130533789282405376e+07
1.134705091979342513e+07
1.138891791113534570e+07
1.143093943527331948e+07
1.147311606272982806e+07
1.151544836613411643e+07
1.155793692022992671e+07
1.160058230188330449e+07
1.164338509009047411e+07
1.168634586598569155e+07
1.172946521284912899e+07
1.177274371611480974e+07
1.181618196337855421e+07
1.185978054440598562e+07
1.190354005114051327e+07
1.194746107771139033e+07
1.199154422044179216e+07
1.203579007785691880e+07
1.208019925069209561e+07
1.212477234190098941e+07
1.216950995666377619e+07
1.221441270239533484e+07
1.225948118875354342e+07
1.230471602764754370e+07
1.235011783324607089e+07
1.239568722198576108e+07
1.244142481257957593e+07
1.248733122602516226e+07
1.253340708561333083e+07
1.257965301693651266e+07
1.262606964789723791e+07
1.267265760871670023e+07
1.271941753194329143e+07
1.276635005246122368e+07
1.281345580749911070e+07
1.286073543663870730e+07
1.290818958182350919e+07
1.295581888736752048e+07
1.300362399996402673e+07
1.305160556869434379e+07
1.309976424503663555e+07
1.314810068287481926e+07
1.319661553850740194e+07
1.324530947065640241e+07
1.329418314047627710e+07
1.334323721156302281e+07
1.339247234996304847e+07
1.344188922418229096e+07
1.349148850519530661e+07
1.354127086645438895e+07
1.359123698389865085e+07
1.364138753596327640e+07
1.369172320358875580e+07
1.374224467023009993e+07
1.379295262186613306e+07
1.384384774700879306e+07
1.389493073671255447e+07
1.394620228458374552e+07
1.399766308679001778e+07
1.404931384206975810e+07
1.410115525174164958e+07
1.415318801971413568e+07
1.420541285249502957e+07
1.425783045920113660e+07
1.431044155156778358e+07
1.436324684395861253e+07
1.441624705337522365e+07
1.446944289946690574e+07
1.452283510454045050e+07
1.457642439356999286e+07
1.463021149420675077e+07
1.468419713678904995e+07
1.473838205435215496e+07
1.479276698263826780e+07
1.484735266010651365e+07
1.490213982794298977e+07
1.495712923007079959e+07
1.501232161316021904e+07
1.506771772663876601e+07
1.512331832270148396e+07
1.517912415632107481e+07
1.523513598525816575e+07
1.529135457007169724e+07
1.534778067412915640e+07
1.540441506361694820e+07
1.546125850755092129e+07
1.551831177778666094e+07
1.557557564903011918e+07
1.563305089884801768e+07
1.569073830767854117e+07
1.574863865884182416e+07
1.580675273855070025e+07
1.586508133592124842e+07
1.592362524298368208e+07
1.598238525469296239e+07
1.604136216893973574e+07
1.610055678656104393e+07
1.615996991135132872e+07
1.621960235007326491e+07
1.627945491246872582e+07
1.633952841126986220e+07
1.639982366221007332e+07
1.646034148403511196e+07
1.652108269851424918e+07
1.658204813045136072e+07
1.664323860769620538e+07
1.670465496115564927e+07
1.676629802480495162e+07
1.682816863569907844e+07
1.689026763398417830e+07
1.695259586290884390e+07
1.701515416883568093e+07
1.707794340125277638e+07
1.714096441278522834e+07
1.720421805920676887e+07
1.726770519945136458e+07
1.733142669562488422e+07
1.739538341301680356e+07
1.745957622011203319e+07
1.752400598860262707e+07
1.758867359339973330e+07
1.765357991264535114e+07
1.771872582772437111e+07
1.778411222327648103e+07
1.784973998720828444e+07
1.791561001070524380e+07
1.798172318824386224e+07
1.804808041760385782e+07
1.811468259988031164e+07
1.818153063949592039e+07
1.824862544421331212e+07
1.831596792514738813e+07
1.838355899677764252e+07
1.845139957696066797e+07
1.851949058694256470e+07
1.858783295137150586e+07
1.865642759831029177e+07
1.872527545924893767e+07
1.879437746911734343e+07
1.886373456629799306e+07
1.893334769263873622e+07
1.900321779346556589e+07
1.907334581759545207e+07
1.914373271734928340e+07
1.921437944856472313e+07
1.928528697060925886e+07
1.935645624639326334e+07
1.942788824238302559e+07
1.949958392861387506e+07
1.957154427870342508e+07
1.964377026986477897e+07
1.971626288291976973e+07
1.978902310231234878e+07
1.986205191612190753e+07
1.993535031607677415e+07
2.000891929756760597e+07
2.008275985966100916e+07
2.015687300511297956e+07
2.023125974038271606e+07
2.030592107564613596e+07
2.038085802480966970e+07
2.045607160552405193e+07
2.053156283919811249e+07
2.060733275101269037e+07
2.068338236993453279e+07
2.075971272873034328e+07
2.083632486398069188e+07
2.091321981609421968e+07
2.099039862932175770e+07
2.106786235177048668e+07
2.114561203541817516e+07
2.122364873612747714e+07
2.130197351366031915e+07
2.138058743169229105e+07
2.145949155782702565e+07
2.153868696361085400e+07
2.161817472454721481e+07
2.169795592011136934e+07
2.177803163376500830e+07
2.185840295297104120e+07
2.193907096920830756e+07
2.202003677798643336e+07
2.210130147886075824e+07
2.218286617544725165e+07
2.226473197543746978e+07
2.234689999061366171e+07
2.242937133686383441e+07
2.251214713419700041e+07
2.259522850675828382e+07
2.267861658284427971e+07
2.276231249491836876e+07
2.284631737962605804e+07
2.293063237781053409e+07
2.301525863452804089e+07
2.310019729906352609e+07
2.318544952494626120e+07
2.327101646996546164e+07
2.335689929618604109e+07
2.344309916996443644e+07
2.352961726196443662e+07
2.361645474717307091e+07
2.370361280491662025e+07
2.379109261887660623e+07
2.387889537710589916e+07
2.396702227204484493e+07
2.405547450053748488e+07
2.414425326384782791e+07
2.423335976767615229e+07
2.432279522217539325e+07
2.441256084196761623e+07
2.450265784616051614e+07
2.459308745836394653e+07
2.468385090670659021e+07
2.477494942385264114e+07
2.486638424701854587e+07
2.495815661798982695e+07
2.505026778313791752e+07
2.514271899343719706e+07
2.523551150448190793e+07
2.532864657650322840e+07
2.542212547438642010e+07
2.551594946768799797e+07
2.561011983065303415e+07
2.570463784223239869e+07
2.579950478610020876e+07
2.589472195067123696e+07
2.599029062911838293e+07
2.608621211939039081e+07
2.618248772422929108e+07
2.627911875118825585e+07
2.637610651264928281e+07
2.647345232584114000e+07
2.657115751285713539e+07
2.666922340067315474e+07
2.676765132116568461e+07
2.686644261112986878e+07
2.696559861229780316e+07
2.706512067135661840e+07
2.716501013996686414e+07
2.726526837478088588e+07
2.736589673746120185e+07
2.746689659469905868e+07
2.756826931823300570e+07
2.767001628486750647e+07
2.777213887649165466e+07
2.787463848009801656e+07
2.797751648780141398e+07
2.808077429685780779e+07
2.818441330968340486e+07
2.828843493387362733e+07
2.839284058222224563e+07
2.849763167274066433e+07
2.860280962867705151e+07
2.870837587853579223e+07
2.881433185609690100e+07
2.892067900043541193e+07
2.902741875594109297e+07
2.913455257233786583e+07
2.924208190470374376e+07
2.935000821349043399e+07
2.945833296454320475e+07
2.956705762912088633e+07
2.967618368391584605e+07
2.978571261107399315e+07
2.989564589821498096e+07
3.000598503845245391e+07
3.011673153041416034e+07
3.022788687826256827e+07
3.033945259171514958e+07
3.045143018606500700e+07
3.056382118220128864e+07
3.067662710663004592e+07
3.078984949149485677e+07
3.090348987459775433e+07
3.101754979942001030e+07
3.113203081514322758e+07
3.124693447667029127e+07
3.136226234464657679e+07
3.147801598548110202e+07
3.159419697136786580e+07
3.171080688030714169e+07
3.182784729612706974e+07
3.194531980850502476e+07
3.206322601298928633e+07
3.218156751102074608e+07
3.230034590995461121e+07
3.241956282308230549e+07
3.253921986965343356e+07
3.265931867489759251e+07
3.277986087004676834e+07
3.290084809235721081e+07
3.302228198513185233e+07
3.314416419774259254e+07
3.326649638565273955e+07
3.338928021043946594e+07
3.351251733981638402e+07
3.363620944765632600e+07
3.376035821401396394e+07
3.388496532514874637e+07
3.401003247354765981e+07
3.413556135794840753e+07
3.426155368336237967e+07
3.438801116109791398e+07
3.451493550878344476e+07
3.464232845039097220e+07
3.477019171625942737e+07
3.489852704311812669e+07
3.502733617411050200e+07
3.515662085881771892e+07
3.528638285328246653e+07
3.541662392003282905e+07
3.554734582810622454e+07
3.567855035307346284e+07
3.581023927706288546e+07
3.594241438878458738e+07
3.607507748355469853e+07
3.620823036331979930e+07
3.634187483668142557e+07
3.647601271892060339e+07
3.661064583202262968e+07
3.674577600470168144e+07
3.688140507242582738e+07
3.701753487744183093e+07
3.715416726880025864e+07
3.729130410238068551e+07
3.742894724091672152e+07
3.756709855402149260e+07
3.770575991821306199e+07
3.784493321693982929e+07
3.798462034060617536e+07
3.812482318659812957e+07
3.826554365930926055e+07
3.840678367016643286e+07
3.854854513765583932e+07
3.869082998734907061e+07
3.883364015192931890e+07
3.897697757121759653e+07
3.912084419219912589e+07
3.926524196904977411e+07
3.941017286316267401e+07
3.955563884317477047e+07
