0.000000000000000000e+00
3.706833223766298033e+03
7.427359723022207618e+03
1.116163011090119835e+04
1.490969518552732188e+04
1.867160593074141070e+04
2.244741351689829025e+04
2.623716930158948526e+04
3.004092483041796368e+04
3.385873183774191421e+04
3.769064224742795341e+04
4.153670817361120135e+04
4.539698192145593930e+04
4.927151598789775744e+04
5.316036306240316480e+04
5.706357602771976963e+04
6.098120796065335162e+04
6.491331213280884549e+04
6.885994201134541072e+04
7.282115125975362025e+04
7.679699373860587366e+04
8.078752350629866123e+04
8.479279481986025348e+04
8.881286213568085805e+04
9.284778011027933098e+04
9.689760360108595341e+04
1.009623876672163606e+05
1.050421875702224206e+05
1.091370587748731486e+05
1.132470569499272387e+05
1.173722379689125810e+05
1.215126579109083395e+05
1.256683730613240041e+05
1.298394399126707576e+05
1.340259151653442532e+05
1.382278557284295093e+05
1.424453187204801943e+05
1.466783614703095518e+05
1.509270415177731775e+05
1.551914166145743802e+05
1.594715447250548750e+05
1.637674840270162094e+05
1.680792929124908987e+05
1.724070299885517452e+05
1.767507540781437419e+05
1.811105242208752315e+05
1.854863996738304850e+05
1.898784399123732001e+05
1.942867046309954021e+05
1.987112537441039458e+05
2.031521473868628964e+05
2.076094459160072729e+05
2.120832099106812384e+05
2.165735001732630190e+05
2.210803777301856317e+05
2.256039038327934686e+05
2.301441399581632577e+05
2.347011478099771775e+05
2.392749893193270545e+05
2.438657266455665231e+05
2.484734221771894954e+05
2.530981385326636955e+05
2.577399385612846818e+05
2.623988853440547828e+05
2.670750421944956761e+05
2.717684726595771499e+05
2.764792405205350369e+05
2.812074097937624902e+05
2.859530447316928767e+05
2.907162098236472812e+05
2.954969697967444081e+05
3.002953896167762578e+05
3.051115344890630804e+05
3.099454698593951762e+05
3.147972614148836583e+05
3.196669750848601107e+05
3.245546770418081433e+05
3.294604337022243999e+05
3.343843117275477853e+05
3.393263780250519048e+05
3.442866997487742919e+05
3.492653443004100118e+05
3.542623793302541599e+05
3.592778727380998898e+05
3.643118926741771866e+05
3.693645075400727801e+05
3.744357859896647278e+05
3.795257969300521072e+05
3.846346095225098543e+05
3.897622931834058836e+05
3.949089175851538312e+05
4.000745526571776718e+05
4.052592685868337285e+05
4.104631358204022981e+05
4.156862250639880076e+05
4.209286072845598683e+05
4.261903537108495366e+05
4.314715358343445696e+05
4.367722254102739971e+05
4.420924944585622288e+05
4.474324152648204472e+05
4.527920603813251946e+05
4.581715026280065067e+05
4.635708150934472214e+05
4.689900711358473636e+05
4.744293443840530235e+05
4.798887087385416962e+05
4.853682383724283427e+05
4.908680077324737795e+05
4.963880915401063394e+05
5.019285647924304940e+05
5.074895027632289566e+05
5.130709810040162411e+05
5.186730753450375050e+05
5.242958618963318877e+05
5.299394170487194788e+05
5.356038174748881720e+05
5.412891401304055471e+05
5.469954622547694016e+05
5.527228613724659663e+05
5.584714152940227650e+05
5.642412021170482039e+05
5.700323002273137681e+05
5.758447882998080458e+05
5.816787452998061199e+05
5.875342504839466419e+05
5.934113834013103042e+05
5.993102238944813143e+05
6.052308521006617229e+05
6.111733484527333640e+05
6.171377936803740449e+05
6.231242688111299649e+05
6.291328551715319045e+05
6.351636343882086221e+05
6.412166883889581077e+05
6.472920994038993958e+05
6.533899499665808398e+05
6.595103229150914121e+05
6.656533013931734022e+05
6.718189688514037989e+05
6.780074090482569300e+05
6.842187060512842145e+05
6.904529442382627167e+05
6.967102082983208820e+05
7.029905832330919802e+05
7.092941543578726705e+05
7.156210073027722538e+05
7.219712280138821807e+05
7.283449027544583660e+05
7.347421181060662493e+05
7.411629609697924461e+05
7.476075185673546512e+05
7.540758784423656762e+05
7.605681284614971373e+05
7.670843568156447727e+05
7.736246520211417228e+05
7.801891029209662229e+05
7.867777986859679222e+05
7.933908288160401862e+05
8.000282831413403619e+05
8.066902518235433381e+05
8.133768253570103552e+05
8.200880945700968150e+05
8.268241506262915209e+05
8.335850850255507976e+05
8.403709896054656710e+05
8.471819565425270703e+05
8.540180783533889335e+05
8.608794478961396962e+05
8.677661583715202287e+05
8.746783033242367674e+05
8.816159766441925894e+05
8.885792725677653216e+05
8.955682856791377999e+05
9.025831109115115833e+05
9.096238435484289657e+05
9.166905792250842787e+05
9.237834139295825735e+05
9.309024440042767674e+05
9.380477661470533349e+05
9.452194774126468692e+05
9.524176752139853779e+05
9.596424573234873824e+05
9.668939218743853271e+05
9.741721673620583024e+05
9.814772926454101689e+05
9.888093969481487293e+05
9.961685798601659480e+05
1.003554941338900477e+06
1.010968581710674800e+06
1.018409601672068005e+06
1.025878102291270625e+06
1.033374185009472771e+06
1.040897951642209431e+06
1.048449504380805651e+06
1.056028945793712279e+06
1.063636378827888286e+06
1.071271906810237560e+06
1.078935633449001238e+06
1.086627662835153751e+06
1.094348099443811690e+06
1.102097048135677353e+06
1.109874614158430137e+06
1.117680903148190584e+06
1.125516021130903624e+06
1.133380074523855466e+06
1.141273170137045905e+06
1.149195415174658876e+06
1.157146917236542795e+06
1.165127784319648519e+06
1.173138124819484074e+06
1.181178047531631775e+06
1.189247661653162912e+06
1.197347076784158126e+06
1.205476402929216623e+06
1.213635750498886220e+06
1.221825230311221443e+06
1.230044953593259212e+06
1.238295031982538290e+06
1.246575577528586611e+06
1.254886702694501262e+06
1.263228520358424634e+06
1.271601143815072253e+06
1.280004686777330935e+06
1.288439263377735857e+06
1.296904988170046825e+06
1.305401976130814292e+06
1.313930342660919297e+06
1.322490203587163705e+06
1.331081675163808279e+06
1.339704874074184801e+06
1.348359917432258371e+06
1.357046922784227412e+06
1.365766008110120893e+06
1.374517291825393215e+06
1.383300892782542855e+06
1.392116930272704922e+06
1.400965524027292151e+06
1.409846794219596777e+06
1.418760861466447357e+06
1.427707846829835791e+06
1.436687871818561573e+06
1.445701058389873244e+06
1.454747528951134998e+06
1.463827406361486297e+06
1.472940813933495432e+06
1.482087875434839632e+06
1.491268715090017300e+06
1.500483457581985742e+06
1.509732228053891566e+06
1.519015152110747062e+06
1.528332355821123812e+06
1.537683965718913358e+06
1.547070108804987278e+06
1.556490912548957858e+06
1.565946504890900571e+06
1.575437014243088663e+06
1.584962569491722621e+06
1.594523299998708535e+06
1.604119335603401531e+06
1.613750806624357123e+06
1.623417843861101661e+06
1.633120578595920000e+06
1.642859142595638987e+06
1.652633668113407679e+06
1.662444287890487351e+06
1.672291135158062913e+06
1.682174343639056664e+06
1.692094047549935058e+06
1.702050381602524780e+06
1.712043481005857233e+06
1.722073481467980426e+06
1.732140519197834656e+06
1.742244730907075573e+06
1.752386253811928444e+06
1.762565225635068491e+06
1.772781784607481677e+06
1.783036069470341783e+06
1.793328219476896804e+06
1.803658374394337181e+06
1.814026674505731091e+06
1.824433260611913167e+06
1.834878274033369962e+06
1.845361856612197589e+06
1.855884150714009069e+06
1.866445299229848199e+06
1.877045445578176528e+06
1.887684733706770930e+06
1.898363308094715234e+06
1.909081313754344359e+06
1.919838896233206615e+06
1.930636201616042294e+06
1.941473376526788808e+06
1.952350568130542058e+06
1.963267924135565758e+06
1.974225592795294710e+06
1.985223722910368815e+06
1.996262463830604684e+06
2.007341965457071085e+06
2.018462378244103864e+06
2.029623853201344144e+06
2.040826541895792354e+06
2.052070596453867853e+06
2.063356169563473202e+06
2.074683414476072416e+06
2.086052485008769669e+06
2.097463535546372179e+06
2.108916721043521538e+06
2.120412197026783600e+06
2.131950119596756995e+06
2.143530645430187695e+06
2.155153931782114785e+06
2.166820136487989686e+06
2.178529417965820525e+06
2.190281935218312312e+06
2.202077847835051827e+06
2.213917315994665027e+06
2.225800500466968399e+06
2.237727562615173403e+06
2.249698664398081601e+06
2.261713968372272793e+06
2.273773637694301084e+06
2.285877836122936103e+06
2.298026728021366987e+06
2.310220478359437548e+06
2.322459252715870738e+06
2.334743217280566692e+06
2.347072538856796920e+06
2.359447384863527026e+06
2.371867923337611835e+06
2.384334322936157230e+06
2.396846752938773017e+06
2.409405383249863982e+06
2.422010384400947019e+06
2.434661927552965935e+06
2.447360184498644434e+06
2.460105327664733864e+06
2.472897530114446767e+06
2.485736965549752116e+06
2.498623808313767891e+06
2.511558233393092174e+06
2.524540416420187801e+06
2.537570533675790764e+06
2.550648762091290206e+06
2.563775279251107480e+06
2.576950263395156246e+06
2.590173893421195447e+06
2.603446348887329921e+06
2.616767810014382005e+06
2.630138457688380964e+06
2.643558473463014700e+06
2.657028039562085178e+06
2.670547338881995063e+06
2.684116554994176142e+06
2.697735872147686314e+06
2.711405475271580275e+06
2.725125549977545626e+06
2.738896282562340144e+06
2.752717860010333359e+06
2.766590469996084459e+06
2.780514300886861049e+06
2.794489541745177004e+06
2.808516382331419736e+06
2.822595013106332161e+06
2.836725625233715866e+06
2.850908410582911689e+06
2.865143561731494032e+06
2.879431271967818029e+06
2.893771735293701291e+06
2.908165146426989697e+06
2.922611700804296415e+06
2.937111594583551865e+06
2.951665024646747392e+06
2.966272188602581155e+06
2.980933284789084457e+06
2.995648512276408728e+06
3.010418070869479328e+06
3.025242161110691261e+06
3.040120984282678925e+06
3.055054742411020678e+06
3.070043638266955502e+06
3.085087875370201189e+06
3.100187657991656568e+06
3.115343191156191751e+06
3.130554680645472370e+06
3.145822333000685554e+06
3.161146355525399093e+06
3.176526956288363785e+06
3.191964344126279466e+06
3.207458728646720760e+06
3.223010320230922662e+06
3.238619330036682077e+06
3.254285970001169480e+06
3.270010452843830921e+06
3.285792992069299333e+06
3.301633801970280707e+06
3.317533097630427219e+06
3.333491094927289523e+06
3.349508010535262525e+06
3.365584061928493902e+06
3.381719467383851297e+06
3.397914445983891375e+06
3.414169217619823292e+06
3.430484002994506620e+06
3.446859023625435308e+06
3.463294501847752370e+06
3.479790660817234777e+06
3.496347724513387308e+06
3.512965917742441408e+06
3.529645466140417382e+06
3.546386596176186576e+06
3.563189535154517740e+06
3.580054511219234206e+06
3.596981753356239758e+06
3.613971491396664642e+06
3.631023956019960344e+06
3.648139378757057711e+06
3.665317991993512958e+06
3.682560028972637840e+06
3.699865723798661493e+06
3.717235311439936981e+06
3.734669027732140385e+06
3.752167109381425194e+06
3.769729793967668898e+06
3.787357319947700948e+06
3.805049926658493467e+06
3.822807854320505634e+06
3.840631344040839002e+06
3.858520637816589326e+06
3.876475978538081981e+06
3.894497609992206097e+06
3.912585776865682565e+06
3.930740724748434499e+06
3.948962700136904605e+06
3.967251950437362306e+06
3.985608723969341256e+06
4.004033269968918525e+06
4.022525838592175394e+06
4.041086680918535218e+06
4.059716048954242840e+06
4.078414195635726675e+06
4.097181374833005480e+06
4.116017841353231110e+06
4.134923850944067352e+06
4.153899660297222435e+06
4.172945527051862329e+06
4.192061709798164666e+06
4.211248468080830760e+06
4.230506062402569689e+06
4.249834754227672704e+06
4.269234805985523388e+06
4.288706481074206531e+06
4.308250043864064850e+06
4.327865759701251984e+06
4.347553894911414944e+06
4.367314716803236865e+06
4.387148493672094308e+06
4.407055494803711772e+06
4.427035990477782674e+06
4.447090251971690916e+06
4.467218551564122550e+06
4.487421162538847886e+06
4.507698359188361093e+06
4.528050416817650199e+06
4.548477611747896299e+06
4.568980221320254728e+06
4.589558523899596184e+06
4.610212798878325149e+06
4.630943326680126600e+06
4.651750388763807714e+06
4.672634267627104186e+06
4.693595246810504235e+06
4.714633610901136883e+06
4.735749645536588505e+06
4.756943637408813462e+06
4.778215874268013053e+06
4.799566644926569425e+06
4.820996239262903109e+06
4.842504948225449771e+06
4.864093063836649060e+06
4.885760879196837544e+06
4.907508688488279469e+06
4.929336786979131401e+06
4.951245471027454361e+06
4.973235038085247390e+06
4.995305786702501588e+06
5.017458016531217843e+06
5.039692028329495341e+06
5.062008123965616338e+06
5.084406606422143988e+06
5.106887779800010845e+06
5.129451949322701432e+06
5.152099421340351924e+06
5.174830503333901986e+06
5.197645503919321112e+06
5.220544732851761393e+06
5.243528501029759645e+06
5.266597120499456301e+06
5.289750904458873905e+06
5.312990167262123898e+06
5.336315224423699081e+06
5.359726392622717656e+06
5.383223989707297646e+06
5.406808334698799066e+06
5.430479747796206735e+06
5.454238550380439498e+06
5.478085065018730238e+06
5.502019615469025448e+06
5.526042526684343815e+06
5.550154124817222357e+06
5.574354737224093638e+06
5.598644692469790578e+06
5.623024320332010277e+06
5.647493951805705205e+06
5.672053919107675552e+06
5.696704555681035854e+06
5.721446196199708618e+06
5.746279176573079079e+06
5.771203833950429223e+06
5.796220506725572981e+06
5.821329534541440196e+06
5.846531258294754662e+06
5.871826020140531473e+06
5.897214163496827707e+06
5.922696033049405552e+06
5.948271974756283686e+06
5.973942335852620192e+06
5.999707464855295606e+06
6.025567711567684077e+06
6.051523427084454335e+06
6.077574963796223514e+06
6.103722675394444726e+06
6.129966916876165196e+06
6.156308044548814185e+06
6.182746416035145521e+06
6.209282390277975239e+06
6.235916327545164153e+06
6.262648589434351772e+06
6.289479538878059015e+06
6.316409540148478001e+06
6.343438958862505853e+06
6.370568161986604333e+06
6.397797517841876484e+06
6.425127396109056659e+06
6.452558167833461426e+06
6.480090205430116504e+06
6.507723882688759826e+06
6.535459574778932147e+06
6.563297658255055547e+06
6.591238511061559431e+06
6.619282512538065203e+06
6.647430043424392119e+06
6.675681485865881667e+06
6.704037223418512382e+06
6.732497641054132022e+06
6.761063125165631063e+06
6.789734063572271727e+06
6.818510845524863340e+06
6.847393861711162142e+06
6.876383504261057824e+06
6.905480166751953773e+06
6.934684244214133359e+06
6.963996133136103861e+06
6.993416231469922699e+06
7.022944938636718318e+06
7.052582655531988479e+06
7.082329784531134181e+06
7.112186729494922794e+06
7.142153895774872974e+06
7.172231690218882635e+06
7.202420521176672541e+06
7.232720798505359329e+06
7.263132933575012721e+06
7.293657339274263009e+06
7.324294430015872233e+06
7.355044621742400341e+06
7.385908331931813620e+06
7.416885979603162035e+06
7.447977985322307795e+06
7.479184771207569167e+06
7.510506760935541242e+06
7.541944379746776074e+06
7.573498054451547563e+06
7.605168213435731828e+06
7.636955286666546017e+06
7.668859705698380247e+06
7.700881903678735718e+06
7.733022315354028717e+06
7.765281377075511962e+06
7.797659526805268601e+06
7.830157204122042283e+06
7.862774850227294490e+06
7.895512907951161265e+06
7.928371821758462116e+06
7.961352037754770368e+06
7.994454003692416474e+06
8.027678168976612389e+06
8.061024984671540558e+06
8.094494903506474569e+06
8.128088379881896079e+06
8.161805869875755161e+06
8.195647831249564886e+06
8.229614723454669118e+06
8.263707007638480514e+06
8.297925146650694311e+06
8.332269605049667880e+06
8.366740849108617753e+06
8.401339346822045743e+06
8.436065567912025377e+06
8.470919983834624290e+06
8.505903067786293104e+06
8.541015294710269198e+06
8.576257141303069890e+06
8.611629086020903662e+06
8.647131609086245298e+06
8.682765192494273186e+06
8.718530320019509643e+06
8.754427477222297341e+06
8.790457151455415413e+06
8.826619831870777532e+06
8.862916009425930679e+06
8.899346176890868694e+06
8.935910828854616731e+06
8.972610461732009426e+06
9.009445573770405725e+06
9.046416665056457743e+06
9.083524237522890791e+06
9.120768794955337420e+06
9.158150842999171466e+06
9.195670889166383073e+06
9.233329442842464894e+06
9.271127015293296427e+06
9.309064119672160596e+06
9.347141271026620641e+06
9.385358986305601895e+06
9.423717784366359934e+06
9.462218185981517658e+06
9.500860713846161962e+06
9.539645892584970221e+06
9.578574248759234324e+06
9.617646310874154791e+06
9.656862609385868534e+06
9.696223676708778366e+06
9.735730047222694382e+06
9.775382257280139253e+06
9.815180845213623717e+06
9.855126351342927665e+06
9.895219317982476205e+06
9.935460289448667318e+06
9.975849812067309394e+06
1.001638843418098800e+07
1.005707670615657046e+07
1.009791518039260060e+07
1.013890441132689267e+07
1.018004495544397645e+07
1.022133737128271349e+07
1.026278221944385953e+07
1.030438006259768456e+07
1.034613146549157985e+07
1.038803699495777488e+07
1.043009721992099658e+07
1.047231271140624769e+07
1.051468404254649207e+07
1.055721178859047033e+07
1.059989652691053785e+07
1.064273883701047115e+07
1.068573930053332448e+07
1.072889850126936473e+07
1.077221702516399510e+07
1.081569546032569185e+07
1.085933439703400061e+07
1.090313442774754763e+07
1.094709614711210504e+07
1.099122015196863934e+07
1.103550704136141948e+07
1.107995741654617339e+07
1.112457188099824078e+07
1.116935104042074643e+07
1.121429550275286660e+07
1.125940587817807123e+07
1.130468277913237736e+07
1.135012682031270675e+07
1.139573861868521199e+07
1.144151879349368252e+07
1.148746796626790054e+07
1.153358676083214022e+07
1.157987580331358686e+07
1.162633572215088829e+07
1.167296714810266159e+07
1.171977071425605752e+07
1.176674705603537336e+07
1.181389681121065840e+07
1.186122061990640871e+07
1.190871912461020425e+07
1.195639297018152289e+07
1.200424280386040360e+07
1.205226927527628466e+07
1.210047303645683266e+07
1.214885474183677882e+07
1.219741504826678149e+07
1.224615461502241902e+07
1.229507410381308198e+07
1.234417417879097164e+07
1.239345550656008534e+07
1.244291875618539564e+07
1.249256459920179285e+07
1.254239370962326415e+07
1.259240676395205408e+07
1.264260444118786231e+07
1.269298742283698358e+07
1.274355639292163774e+07
1.279431203798927367e+07
1.284525504712185450e+07
1.289638611194521934e+07
1.294770592663845979e+07
1.299921518794341013e+07
1.305091459517404065e+07
1.310280485022599436e+07
1.315488665758607350e+07
1.320716072434187867e+07
1.325962776019133441e+07
1.331228847745238617e+07
1.336514359107268043e+07
1.341819381863918342e+07
1.347143988038803823e+07
1.352488249921428412e+07
1.357852240068166517e+07
1.363236031303251721e+07
1.368639696719768085e+07
1.374063309680632129e+07
1.379506943819602765e+07
1.384970673042271100e+07
1.390454571527069807e+07
1.395958713726277463e+07
1.401483174367032014e+07
1.407028028452341817e+07
1.412593351262109913e+07
1.418179218354148977e+07
1.423785705565216765e+07
1.429412889012037963e+07
1.435060845092338510e+07
1.440729650485892035e+07
1.446419382155551203e+07
1.452130117348293029e+07
1.457861933596278913e+07
1.463614908717892319e+07
1.469389120818809792e+07
1.475184648293048702e+07
1.481001569824045710e+07
1.486839964385712519e+07
1.492699911243519187e+07
1.498581489955557697e+07
1.504484780373637751e+07
1.510409862644357421e+07
1.516356817210204341e+07
1.522325724810635671e+07
1.528316666483186372e+07
1.534329723564560711e+07
1.540364977691737935e+07
1.546422510803087801e+07
1.552502405139476433e+07
1.558604743245385215e+07
1.564729607970035635e+07
1.570877082468506508e+07
1.577047250202870555e+07
1.583240194943325222e+07
1.589456000769329444e+07
1.595694752070745081e+07
1.601956533548991010e+07
1.608241430218179151e+07
1.614549527406281233e+07
1.620880910756281763e+07
1.627235666227342188e+07
1.633613880095970258e+07
1.640015638957190141e+07
1.646441029725718126e+07
1.652890139637140185e+07
1.659363056249105930e+07
1.665859867442507669e+07
1.672380661422684044e+07
1.678925526720604673e+07
1.685494552194084600e+07
1.692087827028982341e+07
1.698705440740421787e+07
1.705347483173995093e+07
1.712014044506991282e+07
1.718705215249621868e+07
1.725421086246244237e+07
1.732161748676597700e+07
1.738927294057044387e+07
1.745717814241811633e+07
1.752533401424233988e+07
1.759374148138012737e+07
1.766240147258467972e+07
1.773131492003801465e+07
1.780048275936365500e+07
1.786990592963927984e+07
1.793958537340950593e+07
1.800952203669868037e+07
1.807971686902376264e+07
1.815017082340719178e+07
1.822088485638982058e+07
1.829185992804396152e+07
1.836309700198632851e+07
1.843459704539119825e+07
1.850636102900355309e+07
1.857838992715223506e+07
1.865068471776314825e+07
1.872324638237260655e+07
1.879607590614065528e+07
1.886917427786439285e+07
1.894254248999146000e+07
1.901618153863348439e+07
1.909009242357965931e+07
1.916427614831023291e+07
1.923873372001026198e+07
1.931346614958310872e+07
1.938847445166441053e+07
1.946375964463565126e+07
1.953932275063808635e+07
1.961516479558663443e+07
1.969128680918376893e+07
1.976768982493353635e+07
1.984437488015555963e+07
1.992134301599920541e+07
1.999859527745757997e+07
2.007613271338185668e+07
2.015395637649549544e+07
2.023206732340850681e+07
2.031046661463179812e+07
2.038915531459158659e+07
2.046813449164389446e+07
2.054740521808903292e+07
2.062696857018611208e+07
2.070682562816778943e+07
2.078697747625479475e+07
2.086742520267076790e+07
2.094816989965695143e+07
2.102921266348711401e+07
2.111055459448235855e+07
2.119219679702609405e+07
2.127414037957908958e+07
2.135638645469447225e+07
2.143893613903283328e+07
2.152179055337741598e+07
2.160495082264932245e+07
2.168841807592285052e+07
2.177219344644073397e+07
2.185627807162960246e+07
2.194067309311542287e+07
2.202537965673895180e+07
2.211039891257140785e+07
2.219573201492995769e+07
2.228138012239349261e+07
2.236734439781835303e+07
2.245362600835407525e+07
2.254022612545926496e+07
2.262714592491753399e+07
2.271438658685345948e+07
2.280194929574858025e+07
2.288983524045753479e+07
2.297804561422417313e+07
2.306658161469777301e+07
2.315544444394930825e+07
2.324463530848777294e+07
2.333415541927659512e+07
2.342400599175003543e+07
2.351418824582972005e+07
2.360470340594122186e+07
2.369555270103070885e+07
2.378673736458155885e+07
2.387825863463119790e+07
2.397011775378787145e+07
2.406231596924753487e+07
2.415485453281079233e+07
2.424773470089986548e+07
2.434095773457574844e+07
2.443452489955526218e+07
2.452843746622823924e+07
2.462269670967482403e+07
2.471730390968274698e+07
2.481226035076477751e+07
2.490756732217608392e+07
2.500322611793181300e+07
2.509923803682463244e+07
2.519560438244234025e+07
2.529232646318570524e+07
2.538940559228603542e+07
2.548684308782318607e+07
2.558464027274336293e+07
2.568279847487719357e+07
2.578131902695765346e+07
2.588020326663821936e+07
2.597945253651103750e+07
2.607906818412510678e+07
2.617905156200472638e+07
2.627940402766769752e+07
2.638012694364384934e+07
2.648122167749356478e+07
2.658268960182628036e+07
2.668453209431918710e+07
2.678675053773594648e+07
2.688934631994543970e+07
2.699232083394062147e+07
2.709567547785750404e+07
2.719941165499408916e+07
2.730353077382937819e+07
2.740803424804263562e+07
2.751292349653248861e+07
2.761819994343621284e+07
2.772386501814916357e+07
2.782992015534403548e+07
2.793636679499047995e+07
2.804320638237464055e+07
2.815044036811871827e+07
2.825807020820079744e+07
2.836609736397444084e+07
2.847452330218875781e+07
2.858334949500817060e+07
2.869257742003241181e+07
2.880220856031668559e+07
2.891224440439178422e+07
2.902268644628426060e+07
2.913353618553675339e+07
2.924479512722840905e+07
2.935646478199514002e+07
2.946854666605038196e+07
2.958104230120554194e+07
2.969395321489078179e+07
2.980728094017557427e+07
2.992102701578971744e+07
3.003519298614412919e+07
3.014978040135190263e+07
3.026479081724927574e+07
3.038022579541686550e+07
3.049608690320076421e+07
3.061237571373393387e+07
3.072909380595749617e+07
3.084624276464222744e+07
3.096382418041002750e+07
3.108183964975566417e+07
3.120029077506829798e+07
3.131917916465330869e+07
3.143850643275418505e+07
3.155827419957437366e+07
3.167848409129934013e+07
3.179913774011871219e+07
3.192023678424824029e+07
3.204178286795236543e+07
3.216377764156626537e+07
3.228622276151842996e+07
3.240911989035310224e+07
3.253247069675291330e+07
3.265627685556149483e+07
3.278054004780621082e+07
3.290526196072111279e+07
3.303044428776974231e+07
3.315608872866822034e+07
3.328219698940818012e+07
3.340877078228014708e+07
3.353581182589662075e+07
3.366332184521556646e+07
3.379130257156372070e+07
3.391975574266021699e+07
3.404868310264013708e+07
3.417808640207813680e+07
3.430796739801236242e+07
3.443832785396822542e+07
3.456916953998240829e+07
3.470049423262685537e+07
3.483230371503292769e+07
3.496459977691565454e+07
3.509738421459800750e+07
3.523065883103532344e+07
3.536442543583979458e+07
3.549868584530501068e+07
3.563344188243068755e+07
3.576869537694737315e+07
3.590444816534140706e+07
3.604070209087972343e+07
3.617745900363503397e+07
3.631472076051080972e+07
3.645248922526661307e+07
3.659076626854344457e+07
3.672955376788899302e+07
3.686885360778328031e+07
3.700866767966427654e+07
3.714899788195349276e+07
3.728984612008181214e+07
3.743121430651535839e+07
3.757310436078155786e+07
3.771551820949511230e+07
3.785845778638419509e+07
3.800192503231673688e+07
3.814592189532682300e+07
3.829045033064109832e+07
3.843551230070533603e+07
3.858110977521111816e+07
3.872724473112259805e+07
3.887391915270327777e+07
