0.000000000000000000e+00
3.706483035669079982e+03
7.425974395460681990e+03
1.115854586278833449e+04
1.490426763647038024e+04
1.866320849672518671e+04
2.243543595403269865e+04
2.622101638262521010e+04
3.002001514042972121e+04
3.383249667686934117e+04
3.765852462988335174e+04
4.149816191334114410e+04
4.535147079587657936e+04
4.921851297204103321e+04
5.309934962662821636e+04
5.699404149287170731e+04
6.090264890518365428e+04
6.482523184695583768e+04
6.876184999396721832e+04
7.271256275387015194e+04
7.667742930210242048e+04
8.065650861460226588e+04
8.464985949772247113e+04
8.865754061548341997e+04
9.267961051453743130e+04
9.671612764704716392e+04
1.007671503916599322e+05
1.048327370727485977e+05
1.089129459781276528e+05
1.130078353753637057e+05
1.171174635268123820e+05
1.212418887035122607e+05
1.253811691980252508e+05
1.295353633363146801e+05
1.337045294887693599e+05
1.378887260804630350e+05
1.420880116006652825e+05
1.463024446117079351e+05
1.505320837572503369e+05
1.547769877700074576e+05
1.590372154789732303e+05
1.633128258162075654e+05
1.676038778231530450e+05
1.719104306566077285e+05
1.762325435943594202e+05
1.805702760404567234e+05
1.849236875301967375e+05
1.892928377348319627e+05
1.936777864660613704e+05
1.980785936802292708e+05
2.024953194823574740e+05
2.069280241299488116e+05
2.113767680366311688e+05
2.158416117756101303e+05
2.203226160829639994e+05
2.248198418608191423e+05
2.293333501803569961e+05
2.338632022847419139e+05
2.384094595918622799e+05
2.429721836970080622e+05
2.475514363754699007e+05
2.521472795849973336e+05
2.567597754681853112e+05
2.613889863548057619e+05
2.660349747639927082e+05
2.706978034064620733e+05
2.753775351865643170e+05
2.800742332043342758e+05
2.847879607574790716e+05
2.895187813432714902e+05
2.942667586604482494e+05
2.990319566110302694e+05
3.038144393020716961e+05
3.086142710474489722e+05
3.134315163695216179e+05
3.182662400007976685e+05
3.231185068855944555e+05
3.279883821815997362e+05
3.328759312614565715e+05
3.377812197142911609e+05
3.427043133472395130e+05
3.476452781869159080e+05
3.526041804808983579e+05
3.575810866991477087e+05
3.625760635354451369e+05
3.675891779087842442e+05
3.726204969647570979e+05
3.776700880769181531e+05
3.827380188481479418e+05
3.878243571119667031e+05
3.929291709338626824e+05
3.980525286126146093e+05
4.031944986815606244e+05
4.083551499099144712e+05
4.135345513039843645e+05
4.187327721085073426e+05
4.239498818078397308e+05
4.291859501272221096e+05
4.344410470340279862e+05
4.397152427389679942e+05
4.450086076973227318e+05
4.503212126101488248e+05
4.556531284254896455e+05
4.610044263395797461e+05
4.663751777980171610e+05
4.717654544969771523e+05
4.771753283843866084e+05
4.826048716610993724e+05
4.880541567820806522e+05
4.935232564575821161e+05
4.990122436543048825e+05
5.045211915965517983e+05
5.100501737674174365e+05
5.155992639099201187e+05
5.211685360281942412e+05
5.267580643885994796e+05
5.323679235209194012e+05
5.379981882194883656e+05
5.436489335443461314e+05
5.493202348223950248e+05
5.550121676485487260e+05
5.607248078868621960e+05
5.664582316717030481e+05
5.722125154088824056e+05
5.779877357768067159e+05
5.837839697276263032e+05
5.896012944883825257e+05
5.954397875621388666e+05
6.012995267291546334e+05
6.071805900480055716e+05
6.130830558567577973e+05
6.190070027740902733e+05
6.249525097004608251e+05
6.309196558192656375e+05
6.369085205979535822e+05
6.429191837892183103e+05
6.489517254321400542e+05
6.550062258533365093e+05
6.610827656681074295e+05
6.671814257816381287e+05
6.733022873900984414e+05
6.794454319818420336e+05
6.856109413385754451e+05
6.917988975365059450e+05
6.980093829475140665e+05
7.042424802403268404e+05
7.104982723816751968e+05
7.167768426374844275e+05
7.230782745740581304e+05
7.294026520592339803e+05
7.357500592635981739e+05
7.421205806616065092e+05
7.485143010328426026e+05
7.549313054631811101e+05
7.613716793459616601e+05
7.678355083831904922e+05
7.743228785867467523e+05
7.808338762795983348e+05
7.873685880969739519e+05
7.939271009875703603e+05
8.005095022147917189e+05
8.071158793579177000e+05
8.137463203133826610e+05
8.204009132959139533e+05
8.270797468398381025e+05
8.337829098002391402e+05
8.405104913542063441e+05
8.472625810020714998e+05
8.540392685686617624e+05
8.608406442044961732e+05
8.676667983870725147e+05
8.745178219220782630e+05
8.813938059446446132e+05
8.882948419206396211e+05
8.952210216478651855e+05
9.021724372573485598e+05
9.091491812146166340e+05
9.161513463209329639e+05
9.231790257145962678e+05
9.302323128721979447e+05
9.373113016099031083e+05
9.444160860847539734e+05
9.515467607959387824e+05
9.587034205860779621e+05
9.658861606425198261e+05
9.730950764986719005e+05
9.803302640352563467e+05
9.875918194816382602e+05
9.948798394171481486e+05
1.002194420772384852e+06
1.009535660830536392e+06
1.016903657228703378e+06
1.024298507959230570e+06
1.031720311371017713e+06
1.039169166170911631e+06
1.046645171424998902e+06
1.054148426559941377e+06
1.061679031364369206e+06
1.069237085990216117e+06
1.076822690954069607e+06
1.084435947138535557e+06
1.092076955793621019e+06
1.099745818538085092e+06
1.107442637360842433e+06
1.115167514622303657e+06
1.122920553055823315e+06
1.130701855769033544e+06
1.138511526245251298e+06
1.146349668344908394e+06
1.154216386306931730e+06
1.162111784750140272e+06
1.170035968674704898e+06
1.177989043463508133e+06
1.185971114883605856e+06
1.193982289087670855e+06
1.202022672615376767e+06
1.210092372394879814e+06
1.218191495744248386e+06
1.226320150372906588e+06
1.234478444383079186e+06
1.242666486271287780e+06
1.250884384929778520e+06
1.259132249647980556e+06
1.267410190114039462e+06
1.275718316416232381e+06
1.284056739044478163e+06
1.292425568891836330e+06
1.300824917255979963e+06
1.309254895840720274e+06
1.317715616757480893e+06
1.326207192526831757e+06
1.334729736079996452e+06
1.343283360760369804e+06
1.351868180325055961e+06
1.360484308946383186e+06
1.369131861213460099e+06
1.377810952133695595e+06
1.386521697134364862e+06
1.395264212064141408e+06
1.404038613194682635e+06
1.412845017222174443e+06
1.421683541268914938e+06
1.430554302884871606e+06
1.439457420049278531e+06
1.448393011172216386e+06
1.457361195096196141e+06
1.466362091097758152e+06
1.475395818889104761e+06
1.484462498619666789e+06
1.493562250877752434e+06
1.502695196692149621e+06
1.511861457533736248e+06
1.521061155317160767e+06
1.530294412402426358e+06
1.539561351596570574e+06
1.548862096155303996e+06
1.558196769784663804e+06
1.567565496642667800e+06
1.576968401341001038e+06
1.586405608946682420e+06
1.595877244983730372e+06
1.605383435434852261e+06
1.614924306743148714e+06
1.624499985813802574e+06
1.634110600015785545e+06
1.643756277183559723e+06
1.653437145618796349e+06
1.663153334092108533e+06
1.672904971844771411e+06
1.682692188590449747e+06
1.692515114516949747e+06
1.702373880287951324e+06
1.712268617044784129e+06
1.722199456408165861e+06
1.732166530479976907e+06
1.742169971845027991e+06
1.752209913572845515e+06
1.762286489219454583e+06
1.772399832829174120e+06
1.782550078936388250e+06
1.792737362567392644e+06
1.802961819242184982e+06
1.813223584976265207e+06
1.823522796282489318e+06
1.833859590172884520e+06
1.844234104160473682e+06
1.854646476261156611e+06
1.865096844995521940e+06
1.875585349390731659e+06
1.886112128982370254e+06
1.896677323816313408e+06
1.907281074450614396e+06
1.917923521957388148e+06
1.928604807924695313e+06
1.939325074458441697e+06
1.950084464184286539e+06
1.960883120249561965e+06
1.971721186325169168e+06
1.982598806607525796e+06
1.993516125820491463e+06
2.004473289217299782e+06
2.015470442582515534e+06
2.026507732233981136e+06
2.037585305024783593e+06
2.048703308345220983e+06
2.059861890124780592e+06
2.071061198834103532e+06
2.082301383486995008e+06
2.093582593642414548e+06
2.104904979406477418e+06
2.116268691434466746e+06
2.127673880932855885e+06
2.139120699661333114e+06
2.150609299934832379e+06
2.162139834625563119e+06
2.173712457165081520e+06
2.185327321546345018e+06
2.196984582325743511e+06
2.208684394625200424e+06
2.220426914134246763e+06
2.232212297112104017e+06
2.244040700389761943e+06
2.255912281372108031e+06
2.267827198040014599e+06
2.279785608952463139e+06
2.291787673248653766e+06
2.303833550650177058e+06
2.315923401463109534e+06
2.328057386580192484e+06
2.340235667482943274e+06
2.352458406243871897e+06
2.364725765528630000e+06
2.377037908598176204e+06
2.389394999310969841e+06
2.401797202125177719e+06
2.414244682100895327e+06
2.426737604902280029e+06
2.439276136799861677e+06
2.451860444672707003e+06
2.464490696010701358e+06
2.477167058916743845e+06
2.489889702109028585e+06
2.502658794923302718e+06
2.515474507315136492e+06
2.528337009862177540e+06
2.541246473766473122e+06
2.554203070856713690e+06
2.567206973590588197e+06
2.580258355057040695e+06
2.593357388978627045e+06
2.606504249713833444e+06
2.619699112259407528e+06
2.632942152252709959e+06
2.646233545974026434e+06
2.659573470349003095e+06
2.672962102950926404e+06
2.686399622003188357e+06
2.699886206381616183e+06
2.713422035616873764e+06
2.727007289896894246e+06
2.740642150069278199e+06
2.754326797643686179e+06
2.768061414794338401e+06
2.781846184362361673e+06
2.795681289858341217e+06
2.809566915464675054e+06
2.823503246038130485e+06
2.837490467112251092e+06
2.851528764899889939e+06
2.865618326295654289e+06
2.879759338878478855e+06
2.893951990914062131e+06
2.908196471357446164e+06
2.922492969855520874e+06
2.936841676749530714e+06
2.951242783077692613e+06
2.965696480577715207e+06
2.980202961689352058e+06
2.994762419557017740e+06
3.009375048032353632e+06
3.024041041676800232e+06
3.038760595764260739e+06
3.053533906283653341e+06
3.068361169941565953e+06
3.083242584164910950e+06
3.098178347103526350e+06
3.113168657632854767e+06
3.128213715356622357e+06
3.143313720609446522e+06
3.158468874459586106e+06
3.173679378711611032e+06
3.188945435909113847e+06
3.204267249337401241e+06
3.219645023026215844e+06
3.235078961752493866e+06
3.250569271043107845e+06
3.266116157177575864e+06
3.281719827190858312e+06
3.297380488876135089e+06
3.313098350787573494e+06
3.328873622243117541e+06
3.344706513327308930e+06
3.360597234894082882e+06
3.376545998569609597e+06
3.392553016755109653e+06
3.408618502629705705e+06
3.424742670153266750e+06
3.440925734069299884e+06
3.457167909907805733e+06
3.473469413988166489e+06
3.489830463422058150e+06
3.506251276116310619e+06
3.522732070775911212e+06
3.539273066906846128e+06
3.555874484819089063e+06
3.572536545629526488e+06
3.589259471264941618e+06
3.606043484464986250e+06
3.622888808785147965e+06
3.639795668599731289e+06
3.656764289104890078e+06
3.673794896321649663e+06
3.690887717098907568e+06
3.708042979116472416e+06
3.725260910888137296e+06
3.742541741764700972e+06
3.759885701937099919e+06
3.777293022439418361e+06
3.794763935152039863e+06
3.812298672804728150e+06
3.829897468979746103e+06
3.847560558114970103e+06
3.865288175507064909e+06
3.883080557314620353e+06
3.900937940561273135e+06
3.918860563138963655e+06
3.936848663811032660e+06
3.954902482215481810e+06
3.973022258868144825e+06
3.991208235165958293e+06
4.009460653390143998e+06
4.027779756709445268e+06
4.046165789183448069e+06
4.064618995765790343e+06
4.083139622307483107e+06
4.101727915560158901e+06
4.120384123179412447e+06
4.139108493728127331e+06
4.157901276679756120e+06
4.176762722421708517e+06
4.195693082258664072e+06
4.214692608415985480e+06
4.233761554043055512e+06
4.252900173216676340e+06
4.272108720944506116e+06
4.291387453168425709e+06
4.310736626767999493e+06
4.330156499563898891e+06
4.349647330321358517e+06
4.369209378753662109e+06
4.388842905525576323e+06
4.408548172256898135e+06
4.428325441525914706e+06
4.448174976872948930e+06
4.468097042803864926e+06
4.488091904793625697e+06
4.508159829289842397e+06
4.528301083716356196e+06
4.548515936476802453e+06
4.568804656958220527e+06
4.589167515534652397e+06
4.609604783570762724e+06
4.630116733425489627e+06
4.650703638455670327e+06
4.671365773019714281e+06
4.692103412481287494e+06
4.712916833213000558e+06
4.733806312600070611e+06
4.754772129044071771e+06
4.775814561966686510e+06
4.796933891813402064e+06
4.818130400057299994e+06
4.839404369202804752e+06
4.860756082789470442e+06
4.882185825395788066e+06
4.903693882643011399e+06
4.925280541198946536e+06
4.946946088781823404e+06
4.968690814164130017e+06
4.990515007176500745e+06
5.012418958711564541e+06
5.034402960727893747e+06
5.056467306253870018e+06
5.078612289391610771e+06
5.100838205320952460e+06
5.123145350303362124e+06
5.145534021685922518e+06
5.168004517905293964e+06
5.190557138491759077e+06
5.213192184073197655e+06
5.235909956379128620e+06
5.258710758244716562e+06
5.281594893614903092e+06
5.304562667548404075e+06
5.327614386221842840e+06
5.350750356933835894e+06
5.373970888109096326e+06
5.397276289302595891e+06
5.420666871203687973e+06
5.444142945640293881e+06
5.467704825583023950e+06
5.491352825149441138e+06
5.515087259608263150e+06
5.538908445383500308e+06
5.562816700058803894e+06
5.586812342381669208e+06
5.610895692267668433e+06
5.635067070804842748e+06
5.659326800257906318e+06
5.683675204072586261e+06
5.708112606879979372e+06
5.732639334500920027e+06
5.757255713950273581e+06
5.781962073441362940e+06
5.806758742390403524e+06
5.831646051420810632e+06
5.856624332367744297e+06
5.881693918282488361e+06
5.906855143436926417e+06
5.932108343328048475e+06
5.957453854682390578e+06
5.982892015460593626e+06
6.008423164861921221e+06
6.034047643328768201e+06
6.059765792551287450e+06
6.085577955471927300e+06
6.111484476290042512e+06
6.137485700466453098e+06
6.163581974728153087e+06
6.189773647072920576e+06
6.216061066773984581e+06
6.242444584384669550e+06
6.268924551743143238e+06
6.295501321977126412e+06
6.322175249508569948e+06
6.348946690058488399e+06
6.375816000651656650e+06
6.402783539621423930e+06
6.429849666614512913e+06
6.457014742595837452e+06
6.484279129853365012e+06
6.511643192002883181e+06
6.539107293992986903e+06
6.566671802109901793e+06
6.594337083982417360e+06
6.622103508586774580e+06
6.649971446251671761e+06
6.677941268663156778e+06
6.706013348869694397e+06
6.734188061287077144e+06
6.762465781703494489e+06
6.790846887284554541e+06
6.819331756578371860e+06
6.847920769520550966e+06
6.876614307439392433e+06
6.905412753060898744e+06
6.934316490513973869e+06
6.963325905335571617e+06
6.992441384475795552e+06
7.021663316303141415e+06
7.050992090609720908e+06
7.080428098616414703e+06
7.109971732978165150e+06
7.139623387789240107e+06
7.169383458588491194e+06
7.199252342364666052e+06
7.229230437561734580e+06
7.259318144084198400e+06
7.289515863302514888e+06
7.319823998058397323e+06
7.350242952670286410e+06
7.380773132938729599e+06
7.411414946151793003e+06
7.442168801090598106e+06
7.473035108034739271e+06
7.504014278767781332e+06
7.535106726582815871e+06
7.566312866287963465e+06
7.597633114211969078e+06
7.629067888209758326e+06
7.660617607668038458e+06
7.692282693510921672e+06
7.724063568205585703e+06
7.755960655767899007e+06
7.787974381768140942e+06
7.820105173336690292e+06
7.852353459169737995e+06
7.884719669535061345e+06
7.917204236277766526e+06
7.949807592826064676e+06
7.982530174197144806e+06
8.015372417002929375e+06
8.048334759455975145e+06
8.081417641375331208e+06
8.114621504192424938e+06
8.147946790957007557e+06
8.181393946343043819e+06
8.214963416654732078e+06
8.248655649832438678e+06
8.282471095458734781e+06
8.316410204764401540e+06
8.350473430634489283e+06
8.384661227614391595e+06
8.418974051915921271e+06
8.453412361423440278e+06
8.487976615699989721e+06
8.522667275993473828e+06
8.557484805242814124e+06
8.592429668084152043e+06
8.627502330857114866e+06
8.662703261611014605e+06
8.698032930111169815e+06
8.733491807845182717e+06
8.769080368029262871e+06
8.804799085614562035e+06
8.840648437293555588e+06
8.876628901506414637e+06
8.912740958447439596e+06
8.948985090071491897e+06
8.985361780100453645e+06
9.021871514029707760e+06
9.058514779134631157e+06
9.095292064477179199e+06
9.132203860912397504e+06
9.169250661094998941e+06
9.206432959486011416e+06
9.243751252359354869e+06
9.281206037808522582e+06
9.318797815753273666e+06
9.356527087946292013e+06
9.394394357979962602e+06
9.432400131293069571e+06
9.470544915177632123e+06
9.508829218785660341e+06
9.547253553136000410e+06
9.585818431121174246e+06
9.624524367514280602e+06
9.663371878975873813e+06
9.702361484060879797e+06
9.741493703225595877e+06
9.780769058834612370e+06
9.820188075167872012e+06
9.859751278427641839e+06
9.899459196745613590e+06
9.939312360189957544e+06
9.979311300772445276e+06
1.001945655245558918e+07
1.005974865115977824e+07
1.010018813477048464e+07
1.014077554314545915e+07
1.018151141812197119e+07
1.022239630352411047e+07
1.026343074517001770e+07
1.030461529087924585e+07
1.034595049048011377e+07
1.038743689581703581e+07
1.042907506075794436e+07
1.047086554120172933e+07
1.051280889508567750e+07
1.055490568239295669e+07
1.059715646516012587e+07
1.063956180748466402e+07
1.068212227553255111e+07
1.072483843754584156e+07
1.076771086385028809e+07
1.081074012686300837e+07
1.085392680110013485e+07
1.089727146318453364e+07
1.094077469185352698e+07
1.098443706796667166e+07
1.102825917451352626e+07
1.107224159662148170e+07
1.111638492156361043e+07
1.116068973876653239e+07
1.120515663981832564e+07
1.124978621847645380e+07
1.129457907067573071e+07
1.133953579453632236e+07
1.138465699037176557e+07
1.142994326069699600e+07
1.147539521023645066e+07
1.152101344593217410e+07
1.156679857695194706e+07
1.161275121469747461e+07
1.165887197281257622e+07
1.170516146719140559e+07
1.175162031598672643e+07
1.179824913961818442e+07
1.184504856078065932e+07
1.189201920445256308e+07
1.193916169790428877e+07
1.198647667070656829e+07
1.203396475473892502e+07
1.208162658419818059e+07
1.212946279560693912e+07
1.217747402782212757e+07
1.222566092204352841e+07
1.227402412182243168e+07
1.232256427307027951e+07
1.237128202406721748e+07
1.242017802547091991e+07
1.246925293032526784e+07
1.251850739406907000e+07
1.256794207454492897e+07
1.261755763200797513e+07
1.266735472913481854e+07
1.271733403103234805e+07
1.276749620524672791e+07
1.281784192177226394e+07
1.286837185306051187e+07
1.291908667402915843e+07
1.296998706207117066e+07
1.302107369706387632e+07
1.307234726137802377e+07
1.312380843988698907e+07
1.317545791997594014e+07
1.322729639155105129e+07
1.327932454704876617e+07
1.333154308144512214e+07
1.338395269226496853e+07
1.343655407959145494e+07
1.348934794607530907e+07
1.354233499694434926e+07
1.359551594001287222e+07
1.364889148569120280e+07
1.370246234699517488e+07
1.375622923955574818e+07
1.381019288162855245e+07
1.386435399410358630e+07
1.391871330051483214e+07
1.397327152704995871e+07
1.402802940256011300e+07
1.408298765856967308e+07
1.413814702928601578e+07
1.419350825160946511e+07
1.424907206514307298e+07
1.430483921220260300e+07
1.436081043782646768e+07
1.441698648978574760e+07
1.447336811859417520e+07
1.452995607751823217e+07
1.458675112258725800e+07
1.464375401260359213e+07
1.470096550915273279e+07
1.475838637661360018e+07
1.481601738216870278e+07
1.487385929581454583e+07
1.493191289037185721e+07
1.499017894149602950e+07
1.504865822768748552e+07
1.510735153030209616e+07
1.516625963356173597e+07
1.522538332456477731e+07
1.528472339329658821e+07
1.534428063264023326e+07
1.540405583838703483e+07
1.546404980924728140e+07
1.552426334686091542e+07
1.558469725580832921e+07
1.564535234362113476e+07
1.570622942079299130e+07
1.576732930079050921e+07
1.582865280006411299e+07
1.589020073805904761e+07
1.595197393722635135e+07
1.601397322303388268e+07
1.607619942397738993e+07
1.613865337159165367e+07
1.620133590046162158e+07
1.626424784823362902e+07
1.632739005562660843e+07
1.639076336644337699e+07
1.645436862758196145e+07
1.651820668904699758e+07
1.658227840396107361e+07
1.664658462857618183e+07
1.671112622228526697e+07
1.677590404763370007e+07
1.684091897033086792e+07
1.690617185926181823e+07
1.697166358649886027e+07
1.703739502731328830e+07
1.710336706018717960e+07
1.716958056682509929e+07
1.723603643216598779e+07
1.730273554439498112e+07
1.736967879495541751e+07
1.743686707856070623e+07
1.750430129320637509e+07
1.757198234018211067e+07
1.763991112408386916e+07
1.770808855282601342e+07
1.777651553765346482e+07
1.784519299315395206e+07
1.791412183727030084e+07
1.798330299131270126e+07
1.805273737997113168e+07
1.812242593132771552e+07
1.819236957686921209e+07
1.826256925149950013e+07
1.833302589355210215e+07
1.840374044480284676e+07
1.847471385048238561e+07
1.854594705928901583e+07
1.861744102340130135e+07
1.868919669849093631e+07
1.876121504373548180e+07
1.883349702183130756e+07
1.890604359900646657e+07
1.897885574503368884e+07
1.905193443324340880e+07
1.912528064053679630e+07
1.919889534739884734e+07
1.927277953791161254e+07
1.934693419976732880e+07
1.942136032428170741e+07
1.949605890640724450e+07
1.957103094474657252e+07
1.964627744156584144e+07
1.972179940280818939e+07
1.979759783810724318e+07
1.987367376080065966e+07
1.995002818794369698e+07
2.002666214032292739e+07
2.010357664246989042e+07
2.018077272267485037e+07
2.025825141300060228e+07
2.033601374929632246e+07
2.041406077121147513e+07
2.049239352220974118e+07
2.057101304958305508e+07
2.064992040446565300e+07
2.072911664184817299e+07
2.080860282059179619e+07
2.088838000344249234e+07
2.096844925704526901e+07
2.104881165195847303e+07
2.112946826266818121e+07
2.121042016760262474e+07
2.129166844914660975e+07
2.137321419365611300e+07
2.145505849147284031e+07
2.153720243693884462e+07
2.161964712841124460e+07
2.170239366827691346e+07
2.178544316296733916e+07
2.186879672297341004e+07
2.195245546286040172e+07
2.203642050128283724e+07
2.212069296099959686e+07
2.220527396888890862e+07
2.229016465596355870e+07
2.237536615738597512e+07
2.246087961248353869e+07
2.254670616476384178e+07
2.263284696193003654e+07
2.271930315589627624e+07
2.280607590280311555e+07
2.289316636303309351e+07
2.298057570122624934e+07
2.306830508629580960e+07
2.315635569144384190e+07
2.324472869417702034e+07
2.333342527632241696e+07
2.342244662404337153e+07
2.351179392785542458e+07
2.360146838264230639e+07
2.369147118767190725e+07
2.378180354661249369e+07
2.387246666754874960e+07
2.396346176299806312e+07
2.405479004992678761e+07
2.414645274976656213e+07
2.423845108843070641e+07
2.433078629633073509e+07
2.442345960839274526e+07
2.451647226407416910e+07
2.460982550738032162e+07
2.470352058688102290e+07
2.479755875572747737e+07
2.489194127166904882e+07
2.498666939707016572e+07
2.508174439892721549e+07
2.517716754888560995e+07
2.527294012325689569e+07
2.536906340303573385e+07
2.546553867391723022e+07
2.556236722631415725e+07
2.565955035537426919e+07
2.575708936099770293e+07
2.585498554785444215e+07
2.595324022540182993e+07
2.605185470790201426e+07
2.615083031443981081e+07
2.625016836894030869e+07
2.634987020018658414e+07
2.644993714183767140e+07
2.655037053244633973e+07
2.665117171547714993e+07
2.675234203932446614e+07
2.685388285733049735e+07
2.695579552780362219e+07
2.705808141403646022e+07
2.716074188432421163e+07
2.726377831198311597e+07
2.736719207536882162e+07
2.747098455789484829e+07
2.757515714805127680e+07
2.767971123942333087e+07
2.778464823070999607e+07
2.788996952574297786e+07
2.799567653350539878e+07
2.810177066815079004e+07
2.820825334902206808e+07
2.831512600067056343e+07
2.842239005287518352e+07
2.853004694066164270e+07
2.863809810432157665e+07
2.874654498943210021e+07
2.885538904687502980e+07
2.896463173285638168e+07
2.907427450892613083e+07
2.918431884199753776e+07
2.929476620436704904e+07
2.940561807373403385e+07
2.951687593322053552e+07
2.962854127139129862e+07
2.974061558227366209e+07
2.985310036537767947e+07
2.996599712571622804e+07
3.007930737382526323e+07
3.019303262578395382e+07
3.030717440323526040e+07
3.042173423340621963e+07
3.053671364912843704e+07
3.065211418885878846e+07
3.076793739669996127e+07
3.088418482242122665e+07
3.100085802147925645e+07
3.111795855503905565e+07
3.123548798999483138e+07
3.135344789899107814e+07
3.147183986044372246e+07
3.159066545856129378e+07
3.170992628336615488e+07
3.182962393071592972e+07
3.194976000232489035e+07
3.207033610578546301e+07
3.219135385458984226e+07
3.231281486815161258e+07
3.243472077182755992e+07
3.255707319693943113e+07
3.267987378079585731e+07
3.280312416671437025e+07
3.292682600404346734e+07
3.305098094818469882e+07
3.317559066061495990e+07
3.330065680890884250e+07
3.342618106676087528e+07
3.355216511400816590e+07
3.367861063665286452e+07
3.380551932688482851e+07
3.393289288310439140e+07
3.406073300994507223e+07
3.418904141829653084e+07
3.431781982532756031e+07
3.444706995450914651e+07
3.457679353563755751e+07
3.470699230485758185e+07
3.483766800468592346e+07
3.496882238403452933e+07
3.510045719823407382e+07
3.523257420905760676e+07
3.536517518474414200e+07
3.549826190002240241e+07
3.563183613613467664e+07
3.576589968086079508e+07
3.590045432854197919e+07
3.603550188010517508e+07
3.617104414308705181e+07
3.630708293165832013e+07
3.644362006664814055e+07
3.658065737556851655e+07
3.671819669263895601e+07
3.685623985881091654e+07
3.699478872179269791e+07
3.713384513607419282e+07
3.727341096295177937e+07
3.741348807055336982e+07
3.755407833386344463e+07
