0.000000000000000000e+00
3.706482986240414903e+03
7.425973651249776594e+03
1.115854230963357259e+04
1.490425702821754385e+04
1.866318399477272760e+04
2.243538782114908099e+04
2.622093179354956374e+04
3.001987808027351275e+04
3.383228790493018460e+04
3.765822169161250349e+04
4.149773918716632761e+04
4.535089956468611490e+04
4.921776151152420789e+04
5.309838330453401431e+04
5.699282287468854338e+04
6.090113786286860704e+04
6.482338566820695996e+04
6.875962349020410329e+04
7.270990836560423486e+04
7.667429720077686943e+04
8.065284680028422736e+04
8.464561389226140454e+04
8.865265515092643909e+04
9.267402721671923064e+04
9.670978671437315643e+04
1.007599902691689786e+05
1.048246945215882733e+05
1.089039561406201683e+05
1.129978318358473480e+05
1.171063783684701193e+05
1.212296525613968261e+05
1.253677113084951416e+05
1.295206115830945782e+05
1.336884104458335787e+05
1.378711650519503746e+05
1.420689326580036432e+05
1.462817706281438004e+05
1.505097364399393555e+05
1.547528876898400486e+05
1.590112820982814301e+05
1.632849775144930463e+05
1.675740319209764712e+05
1.718785034377598204e+05
1.761984503264275845e+05
1.805339309939004015e+05
1.848850039960257709e+05
1.892517280409911182e+05
1.936341619925952982e+05
1.980323648733184673e+05
2.024463958672943991e+05
2.068763143231291324e+05
2.113221797566160094e+05
2.157840518533305731e+05
2.202619904711123090e+05
2.247560556424863171e+05
2.292663075769625138e+05
2.337928066632931586e+05
2.383356134715983644e+05
2.428947887554559857e+05
2.474703934539512265e+05
2.520624886936189141e+05
2.566711357903503813e+05
2.612963962512610015e+05
2.659383317764536478e+05
2.705970042608289514e+05
2.752724757957600523e+05
2.799648086707803886e+05
2.846740653752358630e+05
2.894003085998548195e+05
2.941436012383440975e+05
2.989040063889240846e+05
3.036815873558081221e+05
3.084764076507298741e+05
3.132885309943656903e+05
3.181180213177681435e+05
3.229649427638070192e+05
3.278293596885227598e+05
3.327113366625146009e+05
3.376109384722802788e+05
3.425282301215617917e+05
3.474632768326492514e+05
3.524161440476959106e+05
3.573868974299905822e+05
3.623756028652405366e+05
3.673823264628276229e+05
3.724071345570574049e+05
3.774500937083929311e+05
3.825112707046971191e+05
3.875907325624262448e+05
3.926885465278476477e+05
3.978047800782497507e+05
4.029395009231092408e+05
4.080927770053052809e+05
4.132646765022450127e+05
4.184552678271001205e+05
4.236646196299125440e+05
4.288928007987712044e+05
4.341398804609780200e+05
4.394059279841720127e+05
4.446910129774848465e+05
4.499952052926719189e+05
4.553185750252511352e+05
4.606611925156377256e+05
4.660231283502471633e+05
4.714044533626448829e+05
4.768052386346550193e+05
4.822255554974789266e+05
4.876654755328113679e+05
4.931250705739634577e+05
4.986044127069667447e+05
5.041035742716703098e+05
5.096226278628767468e+05
5.151616463314213324e+05
5.207207027853119653e+05
5.262998705907922704e+05
5.318992233734868933e+05
5.375188350194827653e+05
5.431587796764364466e+05
5.488191317546840291e+05
5.544999659283466171e+05
5.602013571364176460e+05
5.659233805838853586e+05
5.716661117428303696e+05
5.774296263535262551e+05
5.832140004255520180e+05
5.890193102389003616e+05
5.948456323450654745e+05
6.006930435681783129e+05
6.065616210060915910e+05
6.124514420315125026e+05
6.183625842930902727e+05
6.242951257165428251e+05
6.302491445057811216e+05
6.362247191439890303e+05
6.422219283947760705e+05
6.482408513032873161e+05
6.542815671973170247e+05
6.603441556884213351e+05
6.664286966730840504e+05
6.725352703337843996e+05
6.786639571401632857e+05
6.848148378501557745e+05
6.909879935111091472e+05
6.971835054609212093e+05
7.034014553291792981e+05
7.096419250382920727e+05
7.159049968046364374e+05
7.221907531397198327e+05
7.284992768512987532e+05
7.348306510445615277e+05
7.411849591232242528e+05
7.475622847907480318e+05
7.539627120514758863e+05
7.603863252117780503e+05
7.668332088812175207e+05
7.733034479737316724e+05
7.797971277088089846e+05
7.863143336126364302e+05
7.928551515192748047e+05
7.994196675718701445e+05
8.060079682237834204e+05
8.126201402398459613e+05
8.192562706974686589e+05
8.259164469879097305e+05
8.326007568174134940e+05
8.393092882084187586e+05
8.460421295007686131e+05
8.527993693529341836e+05
8.595810967431804165e+05
8.663874009708254598e+05
8.732183716574145947e+05
8.800740987479481846e+05
8.869546725121471100e+05
8.938601835456145927e+05
9.007907227710990701e+05
9.077463814397382084e+05
9.147272511322700884e+05
9.217334237602918874e+05
9.287649915674938820e+05
9.358220471309120767e+05
9.429046833621927071e+05
9.500129935088388156e+05
9.571470711554598529e+05
9.643070102250415366e+05
9.714929049802438822e+05
9.787048500246249605e+05
9.859429403039419558e+05
9.932072711074401159e+05
1.000497938069123309e+06
1.007815037169049494e+06
1.015158664734615711e+06
1.022528917441865196e+06
1.029925892316763755e+06
1.037349686736557633e+06
1.044800398431043141e+06
1.052278125483861892e+06
1.059782966333867284e+06
1.067315019776425324e+06
1.074874384964739205e+06
1.082461161411172943e+06
1.090075448988611810e+06
1.097717347931772005e+06
1.105386958838578779e+06
1.113084382671472616e+06
1.120809720758822281e+06
1.128563074796232861e+06
1.136344546847912949e+06
1.144154239348075353e+06
1.151992255102284253e+06
1.159858697288824245e+06
1.167753669460115489e+06
1.175677275544053409e+06
1.183629619845431298e+06
1.191610807047348004e+06
1.199620942212562077e+06
1.207660130784940906e+06
1.215728478590853512e+06
1.223826091840585694e+06
1.231953077129741199e+06
1.240109541440716479e+06
1.248295592144081835e+06
1.256511337000017520e+06
1.264756884159803391e+06
1.273032342167205177e+06
1.281337819959947839e+06
1.289673426871180069e+06
1.298039272630912717e+06
1.306435467367508449e+06
1.314862121609118301e+06
1.323319346285186242e+06
1.331807252727913670e+06
1.340325952673749533e+06
1.348875558264884632e+06
1.357456182050736155e+06
1.366067936989465728e+06
1.374710936449464876e+06
1.383385294210884254e+06
1.392091124467127025e+06
1.400828541826398112e+06
1.409597661313218996e+06
1.418398598369965795e+06
1.427231468858394772e+06
1.436096389061198104e+06
1.444993475683554076e+06
1.453922845854662824e+06
1.462884617129317950e+06
1.471878907489498146e+06
1.480905835345895495e+06
1.489965519539517350e+06
1.499058079343269579e+06
1.508183634463511407e+06
1.517342305041707586e+06
1.526534211655969266e+06
1.535759475322694983e+06
1.545018217498172540e+06
1.554310560080194846e+06
1.563636625409669243e+06
1.572996536272266880e+06
1.582390415900053456e+06
1.591818387973114382e+06
1.601280576621196698e+06
1.610777106425381731e+06
1.620308102419732604e+06
1.629873690092955716e+06
1.639473995390065946e+06
1.649109144714068156e+06
1.658779264927639160e+06
1.668484483354812022e+06
1.678224927782665938e+06
1.688000726463034283e+06
1.697812008114190772e+06
1.707658901922587771e+06
1.717541537544555496e+06
1.727460045108027291e+06
1.737414555214273743e+06
1.747405198939637281e+06
1.757432107837278396e+06
1.767495413938921876e+06
1.777595249756595120e+06
1.787731748284423258e+06
1.797905043000375852e+06
1.808115267868026625e+06
1.818362557338363957e+06
1.828647046351564117e+06
1.838968870338766836e+06
1.849328165223912802e+06
1.859725067425516434e+06
1.870159713858495932e+06
1.880632241935989354e+06
1.891142789571173955e+06
1.901691495179097168e+06
1.912278497678534593e+06
1.922903936493812129e+06
1.933567951556667220e+06
1.944270683308110107e+06
1.955012272700298578e+06
1.965792861198381986e+06
1.976612590782407206e+06
1.987471603949197568e+06
1.998370043714239262e+06
2.009308053613586351e+06
2.020285777705761138e+06
2.031303360573675018e+06
2.042360947326550726e+06
2.053458683601847384e+06
2.064596715567174368e+06
2.075775189922263380e+06
2.086994253900902811e+06
2.098254055272892118e+06
2.109554742346002255e+06
2.120896463967956603e+06
2.132279369528396521e+06
2.143703608960867859e+06
2.155169332744804677e+06
2.166676691907542292e+06
2.178225838026325218e+06
2.189816923230292276e+06
2.201450100202521775e+06
2.213125522182053886e+06
2.224843342965929303e+06
2.236603716911208350e+06
2.248406798937049694e+06
2.260252744526752736e+06
2.272141709729824215e+06
2.284073851164036430e+06
2.296049326017548796e+06
2.308068292050941382e+06
2.320130907599356491e+06
2.332237331574554089e+06
2.344387723467062693e+06
2.356582243348275777e+06
2.368821051872582640e+06
2.381104310279494617e+06
2.393432180395796895e+06
2.405804824637708254e+06
2.418222406012980267e+06
2.430685088123139925e+06
2.443193035165602341e+06
2.455746411935890093e+06
2.468345383829782251e+06
2.480990116845533252e+06
2.493680777586084325e+06
2.506417533261262812e+06
2.519200551689994521e+06
2.532030001302559394e+06
2.544906051142786629e+06
2.557828870870338287e+06
2.570798630762931891e+06
2.583815501718612853e+06
2.596879655258039013e+06
2.609991263526736293e+06
2.623150499297399074e+06
2.636357535972140264e+06
2.649612547584880143e+06
2.662915708803549409e+06
2.676267194932503160e+06
2.689667181914796587e+06
2.703115846334513277e+06
2.716613365419151727e+06
2.730159917041953653e+06
2.743755679724250454e+06
2.757400832637870219e+06
2.771095555607460905e+06
2.784840029112955090e+06
2.798634434291880578e+06
2.812478952941836324e+06
2.826373767522853799e+06
2.840319061159858480e+06
2.854315017645056359e+06
2.868361821440441068e+06
2.882459657680168282e+06
2.896608712173071690e+06
2.910809171405108180e+06
2.925061222541789524e+06
2.939365053430755157e+06
2.953720852604198735e+06
2.968128809281384107e+06
2.982589113371182699e+06
2.997101955474572256e+06
3.011667526887156069e+06
3.026286019601736683e+06
3.040957626310832798e+06
3.055682540409245528e+06
3.070460955996655393e+06
3.085293067880147602e+06
3.100179071576844435e+06
3.115119163316484541e+06
3.130113540043994319e+06
3.145162399422151502e+06
3.160265939834189136e+06
3.175424360386451706e+06
3.190637860910984222e+06
3.205906641968228854e+06
3.221230904849687591e+06
3.236610851580587216e+06
3.252046684922538698e+06
3.267538608376257122e+06
3.283086826184265316e+06
3.298691543333578855e+06
3.314352965558458120e+06
3.330071299343116581e+06
3.345846751924473792e+06
3.361679531294910237e+06
3.377569846205013804e+06
3.393517906166375615e+06
3.409523921454323456e+06
3.425588103110776283e+06
3.441710662947002798e+06
3.457891813546449877e+06
3.474131768267579377e+06
3.490430741246640682e+06
3.506788947400602512e+06
3.523206602429934777e+06
3.539683922821512446e+06
3.556221125851456076e+06
3.572818429588052444e+06
3.589476052894640714e+06
3.606194215432501398e+06
3.622973137663773261e+06
3.639813040854402818e+06
3.656714147077078000e+06
3.673676679214155301e+06
3.690700860960637219e+06
3.707786916827142239e+06
3.724935072142863646e+06
3.742145553058604710e+06
3.759418586549742147e+06
3.776754400419260375e+06
3.794153223300762475e+06
3.811615284661524929e+06
3.829140814805513248e+06
3.846730044876484200e+06
3.864383206861030310e+06
3.882100533591643907e+06
3.899882258749850094e+06
3.917728616869261488e+06
3.935639843338738196e+06
3.953616174405474216e+06
3.971657847178176045e+06
3.989765099630185403e+06
4.007938170602607541e+06
4.026177299807560630e+06
4.044482727831295691e+06
4.062854696137431078e+06
4.081293447070108727e+06
4.099799223857268691e+06
4.118372270613863133e+06
4.137012832345071249e+06
4.155721154949583113e+06
4.174497485222838819e+06
4.193342070860337466e+06
4.212255160460909829e+06
4.231237003530002199e+06
4.250287850483037531e+06
4.269407952648691833e+06
4.288597562272263691e+06
4.307856932519005612e+06
4.327186317477491684e+06
4.346585972163012251e+06
4.366056152520915493e+06
4.385597115430062637e+06
4.405209118706190959e+06
4.424892421105375513e+06
4.444647282327441499e+06
4.464473963019418530e+06
4.484372724779009819e+06
4.504343830158062279e+06
4.524387542666049674e+06
4.544504126773581840e+06
4.564693847915911116e+06
4.584956972496455535e+06
4.605293767890356481e+06
4.625704502447994426e+06
4.646189445498589426e+06
4.666748867353755049e+06
4.687383039311113767e+06
4.708092233657861128e+06
4.728876723674409091e+06
4.749736783638028428e+06
4.770672688826464117e+06
4.791684715521619655e+06
4.812773141013198532e+06
4.833938243602400646e+06
4.855180302605617791e+06
4.876499598358166404e+06
4.897896412217969075e+06
4.919371026569327340e+06
4.940923724826654419e+06
4.962554791438254528e+06
4.984264511890076101e+06
5.006053172709539533e+06
5.027921061469331384e+06
5.049868466791186482e+06
5.071895678349787369e+06
5.094002986876581796e+06
5.116190684163617902e+06
5.138459063067461364e+06
5.160808417513080873e+06
5.183239042497736402e+06
5.205751234094909392e+06
5.228345289458212443e+06
5.251021506825391203e+06
5.273780185522225685e+06
5.296621625966558233e+06
5.319546129672252573e+06
5.342553999253195710e+06
5.365645538427360356e+06
5.388821052020790055e+06
5.412080845971691422e+06
5.435425227334446274e+06
5.458854504283754155e+06
5.482368986118702218e+06
5.505968983266842552e+06
5.529654807288369164e+06
5.553426770880232565e+06
5.577285187880259007e+06
5.601230373271420598e+06
5.625262643185909837e+06
5.649382314909406938e+06
5.673589706885260530e+06
5.697885138718766160e+06
5.722268931181359105e+06
5.746741406214907765e+06
5.771302886936006136e+06
5.795953697640199214e+06
5.820694163806377910e+06
5.845524612101053819e+06
5.870445370382719673e+06
5.895456767706201412e+06
5.920559134327016771e+06
5.945752801705789752e+06
5.971038102512641810e+06
5.996415370631589554e+06
6.021884941165051423e+06
6.047447150438209996e+06
6.073102336003583856e+06
6.098850836645389907e+06
6.124692992384154350e+06
6.150629144481189549e+06
6.176659635443136096e+06
6.202784809026489966e+06
6.229005010242194869e+06
6.255320585360244848e+06
6.281731881914232858e+06
6.308239248706032522e+06
6.334843035810391419e+06
6.361543594579607248e+06
6.388341277648169547e+06
6.415236438937477767e+06
6.442229433660550974e+06
6.469320618326693773e+06
6.496510350746296346e+06
6.523798990035556257e+06
6.551186896621283144e+06
6.578674432245631702e+06
6.606261959970980883e+06
6.633949844184696674e+06
6.661738450604044832e+06
6.689628146280971356e+06
6.717619299607040361e+06
6.745712280318320729e+06
6.773907459500293247e+06
6.802205209592762403e+06
6.830605904394867830e+06
6.859109919069968164e+06
6.887717630150711164e+06
6.916429415544010699e+06
6.945245654536011629e+06
6.974166727797234431e+06
7.003193017387568019e+06
7.032324906761362217e+06
7.061562780772522092e+06
7.090907025679643266e+06
7.120358029151143506e+06
7.149916180270394310e+06
7.179581869540905580e+06
7.209355488891514950e+06
7.239237431681626476e+06
7.269228092706384137e+06
7.299327868201989681e+06
7.329537155850916170e+06
7.359856354787200689e+06
7.390285865601791069e+06
7.420826090347833931e+06
7.451477432546021417e+06
7.482240297189982608e+06
7.513115090751634911e+06
7.544102221186613664e+06
7.575202097939703614e+06
7.606415131950244308e+06
7.637741735657628626e+06
7.669182323006773368e+06
7.700737309453628957e+06
7.732407111970707774e+06
7.764192149052610621e+06
7.796092840721609071e+06
7.828109608533222228e+06
7.860242875581834465e+06
7.892493066506283358e+06
7.924860607495563105e+06
7.957345926294447854e+06
7.989949452209208161e+06
8.022671616113297641e+06
8.055512850453082472e+06
8.088473589253623039e+06
8.121554268124410883e+06
8.154755324265174568e+06
8.188077196471706033e+06
8.221520325141662732e+06
8.255085152280472219e+06
8.288772121507173404e+06
8.322581678060321137e+06
8.356514268803915009e+06
8.390570342233343050e+06
8.424750348481342196e+06
8.459054739323990420e+06
8.493483968186723068e+06
8.528038490150310099e+06
8.562718761957008392e+06
8.597525242016527802e+06
8.632458390412203968e+06
8.667518668907076120e+06
8.702706540950067341e+06
8.738022471682107076e+06
8.773466927942357957e+06
8.809040378274371848e+06
8.844743292932370678e+06
8.880576143887482584e+06
8.916539404834028333e+06
8.952633551195804030e+06
8.988859060132415965e+06
9.025216410545637831e+06
9.061706083085758612e+06
9.098328560157995671e+06
9.135084325928896666e+06
9.171973866332797334e+06
9.208997669078255072e+06
9.246156223654577509e+06
9.283450021338289604e+06
9.320879555199719965e+06
9.358445320109505206e+06
9.396147812745211646e+06
9.433987531597927213e+06
9.471964976978890598e+06
9.510080651026166975e+06
9.548335057711297646e+06
9.586728702846029773e+06
9.625262094089021906e+06
9.663935740952624008e+06
9.702750154809625819e+06
9.741705848900094628e+06
9.780803338338181376e+06
9.820043140118956566e+06
9.859425773125341162e+06
9.898951758134949952e+06
9.938621617827054113e+06
9.978435876789541915e+06
1.001839506152588129e+07
1.005849970046211407e+07
1.009875032395391352e+07
1.013914746429362148e+07
1.017969165571734123e+07
1.022038343441203423e+07
1.026122333852267452e+07
1.030221190815938078e+07
1.034334968540461734e+07
1.038463721432040259e+07
1.042607504095555656e+07
1.046766371335298754e+07
1.050940378155691363e+07
1.055129579762025177e+07
1.059334031561193801e+07
1.063553789162429422e+07
1.067788908378042653e+07
1.072039445224166848e+07
1.076305455921502225e+07
1.080586996896063723e+07
1.084884124779933877e+07
1.089196896412012726e+07
1.093525368838776834e+07
1.097869599315039255e+07
1.102229645304708369e+07
1.106605564481555484e+07
1.110997414729980566e+07
1.115405254145782627e+07
1.119829141036934033e+07
1.124269133924354427e+07
1.128725291542693228e+07
1.133197672841105424e+07
1.137686336984042451e+07
1.142191343352034129e+07
1.146712751542483270e+07
1.151250621370455809e+07
1.155805012869478017e+07
1.160375986292335391e+07
1.164963602111874521e+07
1.169567921021808498e+07
1.174189003937523440e+07
1.178826911996889301e+07
1.183481706561075523e+07
1.188153449215365946e+07
1.192842201769977063e+07
1.197548026260884851e+07
1.202270984950646572e+07
1.207011140329231322e+07
1.211768555114851519e+07
1.216543292254797183e+07
1.221335414926275238e+07
1.226144986537247896e+07
1.230972070727277733e+07
1.235816731368376315e+07
1.240679032565853000e+07
1.245559038659167662e+07
1.250456814222787693e+07
1.255372424067048356e+07
1.260305933239014819e+07
1.265257407023345865e+07
1.270226910943167284e+07
1.275214510760940611e+07
1.280220272479339316e+07
1.285244262342128158e+07
1.290286546835044585e+07
1.295347192686683871e+07
1.300426266869386844e+07
1.305523836600132287e+07
1.310639969341430441e+07
1.315774732802221738e+07
1.320928194938780367e+07
1.326100423955613747e+07
1.331291488306376897e+07
1.336501456694778241e+07
1.341730398075496778e+07
1.346978381655101851e+07
1.352245476892968453e+07
1.357531753502210043e+07
1.362837281450596824e+07
1.368162130961500295e+07
1.373506372514814138e+07
1.378870076847903617e+07
1.384253314956540801e+07
1.389656158095851727e+07
1.395078677781267464e+07
1.400520945789470710e+07
1.405983034159357846e+07
1.411465015192990750e+07
1.416966961456568167e+07
1.422488945781385712e+07
1.428031041264806874e+07
1.433593321271236241e+07
1.439175859433098324e+07
1.444778729651814513e+07
1.450402006098790281e+07
1.456045763216399401e+07
1.461710075718978047e+07
1.467395018593822047e+07
1.473100667102176882e+07
1.478827096780249104e+07
1.484574383440204896e+07
1.490342603171185404e+07
1.496131832340312563e+07
1.501942147593715414e+07
1.507773625857545249e+07
1.513626344338999875e+07
1.519500380527351610e+07
1.525395812194980122e+07
1.531312717398408800e+07
1.537251174479344115e+07
1.543211262065716088e+07
1.549193059072728269e+07
1.555196644703909755e+07
1.561222098452164046e+07
1.567269500100836530e+07
1.573338929724767804e+07
1.579430467691366002e+07
1.585544194661673531e+07
1.591680191591445357e+07
1.597838539732223377e+07
1.604019320632420480e+07
1.610222616138407961e+07
1.616448508395600319e+07
1.622697079849554598e+07
1.628968413247065619e+07
1.635262591637269408e+07
1.641579698372748494e+07
1.647919817110641673e+07
1.654283031813760102e+07
1.660669426751702651e+07
1.667079086501980945e+07
1.673512095951143280e+07
1.679968540295909345e+07
1.686448505044299737e+07
1.692952076016779616e+07
1.699479339347395673e+07
1.706030381484932452e+07
1.712605289194054157e+07
1.719204149556468800e+07
1.725827049972080067e+07
1.732474078160159290e+07
1.739145322160506248e+07
1.745840870334628969e+07
1.752560811366915703e+07
1.759305234265818447e+07
1.766074228365037963e+07
1.772867883324712142e+07
1.779686289132616296e+07
1.786529536105353385e+07
1.793397714889563993e+07
1.800290916463130340e+07
1.807209232136387378e+07
1.814152753553342447e+07
1.821121572692895308e+07
1.828115781870058551e+07
1.835135473737195879e+07
1.842180741285250708e+07
1.849251677844983339e+07
1.856348377088219672e+07
1.863470933029095083e+07
1.870619440025308728e+07
1.877793992779380828e+07
1.884994686339910701e+07
1.892221616102850437e+07
1.899474877812765911e+07
1.906754567564120889e+07
1.914060781802554429e+07
1.921393617326163128e+07
1.928753171286794916e+07
1.936139541191339865e+07
1.943552824903032929e+07
1.950993120642751828e+07
1.958460526990333572e+07
1.965955142885880917e+07
1.973477067631084099e+07
1.981026400890545920e+07
1.988603242693103477e+07
1.996207693433167413e+07
2.003839853872053325e+07
2.011499825139329210e+07
2.019187708734161779e+07
2.026903606526667625e+07
2.034647620759268478e+07
2.042419854048061743e+07
2.050220409384179488e+07
2.058049390135161206e+07
2.065906900046336651e+07
2.073793043242204562e+07
2.081707924227819592e+07
2.089651647890185565e+07
2.097624319499655068e+07
2.105626044711329415e+07
2.113656929566468298e+07
2.121717080493900180e+07
2.129806604311443865e+07
2.137925608227329329e+07
2.146074199841630459e+07
2.154252487147691101e+07
2.162460578533573076e+07
2.170698582783497125e+07
2.178966609079285711e+07
2.187264767001830786e+07
2.195593166532544047e+07
2.203951918054828048e+07
2.212341132355543226e+07
2.220760920626484975e+07
2.229211394465870410e+07
2.237692665879820287e+07
2.246204847283851355e+07
2.254748051504381001e+07
2.263322391780221835e+07
2.271927981764099002e+07
2.280564935524155572e+07
2.289233367545485869e+07
2.297933392731647938e+07
2.306665126406205073e+07
2.315428684314254671e+07
2.324224182623976842e+07
2.333051737928181887e+07
2.341911467245858535e+07
2.350803488023741916e+07
2.359727918137873337e+07
2.368684875895173103e+07
2.377674480035018176e+07
2.386696849730822444e+07
2.395752104591626674e+07
2.404840364663691074e+07
2.413961750432099402e+07
2.423116382822361961e+07
2.432304383202028275e+07
2.441525873382304236e+07
2.450780975619674101e+07
2.460069812617528439e+07
2.469392507527811080e+07
2.478749183952648565e+07
2.488139965945998579e+07
2.497564978015314415e+07
2.507024345123186335e+07
2.516518192689028755e+07
2.526046646590734273e+07
2.535609833166360483e+07
2.545207879215813056e+07
2.554840912002536282e+07
2.564509059255201742e+07
2.574212449169424549e+07
2.583951210409460217e+07
2.593725472109932080e+07
2.603535363877537102e+07
2.613381015792787820e+07
2.623262558411738276e+07
2.633180122767726704e+07
2.643133840373124555e+07
2.653123843221087009e+07
2.663150263787310198e+07
2.673213235031804442e+07
2.683312890400660038e+07
2.693449363827830553e+07
2.703622789736920223e+07
2.713833303042964637e+07
2.724081039154243097e+07
2.734366133974080533e+07
2.744688723902647570e+07
2.755048945838797092e+07
2.765446937181878835e+07
2.775882835833571851e+07
2.786356780199725553e+07
2.796868909192204103e+07
2.807419362230736762e+07
2.818008279244781286e+07
2.828635800675385818e+07
2.839302067477059737e+07
2.850007221119657904e+07
2.860751403590261936e+07
2.871534757395079359e+07
2.882357425561337546e+07
2.893219551639197022e+07
2.904121279703655466e+07
2.915062754356480390e+07
2.926044120728131011e+07
2.937065524479691684e+07
2.948127111804823577e+07
2.959229029431698099e+07
2.970371424624969065e+07
2.981554445187727362e+07
2.992778239463476092e+07
3.004042956338100880e+07
3.015348745241875201e+07
3.026695756151423231e+07
3.038084139591740444e+07
3.049514046638200805e+07
3.060985628918560222e+07
3.072499038614986092e+07
3.084054428466089815e+07
3.095651951768951118e+07
3.107291762381176278e+07
3.118974014722943306e+07
3.130698863779056817e+07
3.142466465101023391e+07
3.154276974809122086e+07
3.166130549594486505e+07
3.178027346721192449e+07
3.189967524028358608e+07
3.201951239932252839e+07
3.213978653428396210e+07
3.226049924093694240e+07
3.238165212088553607e+07
3.250324678159034997e+07
3.262528483638977259e+07
3.274776790452161431e+07
3.287069761114463955e+07
3.299407558736035973e+07
3.311790347023456544e+07
3.324218290281942487e+07
3.336691553417518735e+07
3.349210301939225942e+07
3.361774701961331815e+07
3.374384920205537975e+07
3.387041124003212899e+07
3.399743481297612935e+07
3.412492160646132380e+07
3.425287331222546101e+07
3.438129162819266319e+07
3.451017825849606842e+07
3.463953491350058466e+07
3.476936330982573330e+07
3.489966517036846280e+07
3.503044222432617098e+07
3.516169620721980184e+07
3.529342886091689765e+07
3.542564193365495652e+07
3.555833718006467074e+07
3.569151636119332910e+07
3.582518124452836812e+07
3.595933360402088612e+07
3.609397522010935843e+07
3.622910787974336743e+07
3.636473337640736252e+07
3.650085351014468074e+07
3.663747008758157492e+07
3.677458492195124179e+07
3.691219983311799914e+07
3.705031664760163426e+07
