0.000000000000000000e+00
3.706668690040125512e+03
7.426704446012270637e+03
1.116016148523532320e+04
1.490709369887504727e+04
1.866755472558608744e+04
2.244159801250393502e+04
2.622927686590107623e+04
3.003064449359558057e+04
3.384575404057698324e+04
3.767465861913305707e+04
4.151741133446746971e+04
4.537406530660553835e+04
4.924467368920147419e+04
5.312928968581883237e+04
5.702796656406973489e+04
6.094075766799552366e+04
6.486771642891853116e+04
6.880889637503004633e+04
7.276435113993426785e+04
7.673413447024067864e+04
8.071830023236875422e+04
8.471690241873613559e+04
8.872999515329324640e+04
9.275763269658642821e+04
9.679986945039685816e+04
1.008567599619883113e+05
1.049283589279984590e+05
1.090147211980596185e+05
1.131159017781547736e+05
1.172319558337456547e+05
1.213629386927003507e+05
1.255089058480374515e+05
1.296699129604953341e+05
1.338460158609673381e+05
1.380372705528310034e+05
1.422437332141271327e+05
1.464654601996492129e+05
1.507025080429287627e+05
1.549549334581457078e+05
1.592227933419588953e+05
1.635061447752809618e+05
1.678050450249442365e+05
1.721195515453435946e+05
1.764497219800420571e+05
1.807956141632890794e+05
1.851572861215102021e+05
1.895347960747454781e+05
1.939282024380918592e+05
1.983375638230498880e+05
2.027629390388873871e+05
2.072043870939444751e+05
2.116619671969350893e+05
2.161357387582045048e+05
2.206257613909624051e+05
2.251320949125220068e+05
2.296547993454851676e+05
2.341939349189547356e+05
2.387495620696670376e+05
2.433217414431448560e+05
2.479105338948648423e+05
2.525160004913609009e+05
2.571382025113368873e+05
2.617772014467846602e+05
2.664330590040327515e+05
2.711058371048818808e+05
2.757955978876368608e+05
2.805024037081841379e+05
2.852263171410621144e+05
2.899674009804797824e+05
2.947257182413903065e+05
2.995013321605201345e+05
3.042943061973750591e+05
3.091047040353128687e+05
3.139325895825300831e+05
3.187780269730840810e+05
3.236410805679359473e+05
3.285218149559285957e+05
3.334202949548133183e+05
3.383365856122446712e+05
3.432707522067977116e+05
3.482228602489503101e+05
3.531929754821052775e+05
3.581811638835663907e+05
3.631874916655472480e+05
3.682120252761594020e+05
3.732548314004105050e+05
3.783159769611917436e+05
3.833955291202843655e+05
3.884935552793326788e+05
3.936101230808435939e+05
3.987453004091896582e+05
4.038991553915776312e+05
4.090717563990731724e+05
4.142631720475407783e+05
4.194734711987057235e+05
4.247027229610893410e+05
4.299509966910239309e+05
4.352183619936620817e+05
4.405048887239485048e+05
4.458106469876323827e+05
4.511357071422592271e+05
4.564801397981741466e+05
4.618440158195267431e+05
4.672274063252531923e+05
4.726303826901034918e+05
4.780530165456351824e+05
4.834953797812217381e+05
4.889575445450621191e+05
4.944395832451982424e+05
4.999415685505252331e+05
5.054635733917858452e+05
5.110056709626200609e+05
5.165679347205543891e+05
5.221504383880556561e+05
5.277532559535100590e+05
5.333764616722923238e+05
5.390201300677692052e+05
5.446843359323323239e+05
5.503691543284382205e+05
5.560746605896456167e+05
5.618009303216361441e+05
5.675480394032739569e+05
5.733160639876415953e+05
5.791050805030809715e+05
5.849151656542520504e+05
5.907463964231817517e+05
5.965988500703037716e+05
6.024726041355405468e+05
6.083677364393395837e+05
6.142843250837607775e+05
6.202224484535178635e+05
6.261821852170606144e+05
6.321636143276575021e+05
6.381668150244371500e+05
6.441918668335019611e+05
6.502388495689982083e+05
6.563078433341977652e+05
6.623989285225726198e+05
6.685121858189317863e+05
6.746476962004546076e+05
6.808055409378276672e+05
6.869858015963465441e+05
6.931885600370087195e+05
6.994138984176227823e+05
7.056618991939241532e+05
7.119326451206817292e+05
7.182262192528198939e+05
7.245427049465579912e+05
7.308821858605109155e+05
7.372447459568523336e+05
7.436304695023833774e+05
7.500394410697384737e+05
7.564717455385059584e+05
7.629274680963489227e+05
7.694066942401633132e+05
7.759095097772392910e+05
7.824360008264272474e+05
7.889862538192674983e+05
7.955603555011597928e+05
8.021583929325535428e+05
8.087804534900770523e+05
8.154266248677754775e+05
8.220969950782100204e+05
8.287916524537221994e+05
8.355106856475593522e+05
8.422541836350769736e+05
8.490222357149422169e+05
8.558149315103511326e+05
8.626323609701870009e+05
8.694746143702769186e+05
8.763417823145573493e+05
8.832339557363039348e+05
8.901512258993855212e+05
8.970936843994338997e+05
9.040614231650885195e+05
9.110545344592565671e+05
9.180731108803066891e+05
9.251172453633409459e+05
9.321870311814157758e+05
9.392825619468004443e+05
9.464039316122452728e+05
9.535512344722209964e+05
9.607245651641795412e+05
9.679240186698157340e+05
9.751496903163732495e+05
9.824016757778702304e+05
9.896800710764024407e+05
9.969849725834385026e+05
1.004316477021090686e+06
1.011674681463415502e+06
1.019059683337703347e+06
1.026471580425790744e+06
1.033910470865343232e+06
1.041376453151219292e+06
1.048869626136741135e+06
1.056390089035002515e+06
1.063937941420237534e+06
1.071513283229132416e+06
1.079116214762151707e+06
1.086746836684877984e+06
1.094405250029370189e+06
1.102091556195491459e+06
1.109805856952287257e+06
1.117548254439307377e+06
1.125318851168024354e+06
1.133117750023151282e+06
1.140945054264022037e+06
1.148800867525995243e+06
1.156685293821823783e+06
1.164598437543016858e+06
1.172540403461285401e+06
1.180511296729878522e+06
1.188511222885022406e+06
1.196540287847341504e+06
1.204598597923224326e+06
1.212686259806278627e+06
1.220803380578750279e+06
1.228950067712932825e+06
1.237126429072598461e+06
1.245332572914473712e+06
1.253568607889645267e+06
1.261834643044996541e+06
1.270130787824722473e+06
1.278457152071725577e+06
1.286813846029101871e+06
1.295200980341622606e+06
1.303618666057187598e+06
1.312067014628327917e+06
1.320546137913660612e+06
1.329056148179403972e+06
1.337597158100863919e+06
1.346169280763933435e+06
1.354772629666607827e+06
1.363407318720484152e+06
1.372073462252296042e+06
1.380771175005413126e+06
1.389500572141389363e+06
1.398261769241475035e+06
1.407054882308184635e+06
1.415880027766819578e+06
1.424737322467035148e+06
1.433626883684376720e+06
1.442548829121859744e+06
1.451503276911526918e+06
1.460490345616019797e+06
1.469510154230153188e+06
1.478562822182531469e+06
1.487648469337095972e+06
1.496767215994749684e+06
1.505919182894951664e+06
1.515104491217298899e+06
1.524323262583193369e+06
1.533575619057404343e+06
1.542861683149732184e+06
1.552181577816623263e+06
1.561535426462813746e+06
1.570923352942953352e+06
1.580345481563284062e+06
1.589801937083280645e+06
1.599292844717303757e+06
1.608818330136265140e+06
1.618378519469312858e+06
1.627973539305509068e+06
1.637603516695511527e+06
1.647268579153254163e+06
1.656968854657657910e+06
1.666704471654334106e+06
1.676475559057288803e+06
1.686282246250633616e+06
1.696124663090318907e+06
1.706002939905845560e+06
1.715917207502020989e+06
1.725867597160686739e+06
1.735854240642461460e+06
1.745877270188500173e+06
1.755936818522259593e+06
1.766033018851255532e+06
1.776166004868844058e+06
1.786335910755977966e+06
1.796542871183025651e+06
1.806787021311548073e+06
1.817068496796080843e+06
1.827387433785964735e+06
1.837743968927146867e+06
1.848138239363980945e+06
1.858570382741094101e+06
1.869040537205178291e+06
1.879548841406851076e+06
1.890095434502494987e+06
1.900680456156099215e+06
1.911304046541126445e+06
1.921966346342386678e+06
1.932667496757890098e+06
1.943407639500739053e+06
1.954186916801002342e+06
1.965005471407633275e+06
1.975863446590329986e+06
1.986760986141471658e+06
1.997698234378023539e+06
2.008675336143450812e+06
2.019692436809650157e+06
2.030749682278881315e+06
2.041847218985717278e+06
2.052985193898985162e+06
2.064163754523724318e+06
2.075383048903134651e+06
2.086643225620565005e+06
2.097944433801486157e+06
2.109286823115464300e+06
2.120670543778163381e+06
2.132095746553343255e+06
2.143562582754862029e+06
2.155071204248684458e+06
2.166621763454899192e+06
2.178214413349767216e+06
2.189849307467743754e+06
2.201526599903514609e+06
2.213246445314045995e+06
2.225008998920665123e+06
2.236814416511102580e+06
2.248662854441560339e+06
2.260554469638812356e+06
2.272489419602287002e+06
2.284467862406146713e+06
2.296489956701395102e+06
2.308555861718021333e+06
2.320665737267068122e+06
2.332819743742804043e+06
2.345018042124797124e+06
2.357260793980131857e+06
2.369548161465500481e+06
2.381880307329380419e+06
2.394257394914207049e+06
2.406679588158526458e+06
2.419147051599221304e+06
2.431659950373625383e+06
2.444218450221789535e+06
2.456822717488648370e+06
2.469472919126257766e+06
2.482169222695989069e+06
2.494911796370769851e+06
2.507700808937336784e+06
2.520536429798465688e+06
2.533418828975215554e+06
2.546348177109225187e+06
2.559324645464928355e+06
2.572348405931897927e+06
2.585419631027070805e+06
2.598538493897085078e+06
2.611705168320572935e+06
2.624919828710471280e+06
2.638182650116343517e+06
2.651493808226678986e+06
2.664853479371304158e+06
2.678261840523628518e+06
2.691719069303093012e+06
2.705225343977474608e+06
2.718780843465269543e+06
2.732385747338093817e+06
2.746040235823061783e+06
2.759744489805161022e+06
2.773498690829708707e+06
2.787303021104694810e+06
2.801157663503295742e+06
2.815062801566218026e+06
2.829018619504217990e+06
2.843025302200486884e+06
2.857083035213161726e+06
2.871192004777749069e+06
2.885352397809664253e+06
2.899564401906643994e+06
2.913828205351312645e+06
2.928143997113650199e+06
2.942511966853471007e+06
2.956932304923036136e+06
2.971405202369514387e+06
2.985930850937540177e+06
3.000509443071789108e+06
3.015141171919521410e+06
3.029826231333130039e+06
3.044564815872767940e+06
3.059357120808892418e+06
3.074203342124878895e+06
3.089103676519654691e+06
3.104058321410266683e+06
3.119067474934554659e+06
3.134131335953772534e+06
3.149250104055190925e+06
3.164423979554824531e+06
3.179653163500053808e+06
3.194937857672330923e+06
3.210278264589818195e+06
3.225674587510109879e+06
3.241127030432955362e+06
3.256635798102956265e+06
3.272201096012270078e+06
3.287823130403366871e+06
3.303502108271787874e+06
3.319238237368871458e+06
3.335031726204528473e+06
3.350882784050024115e+06
3.366791620940753259e+06
3.382758447679042816e+06
3.398783475836952217e+06
3.414866917759094387e+06
3.431008986565431580e+06
3.447209896154163405e+06
3.463469861204538494e+06
3.479789097179724835e+06
3.496167820329674520e+06
3.512606247693970799e+06
3.529104597104785964e+06
3.545663087189718150e+06
3.562281937374723144e+06
3.578961367887030356e+06
3.595701599758075550e+06
3.612502854826461524e+06
3.629365355740883388e+06
3.646289325963085517e+06
3.663274989770863205e+06
3.680322572261043824e+06
3.697432299352472648e+06
3.714604397789006121e+06
3.731839095142562874e+06
3.749136619816107675e+06
3.766497201046753675e+06
3.783921068908749148e+06
3.801408454316583462e+06
3.818959589028039947e+06
3.836574705647287890e+06
3.854254037627968006e+06
3.871997819276322611e+06
3.889806285754296929e+06
3.907679673082651570e+06
3.925618218144165352e+06
3.943622158686705865e+06
3.961691733326463029e+06
3.979827181551067159e+06
3.998028743722848594e+06
4.016296661081979983e+06
4.034631175749669783e+06
4.053032530731459148e+06
4.071500969920391217e+06
4.090036738100308925e+06
4.108640080949050374e+06
4.127311245041776448e+06
4.146050477854246274e+06
4.164858027766065672e+06
4.183734144064046443e+06
4.202679076945485547e+06
4.221693077521528117e+06
4.240776397820487618e+06
4.259929290791199543e+06
4.279152010306417011e+06
4.298444811166163534e+06
4.317807949101121165e+06
4.337241680776057765e+06
4.356746263793219812e+06
4.376321956695791334e+06
4.395969018971290439e+06
4.415687711055078544e+06
4.435478294333785772e+06
4.455341031148812734e+06
4.475276184799807146e+06
4.495284019548182376e+06
4.515364800620622002e+06
4.535518794212635607e+06
4.555746267492068000e+06
4.576047488602685742e+06
4.596422726667734794e+06
4.616872251793515868e+06
4.637396335072998889e+06
4.657995248589420691e+06
4.678669265419903211e+06
4.699418659639096819e+06
4.720243706322842278e+06
4.741144681551791728e+06
4.762121862415119074e+06
4.783175527014212683e+06
4.804305954466362484e+06
4.825513424908480607e+06
4.846798219500825740e+06
4.868160620430755429e+06
4.889600910916468129e+06
4.911119375210811384e+06
4.932716298605021089e+06
4.954391967432541773e+06
4.976146669072846882e+06
4.997980691955247894e+06
5.019894325562737882e+06
5.041887860435863957e+06
5.063961588176584803e+06
5.086115801452127285e+06
5.108350793998928741e+06
5.130666860626535490e+06
5.153064297221500427e+06
5.175543400751343928e+06
5.198104469268519431e+06
5.220747801914366893e+06
5.243473698923103511e+06
5.266282461625790223e+06
5.289174392454413697e+06
5.312149794945839792e+06
5.335208973745906726e+06
5.358352234613453038e+06
5.381579884424394928e+06
5.404892231175831519e+06
5.428289583990125917e+06
5.451772253119031899e+06
5.475340549947802909e+06
5.498994786999371834e+06
5.522735277938516811e+06
5.546562337575980462e+06
5.570476281872733496e+06
5.594477427944143303e+06
5.618566094064181671e+06
5.642742599669738673e+06
5.667007265364787541e+06
5.691360412924693897e+06
5.715802365300495178e+06
5.740333446623240598e+06
5.764953982208241709e+06
5.789664298559436575e+06
5.814464723373771645e+06
5.839355585545478389e+06
5.864337215170555748e+06
5.889409943551103584e+06
5.914574103199736215e+06
5.939830027844063938e+06
5.965178052431062795e+06
5.990618513131584972e+06
6.016151747344844975e+06
6.041778093702849001e+06
6.067497892074994743e+06
6.093311483572528698e+06
6.119219210553143173e+06
6.145221416625455953e+06
6.171318446653670631e+06
6.197510646762144752e+06
6.223798364339991473e+06
6.250181948045679368e+06
6.276661747811730951e+06
6.303238114849374630e+06
6.329911401653154753e+06
6.356681962005734444e+06
6.383550150982532650e+06
6.410516324956467375e+06
6.437580841602723114e+06
6.464744059903493151e+06
6.492006340152788907e+06
6.519368043961191550e+06
6.546829534260722809e+06
6.574391175309650600e+06
6.602053332697358914e+06
6.629816373349170201e+06
6.657680665531305596e+06
6.685646578855730593e+06
6.713714484285126440e+06
6.741884754137789831e+06
6.770157762092607096e+06
6.798533883194058202e+06
6.827013493857186288e+06
6.855596971872597933e+06
6.884284696411553770e+06
6.913077048030938953e+06
6.941974408678397536e+06
6.970977161697420292e+06
7.000085691832399927e+06
7.029300385233800858e+06
7.058621629463305697e+06
7.088049813498942181e+06
7.117585327740293927e+06
7.147228564013713971e+06
7.176979915577504784e+06
7.206839777127204463e+06
7.236808544800799340e+06
7.266886616184023209e+06
7.297074390315671451e+06
7.327372267692888156e+06
7.357780650276539847e+06
7.388299941496539861e+06
7.418930546257194132e+06
7.449672870942691341e+06
7.480527323422424495e+06
7.511494313056465238e+06
7.542574250701023266e+06
7.573767548713900149e+06
7.605074620959999040e+06
7.636495882816851139e+06
7.668031751180108637e+06
7.699682644469154999e+06
7.731448982632616535e+06
7.763331187154030427e+06
7.795329681057406589e+06
7.827444888912888244e+06
7.859677236842392012e+06
7.892027152525313199e+06
7.924495065204201266e+06
7.957081405690481886e+06
7.989786606370219961e+06
8.022611101209850982e+06
8.055555325761988759e+06
8.088619717171225697e+06
8.121804714179925621e+06
8.155110757134135813e+06
8.188538287989370525e+06
8.222087750316586345e+06
8.255759589308043942e+06
8.289554251783248037e+06
8.323472186194898561e+06
8.357513842634888366e+06
8.391679672840282321e+06
8.425970130199331790e+06
8.460385669757535681e+06
8.494926748223699629e+06
8.529593823976026848e+06
8.564387357068210840e+06
8.599307809235565364e+06
8.634355643901217729e+06
8.669531326182221994e+06
8.704835322895830497e+06
8.740268102565649897e+06
8.775830135427922010e+06
8.811521893437787890e+06
8.847343850275577977e+06
8.883296481353111565e+06
8.919380263820035383e+06
8.955595676570193842e+06
8.991943200248029083e+06
9.028423317254947498e+06
9.065036511755766347e+06
9.101783269685192034e+06
9.138664078754246235e+06
9.175679428456814960e+06
9.212829810076145455e+06
9.250115716691410169e+06
9.287537643184255809e+06
9.325096086245447397e+06
9.362791544381415471e+06
9.400624517920982093e+06
9.438595509021956474e+06
9.476705021677892655e+06
9.514953561724755913e+06
9.553341636847706512e+06
9.591869756587840617e+06
9.630538432348985225e+06
9.669348177404534072e+06
9.708299506904259324e+06
9.747392937881208956e+06
9.786628989258583635e+06
9.826008181856663898e+06
9.865531038399722427e+06
9.905198083523040637e+06
9.945009843779867515e+06
9.984966847648449242e+06
1.002506962553908490e+07
1.006531870980117656e+07
1.010571463473034278e+07
1.014625793657552637e+07
1.018694915354616940e+07
1.022778882581936568e+07
1.026877749554706179e+07
1.030991570686329529e+07
1.035120400589145534e+07
1.039264294075154327e+07
1.043423306156748906e+07
1.047597492047449201e+07
1.051786907162638381e+07
1.055991607120299712e+07
1.060211647741761804e+07
1.064447085052437894e+07
1.068697975282576308e+07
1.072964374868009798e+07
1.077246340450906940e+07
1.081543928880527429e+07
1.085857197213981859e+07
1.090186202716988884e+07
1.094531002864643186e+07
1.098891655342179164e+07
1.103268218045739271e+07
1.107660749083148502e+07
1.112069306774688140e+07
1.116493949653870985e+07
1.120934736468225904e+07
1.125391726180080138e+07
1.129864977967341244e+07
1.134354551224292815e+07
1.138860505562381446e+07
1.143382900811014883e+07
1.147921797018356249e+07
1.152477254452127218e+07
1.157049333600412682e+07
1.161638095172464661e+07
1.166243600099514052e+07
1.170865909535580873e+07
1.175505084858291969e+07
1.180161187669698149e+07
1.184834279797095805e+07
1.189524423293852247e+07
1.194231680440232344e+07
1.198956113744228706e+07
1.203697785942396149e+07
1.208456760000688210e+07
1.213233099115297757e+07
1.218026866713497415e+07
1.222838126454486884e+07
1.227666942230241559e+07
1.232513378166365623e+07
1.237377498622945510e+07
1.242259368195406906e+07
1.247159051715382561e+07
1.252076614251569472e+07
1.257012121110600792e+07
1.261965637837917916e+07
1.266937230218638293e+07
1.271926964278441109e+07
1.276934906284443475e+07
1.281961122746081837e+07
1.287005680416005105e+07
1.292068646290959232e+07
1.297150087612682953e+07
1.302250071868806146e+07
1.307368666793749668e+07
1.312505940369624831e+07
1.317661960827146843e+07
1.322836796646536700e+07
1.328030516558442451e+07
1.333243189544849098e+07
1.338474884840004332e+07
1.343725671931338497e+07
1.348995620560392737e+07
1.354284800723748654e+07
1.359593282673963346e+07
1.364921136920503713e+07
1.370268434230692126e+07
1.375635245630641654e+07
1.381021642406212166e+07
1.386427696103955619e+07
1.391853478532074764e+07
1.397299061761375330e+07
1.402764518126235344e+07
1.408249920225564390e+07
1.413755340923766978e+07
1.419280853351729363e+07
1.424826530907779373e+07
1.430392447258676402e+07
1.435978676340588182e+07
1.441585292360081337e+07
1.447212369795105979e+07
1.452859983395993151e+07
1.458528208186450228e+07
1.464217119464564696e+07
1.469926792803805694e+07
1.475657304054030776e+07
1.481408729342502728e+07
1.487181145074900985e+07
1.492974627936344035e+07
1.498789254892407916e+07
1.504625103190156631e+07
1.510482250359172374e+07
1.516360774212589115e+07
1.522260752848130837e+07
1.528182264649152942e+07
1.534125388285689428e+07
1.540090202715501189e+07
1.546076787185128778e+07
1.552085221230951697e+07
1.558115584680246934e+07
1.564167957652257197e+07
1.570242420559258014e+07
1.576339054107629694e+07
1.582457939298936352e+07
1.588599157431002334e+07
1.594762790099003911e+07
1.600948919196550176e+07
1.607157626916782930e+07
1.613388995753465593e+07
1.619643108502093330e+07
1.625920048260988295e+07
1.632219898432414606e+07
1.638542742723687366e+07
1.644888665148291364e+07
1.651257750027005374e+07
1.657650081989020482e+07
1.664065745973072946e+07
1.670504827228577435e+07
1.676967411316765100e+07
1.683453584111825004e+07
1.689963431802047417e+07
1.696497040890977159e+07
1.703054498198565841e+07
1.709635890862329677e+07
1.716241306338517368e+07
1.722870832403270900e+07
1.729524557153797895e+07
1.736202569009552523e+07
1.742904956713407114e+07
1.749631809332844242e+07
1.756383216261137277e+07
1.763159267218552157e+07
1.769960052253537998e+07
1.776785661743929237e+07
1.783636186398155242e+07
1.790511717256449163e+07
1.797412345692061633e+07
1.804338163412480801e+07
1.811289262460657582e+07
1.818265735216232389e+07
1.825267674396765232e+07
1.832295173058979586e+07
1.839348324599999189e+07
1.846427222758596763e+07
1.853531961616441607e+07
1.860662635599362478e+07
1.867819339478600770e+07
1.875002168372076750e+07
1.882211217745661363e+07
1.889446583414445817e+07
1.896708361544027179e+07
1.903996648651785403e+07
1.911311541608174518e+07
1.918653137638015673e+07
1.926021534321791306e+07
1.933416829596954584e+07
1.940839121759227291e+07
1.948288509463919699e+07
1.955765091727241874e+07
1.963268967927630246e+07
1.970800237807069346e+07
1.978359001472425088e+07
1.985945359396779910e+07
1.993559412420775741e+07
2.001201261753958091e+07
2.008871008976127580e+07
2.016568756038696319e+07
2.024294605266046152e+07
2.032048659356898814e+07
2.039831021385683864e+07
2.047641794803912938e+07
2.055481083441563696e+07
2.063348991508466750e+07
2.071245623595691100e+07
2.079171084676943719e+07
2.087125480109972134e+07
2.095108915637971461e+07
2.103121497390988097e+07
2.111163331887346134e+07
2.119234526035062969e+07
2.127335187133278698e+07
2.135465422873688117e+07
2.143625341341979802e+07
2.151815051019274443e+07
2.160034660783578455e+07
2.168284279911233112e+07
2.176564018078376353e+07
2.184873985362401977e+07
2.193214292243438214e+07
2.201585049605811387e+07
2.209986368739536777e+07
2.218418361341792718e+07
2.226881139518423378e+07
2.235374815785426646e+07
2.243899503070463613e+07
2.252455314714356512e+07
2.261042364472613111e+07
2.269660766516935080e+07
2.278310635436748341e+07
2.286992086240731925e+07
2.295705234358353540e+07
2.304450195641404763e+07
2.313227086365557462e+07
2.322036023231911287e+07
2.330877123368547857e+07
2.339750504332100600e+07
2.348656284109322727e+07
2.357594581118659303e+07
2.366565514211832732e+07
2.375569202675425261e+07
2.384605766232476383e+07
2.393675325044075027e+07
2.402777999710971117e+07
2.411913911275178194e+07
2.421083181221595779e+07
2.430285931479626894e+07
2.439522284424811229e+07
2.448792362880450487e+07
2.458096290119260922e+07
2.467434189865006134e+07
2.476806186294157803e+07
2.486212404037545249e+07
2.495652968182032183e+07
2.505128004272172600e+07
2.514637638311898708e+07
2.524181996766199172e+07
2.533761206562804058e+07
2.543375395093885809e+07
2.553024690217753500e+07
2.562709220260564983e+07
2.572429114018046483e+07
2.582184500757190585e+07
2.591975510218010843e+07
2.601802272615249828e+07
2.611664918640134484e+07
2.621563579462113604e+07
2.631498386730606109e+07
2.641469472576775402e+07
2.651476969615267590e+07
2.661521010946004093e+07
2.671601730155952275e+07
2.681719261320906132e+07
2.691873739007281139e+07
2.702065298273903131e+07
2.712294074673826993e+07
2.722560204256134853e+07
2.732863823567754030e+07
2.743205069655281305e+07
2.753584080066814646e+07
2.764000992853793129e+07
2.774455946572831273e+07
2.784949080287578702e+07
2.795480533570572734e+07
2.806050446505100280e+07
2.816658959687076882e+07
2.827306214226913452e+07
2.837992351751408726e+07
2.848717514405634254e+07
2.859481844854842871e+07
2.870285486286363751e+07
2.881128582411518693e+07
2.892011277467542887e+07
2.902933716219507158e+07
2.913896043962254748e+07
2.924898406522343308e+07
2.935940950259987637e+07
2.947023822071013972e+07
2.958147169388829172e+07
2.969311140186387300e+07
2.980515882978155464e+07
2.991761546822113171e+07
3.003048281321734935e+07
3.014376236627985537e+07
3.025745563441336155e+07
3.037156413013758138e+07
3.048608937150765583e+07
3.060103288213431090e+07
3.071639619120420516e+07
3.083218083350035176e+07
3.094838834942268953e+07
3.106502028500855714e+07
3.118207819195343181e+07
3.129956362763155624e+07
3.141747815511684120e+07
3.153582334320368618e+07
3.165460076642796025e+07
3.177381200508802757e+07
3.189345864526581764e+07
3.201354227884809300e+07
3.213406450354764983e+07
3.225502692292462662e+07
3.237643114640800655e+07
3.249827878931706399e+07
3.262057147288299352e+07
3.274331082427047938e+07
3.286649847659952939e+07
3.299013606896718591e+07
3.311422524646955729e+07
3.323876766022361070e+07
3.336376496738941222e+07
3.348921883119210601e+07
3.361513092094428837e+07
3.374150291206817329e+07
3.386833648611805588e+07
3.399563333080273867e+07
3.412339514000803232e+07
3.425162361381950974e+07
3.438032045854511857e+07
3.450948738673800975e+07
3.463912611721935868e+07
3.476923837510140240e+07
3.489982589181052148e+07
3.503089040511019528e+07
3.516243365912438929e+07
3.529445740436080843e+07
3.542696339773424715e+07
3.555995340259003639e+07
3.569342918872772902e+07
3.582739253242464364e+07
3.596184521645960212e+07
3.609678903013672680e+07
3.623222576930940896e+07
3.636815723640430719e+07
3.650458524044533074e+07
3.664151159707785398e+07
3.677893812859307975e+07
3.691686666395224631e+07
3.705529903881108016e+07
3.719423709554437548e+07
3.733368268327055871e+07
3.747363765787649155e+07
