0.000000000000000000e+00	0.000000000000000000e+00	0.000000000000000000e+00
2.554861525399626032e+01	2.362063506362476926e-05	1.276993112198933182e-02
5.117457016994993779e+01	4.732460739941804408e-05	1.278510437194303219e-02
7.687869232622455229e+01	7.110088405150893930e-05	1.280061720827672597e-02
1.026618017791300304e+02	9.495022357541187726e-05	1.281646516673899151e-02
1.285247112824473277e+02	1.188733777717018584e-04	1.283264389818143149e-02
1.544682265013460949e+02	1.428710918838906410e-04	1.284914916559699860e-02
1.804931462208534469e+02	1.669441047912630755e-04	1.286597684124045869e-02
2.066002625490232845e+02	1.910931491968108657e-04	1.288312290382849327e-02
2.327903611149542655e+02	2.153189518104018307e-04	1.290058343581731645e-02
2.590642212618047324e+02	2.396222335273208437e-04	1.291835462075497688e-02
2.854226162349289098e+02	2.640037096022979958e-04	1.293643274070739070e-02
3.118663133652914894e+02	2.884640898191694579e-04	1.295481417375444859e-02
3.383960742482674959e+02	3.130040786562691881e-04	1.297349539155571128e-02
3.650126549179806261e+02	3.376243754476940576e-04	1.299247295698242703e-02
3.917168060172720061e+02	3.623256745405267721e-04	1.301174352181492556e-02
4.185092729634566240e+02	3.871086654481629844e-04	1.303130382450288366e-02
4.453907961099440627e+02	4.119740329998119316e-04	1.305115068798711614e-02
4.723621109038825239e+02	4.369224574863189172e-04	1.307128101758027808e-02
4.994239480398921387e+02	4.619546148023706772e-04	1.309169179890657016e-02
5.265770336100137001e+02	4.870711765851996411e-04	1.311238009589639486e-02
5.538220892499894035e+02	5.122728103498948565e-04	1.313334304883673892e-02
5.811598322819611440e+02	5.375601796214005135e-04	1.315457787247343788e-02
6.085909758536748768e+02	5.629339440632804030e-04	1.317608185416619185e-02
6.361162290743029644e+02	5.883947596033560230e-04	1.319785235209262886e-02
6.637362971469909780e+02	6.139432785563133646e-04	1.321988679350168290e-02
6.914518814981784089e+02	6.395801497433264071e-04	1.324218267301385983e-02
7.192636799038021991e+02	6.653060186087964185e-04	1.326473755096785161e-02
7.471723866124883671e+02	6.911215273343055071e-04	1.328754905181128709e-02
7.751786924657799318e+02	7.170273149498297433e-04	1.331061486253520831e-02
8.032832850155014057e+02	7.430240174423017327e-04	1.333393273115056517e-02
8.314868486383167010e+02	7.691122678615776092e-04	1.335750046520580749e-02
8.597900646475985695e+02	7.952926964239190365e-04	1.338131593034398194e-02
8.881936114026266296e+02	8.215659306130006266e-04	1.340537704889914819e-02
9.166981644152489253e+02	8.479325952785746147e-04	1.342968179852933180e-02
9.453043964540100887e+02	8.743933127327900784e-04	1.345422821088739125e-02
9.740129776458531978e+02	9.009487028442675349e-04	1.347901437032582479e-02
1.002824575575478661e+03	9.275993831300086015e-04	1.350403841263794064e-02
1.031739855382352744e+03	9.543459688451280372e-04	1.352929852383104661e-02
1.060759479855535574e+03	9.811890730705718783e-04	1.355479293893275747e-02
1.089884109526261227e+03	1.008129306798755207e-03	1.358051994082959922e-02
1.119114402758421420e+03	1.035167279017259198e-03	1.360647785913523741e-02
1.148451015837026034e+03	1.062303596790659761e-03	1.363266506909014027e-02
1.177894603054591698e+03	1.089538865340436381e-03	1.365907999048901998e-02
1.207445816795564951e+03	1.116873688123065471e-03	1.368572108663764809e-02
1.237105307618909592e+03	1.144308666906413904e-03	1.371258686333625548e-02
1.266873724338793409e+03	1.171844401844375711e-03	1.373967586789077988e-02
1.296751714103461836e+03	1.199481491549830208e-03	1.376698668814922526e-02
1.326739922472370381e+03	1.227220533165991178e-03	1.379451795156396397e-02
1.356838993491638576e+03	1.255062122436201950e-03	1.382226832427816028e-02
1.387049569767756793e+03	1.283006853772114802e-03	1.385023651023643311e-02
1.417372292539743967e+03	1.311055320320438566e-03	1.387842125031890986e-02
1.447807801749719829e+03	1.339208114028217792e-03	1.390682132149772925e-02
1.478356736111908504e+03	1.367465825706662115e-03	1.393543553601538088e-02
1.509019733180186449e+03	1.395829045093628174e-03	1.396426274058466983e-02
1.539797429414150884e+03	1.424298360914734570e-03	1.399330181560978076e-02
1.570690460243740290e+03	1.452874360943135889e-03	1.402255167442706396e-02
1.601699460132567538e+03	1.481557632058106474e-03	1.405201126256592353e-02
1.632825062639799626e+03	1.510348760302280017e-03	1.408167955702840056e-02
1.664067900480823482e+03	1.539248330937766345e-03	1.411155556558824249e-02
1.695428605586568438e+03	1.568256928501023757e-03	1.414163832610731107e-02
1.726907809161624982e+03	1.597375136856620925e-03	1.417192690586951791e-02
1.758506141741133888e+03	1.626603539249860163e-03	1.420242040093286709e-02
1.790224233246540280e+03	1.655942718358350109e-03	1.423311793549734278e-02
1.822062713040165363e+03	1.685393256342482271e-03	1.426401866128937379e-02
1.854022209978659703e+03	1.714955734894881706e-03	1.429512175696204777e-02
1.886103352465386934e+03	1.744630735288856547e-03	1.432642642751060132e-02
1.918306768501742908e+03	1.774418838425872395e-03	1.435793190370322596e-02
1.950633085737449846e+03	1.804320624882073485e-03	1.438963744152576413e-02
1.983082931519855492e+03	1.834336674953885530e-03	1.442154232164114848e-02
2.015656932942239109e+03	1.864467568702697642e-03	1.445364584886261322e-02
2.048355716891142492e+03	1.894713885998646321e-03	1.448594735163992626e-02
2.081179910092831051e+03	1.925076206563589975e-03	1.451844618155901691e-02
2.114130139158806742e+03	1.955555110013211528e-03	1.455114171285400333e-02
2.147207030630471763e+03	1.986151175898329558e-03	1.458403334193211082e-02
2.180411211022920725e+03	2.016864983745408641e-03	1.461712048690982403e-02
2.213743306867856063e+03	2.047697113096256984e-03	1.465040258716168199e-02
2.247203944755769953e+03	2.078648143547041655e-03	1.468387910287966350e-02
2.280793751377299941e+03	2.109718654786547909e-03	1.471754951464412930e-02
2.314513353563776491e+03	2.140909226633680874e-03	1.475141332300551264e-02
2.348363378327092960e+03	2.172220439074350976e-03	1.478547004807614050e-02
2.382344452898757027e+03	2.203652872297590451e-03	1.481971922913301494e-02
2.416457204768301381e+03	2.235207106731090451e-03	1.485416042422993063e-02
2.450702261720933620e+03	2.266883723076022154e-03	1.488879320981967465e-02
2.485080251874621354e+03	2.298683302341342216e-03	1.492361718038514098e-02
2.519591803716355571e+03	2.330606425877339728e-03	1.495863194808049433e-02
2.554237546137899244e+03	2.362653675408699604e-03	1.499383714238062583e-02
2.589018108470864718e+03	2.394825633066951457e-03	1.502923240973939693e-02
2.623934120521178556e+03	2.427122881422351212e-03	1.506481741325670261e-02
2.658986212602942942e+03	2.459546003515198937e-03	1.510059183235338068e-02
2.694175015571750009e+03	2.492095582886660974e-03	1.513655536245474449e-02
2.729501160857437753e+03	2.524772203609062984e-03	1.517270771468114988e-02
2.764965280496179730e+03	2.557576450315578870e-03	1.520904861554719587e-02
2.800568007162232334e+03	2.590508908229592275e-03	1.524557780666742184e-02
2.836309974198992222e+03	2.623570163193430105e-03	1.528229504446984056e-02
2.872191815649620821e+03	2.656760801696684930e-03	1.531920009991632331e-02
2.908214166287187254e+03	2.690081410904101092e-03	1.535629275822997589e-02
2.944377661644256932e+03	2.723532578682943441e-03	1.539357281862894881e-02
2.980682938042114074e+03	2.757114893630029529e-03	1.543104009406739106e-02
3.017130632619381686e+03	2.790828945098200627e-03	1.546869441098176236e-02
3.053721383360365053e+03	2.824675323222540762e-03	1.550653560904426478e-02
3.090455829122807245e+03	2.858654618946052366e-03	1.554456354092207185e-02
3.127334609665318567e+03	2.892767424045027472e-03	1.558277807204195772e-02
3.164358365674345350e+03	2.927014331153993034e-03	1.562117908036120793e-02
3.201527738790717194e+03	2.961395933790269414e-03	1.565976645614405513e-02
3.238843371635914536e+03	2.995912826378266912e-03	1.569854010174334333e-02
3.276305907837757786e+03	3.030565604273247147e-03	1.573749993138738590e-02
3.313915992055950483e+03	3.065354863784952588e-03	1.577664587097257071e-02
3.351674270007032192e+03	3.100281202200688788e-03	1.581597785786029164e-02
3.389581388489218625e+03	3.135345217808298626e-03	1.585549584067907219e-02
3.427637995406610116e+03	3.170547509918558889e-03	1.589519977913216031e-02
3.465844739793362805e+03	3.205888678887533916e-03	1.593508964380829090e-02
3.504202271837286844e+03	3.241369326138411437e-03	1.597516541599833945e-02
3.542711242903267703e+03	3.276990054183159286e-03	1.601542708751586830e-02
3.581372305556345054e+03	3.312751466643878984e-03	1.605587466052200291e-02
3.620186113584480609e+03	3.348654168273864848e-03	1.609650814735445051e-02
3.659153322020939868e+03	3.384698764978305748e-03	1.613732757036094242e-02
3.698274587166641140e+03	3.420885863834959972e-03	1.617833296173638163e-02
3.737550566611900194e+03	3.457216073114267613e-03	1.621952436336383807e-02
3.776981919258118523e+03	3.493690002299414815e-03	1.626090182665988759e-02
3.816569305339161019e+03	3.530308262106104846e-03	1.630246541242286532e-02
3.856313386442413048e+03	3.567071464502039047e-03	1.634421519068531004e-02
3.896214825529630616e+03	3.603980222726200448e-03	1.638615124056989197e-02
3.936274286957623190e+03	3.641035151307988205e-03	1.642827365014844915e-02
3.976492436498488587e+03	3.678236866085933532e-03	1.647058251630497891e-02
4.016869941359836048e+03	3.715585984226405653e-03	1.651307794460073197e-02
4.057407470204634137e+03	3.753083124241974287e-03	1.655576004914446550e-02
4.098105693170909035e+03	3.790728906009625983e-03	1.659862895246354622e-02
4.138965281891134509e+03	3.828523950788703320e-03	1.664168478537981707e-02
4.179986909511685553e+03	3.866468881238899636e-03	1.668492768688767738e-02
4.221171250711628090e+03	3.904564321437635748e-03	1.672835780403524736e-02
4.262518981721645105e+03	3.942810896897573289e-03	1.677197529180805835e-02
4.304030780342823164e+03	3.981209234583985360e-03	1.681578031301590032e-02
4.345707325964945994e+03	4.019759962931683528e-03	1.685977303818227829e-02
4.387549299584819892e+03	4.058463711861966944e-03	1.690395364543613096e-02
4.429557383824384488e+03	4.097321112799372396e-03	1.694832232040671335e-02
4.471732262948580683e+03	4.136332798688207961e-03	1.699287925612029404e-02
4.514074622883254051e+03	4.175499404009106602e-03	1.703762465289996100e-02
4.556585151232512544e+03	4.214821564795089709e-03	1.708255871826732525e-02
4.599264537296355229e+03	4.254299918647867426e-03	1.712768166684654550e-02
4.642113472087800801e+03	4.293935104753684485e-03	1.717299372027118048e-02
4.685132648349979718e+03	4.333727763899134812e-03	1.721849510709250880e-02
4.728322760573260894e+03	4.373678538486996080e-03	1.726418606269053066e-02
4.771684505011985493e+03	4.413788072551714722e-03	1.731006682918675987e-02
4.815218579701048839e+03	4.454057011774741753e-03	1.735613765535941669e-02
4.858925684472561443e+03	4.494486003499943184e-03	1.740239879656016800e-02
4.902806520972148974e+03	4.535075696748682578e-03	1.744885051463328229e-02
4.946861792675387733e+03	4.575826742235014621e-03	1.749549307783654015e-02
4.991092204903783568e+03	4.616739792380477984e-03	1.754232676076379963e-02
5.035498464840906308e+03	4.657815501329008734e-03	1.758935184426966419e-02
5.080081281548265906e+03	4.699054524961629974e-03	1.763656861539595472e-02
5.124841365981055787e+03	4.740457520911018317e-03	1.768397736729952763e-02
5.169779431003908940e+03	4.782025148576070361e-03	1.773157839918240372e-02
5.214896191406465732e+03	4.823758069136312165e-03	1.777937201622298291e-02
5.260192363918733463e+03	4.865656945566096230e-03	1.782735852950943084e-02
5.305668667226516845e+03	4.907722442648887809e-03	1.787553825597383572e-02
5.351325821986777555e+03	4.949955226991457555e-03	1.792391151832916155e-02
5.397164550842525387e+03	4.992355967037670830e-03	1.797247864500639558e-02
5.443185578438187804e+03	5.034925333082690760e-03	1.802123997009394754e-02
5.489389631434317380e+03	5.077663997286593206e-03	1.807019583327829776e-02
5.535777438522650300e+03	5.120572633688293997e-03	1.811934657978648763e-02
5.582349730440841086e+03	5.163651918219170842e-03	1.816869256032878355e-02
5.629107239987145476e+03	5.206902528716654890e-03	1.821823413104416145e-02
5.676050702035140603e+03	5.250325144937843108e-03	1.826797165344599266e-02
5.723180853548192317e+03	5.293920448572877330e-03	1.831790549436990503e-02
5.770498433593847039e+03	5.337689123258261732e-03	1.836803602592198756e-02
5.818004183358462797e+03	5.381631854590394545e-03	1.841836362542916689e-02
5.865698846161312758e+03	5.425749330138614039e-03	1.846888867538981974e-02
5.913583167468982538e+03	5.470042239458515129e-03	1.851961156342648782e-02
5.961657894909521929e+03	5.514511274105040467e-03	1.857053268223897088e-02
6.009923778286449306e+03	5.559157127645434487e-03	1.862165242955923089e-02
6.058381569592921551e+03	5.603980495672355316e-03	1.867297120810682692e-02
6.107032023025845774e+03	5.648982075816912952e-03	1.872448942554560264e-02
6.155875894999529919e+03	5.694162567761319738e-03	1.877620749444161921e-02
6.204913944159792663e+03	5.739522673251918998e-03	1.882812583222190361e-02
6.254146931397664957e+03	5.785063096111874546e-03	1.888024486113423078e-02
6.303575619863218890e+03	5.830784542253954726e-03	1.893256500820819296e-02
6.353200774979295602e+03	5.876687719693232323e-03	1.898508670521652925e-02
6.403023164455071310e+03	5.922773338559636155e-03	1.903781038863812045e-02
6.453043558299816141e+03	5.969042111110672670e-03	1.909073649962155991e-02
6.503262728836388305e+03	6.015494751743914216e-03	1.914386548394976170e-02
6.553681450714740095e+03	6.062131977009485584e-03	1.919719779200508569e-02
6.604300500925414781e+03	6.108954505622554883e-03	1.925073387873591640e-02
6.655120658813081718e+03	6.155963058475848702e-03	1.930447420362354019e-02
6.706142706089724015e+03	6.203158358651853291e-03	1.935841923065033041e-02
6.757367426848308241e+03	6.250541131435459821e-03	1.941256942826841830e-02
6.808795607575786562e+03	6.298112104325986893e-03	1.946692526936910986e-02
6.860428037166597278e+03	6.345872007049674877e-03	1.952148723125327751e-02
6.912265506935859776e+03	6.393821571571883626e-03	1.957625579560228965e-02
6.964308810632614950e+03	6.441961532109352628e-03	1.963123144845039733e-02
7.016558744452969222e+03	6.490292625142342342e-03	1.968641468015638538e-02
7.069016107053266751e+03	6.538815589426828431e-03	1.974180598537733297e-02
7.121681699563319853e+03	6.587531166006743710e-03	1.979740586304269689e-02
7.174556325599418415e+03	6.636440098226000645e-03	1.985321481632869658e-02
7.227640791277372045e+03	6.685543131740565893e-03	1.990923335263353536e-02
7.280935905225705028e+03	6.734841014530658018e-03	1.996546198355339530e-02
7.334442478598592061e+03	6.784334496912718809e-03	2.002190122485935503e-02
7.388161325088906779e+03	6.834024331551478287e-03	2.007855159647408544e-02
7.442093260941112021e+03	6.883911273471880927e-03	2.013541362245009972e-02
7.496239104964418402e+03	6.933996080071259081e-03	2.019248783094786115e-02
7.550599678545606366e+03	6.984279511131188944e-03	2.024977475421512255e-02
7.605175805661955565e+03	7.034762328829451475e-03	2.030727492856620325e-02
7.659968312894107839e+03	7.085445297751934331e-03	2.036498889436237289e-02
7.714978029439203056e+03	7.136329184904779271e-03	2.042291719599258551e-02
7.770205787123583832e+03	7.187414759726134042e-03	2.048106038185423458e-02
7.825652420415634879e+03	7.238702794098030892e-03	2.053941900433587861e-02
7.881318766438835155e+03	7.290194062358455046e-03	2.059799361979874205e-02
7.937205664984394389e+03	7.341889341313038476e-03	2.065678478855988848e-02
7.993313958524209738e+03	7.393789410247043371e-03	2.071579307487551869e-02
8.049644492223647831e+03	7.445895050937186878e-03	2.077501904692472673e-02
8.106198113954504151e+03	7.498207047663624572e-03	2.083446327679361679e-02
8.162975674307685040e+03	7.550726187221681526e-03	2.089412634046060660e-02
8.219978026605976993e+03	7.603453258933672715e-03	2.095400881778116189e-02
8.277206026917054260e+03	7.656389054660922913e-03	2.101411129247363063e-02
8.334660534065944375e+03	7.709534368815304343e-03	2.107443435210566013e-02
8.392342409648323155e+03	7.762889998371530660e-03	2.113497858808004518e-02
8.450252518042849260e+03	7.816456742878574032e-03	2.119574459562254681e-02
8.508391726424160879e+03	7.870235404471676369e-03	2.125673297376883680e-02
8.566760904775710515e+03	7.924226787884231307e-03	2.131794432535259742e-02
8.625360925902288727e+03	7.978431700459361758e-03	2.137937925699329167e-02
8.684192665443273654e+03	8.032850952162178329e-03	2.144103837908524837e-02
8.743257001885032878e+03	8.087485355591249314e-03	2.150292230578663977e-02
8.802554816573807329e+03	8.142335725990526921e-03	2.156503165500853539e-02
8.862086993728593370e+03	8.197402881261244001e-03	2.162736704840545476e-02
8.921854420453932107e+03	8.252687641973770888e-03	2.168992911136436927e-02
8.981857986752716897e+03	8.308190831379435801e-03	2.175271847299636158e-02
9.042098585538955376e+03	8.363913275422348720e-03	2.181573576612649834e-02
9.102577112650453273e+03	8.419855802751121179e-03	2.187898162728603435e-02
9.163294466862047557e+03	8.476019244731122088e-03	2.194245669670296522e-02
9.224251549898037410e+03	8.532404435455954658e-03	2.200616161829463402e-02
9.285449266445228204e+03	8.589012211759545698e-03	2.207009703965969946e-02
9.346888524165609851e+03	8.645843413227853255e-03	2.213426361207062459e-02
9.408570233709462627e+03	8.702898882211004480e-03	2.219866199046654706e-02
9.470495308728142845e+03	8.760179463835114297e-03	2.226329283344689880e-02
9.532664665886639341e+03	8.817686006013894170e-03	2.232815680326398489e-02
9.595079224876964872e+03	8.875419359461057117e-03	2.239325456581752610e-02
9.657739908430701689e+03	8.933380377701909125e-03	2.245858679064888230e-02
9.720647642332083706e+03	8.991569917085448851e-03	2.252415415093402332e-02
9.783803355430860393e+03	9.049988836796274763e-03	2.258995732348013583e-02
9.847207979655162490e+03	9.108637998866481872e-03	2.265599698871918408e-02
9.910862450024667851e+03	9.167518268187839492e-03	2.272227383070382981e-02
9.974767704663299810e+03	9.226630512523537053e-03	2.278878853710260624e-02
1.003892468481243668e+04	9.285975602520405228e-03	2.285554179919557435e-02
1.010333433484384659e+04	9.345554411720878585e-03	2.292253431187091586e-02
1.016799760227255319e+04	9.405367816574897524e-03	2.298976677361994417e-02
1.023291543777009974e+04	9.465416696452174511e-03	2.305723988653514758e-02
1.029808879517738387e+04	9.525701933654076928e-03	2.312495435630630702e-02
1.036351863151797625e+04	9.586224413425922797e-03	2.319291089221718616e-02
1.042920590701088076e+04	9.646985023968818532e-03	2.326111020714352953e-02
1.049515158508395325e+04	9.707984656452039660e-03	2.332955301754990191e-02
1.056135663238683082e+04	9.769224205025007352e-03	2.339824004348753025e-02
1.062782201880412322e+04	9.830704566829492203e-03	2.346717200859264885e-02
1.069454871746869503e+04	9.892426642011880461e-03	2.353634964008475411e-02
1.076153770477455510e+04	9.954391333735119335e-03	2.360577366876431132e-02
1.082878996039041522e+04	1.001659954819125904e-02	2.367544482901200176e-02
1.089630646727270141e+04	1.007905219461345883e-02	2.374536385878744590e-02
1.096408821167881615e+04	1.014175018528828964e-02	2.381553149962811408e-02
1.103213618318052613e+04	1.020469443556810442e-02	2.388594849664903846e-02
1.110045137467708628e+04	1.026788586388316903e-02	2.395661559854166470e-02
1.116903478240885852e+04	1.033132539175426676e-02	2.402753355757412251e-02
1.123788740597033575e+04	1.039501394380475466e-02	2.409870312959059777e-02
1.130701024832356961e+04	1.045895244777296507e-02	2.417012507401199856e-02
1.137640431581190751e+04	1.052314183452492807e-02	2.424180015383569156e-02
1.144607061817284193e+04	1.058758303806625264e-02	2.431372913563625837e-02
1.151601016855180569e+04	1.065227699555489072e-02	2.438591278956625183e-02
1.158622398351588345e+04	1.071722464731379720e-02	2.445835188935658114e-02
1.165671308306669926e+04	1.078242693684289266e-02	2.453104721231827087e-02
1.172747849065434457e+04	1.084788481083190891e-02	2.460399953934278364e-02
1.179852123319096972e+04	1.091359921917298657e-02	2.467720965490441398e-02
1.186984234106422991e+04	1.097957111497308881e-02	2.475067834706072556e-02
1.194144284815089122e+04	1.104580145456660924e-02	2.482440640745537178e-02
1.201332379183053672e+04	1.111229119752804410e-02	2.489839463131952521e-02
1.208548621299919068e+04	1.117904130668457945e-02	2.497264381747328621e-02
1.215793115608293738e+04	1.124605274812870946e-02	2.504715476832945417e-02
1.223065966905199639e+04	1.131332649123125041e-02	2.512192828989471410e-02
1.230367280343406310e+04	1.138086350865366234e-02	2.519696519177233585e-02
1.237697161432816210e+04	1.144866477636089820e-02	2.527226628716561230e-02
1.245055716041884443e+04	1.151673127363449754e-02	2.534783239287981965e-02
1.252443050398950982e+04	1.158506398308494292e-02	2.542366432932572154e-02
1.259859271093674579e+04	1.165366389066490108e-02	2.549976292052295868e-02
1.267304485078403013e+04	1.172253198568190720e-02	2.557612899410325116e-02
1.274778799669556065e+04	1.179166926081116201e-02	2.565276338131347589e-02
1.282282322549057608e+04	1.186107671210876076e-02	2.572966691701989578e-02
1.289815161765702578e+04	1.193075533902436362e-02	2.580684043971158415e-02
1.297377425736593977e+04	1.200070614441446464e-02	2.588428479150480660e-02
1.304969223248516391e+04	1.207093013455510545e-02	2.596200081814649049e-02
1.312590663459374991e+04	1.214142831915518764e-02	2.603998936901849928e-02
1.320241855899600705e+04	1.221220171136947787e-02	2.611825129714287833e-02
1.327922910473578122e+04	1.228325132781179531e-02	2.619678745918499474e-02
1.335633937461042842e+04	1.235457818856795786e-02	2.627559871545919606e-02
1.343375047518543033e+04	1.242618331720928698e-02	2.635468592993349402e-02
1.351146351680847692e+04	1.249806774080564585e-02	2.643404997023339822e-02
1.358947961362368733e+04	1.257023248993858686e-02	2.651369170764869554e-02
1.366779988358630362e+04	1.264267859871493795e-02	2.659361201713691253e-02
1.374642544847676436e+04	1.271540710477983907e-02	2.667381177732969580e-02
1.382535743391539108e+04	1.278841904933030252e-02	2.675429187053802657e-02
1.390459696937671652e+04	1.286171547712848529e-02	2.683505318275703627e-02
1.398414518820417288e+04	1.293529743651527369e-02	2.691609660367276502e-02
1.406400322762436917e+04	1.300916597942347770e-02	2.699742302666695293e-02
1.414417222876197775e+04	1.308332216139161674e-02	2.707903334882374308e-02
1.422465333665420258e+04	1.315776704157729099e-02	2.716092847093537488e-02
1.430544770026545120e+04	1.323250168277075207e-02	2.724310929750779417e-02
1.438655647250222864e+04	1.330752715140869763e-02	2.732557673676807436e-02
1.446798081022754013e+04	1.338284451758757140e-02	2.740833170066999183e-02
1.454972187427620884e+04	1.345845485507774116e-02	2.749137510490053463e-02
1.463178082946918039e+04	1.353435924133674154e-02	2.757470786888647357e-02
1.471415884462858048e+04	1.361055875752317963e-02	2.765833091580146078e-02
1.479685709259289979e+04	1.368705448851079663e-02	2.774224517257298933e-02
1.487987675023152588e+04	1.376384752290191540e-02	2.782645156988818730e-02
1.496321899846001907e+04	1.384093895304154553e-02	2.791095104220254336e-02
1.504688502225509910e+04	1.391832987503128193e-02	2.799574452774562100e-02
1.513087601066965544e+04	1.399602138874314963e-02	2.808083296852925334e-02
1.521519315684791582e+04	1.407401459783366379e-02	2.816621731035442305e-02
1.529983765804060749e+04	1.415231060975784966e-02	2.825189850281890208e-02
1.538481071562034413e+04	1.423091053578346386e-02	2.833787749932493993e-02
1.547011353509643777e+04	1.430981549100470047e-02	2.842415525708675422e-02
1.555574732613068045e+04	1.438902659435679389e-02	2.851073273713850692e-02
1.564171330255247449e+04	1.446854496863000591e-02	2.859761090434202735e-02
1.572801268237427576e+04	1.454837174048393030e-02	2.868479072739507640e-02
1.581464668780685133e+04	1.462850804046157520e-02	2.877227317883914587e-02
1.590161654527497922e+04	1.470895500300390540e-02	2.886005923506780591e-02
1.598892348543286971e+04	1.478971376646411040e-02	2.894814987633489295e-02
1.607656874317971051e+04	1.487078547312197310e-02	2.903654608676333598e-02
1.616455355767534274e+04	1.495217126919836173e-02	2.912524885435312932e-02
1.625287917235591340e+04	1.503387230486974424e-02	2.921425917099015543e-02
1.634154683494960955e+04	1.511588973428269755e-02	2.930357803245472320e-02
1.643055779749217618e+04	1.519822471556829188e-02	2.939320643843040121e-02
1.651991331634312155e+04	1.528087841085706659e-02	2.948314539251323599e-02
1.660961465220126775e+04	1.536385198629342495e-02	2.957339590222026263e-02
1.669966307012071411e+04	1.544714661205039141e-02	2.966395897899880632e-02
1.679005983952692986e+04	1.553076346234449553e-02	2.975483563823580827e-02
1.688080623423215366e+04	1.561470371545002449e-02	2.984602689926646110e-02
1.697190353245236111e+04	1.569896855371472402e-02	2.993753378538399623e-02
1.706335301682265708e+04	1.578355916357400759e-02	3.002935732384958215e-02
1.715515597441359932e+04	1.586847673556609356e-02	3.012149854590100498e-02
1.724731369674746747e+04	1.595372246434702615e-02	3.021395848676246276e-02
1.733982747981449938e+04	1.603929754870570337e-02	3.030673818565499458e-02
1.743269862408899280e+04	1.612520319157877483e-02	3.039983868580506052e-02
1.752592843454590547e+04	1.621144060006599052e-02	3.049326103445558489e-02
1.761951822067684407e+04	1.629801098544499116e-02	3.058700628287494561e-02
1.771346929650694437e+04	1.638491556318693448e-02	3.068107548636816659e-02
1.780778298061100213e+04	1.647215555297138270e-02	3.077546970428586201e-02
1.790246059613037869e+04	1.655973217870200173e-02	3.087019000003511995e-02
1.799750347078924096e+04	1.664764666852150757e-02	3.096523744108992809e-02
1.809291293691121246e+04	1.673590025482712268e-02	3.106061309900130796e-02
1.818869033143641354e+04	1.682449417428632035e-02	3.115631804940777877e-02
1.828483699593765778e+04	1.691342966785180923e-02	3.125235337204607805e-02
1.838135427663785958e+04	1.700270798077762810e-02	3.134872015076152485e-02
1.847824352442646705e+04	1.709233036263435243e-02	3.144541947351917055e-02
1.857550609487628753e+04	1.718229806732466183e-02	3.154245243241471375e-02
1.867314334826094273e+04	1.727261235309947643e-02	3.163982012368461716e-02
1.877115664957126137e+04	1.736327448257313569e-02	3.173752364771801476e-02
1.886954736853276700e+04	1.745428572273954176e-02	3.183556410906729361e-02
1.896831687962262367e+04	1.754564734498787609e-02	3.193394261645918220e-02
1.906746656208683999e+04	1.763736062511848945e-02	3.203266028280611633e-02
1.916699779995745484e+04	1.772942684335879551e-02	3.213171822521809773e-02
1.926691198206985428e+04	1.782184728437930313e-02	3.223111756501282482e-02
1.936721050208005545e+04	1.791462323730959663e-02	3.233085942772859211e-02
1.946789475848217990e+04	1.800775599575448957e-02	3.243094494313495529e-02
1.956896615462586487e+04	1.810124685781015763e-02	3.253137524524428448e-02
1.967042609873354377e+04	1.819509712608008423e-02	3.263215147232425423e-02
1.977227600391834858e+04	1.828930810769166179e-02	3.273327476690900822e-02
1.987451728820154676e+04	1.838388111431227268e-02	3.283474627581104560e-02
1.997715137453028001e+04	1.847881746216575166e-02	3.293656715013395381e-02
2.008017969079495742e+04	1.857411847204843564e-02	3.303873854528298348e-02
2.018360366984768552e+04	1.866978546934621591e-02	3.314126162097861400e-02
2.028742474951932672e+04	1.876581978405034504e-02	3.324413754126803733e-02
2.039164437263812215e+04	1.886222275077463484e-02	3.334736747453757172e-02
2.049626398704697931e+04	1.895899570877143323e-02	3.345095259352474926e-02
2.060128504562203307e+04	1.905614000194884652e-02	3.355489407533107649e-02
2.070670900629053722e+04	1.915365697888723670e-02	3.365919310143466320e-02
2.081253733204876698e+04	1.925154799285581225e-02	3.376385085770213651e-02
2.091877149098038717e+04	1.934981440182960769e-02	3.386886853440249784e-02
2.102541295627503132e+04	1.944845756850666768e-02	3.397424732621832921e-02
2.113246320624577129e+04	1.954747886032420431e-02	3.407998843225950453e-02
2.123992372434844947e+04	1.964687964947650287e-02	3.418609305607626242e-02
2.134779599919911561e+04	1.974666131293100618e-02	3.429256240567168240e-02
2.145608152459348639e+04	1.984682523244635580e-02	3.439939769351478549e-02
2.156478179952459686e+04	1.994737279458869833e-02	3.450660013655389852e-02
2.167389832820237280e+04	2.004830539074980295e-02	3.461417095622972701e-02
2.178343262007126759e+04	2.014962441716336081e-02	3.472211137848853907e-02
2.189338618982960179e+04	2.025133127492288743e-02	3.483042263379539094e-02
2.200376055744856421e+04	2.035342736999928154e-02	3.493910595714792150e-02
2.211455724819024181e+04	2.045591411325753395e-02	3.504816258808959861e-02
2.222577779262714103e+04	2.055879292047474091e-02	3.515759377072338876e-02
2.233742372666129813e+04	2.066206521235782259e-02	3.526740075372535727e-02
2.244949659154278925e+04	2.076573241456062396e-02	3.537758479035815057e-02
2.256199793388923717e+04	2.086979595770195942e-02	3.548814713848522789e-02
2.267492930570464887e+04	2.097425727738303283e-02	3.559908906058444761e-02
2.278829226439902777e+04	2.107911781420559669e-02	3.571041182376201439e-02
2.290208837280725857e+04	2.118437901378939989e-02	3.582211669976672480e-02
2.301631919920900691e+04	2.129004232679062442e-02	3.593420496500372013e-02
2.313098631734736409e+04	2.139610920891908338e-02	3.604667790054864873e-02
2.324609130644896140e+04	2.150258112095688318e-02	3.615953679216262623e-02
2.336163575124335694e+04	2.160945952877630499e-02	3.627278293030517659e-02
2.347762124198258607e+04	2.171674590335792576e-02	3.638641761015019849e-02
2.359404937446071199e+04	2.182444172080868702e-02	3.650044213159961415e-02
2.371092175003376906e+04	2.193254846238034891e-02	3.661485779929742751e-02
2.382823997563970624e+04	2.204106761448791987e-02	3.672966592264542696e-02
2.394600566381777026e+04	2.215000066872761103e-02	3.684486781581664677e-02
2.406422043272877272e+04	2.225934912189556775e-02	3.696046479777163191e-02
2.418288590617535010e+04	2.236911447600661504e-02	3.707645819227181616e-02
2.430200371362167425e+04	2.247929823831248952e-02	3.719284932789513470e-02
2.442157549021327941e+04	2.258990192132018238e-02	3.730963953805114391e-02
2.454160287679792964e+04	2.270092704281122253e-02	3.742683016099556531e-02
2.466208751994569684e+04	2.281237512586028332e-02	3.754442253984598826e-02
2.478303107196923884e+04	2.292424769885391053e-02	3.766241802259617105e-02
2.490443519094403746e+04	2.303654629550926092e-02	3.778081796213281218e-02
2.502630154072898586e+04	2.314927245489311822e-02	3.789962371624933796e-02
2.514863179098739784e+04	2.326242772144136717e-02	3.801883664766217419e-02
2.527142761720671842e+04	2.337601364497719422e-02	3.813845812402615054e-02
2.539469070072010072e+04	2.349003178073105422e-02	3.825848951794977304e-02
2.551842272872663307e+04	2.360448368935939498e-02	3.837893220701137087e-02
2.564262539431225377e+04	2.371937093696397866e-02	3.849978757377400806e-02
2.576730039647069134e+04	2.383469509511125517e-02	3.862105700580248380e-02
2.589244944012467022e+04	2.395045774085200960e-02	3.874274189567796650e-02
2.601807423614652362e+04	2.406666045674039564e-02	3.886484364101477906e-02
2.614417650137935198e+04	2.418330483085351021e-02	3.898736364447564356e-02
2.627075795865860346e+04	2.430039245681136356e-02	3.911030331378882036e-02
2.639782033683293048e+04	2.441792493379617637e-02	3.923366406176322790e-02
2.652536537078593392e+04	2.453590386657248518e-02	3.935744730630548471e-02
2.665339480145684502e+04	2.465433086550626596e-02	3.948165447043555654e-02
2.678191037586285529e+04	2.477320754658561552e-02	3.960628698230363176e-02
2.691091384711979117e+04	2.489253553143984041e-02	3.973134627520613638e-02
2.704040697446448394e+04	2.501231644736017640e-02	3.985683378760274814e-02
2.717039152327600095e+04	2.513255192731941173e-02	3.998275096313292504e-02
2.730086926509764453e+04	2.525324360999224582e-02	4.010909925063217002e-02
2.743184197765841600e+04	2.537439313977514835e-02	4.023588010414921867e-02
2.756331144489537473e+04	2.549600216680700249e-02	4.036309498296259540e-02
2.769527945697564792e+04	2.561807234698953648e-02	4.049074535159784965e-02
2.782774781031776729e+04	2.574060534200698150e-02	4.061883267984383455e-02
2.796071830761481397e+04	2.586360281934754410e-02	4.074735844277074109e-02
2.809419275785557693e+04	2.598706645232291487e-02	4.087632412074651556e-02
2.822817297634795250e+04	2.611099792008999068e-02	4.100573119945442879e-02
2.836266078474028836e+04	2.623539890767054988e-02	4.113558116991002794e-02
2.849765801104437924e+04	2.636027110597255474e-02	4.126587552847877510e-02
2.863316648965784771e+04	2.648561621181083625e-02	4.139661577689338762e-02
2.876918806138671425e+04	2.661143592792800799e-02	4.152780342227107430e-02
2.890572457346818555e+04	2.673773196301550484e-02	4.165943997713195124e-02
2.904277787959308989e+04	2.686450603173434759e-02	4.179152695941545231e-02
2.918034983992912021e+04	2.699175985473665357e-02	4.192406589249948051e-02
2.931844232114342958e+04	2.711949515868652960e-02	4.205705830521663802e-02
2.945705719642542681e+04	2.724771367628115587e-02	4.219050573187340530e-02
2.959619634551053969e+04	2.737641714627276832e-02	4.232440971226732879e-02
2.973586165470237756e+04	2.750560731348916307e-02	4.245877179170580440e-02
2.987605501689685843e+04	2.763528592885601196e-02	4.259359352102339014e-02
3.001677833160486261e+04	2.776545474941781444e-02	4.272887645660065903e-02
3.015803350497581778e+04	2.789611553835971702e-02	4.286462216038143536e-02
3.029982244982154953e+04	2.802727006502956503e-02	4.300083219989290356e-02
3.044214708563870954e+04	2.815892010495866724e-02	4.313750814826257385e-02
3.058500933863378305e+04	2.829106743988491629e-02	4.327465158423617758e-02
3.072841114174564791e+04	2.842371385777365742e-02	4.341226409219869214e-02
3.087235443467008736e+04	2.855686115284034737e-02	4.355034726219083469e-02
3.101684116388327311e+04	2.869051112557231831e-02	4.368890268992862286e-02
3.116187328266552140e+04	2.882466558275070118e-02	4.382793197682118003e-02
3.130745275112594391e+04	2.895932633747326512e-02	4.396743672999198910e-02
3.145358153622584723e+04	2.909449520917603213e-02	4.410741856229548341e-02
3.160026161180355848e+04	2.923017402365628639e-02	4.424787909233680178e-02
3.174749495859816307e+04	2.936636461309447693e-02	4.438881994449153656e-02
3.189528356427385006e+04	2.950306881607676554e-02	4.453024274892401074e-02
3.204362942344514522e+04	2.964028847761837615e-02	4.467214914160683864e-02
3.219253453770013584e+04	2.977802544918504990e-02	4.481454076434159689e-02
3.234200091562646776e+04	2.991628158871712656e-02	4.495741926477512390e-02
3.249203057283493763e+04	3.005505876065133267e-02	4.510078629642211290e-02
3.264262553198452588e+04	3.019435883594396089e-02	4.524464351868322243e-02
3.279378782280767336e+04	3.033418369209423676e-02	4.538899259686541426e-02
3.294551948213449941e+04	3.047453521316674172e-02	4.553383520220102149e-02
3.309782255391908257e+04	3.061541528981569227e-02	4.567917301186758677e-02
3.325069908926261996e+04	3.075682581930638468e-02	4.582500770900853337e-02
3.340415114644095593e+04	3.089876870554065028e-02	4.597134098275262176e-02
3.355818079092782136e+04	3.104124585907835909e-02	4.611817452823351732e-02
3.371279009542120912e+04	3.118425919716179967e-02	4.626551004661146743e-02
3.386798113986869430e+04	3.132781064373912905e-02	4.641334924509139120e-02
3.402375601149319846e+04	3.147190212948817317e-02	4.656169383694518799e-02
3.418011680481830263e+04	3.161653559183986301e-02	4.671054554153081934e-02
3.433706562169414246e+04	3.176171297500218066e-02	4.685990608431271631e-02
3.449460457132267038e+04	3.190743622998352957e-02	4.700977719688356760e-02
3.465273577028436557e+04	3.205370731461742312e-02	4.716016061698422718e-02
3.481146134256364894e+04	3.220052819358602825e-02	4.731105808852373307e-02
3.497078341957571683e+04	3.234790083844496511e-02	4.746247136160103297e-02
3.513070414019182499e+04	3.249582722764667725e-02	4.761440219252606465e-02
3.529122565076585306e+04	3.264430934656504385e-02	4.776685234383924727e-02
3.545235010516077455e+04	3.279334918751983935e-02	4.791982358433398426e-02
3.561407966477503214e+04	3.294294874980113058e-02	4.807331768907705666e-02
3.577641649856897857e+04	3.309311003969372250e-02	4.822733643942981457e-02
3.593936278309180489e+04	3.324383507050213821e-02	4.838188162307065221e-02
3.610292070250800316e+04	3.339512586257496751e-02	4.853695503401459638e-02
3.626709244862431660e+04	3.354698444332993718e-02	4.869255847263542075e-02
3.643188022091628227e+04	3.369941284727833580e-02	4.884869374568718420e-02
3.659728622655569052e+04	3.385241311605052122e-02	4.900536266632669891e-02
3.676331268043744785e+04	3.400598729842069928e-02	4.916256705413368094e-02
3.692996180520679627e+04	3.416013745033213977e-02	4.932030873513387759e-02
3.709723583128637983e+04	3.431486563492216341e-02	4.947858954182018931e-02
3.726513699690427165e+04	3.447017392254814183e-02	4.963741131317479793e-02
3.743366754812086583e+04	3.462606439081230419e-02	4.979677589469079513e-02
3.760282973885616229e+04	3.478253912458700164e-02	4.995668513839547631e-02
3.777262583091809211e+04	3.493960021604091554e-02	5.011714090287130302e-02
3.794305809402964223e+04	3.509724976466416235e-02	5.027814505327925926e-02
3.811412880585792300e+04	3.525548987729511946e-02	5.043969946137980692e-02
3.828584025204036152e+04	3.541432266814471125e-02	5.060180600555670705e-02
3.845819472621431487e+04	3.557375025882380387e-02	5.076446657083888425e-02
3.863119453004350362e+04	3.573377477836759547e-02	5.092768304892362347e-02
3.880484197324849811e+04	3.589439836326390604e-02	5.109145733819844826e-02
3.897913937363314471e+04	3.605562315747753294e-02	5.125579134376438695e-02
3.915408905711364787e+04	3.621745131247721544e-02	5.142068697745895423e-02
3.932969335774720093e+04	3.637988498726207887e-02	5.158614615787856378e-02
3.950595461776079173e+04	3.654292634838831461e-02	5.175217081040308503e-02
3.968287518757924408e+04	3.670657756999506222e-02	5.191876286721714556e-02
3.986045742585502740e+04	3.687084083383206784e-02	5.208592426733421599e-02
4.003870369949610176e+04	3.703571832928535812e-02	5.225365695662077814e-02
4.021761638369559660e+04	3.720121225340473903e-02	5.242196288781725277e-02
4.039719786196102359e+04	3.736732481093080205e-02	5.259084402056515145e-02
4.057745052614319866e+04	3.753405821432170136e-02	5.276030232142745607e-02
4.075837677646547672e+04	3.770141468378015309e-02	5.293033976391400136e-02
4.093997902155369229e+04	3.786939644728115617e-02	5.310095832850331848e-02
4.112225967846524873e+04	3.803800574059890832e-02	5.327216000267030044e-02
4.130522117271894967e+04	3.820724480733438816e-02	5.344394678090652606e-02
4.148886593832456128e+04	3.837711589894268749e-02	5.361632066474569108e-02
4.167319641781277460e+04	3.854762127476073913e-02	5.378928366278759587e-02
4.185821506226528436e+04	3.871876320203516963e-02	5.396283779072272302e-02
4.204392433134525345e+04	3.889054395595041569e-02	5.413698507135607241e-02
4.223032669332595106e+04	3.906296581965525150e-02	5.431172753463143349e-02
4.241742462512205384e+04	3.923603108429177949e-02	5.448706721765676775e-02
4.260522061232062697e+04	3.940974204902399081e-02	5.466300616472831442e-02
4.279371714921072271e+04	3.958410102106523637e-02	5.483954642735425905e-02
4.298291673881369934e+04	3.975911031570622534e-02	5.501669006428176051e-02
4.317282189291522081e+04	3.993477225634464028e-02	5.519443914151970360e-02
4.336343513209430967e+04	4.011108917451199768e-02	5.537279573236492808e-02
4.355475898575587053e+04	4.028806340990374879e-02	5.555176191742591807e-02
4.374679599216009228e+04	4.046569731040645934e-02	5.573133978464987759e-02
4.393954869845508802e+04	4.064399323212802145e-02	5.591153142934635056e-02
4.413301966070751951e+04	4.082295353942597127e-02	5.609233895421360250e-02
4.432721144393362920e+04	4.100258060493617435e-02	5.627376446936390580e-02
4.452212662213080330e+04	4.118287680960205921e-02	5.645581009234770797e-02
4.471776777830930223e+04	4.136384454270395500e-02	5.663847794818110959e-02
4.491413750452415843e+04	4.154548620188853320e-02	5.682177016937079578e-02
4.511123840190553165e+04	4.172780419319702810e-02	5.700568889593954358e-02
4.530907308069321152e+04	4.191080093109701005e-02	5.719023627545271465e-02
4.550764416026628169e+04	4.209447883850989808e-02	5.737541446304404019e-02
4.570695426917569421e+04	4.227884034684106784e-02	5.756122562144119770e-02
4.590700604517758620e+04	4.246388789601069497e-02	5.774767192099310165e-02
4.610780213526428997e+04	4.264962393448239186e-02	5.793475553969494596e-02
4.630934519569736585e+04	4.283605091929381520e-02	5.812247866321581385e-02
4.651163789204040950e+04	4.302317131608697498e-02	5.831084348492441422e-02
4.671468289919145900e+04	4.321098759913825221e-02	5.849985220591563673e-02
4.691848290141516918e+04	4.339950225138808348e-02	5.868950703503740540e-02
4.712304059237667389e+04	4.358871776447238722e-02	5.887981018891775414e-02
4.732835867517387669e+04	4.377863663875234540e-02	5.907076389199092392e-02
4.753443986237096397e+04	4.396926138334542739e-02	5.926237037652542367e-02
4.774128687603195431e+04	4.416059451615647613e-02	5.945463188265040499e-02
4.794890244775330939e+04	4.435263856390778830e-02	5.964755065838332759e-02
4.815728931869765074e+04	4.454539606217036013e-02	5.984112895965633394e-02
4.836645023962764390e+04	4.473886955539520954e-02	6.003536905034412979e-02
4.857638797093920584e+04	4.493306159694409468e-02	6.023027320229203119e-02
4.878710528269584029e+04	4.512797474912127321e-02	6.042584369534287347e-02
4.899860495466258726e+04	4.532361158320491468e-02	6.062208281736507220e-02
4.921088977633923787e+04	4.551997467947783982e-02	6.081899286427983747e-02
4.942396254699556448e+04	4.571706662726000847e-02	6.101657614008904745e-02
4.963782607570514665e+04	4.591489002493998745e-02	6.121483495690453747e-02
4.985248318137949536e+04	4.611344748000634902e-02	6.141377163497509922e-02
5.006793669280317408e+04	4.631274160908023518e-02	6.161338850271429884e-02
5.028418944866844686e+04	4.651277503794741530e-02	6.181368789673025166e-02
5.050124429760928615e+04	4.671355040158969157e-02	6.201467216185206632e-02
5.071910409823721420e+04	4.691507034421810857e-02	6.221634365115991799e-02
5.093777171917527448e+04	4.711733751930432396e-02	6.241870472601322717e-02
5.115725003909425141e+04	4.732035458961419278e-02	6.262175775607894956e-02
5.137754194674745668e+04	4.752412422723982510e-02	6.282550511936164928e-02
5.159865034100571211e+04	4.772864911363207396e-02	6.302994920223016495e-02
5.182057813089417323e+04	4.793393193963447346e-02	6.323509239944903604e-02
5.204332823562622070e+04	4.813997540551469972e-02	6.344093711420559223e-02
5.226690358464023302e+04	4.834678222099850903e-02	6.364748575814106746e-02
5.249130711763548607e+04	4.855435510530298204e-02	6.385474075137911876e-02
5.271654178460764524e+04	4.876269678716932399e-02	6.406270452255476144e-02
5.294261054588558909e+04	4.897181000489696928e-02	6.427137950884465045e-02
5.316951637216741801e+04	4.918169750637686743e-02	6.448076815599632083e-02
5.339726224455655029e+04	4.939236204912485217e-02	6.469087291835821929e-02
5.362585115459808731e+04	4.960380640031530203e-02	6.490169625890981897e-02
5.385528610431661946e+04	4.981603333681610540e-02	6.511324064929092936e-02
5.408557010625152907e+04	5.002904564522131503e-02	6.532550856983253273e-02
5.431670618349470169e+04	5.024284612188604365e-02	6.553850250958626056e-02
5.454869736972731334e+04	5.045743757296047849e-02	6.575222496635557690e-02
5.478154670925695973e+04	5.067282281442422182e-02	6.596667844672590708e-02
5.501525725705550576e+04	5.088900467212130463e-02	6.618186546609465537e-02
5.524983207879572001e+04	5.110598598179406232e-02	6.639778854870269365e-02
5.548527425088945165e+04	5.132376958911850223e-02	6.661445022766426804e-02
5.572158686052448320e+04	5.154235834973832503e-02	6.683185304499875135e-02
5.595877300570310035e+04	5.176175512930062533e-02	6.704999955166054959e-02
5.619683579527982511e+04	5.198196280349082210e-02	6.726889230757149285e-02
5.643577834899994923e+04	5.220298425806826209e-02	6.748853388165147738e-02
5.667560379753662710e+04	5.242482238890054658e-02	6.770892685184908000e-02
5.691631528253002762e+04	5.264748010199973155e-02	6.793007380517381011e-02
5.715791595662575855e+04	5.287096031355794507e-02	6.815197733772837552e-02
5.740040898351336364e+04	5.309526594998287968e-02	6.837464005473858908e-02
5.764379753796467412e+04	5.332039994793331961e-02	6.859806457058674478e-02
5.788808480587365193e+04	5.354636525435606254e-02	6.882225350884253745e-02
5.813327398429466848e+04	5.377316482652122476e-02	6.904720950229530085e-02
5.837936828148173663e+04	5.400080163205856626e-02	6.927293519298642621e-02
5.862637091692765534e+04	5.422927864899372563e-02	6.949943323224123948e-02
5.887428512140396924e+04	5.445859886578514886e-02	6.972670628070232191e-02
5.912311413700074627e+04	5.468876528136092097e-02	6.995475700835988853e-02
5.937286121716490015e+04	5.491978090515416133e-02	7.018358809458720426e-02
5.962352962674135779e+04	5.515164875714115289e-02	7.041320222817058772e-02
5.987512264201268408e+04	5.538437186787797256e-02	7.064360210734413337e-02
6.012764355073909246e+04	5.561795327853748944e-02	7.087479043982253257e-02
6.038109565219832439e+04	5.585239604094627969e-02	7.110676994283245123e-02
6.063548225722702045e+04	5.608770321762289457e-02	7.133954334314779322e-02
6.089080668826022884e+04	5.632387788181436594e-02	7.157311337712228549e-02
6.114707227937324933e+04	5.656092311753495305e-02	7.180748279072231288e-02
6.140428237632111268e+04	5.679884201960264806e-02	7.204265433956121012e-02
6.166244033658097032e+04	5.703763769367840158e-02	7.227863078893272120e-02
6.192154952939181385e+04	5.727731325630281561e-02	7.251541491384501381e-02
6.218161333579681377e+04	5.751787183493535516e-02	7.275300949905356973e-02
6.244263514868418133e+04	5.775931656799212360e-02	7.299141733909668417e-02
6.270461837282872875e+04	5.800165060488432500e-02	7.323064123832875860e-02
6.296756642493412801e+04	5.824487710605733698e-02	7.347068401095491197e-02
6.323148273367329239e+04	5.848899924302803505e-02	7.371154848106521718e-02
6.349637073973251972e+04	5.873402019842569738e-02	7.395323748266915964e-02
6.376223389585207042e+04	5.897994316602946097e-02	7.419575385973084525e-02
6.402907566686889186e+04	5.922677135080792882e-02	7.443910046620313969e-02
6.429689952975902270e+04	5.947450796895827757e-02	7.468328016606264053e-02
6.456570897368053556e+04	5.972315624794610062e-02	7.492829583334537080e-02
6.483550750001502456e+04	5.997271942654371080e-02	7.517415035218091846e-02
6.510629862241225055e+04	6.022320075487145458e-02	7.542084661682867119e-02
6.537808586683191243e+04	6.047460349443633393e-02	7.566838753171303833e-02
6.565087277158720826e+04	6.072693091817234906e-02	7.591677601145863097e-02
6.592466288738836010e+04	6.098018631048068849e-02	7.616601498092569200e-02
6.619945977738566580e+04	6.123437296726964157e-02	7.641610737524662245e-02
6.647526701721407881e+04	6.148949419599574612e-02	7.666705613986213308e-02
6.675208819503468112e+04	6.174555331570220212e-02	7.691886423055629973e-02
6.702992691158188973e+04	6.200255365706251742e-02	7.717153461349342269e-02
6.730878678020516236e+04	6.226049856241908098e-02	7.742507026525363711e-02
6.758867142691310437e+04	6.251939138582401911e-02	7.767947417287096590e-02
6.786958449042063148e+04	6.277923549308271622e-02	7.793474933386748682e-02
6.815152962219098117e+04	6.304003426179276282e-02	7.819089875629224584e-02
6.843451048647955758e+04	6.330179108138449251e-02	7.844792545875707568e-02
6.871853076038316067e+04	6.356450935316651507e-02	7.870583247047423237e-02
6.900359413388032408e+04	6.382819249036295051e-02	7.896462283129208892e-02
6.928970430987751752e+04	6.409284391815632531e-02	7.922429959173396541e-02
6.957686500425665872e+04	6.435846707373139852e-02	7.948486581303465526e-02
6.986507994592009345e+04	6.462506540631682284e-02	7.974632456717822837e-02
7.015435287683422212e+04	6.489264237722544570e-02	8.000867893693511257e-02
7.044468755207714275e+04	6.516120145989844070e-02	8.027193201590088201e-02
7.073608773988312169e+04	6.543074613994641353e-02	8.053608690853349128e-02
7.102855722169065848e+04	6.570127991519386645e-02	8.080114673019152260e-02
7.132209979218801891e+04	6.597280629572127575e-02	8.106711460717221096e-02
7.161671925935869513e+04	6.624532880390722467e-02	8.133399367674999658e-02
7.191241944452842290e+04	6.651885097447184092e-02	8.160178708721464724e-02
7.220920418241413427e+04	6.679337635452207989e-02	8.187049799791046301e-02
7.250707732116810803e+04	6.706890850359260858e-02	8.214012957927395442e-02
7.280604272242542356e+04	6.734545099368957621e-02	8.241068501287410197e-02
7.310610426135415037e+04	6.762300740933720189e-02	8.268216749145086697e-02
7.340726582669912023e+04	6.790158134761814512e-02	8.295458021895378564e-02
7.370953132083086530e+04	6.818117641821888619e-02	8.322792641058128493e-02
7.401290465979407600e+04	6.846179624347437098e-02	8.350220929282123339e-02
7.431738977335586969e+04	6.874344445841286400e-02	8.377743210348892466e-02
7.462299060505224043e+04	6.902612471079874745e-02	8.405359809176840558e-02
7.492971111223750631e+04	6.930984066117838738e-02	8.433071051825119513e-02
7.523755526613193797e+04	6.959459598292411231e-02	8.460877265497666888e-02
7.554652705187203537e+04	6.988039436228071777e-02	8.488778778547288739e-02
7.585663046855801076e+04	7.016723949840944496e-02	8.516775920479467687e-02
7.616786952930288680e+04	7.045513510343334729e-02	8.544869021956730260e-02
7.648024826128188579e+04	7.074408490248298986e-02	8.573058414802479932e-02
7.679377070578205166e+04	7.103409263374234339e-02	8.601344432005103569e-02
7.710844091825059149e+04	7.132516204849351227e-02	8.629727407722129207e-02
7.742426296834510867e+04	7.161729691116319740e-02	8.658207677284242287e-02
7.774124093998473836e+04	7.191050099937000561e-02	8.686785577199489239e-02
7.805937893139888183e+04	7.220477810396951079e-02	8.715461445157299258e-02
7.837868105517691583e+04	7.250013202910017551e-02	8.744235620032751732e-02
7.869915143831932801e+04	7.279656659223084081e-02	8.773108441890577203e-02
7.902079422228915791e+04	7.309408562420807720e-02	8.802080251989630177e-02
7.934361356306022208e+04	7.339269296930096831e-02	8.831151392786652787e-02
7.966761363117083965e+04	7.369239248525068231e-02	8.860322207940764250e-02
7.999279861177255225e+04	7.399318804331564414e-02	8.889593042317861515e-02
8.031917270468370407e+04	7.429508352832105145e-02	8.918964241994378761e-02
8.064674012443858373e+04	7.459808283870425494e-02	8.948436154261869835e-02
8.097550510033953469e+04	7.490218988656308086e-02	8.978009127631167430e-02
8.130547187651065178e+04	7.520740859770549958e-02	9.007683511836736545e-02
8.163664471194740327e+04	7.551374291169538067e-02	9.037459657840923866e-02
8.196902788056968711e+04	7.582119678190174517e-02	9.067337917838180772e-02
8.230262567127589136e+04	7.612977417554864235e-02	9.097318645259636072e-02
8.263744238799138111e+04	7.643947907376008599e-02	9.127402194777105293e-02
8.297348234972574573e+04	7.675031547161294265e-02	9.157588922307795254e-02
8.331074989062202803e+04	7.706228737818253405e-02	9.187879185018406336e-02
8.364924936001290916e+04	7.737539881659455387e-02	9.218273341329627502e-02
8.398898512247003964e+04	7.768965382407069797e-02	9.248771750920586898e-02
8.432996155786198506e+04	7.800505645198230198e-02	9.279374774733190057e-02
8.467218306140598725e+04	7.832161076589823356e-02	9.310082774976527475e-02
8.501565404371997283e+04	7.863932084563290958e-02	9.340896115131673560e-02
8.536037893087846169e+04	7.895819078529811574e-02	9.371815159955503016e-02
8.570636216446750041e+04	7.927822469335375766e-02	9.402840275485906119e-02
8.605360820163736935e+04	7.959942669265662740e-02	9.433971829045637025e-02
8.640212151515852020e+04	7.992180092051215379e-02	9.465210189247404149e-02
8.675190659347519977e+04	8.024535152872401544e-02	9.496555725997850306e-02
8.710296794076044171e+04	8.057008268364496129e-02	9.528008810502609782e-02
8.745531007697280438e+04	8.089599856622936569e-02	9.559569815270557713e-02
8.780893753791008203e+04	8.122310337208282771e-02	9.591239114118499387e-02
8.816385487526554789e+04	8.155140131151428218e-02	9.623017082175595871e-02
8.852006665668304777e+04	8.188089660958690341e-02	9.654904095888428017e-02
8.887757746581491665e+04	8.221159350617164574e-02	9.686900533025126492e-02
8.923639190237570438e+04	8.254349625599705087e-02	9.719006772680231776e-02
8.959651458219985943e+04	8.287660912870251084e-02	9.751223195279433431e-02
8.995795013729720085e+04	8.321093640888962972e-02	9.783550182584142829e-02
9.032070321591148968e+04	8.354648239617634697e-02	9.815988117696231030e-02
9.068477848257603182e+04	8.388325140524843793e-02	9.848537385062566818e-02
9.105018061817082344e+04	8.422124776591230488e-02	9.881198370480205606e-02
9.141691431997984182e+04	8.456047582314803190e-02	9.913971461100601346e-02
9.178498430174996611e+04	8.490093993716385512e-02	9.946857045434746858e-02
9.215439529374665290e+04	8.524264448344767708e-02	9.979855513357854813e-02
9.252515204281304614e+04	8.558559385282173138e-02	1.001296725611395266e-01
9.289725931242859224e+04	8.592979245149677536e-02	1.004619266632105906e-01
9.327072188276567613e+04	8.627524470112454824e-02	1.007953213797578018e-01
9.364554455075021542e+04	8.662195503885378178e-02	1.011298606645817943e-01
9.402173213011912594e+04	8.696992791738328288e-02	1.014655484853675266e-01
9.439928945147898048e+04	8.731916780501636222e-02	1.018023888237307162e-01
9.477822136236705410e+04	8.766967918571712259e-02	1.021403856752696043e-01
9.515853272730819299e+04	8.802146655916319451e-02	1.024795430496144300e-01
9.554022842787750415e+04	8.837453444080363429e-02	1.028198649704737955e-01
9.592331336275716603e+04	8.872888736191156256e-02	1.031613554756856677e-01
9.630779244779662986e+04	8.908452986963975861e-02	1.035040186172683646e-01
9.669367061607590585e+04	8.944146652707921086e-02	1.038478584614700717e-01
9.708095281796329073e+04	8.979970191331261564e-02	1.041928790888175665e-01
9.746964402117705322e+04	9.015924062347135948e-02	1.045390845941663455e-01
9.785974921084375819e+04	9.052008726878937872e-02	1.048864790867536645e-01
9.825127338956431777e+04	9.088224647666451328e-02	1.052350666902469173e-01
9.864422157747096207e+04	9.124572289071088138e-02	1.055848515427953160e-01
9.903859881229083112e+04	9.161052117081794344e-02	1.059358377970793241e-01
9.943441014940710738e+04	9.197664599320697076e-02	1.062880296203640301e-01
9.983166066192096332e+04	9.234410205048838860e-02	1.066414311945494547e-01
1.002303554407127667e+05	9.271289405171821707e-02	1.069960467162219264e-01
1.006304995945071714e+05	9.308302672245856446e-02	1.073518803967078855e-01
1.010320982499324600e+05	9.345450480483225020e-02	1.077089364621212908e-01
1.014351565515850380e+05	9.382733305758261810e-02	1.080672191534203797e-01
1.018396796620935347e+05	9.420151625613285007e-02	1.084267327264566982e-01
1.022456727621800383e+05	9.457705919264242089e-02	1.087874814520289612e-01
1.026531410507239925e+05	9.495396667606648133e-02	1.091494696159365507e-01
1.030620897448266624e+05	9.533224353221522729e-02	1.095127015190314052e-01
1.034725240798747982e+05	9.571189460381290814e-02	1.098771814772705607e-01
1.038844493096047809e+05	9.609292475055719596e-02	1.102429138217690813e-01
1.042978707061653986e+05	9.647533884917719460e-02	1.106099028988551114e-01
1.047127935601860081e+05	9.685914179349647268e-02	1.109781530701223901e-01
1.051292231808382930e+05	9.724433849449028167e-02	1.113476687124841796e-01
1.055471648959028389e+05	9.763093388034700670e-02	1.117184542182281526e-01
1.059666240518326522e+05	9.801893289652705010e-02	1.120905139950680446e-01
1.063876060138209723e+05	9.840834050582547565e-02	1.124638524662010114e-01
1.068101161658658821e+05	9.879916168843178026e-02	1.128384740703605726e-01
1.072341599108366063e+05	9.919140144199126152e-02	1.132143832618711515e-01
1.076597426705382386e+05	9.958506478166485876e-02	1.135915845107040578e-01
1.080868698857812560e+05	9.998015674019349042e-02	1.139700823025322080e-01
1.085155470164450526e+05	1.003766823679567016e-01	1.143498811387848452e-01
1.089457795415461878e+05	1.007746467330359885e-01	1.147309855367044940e-01
1.093775729593062279e+05	1.011740549212773732e-01	1.151134000294002369e-01
1.098109327872177819e+05	1.015749120363526048e-01	1.154971291659075694e-01
1.102458645621130272e+05	1.019772231998224837e-01	1.158821775112396091e-01
1.106823738402313029e+05	1.023809935511994090e-01	1.162685496464468948e-01
1.111204661972875911e+05	1.027862282480107303e-01	1.166562501686741332e-01
1.115601472285397322e+05	1.031929324658608510e-01	1.170452836912145023e-01
1.120014225488586526e+05	1.036011113984963566e-01	1.174356548435687569e-01
1.124442977927949105e+05	1.040107702578673410e-01	1.178273682715009346e-01
1.128887786146495928e+05	1.044219142741931866e-01	1.182204286370961976e-01
1.133348706885436404e+05	1.048345486960265693e-01	1.186148406188196336e-01
1.137825797084873193e+05	1.052486787903177540e-01	1.190106089115709059e-01
1.142319113884478866e+05	1.056643098424772526e-01	1.194077382267466486e-01
1.146828714624230197e+05	1.060814471564435896e-01	1.198062332922939371e-01
1.151354656845080171e+05	1.065000960547456410e-01	1.202060988527718088e-01
1.155896998289688490e+05	1.069202618785700665e-01	1.206073396694084671e-01
1.160455796903109440e+05	1.073419499878250083e-01	1.210099605201617745e-01
1.165031110833516141e+05	1.077651657612070796e-01	1.214139661997753333e-01
1.169622998432901950e+05	1.081899145962662151e-01	1.218193615198408242e-01
1.174231518257808202e+05	1.086162019094730341e-01	1.222261513088556684e-01
1.178856729070031142e+05	1.090440331362841214e-01	1.226343404122822861e-01
1.183498689837342536e+05	1.094734137312088490e-01	1.230439336926078681e-01
1.188157459734222793e+05	1.099043491678771273e-01	1.234549360294080467e-01
1.192833098142584640e+05	1.103368449391062267e-01	1.238673523194014081e-01
1.197525664652482665e+05	1.107709065569665308e-01	1.242811874765143432e-01
1.202235219062861725e+05	1.112065395528508277e-01	1.246964464319395560e-01
1.206961821382299531e+05	1.116437494775427697e-01	1.251131341341983338e-01
1.211705531829700194e+05	1.120825419012813212e-01	1.255312555492015258e-01
1.216466410835088172e+05	1.125229224138338813e-01	1.259508156603088291e-01
1.221244519040312880e+05	1.129648966245617864e-01	1.263718194683933760e-01
1.226039917299804511e+05	1.134084701624898939e-01	1.267942719919022965e-01
1.230852666681298142e+05	1.138536486763738753e-01	1.272181782669170036e-01
1.235682828466620413e+05	1.143004378347727695e-01	1.276435433472183634e-01
1.240530464152412314e+05	1.147488433261159152e-01	1.280703723043473408e-01
1.245395635450894915e+05	1.151988708587737553e-01	1.284986702276683102e-01
1.250278404290621693e+05	1.156505261611274760e-01	1.289284422244315609e-01
1.255178832817244111e+05	1.161038149816397830e-01	1.293596934198371073e-01
1.260096983394266426e+05	1.165587430889247211e-01	1.297924289570965561e-01
1.265032918603810540e+05	1.170153162718184231e-01	1.302266539974988591e-01
1.269986701247387100e+05	1.174735403394504690e-01	1.306623737204715141e-01
1.274958394346660934e+05	1.179334211213146910e-01	1.310995933236476230e-01
1.279948061144222302e+05	1.183949644673404078e-01	1.315383180229283133e-01
1.284955765104379825e+05	1.188581762479659076e-01	1.319785530525458828e-01
1.289981569913910935e+05	1.193230623542077817e-01	1.324203036651315502e-01
1.295025539482876338e+05	1.197896286977363361e-01	1.328635751317794600e-01
1.300087737945359695e+05	1.202578812109438983e-01	1.333083727421088271e-01
1.305168229660307261e+05	1.207278258470226018e-01	1.337547018043354075e-01
1.310267079212263052e+05	1.211994685800322907e-01	1.342025676453306171e-01
1.315384351412202523e+05	1.216728154049777078e-01	1.346519756106924481e-01
1.320520111298301781e+05	1.221478723378796594e-01	1.351029310648079462e-01
1.325674424136754242e+05	1.226246454158504001e-01	1.355554393909223221e-01
1.330847355422566761e+05	1.231031406971675596e-01	1.360095059912047877e-01
1.336038970880329143e+05	1.235833642613449329e-01	1.364651362868123385e-01
1.341249336465059896e+05	1.240653222092111263e-01	1.369223357179632228e-01
1.346478518363029289e+05	1.245490206629854407e-01	1.373811097439969764e-01
1.351726582992511976e+05	1.250344657663475245e-01	1.378414638434473094e-01
1.356993597004667099e+05	1.255216636845188083e-01	1.383034035141087748e-01
1.362279627284293529e+05	1.260106206043323240e-01	1.387669342731020217e-01
1.367584740950700070e+05	1.265013427343133490e-01	1.392320616569452663e-01
1.372909005358510476e+05	1.269938363047535546e-01	1.396987912216209882e-01
1.378252488098460599e+05	1.274881075677851694e-01	1.401671285426462354e-01
1.383615256998286932e+05	1.279841627974628027e-01	1.406370792151401539e-01
1.388997380123506009e+05	1.284820082898358029e-01	1.411086488538933481e-01
1.394398925778279372e+05	1.289816503630279165e-01	1.415818430934386862e-01
1.399819962506245938e+05	1.294830953573146703e-01	1.420566675881198282e-01
1.405260559091330215e+05	1.299863496351980341e-01	1.425331280121609756e-01
1.410720784558660816e+05	1.304914195814911859e-01	1.430112300597380648e-01
1.416200708175325999e+05	1.309983116033885397e-01	1.434909794450488496e-01
1.421700399451297126e+05	1.315070321305513157e-01	1.439723819023834006e-01
1.427219928140234551e+05	1.320175876151816197e-01	1.444554431861964083e-01
1.432759364240362775e+05	1.325299845321040726e-01	1.449401690711755730e-01
1.438318777995353739e+05	1.330442293788468289e-01	1.454265653523147961e-01
1.443898239895116130e+05	1.335603286757151009e-01	1.459146378449890091e-01
1.449497820676731935e+05	1.340782889658774790e-01	1.464043923850202600e-01
1.455117591325294343e+05	1.345981168154436192e-01	1.468958348287532911e-01
1.460757623074785515e+05	1.351198188135452893e-01	1.473889710531289254e-01
1.466417987408935733e+05	1.356434015724160558e-01	1.478838069557538992e-01
1.472098756062132015e+05	1.361688717274750771e-01	1.483803484549756357e-01
1.477800001020237105e+05	1.366962359374029601e-01	1.488786014899581844e-01
1.483521794521569100e+05	1.372255008842324930e-01	1.493785720207493339e-01
1.489264209057700355e+05	1.377566732734223087e-01	1.498802660283599930e-01
1.495027317374373670e+05	1.382897598339418999e-01	1.503836895148367714e-01
1.500811192472398106e+05	1.388247673183543029e-01	1.508888485033355320e-01
1.506615907608571288e+05	1.393617025029013912e-01	1.513957490381965254e-01
1.512441536296518752e+05	1.399005721875816455e-01	1.519043971850186636e-01
1.518288152307666023e+05	1.404413831962399439e-01	1.524147990307367639e-01
1.524155829672082036e+05	1.409841423766457491e-01	1.529269606836931306e-01
1.530044642679422104e+05	1.415288566005801774e-01	1.534408882737164359e-01
1.535954665879826061e+05	1.420755327639189602e-01	1.539565879521984093e-01
1.541885974084846675e+05	1.426241777867186811e-01	1.544740658921650300e-01
1.547838642368348374e+05	1.431747986132997086e-01	1.549933282883592667e-01
1.553812746067430417e+05	1.437274022123314898e-01	1.555143813573147682e-01
1.559808360783385579e+05	1.442819955769213125e-01	1.560372313374319975e-01
1.565825562382566568e+05	1.448385857246945740e-01	1.565618844890560302e-01
1.571864426997393311e+05	1.453971796978877629e-01	1.570883470945561577e-01
1.577925031027227524e+05	1.459577845634295323e-01	1.576166254584017989e-01
1.584007451139307232e+05	1.465204074130269096e-01	1.581467259072410481e-01
1.590111764269740961e+05	1.470850553632575552e-01	1.586786547899796673e-01
1.596238047624411993e+05	1.476517355556530575e-01	1.592124184778585805e-01
1.602386378679913469e+05	1.482204551567858630e-01	1.597480233645350300e-01
1.608556835184536758e+05	1.487912213583602594e-01	1.602854758661580448e-01
1.614749495159225480e+05	1.493640413773009434e-01	1.608247824214526500e-01
1.620964436898482090e+05	1.499389224558366762e-01	1.613659494917955572e-01
1.627201738971379818e+05	1.505158718615940416e-01	1.619089835612996520e-01
1.633461480222505925e+05	1.510948968876845988e-01	1.624538911368883232e-01
1.639743739772939298e+05	1.516760048527952820e-01	1.630006787483828656e-01
1.646048597021207679e+05	1.522592031012771352e-01	1.635493529485794462e-01
1.652376131644269626e+05	1.528444990032358786e-01	1.640999203133306494e-01
1.658726423598522088e+05	1.534318999546252782e-01	1.646523874416274125e-01
1.665099553120710189e+05	1.540214133773313010e-01	1.652067609556806538e-01
1.671495600728970312e+05	1.546130467192684821e-01	1.657630475010054283e-01
1.677914647223806824e+05	1.552068074544704079e-01	1.663212537465003360e-01
1.684356773689078691e+05	1.558027030831809212e-01	1.668813863845315382e-01
1.690822061492993671e+05	1.564007411319460195e-01	1.674434521310164958e-01
1.697310592289112101e+05	1.570009291537069196e-01	1.680074577255072366e-01
1.703822448017333227e+05	1.576032747278909296e-01	1.685734099312710677e-01
1.710357710904940614e+05	1.582077854605084821e-01	1.691413155353784226e-01
1.716916463467566064e+05	1.588144689842422019e-01	1.697111813487851562e-01
1.723498788510228042e+05	1.594233329585428571e-01	1.702830142064178376e-01
1.730104769128327898e+05	1.600343850697215908e-01	1.708568209672583771e-01
1.736734488708713616e+05	1.606476330310484257e-01	1.714326085144245171e-01
1.743388030930639361e+05	1.612630845828408044e-01	1.720103837552637016e-01
1.750065479766852513e+05	1.618807474925641476e-01	1.725901536214341225e-01
1.756766919484595419e+05	1.625006295549248636e-01	1.731719250689897349e-01
1.763492434646645561e+05	1.631227385919660766e-01	1.737557050784694079e-01
1.770242110112335649e+05	1.637470824531623848e-01	1.743415006549814128e-01
1.777016031038624060e+05	1.643736690155186420e-01	1.749293188282914635e-01
1.783814282881118415e+05	1.650025061836646878e-01	1.755191666529082040e-01
1.790636951395165524e+05	1.656336018899562668e-01	1.761110512081734691e-01
1.797484122636832471e+05	1.662669640945656502e-01	1.767049795983489380e-01
1.804355882964040502e+05	1.669026007855864691e-01	1.773009589527033691e-01
1.811252319037569396e+05	1.675405199791269450e-01	1.778989964256034728e-01
1.818173517822137801e+05	1.681807297194093942e-01	1.784990991965995921e-01
1.825119566587493464e+05	1.688232380788713405e-01	1.791012744705177961e-01
1.832090552909444377e+05	1.694680531582609118e-01	1.797055294775485867e-01
1.839086564670989465e+05	1.701151830867412285e-01	1.803118714733329964e-01
1.846107690063318587e+05	1.707646360219831072e-01	1.809203077390573455e-01
1.853154017586980481e+05	1.714164201502729190e-01	1.815308455815433097e-01
1.860225636052902555e+05	1.720705436866070970e-01	1.821434923333379308e-01
1.867322634583525651e+05	1.727270148747969691e-01	1.827582553528001863e-01
1.874445102613890776e+05	1.733858419875694001e-01	1.833751420241996610e-01
1.881593129892712459e+05	1.740470333266659342e-01	1.839941597578059751e-01
1.888766806483494001e+05	1.747105972229460180e-01	1.846153159899759089e-01
1.895966222765661078e+05	1.753765420364918892e-01	1.852386181832517409e-01
1.903191469435626641e+05	1.760448761567070253e-01	1.858640738264531744e-01
1.910442637507931213e+05	1.767156080024218090e-01	1.864916904347646842e-01
1.917719818316363380e+05	1.773887460219967516e-01	1.871214755498391280e-01
1.925023103515065450e+05	1.780642986934252714e-01	1.877534367398807635e-01
1.932352585079680139e+05	1.787422745244393318e-01	1.883875815997459735e-01
1.939708355308456230e+05	1.794226820526121369e-01	1.890239177510342483e-01
1.947090506823380711e+05	1.801055298454623255e-01	1.896624528421872735e-01
1.954499132571354858e+05	1.807908265005633286e-01	1.903031945485776921e-01
1.961934325825322303e+05	1.814785806456473138e-01	1.909461505726086916e-01
1.969396180185351113e+05	1.821688009387053275e-01	1.915913286438093166e-01
1.976884789579891076e+05	1.828614960681038404e-01	1.922387365189302810e-01
1.984400248266843846e+05	1.835566747526834741e-01	1.928883819820395307e-01
1.991942650834745727e+05	1.842543457418685249e-01	1.935402728446179721e-01
1.999512092203944921e+05	1.849545178157758207e-01	1.941944169456604197e-01
2.007108667627764517e+05	1.856571997853223299e-01	1.948508221517700201e-01
2.014732472693658492e+05	1.863624004923320754e-01	1.955094963572550359e-01
2.022383603324368014e+05	1.870701288096430770e-01	1.961704474842297374e-01
2.030062155779152235e+05	1.877803936412211494e-01	1.968336834827122683e-01
2.037768226654941682e+05	1.884932039222668165e-01	1.974992123307215131e-01
2.045501912887511426e+05	1.892085686193235028e-01	1.981670420343795980e-01
2.053263311752694426e+05	1.899264967303900542e-01	1.988371806280060661e-01
2.061052520867567218e+05	1.906469972850302064e-01	1.995096361742260127e-01
2.068869638191654813e+05	1.913700793444841342e-01	2.001844167640608463e-01
2.076714762028131227e+05	1.920957520017795572e-01	2.008615305170359244e-01
2.084587991025011579e+05	1.928240243818419297e-01	2.015409855812791140e-01
2.092489424176404427e+05	1.935549056416101532e-01	2.022227901336212386e-01
2.100419160823674756e+05	1.942884049701444904e-01	2.029069523797012164e-01
2.108377300656722218e+05	1.950245315887445263e-01	2.035934805540600412e-01
2.116363943715146452e+05	1.957632947510569155e-01	2.042823829202533303e-01
2.124379190389534342e+05	1.965047037431947585e-01	2.049736677709470822e-01
2.132423141422664339e+05	1.972487678838487357e-01	2.056673434280226198e-01
2.140495897910738713e+05	1.979954965244011822e-01	2.063634182426842267e-01
2.148597561304614937e+05	1.987448990490399969e-01	2.070619005955536551e-01
2.156728233411109250e+05	1.994969848748791019e-01	2.077627988967861994e-01
2.164888016394179431e+05	2.002517634520682432e-01	2.084661215861636774e-01
2.173077012776233023e+05	2.010092442639133115e-01	2.091718771332095883e-01
2.181295325439351145e+05	2.017694368269901950e-01	2.098800740372853690e-01
2.189543057626568479e+05	2.025323506912629357e-01	2.105907208277036924e-01
2.197820312943154131e+05	2.032979954402020784e-01	2.113038260638309962e-01
2.206127195357859018e+05	2.040663806909003286e-01	2.120193983351930378e-01
2.214463809204202844e+05	2.048375160941912632e-01	2.127374462615835571e-01
2.222830259181778529e+05	2.056114113347703443e-01	2.134579784931715241e-01
2.231226650357493781e+05	2.063880761313094669e-01	2.141810037106088305e-01
2.239653088166924426e+05	2.071675202365823032e-01	2.149065306251358998e-01
2.248109678415555391e+05	2.079497534375791268e-01	2.156345679786939029e-01
2.256596527280092123e+05	2.087347855556279386e-01	2.163651245440302850e-01
2.265113741309804027e+05	2.095226264465189225e-01	2.170982091248104262e-01
2.273661427427796007e+05	2.103132860006219629e-01	2.178338305557253884e-01
2.282239692932305043e+05	2.111067741430066036e-01	2.185719977026016059e-01
2.290848645498088445e+05	2.119031008335704180e-01	2.193127194625140997e-01
2.299488393177666585e+05	2.127022760671540835e-01	2.200560047638937533e-01
2.308159044402718719e+05	2.135043098736703893e-01	2.208018625666402779e-01
2.316860707985382178e+05	2.143092123182243069e-01	2.215503018622331788e-01
2.325593493119616469e+05	2.151169935012394729e-01	2.223013316738438605e-01
2.334357509382486751e+05	2.159276635585766213e-01	2.230549610564498131e-01
2.343152866735568969e+05	2.167412326616637852e-01	2.238111990969440523e-01
2.351979675526279025e+05	2.175577110176190043e-01	2.245700549142488345e-01
2.360838046489235130e+05	2.183771088693765294e-01	2.253315376594316466e-01
2.369728090747620154e+05	2.191994364958128050e-01	2.260956565158168952e-01
2.378649919814552122e+05	2.200247042118731455e-01	2.268624206991027292e-01
2.387603645594435511e+05	2.208529223686968301e-01	2.276318394574713411e-01
2.396589380384366377e+05	2.216841013537471095e-01	2.284039220717072605e-01
2.405607236875471717e+05	2.225182515909348846e-01	2.291786778553127069e-01
2.414657328154343704e+05	2.233553835407517396e-01	2.299561161546239130e-01
2.423739767704406404e+05	2.241955077003958130e-01	2.307362463489276150e-01
2.432854669407306355e+05	2.250386346039011387e-01	2.315190778505758773e-01
2.442002147544334584e+05	2.258847748222685969e-01	2.323046201051035264e-01
2.451182316797780222e+05	2.267339389635913138e-01	2.330928825913497482e-01
2.460395292252408108e+05	2.275861376731913299e-01	2.338838748215719687e-01
2.469641189396856935e+05	2.284413816337491077e-01	2.346776063415643709e-01
2.478920124125002767e+05	2.292996815654293752e-01	2.354740867307805741e-01
2.488232212737463124e+05	2.301610482260204593e-01	2.362733256024481809e-01
2.497577571942982031e+05	2.310254924110621833e-01	2.370753326036917907e-01
2.506956318859882886e+05	2.318930249539805366e-01	2.378801174156515708e-01
2.516368571017487266e+05	2.327636567262186817e-01	2.386876897536068243e-01
2.525814446357575071e+05	2.336373986373722345e-01	2.394980593670926194e-01
2.535294063235872018e+05	2.345142616353265153e-01	2.403112360400231906e-01
2.544807540423429164e+05	2.353942567063846691e-01	2.411272295908163110e-01
2.554354997108136013e+05	2.362773948754069708e-01	2.419460498725099218e-01
2.563936552896169014e+05	2.371636872059455226e-01	2.427677067728920279e-01
2.573552327813479933e+05	2.380531448003814221e-01	2.435922102146171886e-01
2.583202442307256279e+05	2.389457788000598215e-01	2.444195701553362743e-01
2.592887017247412587e+05	2.398416003854283995e-01	2.452497965878151776e-01
2.602606173928070930e+05	2.407406207761737527e-01	2.460828995400629327e-01
2.612360034069048706e+05	2.416428512313592014e-01	2.469188890754545895e-01
2.622148719817370875e+05	2.425483030495648173e-01	2.477577752928580290e-01
2.631972353748761816e+05	2.434569875690252572e-01	2.485995683267613610e-01
2.641831058869122062e+05	2.443689161677663202e-01	2.494442783473930780e-01
2.651724958616163349e+05	2.452841002637564660e-01	2.502919155608534507e-01
2.661654176860746229e+05	2.462025513150300771e-01	2.511424902092457834e-01
2.671618837908551795e+05	2.471242808198425844e-01	2.519960125707971232e-01
2.681619066501529887e+05	2.480493003168041388e-01	2.528524929599861859e-01
2.691654987819505623e+05	2.489776213850282693e-01	2.537119417276799127e-01
2.701726727481597336e+05	2.499092556442630286e-01	2.545743692612545406e-01
2.711834411547910422e+05	2.508442147550478118e-01	2.554397859847264418e-01
2.721978166520982049e+05	2.517825104188468055e-01	2.563082023588862390e-01
2.732158119347403990e+05	2.527241543781990618e-01	2.571796288814242604e-01
2.742374397419344750e+05	2.536691584168596081e-01	2.580540760870655981e-01
2.752627128576082760e+05	2.546175343599410001e-01	2.589315545476992830e-01
2.762916441105727572e+05	2.555692940740725283e-01	2.598120748725102902e-01
2.773242463746553403e+05	2.565244494675237297e-01	2.606956477081110446e-01
2.783605325688872254e+05	2.574830124903775275e-01	2.615822837386757582e-01
2.794005156576371519e+05	2.584449951346539653e-01	2.624719936860727687e-01
2.804442086507871281e+05	2.594104094344728551e-01	2.633647883099999865e-01
2.814916246038863901e+05	2.603792674661960516e-01	2.642606784081183990e-01
2.825427766183077474e+05	2.613515813485722261e-01	2.651596748161840211e-01
2.835976778414247092e+05	2.623273632429004576e-01	2.660617884081868390e-01
