0.000000000000000000e+00	0.000000000000000000e+00	0.000000000000000000e+00
5.103527518776235183e+01	4.718401734048572411e-05	2.547950393201730765e-02
1.021129775195022660e+02	9.443086824148148005e-05	2.545793907213796808e-02
1.532501439365094029e+02	1.417327161095572772e-04	2.544422384813004728e-02
2.044615041162879550e+02	1.891031868636606486e-04	2.543729895271550426e-02
2.557598832823250632e+02	2.365541446359581163e-04	2.543628718100594474e-02
3.071565268108424789e+02	2.840959920651901934e-04	2.544045841711641692e-02
3.586613628671519223e+02	3.317379132607863024e-04	2.544920183846738695e-02
4.102832157780381976e+02	3.794880711926141778e-04	2.546200377802147752e-02
4.620299801121179257e+02	4.273537687315264052e-04	2.547843003344592294e-02
5.139087633149097201e+02	4.753415805998009855e-04	2.549811168093199173e-02
5.659260030903051302e+02	5.234574619594614198e-04	2.552073365885563008e-02
6.180875644279404924e+02	5.717068381710417460e-04	2.554602554691504102e-02
6.703988201651734471e+02	6.200946793202609213e-04	2.557375409071292044e-02
7.228647181791454841e+02	6.686255623762506596e-04	2.560371711829194721e-02
7.754898376810250511e+02	7.173037232682783577e-04	2.563573857025062963e-02
8.282784365928042689e+02	7.661331007130147558e-04	2.566966442364011780e-02
8.812344915983982219e+02	8.151173732648710202e-04	2.570535933561381159e-02
9.343617321527333388e+02	8.642599907769427277e-04	2.574270386866440649e-02
9.876636694875666080e+02	9.135642012334985705e-04	2.578159218742611877e-02
1.041143621457564677e+03	9.630330737343573448e-04	2.582193013918352917e-02
1.094804733914036206e+03	1.012669518267058722e-03	2.586363364770566040e-02
1.148649999168428167e+03	1.062476302786829162e-03	2.590662736386000267e-02
1.202682272006977428e+03	1.112456068031172224e-03	2.595084352742826894e-02
1.256904283636646142e+03	1.162611340420742186e-03	2.599622100326640789e-02
1.311318653876471672e+03	1.212944543337085698e-03	2.604270446191783023e-02
1.365927901855125583e+03	1.263458007018525807e-03	2.609024368034478306e-02
1.420734455431801734e+03	1.314153977275026074e-03	2.613879294291222843e-02
1.475740659521949510e+03	1.365034623189964689e-03	2.618831052634664619e-02
1.530948783480048633e+03	1.416102043949606136e-03	2.623875825528865571e-02
1.586361027667669759e+03	1.467358274918906637e-03	2.629010111740468295e-02
1.641979529315039827e+03	1.518805293063767723e-03	2.634230692892339243e-02
1.697806367767981783e+03	1.570445021804719662e-03	2.639534604301519913e-02
1.753843569198303385e+03	1.622279335374264076e-03	2.644919109469408974e-02
1.810093110844303055e+03	1.674310062739543629e-03	2.650381677696194913e-02
1.866556924838572741e+03	1.726538991143240298e-03	2.655919964376641726e-02
1.923236901672071554e+03	1.778967869308001023e-03	2.661531793604448443e-02
1.980134893336843561e+03	1.831598410343591391e-03	2.667215142770520617e-02
2.037252716183933671e+03	1.884432294390590802e-03	2.672968128888972977e-02
2.094592153528245035e+03	1.937471171029998395e-03	2.678788996424187607e-02
2.152154958027927023e+03	1.990716661484261910e-03	2.684676106426480552e-02
2.209942853862402899e+03	2.044170360632045162e-03	2.690627926811139936e-02
2.267957538730028773e+03	2.097833838856138968e-03	2.696643023639980555e-02
2.326200685683999382e+03	2.151708643741744812e-03	2.702720053283385465e-02
2.384673944822610792e+03	2.205796301640034016e-03	2.708857755358661315e-02
2.443378944848366700e+03	2.260098319110375592e-03	2.715054946353726711e-02
2.502317294508438863e+03	2.314616184252817239e-03	2.721310513857805660e-02
2.561490583927897660e+03	2.369351367941369656e-03	2.727623411330974343e-02
2.620900385845487563e+03	2.424305324967139866e-03	2.733992653352791333e-02
2.680548256761080665e+03	2.479479495099767752e-03	2.740417311298298450e-02
2.740435738002388462e+03	2.534875304074168424e-03	2.746896509395926542e-02
2.800564356718424278e+03	2.590494164509519331e-03	2.753429421127109866e-02
2.860935626805728589e+03	2.646337476766043219e-03	2.760015265932683204e-02
2.921551049773186151e+03	2.702406629744997981e-03	2.766653306195002160e-02
2.982412115550657290e+03	2.758703001636680311e-03	2.773342844468216703e-02
3.043520303245829382e+03	2.815227960620539285e-03	2.780083220932832305e-02
3.104877081853665459e+03	2.871982865521434825e-03	2.786873811052546779e-02
3.166483910922029281e+03	2.928969066425363924e-03	2.793714023414612183e-02
3.228342241177093456e+03	2.986187905257977043e-03	2.800603297736304481e-02
3.290453515111493289e+03	3.043640716328639435e-03	2.807541103022678092e-02
3.352819167538077636e+03	3.101328826842664633e-03	2.814526935861602977e-02
3.415440626111841084e+03	3.159253557384117481e-03	2.821560318843980425e-02
3.478319311822396685e+03	3.217416222371364230e-03	2.828640799098447803e-02
3.541456639458979225e+03	3.275818130487209798e-03	2.835767946930323191e-02
3.604854018050188188e+03	3.334460585085675683e-03	2.842941354556204753e-02
3.668512851279976985e+03	3.393344884576797189e-03	2.850160634926119513e-02
3.732434537881682445e+03	3.452472322791113549e-03	2.857425420625960694e-02
3.796620472011572019e+03	3.511844189325206197e-03	2.864735362853908923e-02
3.861072043603341172e+03	3.571461769869616575e-03	2.872090130464549293e-02
3.925790638704625962e+03	3.631326346520129689e-03	2.879489409075690343e-02
3.990777639796984204e+03	3.691439198073765641e-03	2.886932900232638127e-02
4.056034426100178280e+03	3.751801600310242842e-03	2.894420320625854318e-02
4.121562373861918786e+03	3.812414826260006676e-03	2.901951401357805854e-02
4.187362856633904812e+03	3.873280146459560837e-03	2.909525887255112395e-02
4.253437245535084912e+03	3.934398829195000398e-03	2.917143536222950237e-02
4.319786909502678100e+03	3.995772140734205405e-03	2.924804118638507644e-02
4.386413215532263166e+03	4.057401345548930158e-03	2.932507416780601520e-02
4.453317528906822190e+03	4.119287706526674961e-03	2.940253224293062906e-02
4.520501213416121573e+03	4.181432485173614509e-03	2.948041345679174377e-02
4.587965631566310549e+03	4.243836941808481859e-03	2.955871595825443343e-02
4.655712144781109600e+03	4.306502335748675636e-03	2.963743799552430447e-02
4.723742113594191324e+03	4.369429925488212303e-03	2.971657791190759901e-02
4.792056897833982475e+03	4.432620968868669284e-03	2.979613414180720676e-02
4.860657856800844456e+03	4.496076723243085105e-03	2.987610520693948987e-02
4.929546349437242498e+03	4.559798445633369939e-03	2.995648971275679390e-02
4.998723734491303730e+03	4.623787392881591705e-03	3.003728634506124678e-02
5.068191370674177961e+03	4.688044821795546262e-03	3.011849386679950336e-02
5.137950616811208420e+03	4.752571989288589989e-03	3.020011111502554288e-02
5.208002831987625541e+03	4.817370152514407859e-03	3.028213699802253384e-02
5.278349375688824693e+03	4.882440568996772486e-03	3.036457049257202875e-02
5.348991607935651700e+03	4.947784496754689676e-03	3.044741064136213815e-02
5.419930889414929879e+03	5.013403194423134319e-03	3.053065655052701263e-02
5.491168581605157669e+03	5.079297921369319360e-03	3.061430738730916076e-02
5.562706046898117165e+03	5.145469937805196951e-03	3.069836237783719890e-02
5.634544648716471784e+03	5.211920504896225617e-03	3.078282080501236820e-02
5.706685751627111131e+03	5.278650884866224746e-03	3.086768200649751132e-02
5.779130721451112549e+03	5.345662341099085765e-03	3.095294537280201749e-02
5.851880925369771830e+03	5.412956138236851671e-03	3.103861034545933595e-02
5.924937732027789934e+03	5.480533542275174523e-03	3.112467641528895296e-02
5.998302511632798996e+03	5.548395820655366815e-03	3.121114312073976216e-02
6.071976636052124377e+03	5.616544242353912336e-03	3.129801004631056066e-02
6.145961478906428965e+03	5.684980077969096525e-03	3.138527682104190475e-02
6.220258415660663559e+03	5.753704599805123214e-03	3.147294311707753839e-02
6.294868823712465201e+03	5.822719081953892963e-03	3.156100864829036734e-02
6.369794082477901611e+03	5.892024800374316348e-03	3.164947316896893348e-02
6.445035573474892772e+03	5.961623032969476203e-03	3.173833647256334850e-02
6.520594680404204155e+03	6.031515059661554656e-03	3.182759839048447670e-02
6.596472789228349029e+03	6.101702162464812083e-03	3.191725879095702600e-02
6.672671288248450765e+03	6.172185625556685616e-03	3.200731757792145415e-02
6.749191568178921443e+03	6.242966735346878841e-03	3.209777468998215727e-02
6.826035022220264182e+03	6.314046780544686419e-03	3.218863009940153841e-02
6.903203046130288385e+03	6.385427052224884950e-03	3.227988381113578581e-02
6.980697038293106743e+03	6.457108843891548253e-03	3.237153586191034160e-02
7.058518399786877126e+03	6.529093451540709907e-03	3.246358631933582428e-02
7.136668534449688195e+03	6.601382173721311031e-03	3.255603528105647376e-02
7.215148848943950725e+03	6.673976311594762012e-03	3.264888287393759997e-02
7.293960752819483787e+03	6.746877168993294267e-03	3.274212925328375684e-02
7.373105658574782865e+03	6.820086052476637996e-03	3.283577460208768339e-02
7.452584981717492155e+03	6.893604271387960072e-03	3.292981913031142044e-02
7.532400140822948742e+03	6.967433137908012573e-03	3.302426307419356610e-02
7.612552557591983714e+03	7.041573967108609965e-03	3.311910669558568859e-02
7.693043656907389959e+03	7.116028077004846013e-03	3.321435028131376754e-02
7.773874866889022996e+03	7.190796788606080778e-03	3.330999414256392149e-02
7.855047618948132367e+03	7.265881425966185143e-03	3.340603861429351090e-02
7.936563347840284223e+03	7.341283316232499051e-03	3.350248405466297458e-02
8.018423491717569959e+03	7.417003789694120997e-03	3.359933084449053670e-02
8.100629492179813496e+03	7.493044179829285931e-03	3.369657938672684233e-02
8.183182794324552560e+03	7.569405823351585232e-03	3.379423010594966026e-02
8.266084846796460624e+03	7.646090060255689679e-03	3.389228344787705016e-02
8.349337101835686553e+03	7.723098233862063684e-03	3.399073987889924403e-02
8.432941015325468470e+03	7.800431690861008190e-03	3.408959988562768051e-02
8.516898046838981827e+03	7.878091781355992321e-03	3.418886397445979053e-02
8.601209659685242514e+03	7.956079858906112481e-03	3.428853267116029058e-02
8.685877320954479728e+03	8.034397280568079600e-03	3.438860652045808153e-02
8.770902501562750331e+03	8.113045406937462178e-03	3.448908608565660894e-02
8.856286676295541838e+03	8.192025602189036831e-03	3.458997194825928767e-02
8.942031323851493653e+03	8.271339234117226422e-03	3.469126470760722919e-02
9.028137926884577610e+03	8.350987674175113992e-03	3.479296498053101316e-02
9.114607972046200302e+03	8.430972297513392513e-03	3.489507340101282579e-02
9.201442950026821563e+03	8.511294483018863599e-03	3.499759061986369019e-02
9.288644355596419700e+03	8.591955613351853760e-03	3.510051730440821860e-02
9.376213687645251412e+03	8.672957074983942902e-03	3.520385413818336029e-02
9.464152449223311123e+03	8.754300258234440357e-03	3.530760182064530267e-02
9.552462147579737575e+03	8.835986557306843570e-03	3.541176106688833508e-02
9.641144294201447337e+03	8.918017370324589008e-03	3.551633260737241393e-02
9.730200404851901112e+03	9.000394099366888084e-03	3.562131718765992883e-02
9.819631999608633123e+03	9.083118150503454585e-03	3.572671556816170435e-02
9.909440602900722297e+03	9.166190933829167914e-03	3.583252852389143955e-02
9.999627743545990597e+03	9.249613863498472657e-03	3.593875684422846717e-02
1.009019495478765020e+04	9.333388357759285492e-03	3.604540133268973462e-02
1.018114377433042318e+04	9.417515838986402488e-03	3.615246280670656592e-02
1.027247574437668663e+04	9.501997733714935904e-03	3.625994209741174173e-02
1.036419241166177744e+04	9.586835472672965153e-03	3.636784004943179743e-02
1.045629532748930251e+04	9.672030490814208584e-03	3.647615752068752298e-02
1.054878604776609427e+04	9.757584227350344849e-03	3.658489538219995146e-02
1.064166613303657869e+04	9.843498125782820796e-03	3.669405451790332118e-02
1.073493714851731602e+04	9.929773633934780783e-03	3.680363582446429666e-02
1.082860066413057575e+04	1.001641220398214426e-02	3.691364021110708771e-02
1.092265825453838625e+04	1.010341529248508230e-02	3.702406859944312734e-02
1.101711149917581679e+04	1.019078436041882287e-02	3.713492192330819508e-02
1.111196198228396497e+04	1.027852087320415067e-02	3.724620112860378696e-02
1.120721129294309685e+04	1.036662630073806671e-02	3.735790717314356468e-02
1.130286102510520141e+04	1.045510211742389783e-02	3.747004102650508539e-02
1.139891277762632308e+04	1.054394980220120688e-02	3.758260366988603468e-02
1.149536815429895978e+04	1.063317083857577214e-02	3.769559609596571936e-02
1.159222876388390250e+04	1.072276671464901347e-02	3.780901930876996719e-02
1.168949622014207125e+04	1.081273892314746181e-02	3.792287432354154997e-02
1.178717214186615820e+04	1.090308896145202738e-02	3.803716216661399974e-02
1.188525815291190156e+04	1.099381833162691759e-02	3.815188387528969244e-02
1.198375588222942133e+04	1.108492854044862592e-02	3.826704049772226834e-02
1.208266696389398749e+04	1.117642109943440577e-02	3.838263309280185581e-02
1.218199303713742665e+04	1.126829752487130097e-02	3.849866273004481920e-02
1.228173574637833008e+04	1.136055933784410263e-02	3.861513048948674032e-02
1.238189674125276724e+04	1.145320806426375869e-02	3.873203746157874439e-02
1.248247767664484854e+04	1.154624523489563084e-02	3.884938474708775347e-02
1.258348021271679681e+04	1.163967238538733164e-02	3.896717345699842600e-02
1.268490601493923168e+04	1.173349105629672116e-02	3.908540471242068215e-02
1.278675675412097007e+04	1.182770279311947705e-02	3.920407964449793697e-02
1.288903410643914503e+04	1.192230914631696101e-02	3.932319939431899031e-02
1.299173975346878433e+04	1.201731167134356681e-02	3.944276511283385800e-02
1.309487538221266550e+04	1.211271192867435439e-02	3.956277796077030395e-02
1.319844268513071074e+04	1.220851148383220695e-02	3.968323910855466735e-02
1.330244336016928173e+04	1.230471190741498112e-02	3.980414973623513236e-02
1.340687911079094738e+04	1.240131477512297978e-02	3.992551103340672564e-02
1.351175164600330936e+04	1.249832166778567545e-02	4.004732419913857588e-02
1.361706268038843336e+04	1.259573417138888651e-02	4.016959044190530209e-02
1.372281393413191836e+04	1.269355387710169487e-02	4.029231097951856133e-02
1.382900713305158206e+04	1.279178238130297164e-02	4.041548703906230194e-02
1.393564400862685397e+04	1.289042128560856718e-02	4.053911985682957103e-02
1.404272629802736083e+04	1.298947219689773960e-02	4.066321067826091096e-02
1.415025574414178482e+04	1.308893672733987996e-02	4.078776075788567712e-02
1.425823409560647633e+04	1.318881649442093726e-02	4.091277135926546515e-02
1.436666310683430675e+04	1.328911312097014012e-02	4.103824375493875937e-02
1.447554453804310651e+04	1.338982823518629177e-02	4.116417922636720489e-02
1.458488015528446704e+04	1.349096347066441534e-02	4.129057906388438476e-02
1.469467173047194046e+04	1.359252046642181987e-02	4.141744456664718521e-02
1.480492104140965967e+04	1.369450086692460336e-02	4.154477704258596749e-02
1.491562987182094002e+04	1.379690632211408655e-02	4.167257780836002012e-02
1.502680001137634645e+04	1.389973848743278513e-02	4.180084818931219248e-02
1.513843325572230788e+04	1.400299902385087475e-02	4.192958951942499929e-02
1.525053140650910063e+04	1.410668959789207651e-02	4.205880314128108283e-02
1.536309627141971032e+04	1.421081188166035784e-02	4.218849040602137834e-02
1.547612966419751683e+04	1.431536755286553705e-02	4.231865267330750524e-02
1.558963340467481794e+04	1.442035829484965975e-02	4.244929131128375582e-02
1.570360931880102180e+04	1.452578579661310300e-02	4.258040769654185959e-02
1.581805923867080674e+04	1.463165175284058747e-02	4.271200321408660794e-02
1.593298500255239378e+04	1.473795786392735792e-02	4.284407925730259609e-02
1.604838845491557913e+04	1.484470583600510339e-02	4.297663722792292168e-02
1.616427144646011402e+04	1.495189738096820188e-02	4.310967853599675242e-02
1.628063583414354252e+04	1.505953421649948443e-02	4.324320459986184112e-02
1.639748348120960145e+04	1.516761806609649363e-02	4.337721684611547251e-02
1.651481625721638557e+04	1.527615065909753919e-02	4.351171670958680487e-02
1.663263603806433457e+04	1.538513373070758868e-02	4.364670563331266712e-02
1.675094470602445654e+04	1.549456902202436988e-02	4.378218506851100367e-02
1.686974414976664775e+04	1.560445828006456863e-02	4.391815647455775407e-02
1.698903626438742140e+04	1.571480325778949055e-02	4.405462131896357297e-02
1.710882295143850570e+04	1.582560571413148265e-02	4.419158107735293717e-02
1.722910611895475813e+04	1.593686741401978413e-02	4.432903723344246150e-02
1.734988768148242889e+04	1.604859012840666524e-02	4.446699127902194876e-02
1.747116956010762078e+04	1.616077563429373434e-02	4.460544471393539101e-02
1.759295368248365412e+04	1.627342571475726835e-02	4.474439904606215129e-02
1.771524198286054889e+04	1.638654215897547908e-02	4.488385579130108743e-02
1.783803640211219681e+04	1.650012676225364600e-02	4.502381647355295502e-02
1.796133888776534150e+04	1.661418132605092454e-02	4.516428262470727206e-02
1.808515139402734349e+04	1.672870765800602705e-02	4.530525578462563790e-02
1.820947588181493484e+04	1.684370757196382296e-02	4.544673750112988853e-02
1.833431431878216608e+04	1.695918288800118273e-02	4.558872932998793426e-02
1.845966867934919719e+04	1.707513543245361975e-02	4.573123283490228980e-02
1.858554094473036821e+04	1.719156703794125218e-02	4.587424958749891646e-02
1.871193310296272830e+04	1.730847954339518463e-02	4.601778116731639751e-02
1.883884714893451019e+04	1.742587479408385515e-02	4.616182916179629309e-02
1.896628508441370650e+04	1.754375464163947240e-02	4.630639516627396007e-02
1.909424891807658787e+04	1.766212094408439043e-02	4.645148078397015601e-02
1.922274066553599187e+04	1.778097556585725783e-02	4.659708762598355897e-02
1.935176234937051413e+04	1.790032037784005173e-02	4.674321731128345397e-02
1.948131599915234983e+04	1.802015725738381410e-02	4.688987146670296757e-02
1.961140365147655029e+04	1.814048808833571003e-02	4.703705172693530695e-02
1.974202734998999222e+04	1.826131476106583953e-02	4.718475973452528754e-02
1.987318914541939375e+04	1.838263917249312318e-02	4.733299713986804241e-02
2.000489109560066936e+04	1.850446322611249209e-02	4.748176560120340867e-02
2.013713526550773531e+04	1.862678883202151942e-02	4.763106678461413029e-02
2.026992372728118426e+04	1.874961790694691655e-02	4.778090236402003643e-02
2.040325856025740359e+04	1.887295237427152189e-02	4.793127402117992875e-02
2.053714185099790848e+04	1.899679416406138341e-02	4.808218344568696012e-02
2.067157569331788545e+04	1.912114521309217843e-02	4.823363233496938407e-02
2.080656218831521255e+04	1.924600746487608455e-02	4.838562239428895878e-02
2.094210344440026165e+04	1.937138286968929229e-02	4.853815533674144672e-02
2.107820157732481675e+04	1.949727338459881359e-02	4.869123288325739179e-02
2.121485871021110870e+04	1.962368097348928322e-02	4.884485676260267445e-02
2.135207697358165387e+04	1.975060760709061031e-02	4.899902871138039212e-02
2.148985850538805971e+04	1.987805526300458203e-02	4.915375047403190006e-02
2.162820545104076882e+04	2.000602592573240412e-02	4.930902380284172409e-02
2.176711996343875217e+04	2.013452158670215111e-02	4.946485045793789365e-02
2.190660420299881662e+04	2.026354424429589393e-02	4.962123220729718065e-02
2.204666033768536727e+04	2.039309590387719875e-02	4.977817082674820814e-02
2.218729054304008241e+04	2.052317857781861196e-02	4.993566809997573852e-02
2.232849700221161038e+04	2.065379428552911040e-02	5.009372581852517686e-02
2.247028190598551373e+04	2.078494505348179450e-02	5.025234578180914902e-02
2.261264745281383875e+04	2.091663291524126222e-02	5.041152979711156085e-02
2.275559584884579454e+04	2.104885991149195446e-02	5.057127967959466203e-02
2.289912930795702414e+04	2.118162809006527564e-02	5.073159725230434736e-02
2.304325005178008723e+04	2.131493950596773795e-02	5.089248434617896916e-02
2.318796030973435700e+04	2.144879622140865097e-02	5.105394280005463858e-02
2.333326231905675377e+04	2.158320030582854682e-02	5.121597446067339965e-02
2.347915832483139093e+04	2.171815383592659923e-02	5.137858118269269386e-02
2.362565058002076694e+04	2.185365889568946507e-02	5.154176482869084197e-02
2.377274134549542578e+04	2.198971757641873109e-02	5.170552726917884007e-02
2.392043289006493069e+04	2.212633197675956467e-02	5.186987038260719440e-02
2.406872749050810671e+04	2.226350420272868447e-02	5.203479605537687791e-02
2.421762743160456739e+04	2.240123636774353846e-02	5.220030618184847565e-02
2.436713500616422607e+04	2.253953059264955303e-02	5.236640266435264868e-02
2.451725251505950655e+04	2.267838900575000483e-02	5.253308741320010522e-02
2.466798226725481436e+04	2.281781374283320396e-02	5.270036234669311231e-02
2.481932657983867102e+04	2.295780694720227916e-02	5.286822939113697273e-02
2.497128777805432401e+04	2.309837076970344683e-02	5.303669048085059290e-02
2.512386819533093876e+04	2.323950736875490461e-02	5.320574755817788354e-02
2.527707017331505267e+04	2.338121891037587413e-02	5.337540257350219253e-02
2.543089606190138147e+04	2.352350756821516148e-02	5.354565748525671326e-02
2.558534821926449877e+04	2.366637552358040117e-02	5.371651425993839712e-02
2.574042901189079566e+04	2.380982496546765401e-02	5.388797487212000636e-02
2.589614081460918533e+04	2.395385809058980797e-02	5.406004130446480371e-02
2.605248601062321541e+04	2.409847710340624546e-02	5.423271554773840403e-02
2.620946699154317685e+04	2.424368421615261115e-02	5.440599960082456027e-02
2.636708615741699759e+04	2.438948164886932043e-02	5.457989547073903436e-02
2.652534591676324999e+04	2.453587162943212177e-02	5.475440517264350965e-02
2.668424868660212815e+04	2.468285639358076128e-02	5.492953072986068996e-02
2.684379689248848808e+04	2.483043818494952773e-02	5.510527417388994681e-02
2.700399296854338900e+04	2.497861925509641673e-02	5.528163754442179390e-02
2.716483935748640579e+04	2.512740186353307897e-02	5.545862288935402701e-02
2.732633851066814896e+04	2.527678827775480669e-02	5.563623226480840511e-02
2.748849288810290454e+04	2.542678077327080455e-02	5.581446773514517345e-02
2.765130495850115767e+04	2.557738163363424203e-02	5.599333137298089652e-02
2.781477719930150124e+04	2.572859315047177839e-02	5.617282525920477831e-02
2.797891209670448370e+04	2.588041762351486058e-02	5.635295148299537121e-02
2.814371214570472875e+04	2.603285736062943556e-02	5.653371214183803423e-02
2.830917985012431382e+04	2.618591467784683879e-02	5.671510934154284922e-02
2.847531772264526080e+04	2.633959189939383272e-02	5.689714519626149630e-02
2.864212828484279817e+04	2.649389135772338075e-02	5.707982182850538516e-02
2.880961406721913954e+04	2.664881539354589657e-02	5.726314136916456354e-02
2.897777760923601818e+04	2.680436635585933466e-02	5.744710595752571675e-02
2.914662145934884029e+04	2.696054660198078309e-02	5.763171774129061814e-02
2.931614817503951417e+04	2.711735849757680727e-02	5.781697887659584950e-02
2.948636032285061810e+04	2.727480441669510175e-02	5.800289152803091153e-02
2.965726047841886611e+04	2.743288674179542724e-02	5.818945786865832581e-02
2.982885122650872290e+04	2.759160786378065874e-02	5.837668008003321640e-02
3.000113516104701193e+04	2.775097018202888829e-02	5.856456035222281503e-02
3.017411488515612291e+04	2.791097610442404980e-02	5.875310088382675044e-02
3.034779301118865260e+04	2.807162804738801490e-02	5.894230388199767773e-02
3.052217216076147088e+04	2.823292843591210938e-02	5.913217156246115824e-02
3.069725496479001231e+04	2.839487970358879274e-02	5.932270614953667753e-02
3.087304406352280057e+04	2.855748429264362565e-02	5.951390987615898243e-02
3.104954210657622025e+04	2.872074465396742826e-02	5.970578498389852301e-02
3.122675175296879388e+04	2.888466324714797015e-02	5.989833372298379588e-02
3.140467567115612474e+04	2.904924254050231941e-02	6.009155835232189019e-02
3.158331653906532665e+04	2.921448501110866097e-02	6.028546113952051866e-02
3.176267704413103274e+04	2.938039314483962411e-02	6.048004436091128366e-02
3.194275988332972338e+04	2.954696943639403828e-02	6.067531030157024413e-02
3.212356776321477446e+04	2.971421638932933429e-02	6.087126125534072368e-02
3.230510339995222603e+04	2.988213651609464977e-02	6.106789952485722900e-02
3.248736951935618345e+04	3.005073233806355992e-02	6.126522742156600282e-02
3.267036885692378564e+04	3.022000638556643012e-02	6.146324726575024683e-02
3.285410415787179954e+04	3.038996119792425690e-02	6.166196138655241632e-02
3.303857817717141006e+04	3.056059932348088870e-02	6.186137212199743080e-02
3.322379367958472722e+04	3.073192331963672461e-02	6.206148181901693234e-02
3.340975343970028916e+04	3.090393575288160471e-02	6.226229283347230192e-02
3.359646024196939834e+04	3.107663919882842907e-02	6.246380753017942433e-02
3.378391688074294507e+04	3.125003624224718252e-02	6.266602828293255101e-02
3.397212616030657955e+04	3.142412947709747467e-02	6.286895747452922456e-02
3.416109089491811028e+04	3.159892150656316845e-02	6.307259749679385019e-02
3.435081390884303983e+04	3.177441494308521491e-02	6.327695075060307817e-02
3.454129803639291640e+04	3.195061240839714573e-02	6.348201964591099200e-02
3.473254612196028029e+04	3.212751653355738063e-02	6.368780660177403297e-02
3.492456102005649154e+04	3.230512995898424111e-02	6.389431404637632705e-02
3.511734559534889559e+04	3.248345533449031874e-02	6.410154441705594175e-02
3.531090272269790876e+04	3.266249531931677413e-02	6.430950016032918604e-02
3.550523528719331080e+04	3.284225258216692117e-02	6.451818373191679779e-02
3.570034618419392064e+04	3.302272980124289908e-02	6.472759759677189362e-02
3.589623831936208444e+04	3.320392966427759829e-02	6.493774422910407462e-02
3.609291460870384617e+04	3.338585486857183898e-02	6.514862611240622436e-02
3.629037797860534192e+04	3.356850812102796927e-02	6.536024573948265304e-02
3.648863136587155168e+04	3.375189213818578088e-02	6.557260561247432729e-02
3.668767771776337031e+04	3.393600964625674565e-02	6.578570824288645924e-02
3.688751999203674495e+04	3.412086338116025741e-02	6.599955615161552658e-02
3.708816115698009526e+04	3.430645608855821538e-02	6.621415186897673666e-02
3.728960419145292690e+04	3.449279052389077338e-02	6.642949793473194864e-02
3.749185208492407401e+04	3.467986945241169350e-02	6.664559689811638821e-02
3.769490783751187701e+04	3.486769564922549691e-02	6.686245131786756890e-02
3.789877446002101351e+04	3.505627189932156162e-02	6.708006376225267298e-02
3.810345497398214502e+04	3.524560099761078064e-02	6.729843680909708414e-02
3.830895241169165092e+04	3.543568574896230339e-02	6.751757304581283703e-02
3.851526981624886685e+04	3.562652896823802900e-02	6.773747506942633112e-02
3.872241024159757944e+04	3.581813348033092287e-02	6.795814548660891741e-02
3.893037675256403600e+04	3.601050212020023150e-02	6.817958691370427926e-02
3.913917242489687487e+04	3.620363773290837667e-02	6.840180197675793661e-02
3.934880034530724515e+04	3.639754317365808539e-02	6.862479331154623663e-02
3.955926361150791490e+04	3.659222130782859711e-02	6.884856356360669061e-02
3.977056533225299791e+04	3.678767501101232185e-02	6.907311538826665931e-02
3.998270862737963762e+04	3.698390716905349679e-02	6.929845145067363432e-02
4.019569662784614775e+04	3.718092067808341505e-02	6.952457442582501979e-02
4.040953247577379807e+04	3.737871844455906145e-02	6.975148699859856638e-02
4.062421932448657026e+04	3.757730338529993719e-02	6.997919186378145917e-02
4.083976033855218702e+04	3.777667842752598093e-02	7.020769172610209774e-02
4.105615869382245000e+04	3.797684650889488617e-02	7.043698930026098814e-02
4.127341757747460360e+04	3.817781057754033452e-02	7.066708731096005280e-02
4.149154018805187661e+04	3.837957359210955599e-02	7.089798849293418859e-02
4.171052973550561728e+04	3.858213852180226305e-02	7.112969559098310246e-02
4.193038944123478723e+04	3.878550834640720479e-02	7.136221136000209242e-02
4.215112253812899871e+04	3.898968605634192675e-02	7.159553856501321700e-02
4.237273227060957288e+04	3.919467465269082379e-02	7.182967998119745012e-02
4.259522189467139106e+04	3.940047714724378980e-02	7.206463839392586446e-02
4.281859467792487703e+04	3.960709656253508237e-02	7.230041659879218874e-02
4.304285389963677881e+04	3.981453593188104961e-02	7.253701740164482381e-02
4.326800285077412991e+04	4.002279829942078510e-02	7.277444361861842848e-02
4.349404483404565690e+04	4.023188672015440281e-02	7.301269807616733720e-02
4.372098316394355788e+04	4.044180425998173539e-02	7.325178361109782599e-02
4.394882116678768944e+04	4.065255399574315559e-02	7.349170307060134966e-02
4.417756218076711957e+04	4.086413901525807330e-02	7.373245931228611383e-02
4.440720955598303408e+04	4.107656241736456354e-02	7.397405520421143632e-02
4.463776665449194115e+04	4.128982731195935535e-02	7.421649362492020729e-02
4.486923685034866503e+04	4.150393682003758467e-02	7.445977746347402781e-02
4.510162352965063474e+04	4.171889407373380321e-02	7.470390961948414343e-02
4.533493009057960444e+04	4.193470221636053791e-02	7.494889300314735991e-02
4.556915994344687351e+04	4.215136440245013938e-02	7.519473053527951645e-02
4.580431651073616376e+04	4.236888379779436831e-02	7.544142514734937521e-02
4.604040322714768990e+04	4.258726357948530022e-02	7.568897978151212236e-02
4.627742353964209178e+04	4.280650693595583478e-02	7.593739739064492289e-02
4.651538090748518152e+04	4.302661706702113481e-02	7.618668093838153188e-02
4.675427880229115544e+04	4.324759718391862906e-02	7.643683339914571218e-02
4.699412070806848351e+04	4.346945050935039495e-02	7.668785775818803829e-02
4.723491012126378337e+04	4.369218027752379274e-02	7.693975701162027170e-02
4.747665055080664024e+04	4.391578973419291154e-02	7.719253416644933363e-02
4.771934551815498708e+04	4.414028213670052186e-02	7.744619224061456697e-02
4.796299855733931327e+04	4.436566075401902898e-02	7.770073426302176456e-02
4.820761321500921622e+04	4.459192886679343160e-02	7.795616327358068087e-02
4.845319305047765374e+04	4.481908976738236544e-02	7.821248232323940730e-02
4.869974163576767023e+04	4.504714675990126316e-02	7.846969447402055153e-02
4.894726255565687461e+04	4.527610316026349502e-02	7.872780279905872147e-02
4.919575940772421745e+04	4.550596229622365374e-02	7.898681038263581644e-02
4.944523580239550938e+04	4.573672750741966664e-02	7.924672032021777557e-02
4.969569536299046740e+04	4.596840214541629555e-02	7.950753571849113188e-02
4.994714172576836427e+04	4.620098957374738080e-02	7.976925969540057948e-02
5.019957853997463826e+04	4.643449316795893178e-02	8.003189538018597171e-02
5.045300946788762667e+04	4.666891631565235621e-02	8.029544591341847282e-02
5.070743818486560485e+04	4.690426241652802253e-02	8.055991444703908266e-02
5.096286837939342513e+04	4.714053488242832962e-02	8.082530414439627331e-02
5.121930375313085824e+04	4.737773713738245573e-02	8.109161818028214064e-02
5.147674802095784980e+04	4.761587261764822776e-02	8.135885974097210871e-02
5.173520491102398228e+04	4.785494477175786243e-02	8.162703202426295490e-02
5.199467816479497560e+04	4.809495706056097358e-02	8.189613823950904481e-02
5.225517153710097045e+04	4.833591295726925863e-02	8.216618160766266110e-02
5.251668879618507344e+04	4.857781594750137932e-02	8.243716536131187600e-02
5.277923372375019244e+04	4.882066952932628129e-02	8.270909274471927031e-02
5.304281011500832392e+04	4.906447721330881029e-02	8.298196701386112428e-02
5.330742177872943284e+04	4.930924252255488444e-02	8.325579143646559543e-02
5.357307253728869546e+04	4.955496899275526473e-02	8.353056929205344983e-02
5.383976622671646328e+04	4.980166017223166403e-02	8.380630387197582354e-02
5.410750669674712117e+04	5.004931962198206491e-02	8.408299847945557848e-02
5.437629781086804724e+04	5.029795091572593357e-02	8.436065642962371769e-02
5.464614344636945316e+04	5.054755763995029405e-02	8.463928104956355836e-02
5.491704749439282023e+04	5.079814339395459510e-02	8.491887567834849326e-02
5.518901385998164915e+04	5.104971178989765185e-02	8.519944366708169514e-02
5.546204646213084925e+04	5.130226645284327591e-02	8.548098837893747248e-02
5.573614923383719724e+04	5.155581102080702277e-02	8.576351318920216737e-02
5.601132612214903202e+04	5.181034914480206477e-02	8.604702148531427619e-02
5.628758108821632050e+04	5.206588448888561232e-02	8.633151666690531967e-02
5.656491810734262981e+04	5.232242073020688250e-02	8.661700214584119872e-02
5.684334116903432005e+04	5.257996155905271529e-02	8.690348134626256493e-02
5.712285427705218899e+04	5.283851067889520914e-02	8.719095770462678696e-02
5.740346144946321874e+04	5.309807180643970337e-02	8.747943466975068028e-02
5.768516671869011770e+04	5.335864867167055409e-02	8.776891570285098865e-02
5.796797413156423136e+04	5.362024501790009501e-02	8.805940427758771061e-02
5.825188774937709240e+04	5.388286460181625909e-02	8.835090388010388707e-02
5.853691164793128701e+04	5.414651119352975606e-02	8.864341800906802571e-02
5.882304991759299446e+04	5.441118857662252672e-02	8.893695017571988382e-02
5.911030666334461421e+04	5.467690054819652340e-02	8.923150390390921505e-02
5.939868600483654882e+04	5.494365091892157438e-02	8.952708273013970652e-02
5.968819207643951086e+04	5.521144351308376191e-02	8.982369020361460898e-02
5.997882902729800844e+04	5.548028216863493123e-02	9.012132988627587216e-02
6.027060102138273214e+04	5.575017073724107541e-02	9.042000535284977492e-02
6.056351223754379316e+04	5.602111308433167791e-02	9.071972019088972439e-02
6.085756686956393969e+04	5.629311308914883294e-02	9.102047800081985995e-02
6.115276912621178781e+04	5.656617464479660184e-02	9.132228239597925401e-02
6.144912323129595461e+04	5.684030165829095926e-02	9.162513700266677885e-02
6.174663342371917679e+04	5.711549805060995438e-02	9.192904546018228207e-02
6.204530395753106131e+04	5.739176775674246361e-02	9.223401142087507554e-02
6.234513910198296071e+04	5.766911472573893471e-02	9.254003855018420877e-02
6.264614314158326306e+04	5.794754292076256114e-02	9.284713052668648603e-02
6.294832037615056470e+04	5.822705631913843022e-02	9.315529104214101408e-02
6.325167512086921488e+04	5.850765891240497507e-02	9.346452380153190409e-02
6.355621170634419832e+04	5.878935470636466321e-02	9.377483252311537287e-02
6.386193447865632334e+04	5.907214772113503903e-02	9.408622093846560897e-02
6.416884779941750458e+04	5.935604199119996066e-02	9.439869279251830725e-02
6.447695604582605301e+04	5.964104156546062852e-02	9.471225184361957428e-02
6.478626361072325381e+04	5.992715050728797399e-02	9.502690186356825552e-02
6.509677490264811786e+04	6.021437289457334113e-02	9.534264663766513215e-02
6.540849434589489101e+04	6.050271281978157611e-02	9.565948996475820421e-02
6.572142638056808210e+04	6.079217439000204198e-02	9.597743565728875104e-02
6.603557546263998665e+04	6.108276172700174977e-02	9.629648754133700306e-02
6.635094606400634802e+04	6.137447896727688673e-02	9.661664945667253201e-02
6.666754267254479055e+04	6.166733026210687030e-02	9.693792525679732763e-02
6.698536979217115731e+04	6.196131977760638981e-02	9.726031880899657645e-02
6.730443194289581152e+04	6.225645169477760088e-02	9.758383399438255723e-02
6.762473366088341572e+04	6.255273020956531038e-02	9.790847470794515617e-02
6.794627949850837467e+04	6.285015953290835899e-02	9.823424485859715005e-02
6.826907402441481827e+04	6.314874389079501438e-02	9.856114836922565126e-02
6.859312182357326674e+04	6.344848752431542227e-02	9.888918917673573949e-02
6.891842749733920209e+04	6.374939468971582701e-02	9.921837123210343334e-02
6.924499566351126123e+04	6.405146965845237572e-02	9.954869850042129265e-02
6.957283095639277599e+04	6.435471671724798948e-02	9.988017496094744874e-02
6.990193802684689581e+04	6.465914016814339194e-02	1.002128046071554812e-01
7.023232154235777853e+04	6.496474432855373071e-02	1.005465914467832955e-01
7.056398618708948197e+04	6.527153353132304769e-02	1.008815395018812650e-01
7.089693666194626712e+04	6.557951212478001224e-02	1.012176528088613026e-01
7.123117768463179527e+04	6.588868447279272456e-02	1.015549354185512482e-01
7.156671398970873270e+04	6.619905495482386604e-02	1.018933913962384447e-01
7.190355032865956309e+04	6.651062796598687654e-02	1.022330248217238197e-01
7.224169146994719631e+04	6.682340791710209005e-02	1.025738397893702358e-01
7.258114219907467486e+04	6.713739923475189886e-02	1.029158404081535749e-01
7.292190731864752888e+04	6.745260636133852683e-02	1.032590308017139330e-01
7.326399164843260951e+04	6.776903375513833316e-02	1.036034151084056915e-01
7.360740002542173897e+04	6.808668589036079299e-02	1.039489974813481571e-01
7.395213730389290140e+04	6.840556725720502163e-02	1.042957820884778258e-01
7.429820835546986200e+04	6.872568236191496649e-02	1.046437731125996473e-01
7.464561806918603543e+04	6.904703572683847101e-02	1.049929747514369155e-01
7.499437135154638963e+04	6.936963189048453438e-02	1.053433912176853365e-01
7.534447312658949522e+04	6.969347540758073778e-02	1.056950267390639048e-01
7.569592833595011325e+04	7.001857084913101770e-02	1.060478855583669999e-01
7.604874193892203039e+04	7.034492280247402196e-02	1.064019719335172892e-01
7.640291891252101050e+04	7.067253587134106341e-02	1.067572901376171723e-01
7.675846425154757162e+04	7.100141467591440658e-02	1.071138444590031547e-01
7.711538296865228040e+04	7.133156385288753898e-02	1.074716392012970423e-01
7.747368009439790330e+04	7.166298805552274997e-02	1.078306786834615921e-01
7.783336067732379888e+04	7.199569195371059716e-02	1.081909672398520816e-01
7.819442978400981519e+04	7.232968023402906732e-02	1.085525092202683645e-01
7.855689249914028915e+04	7.266495759980280689e-02	1.089153089900126714e-01
7.892075392557017040e+04	7.300152877116422578e-02	1.092793709299400701e-01
7.928601918438740540e+04	7.333939848511120130e-02	1.096446994365146699e-01
7.965269341498137510e+04	7.367857149557047181e-02	1.100112989218631765e-01
8.002078177510559908e+04	7.401905257345549327e-02	1.103791738138287098e-01
8.039028944094221515e+04	7.436084650672622476e-02	1.107483285560274255e-01
8.076122160717206134e+04	7.470395810045386831e-02	1.111187676079019582e-01
8.113358348703668162e+04	7.504839217687826747e-02	1.114904954447775154e-01
8.150738031240552664e+04	7.539415357547001040e-02	1.118635165579166951e-01
8.188261733384417312e+04	7.574124715299360155e-02	1.122378354545758850e-01
8.225929982067881792e+04	7.608967778356708067e-02	1.126134566580600377e-01
8.263743306106425007e+04	7.643945035872491689e-02	1.129903847077800422e-01
8.301702236205046938e+04	7.679056978747957063e-02	1.133686241593065969e-01
8.339807304965151707e+04	7.714304099638527590e-02	1.137481795844288435e-01
8.378059046890969330e+04	7.749686892959734008e-02	1.141290555712118626e-01
8.416457998396786570e+04	7.785205854893906263e-02	1.145112567240505197e-01
8.455004697813531675e+04	7.820861483396263081e-02	1.148947876637283483e-01
8.493699685395587585e+04	7.856654278201220809e-02	1.152796530274748515e-01
8.532543503327609506e+04	7.892584740828688383e-02	1.156658574690218738e-01
8.571536695731573855e+04	7.928653374590598213e-02	1.160534056586623453e-01
8.610679808673606021e+04	7.964860684597212248e-02	1.164423022833096510e-01
8.649973390170875064e+04	8.001207177763512701e-02	1.168325520465528511e-01
8.689417990198543703e+04	8.037693362815616360e-02	1.172241596687168125e-01
8.729014160696923500e+04	8.074319750297397069e-02	1.176171298869192056e-01
8.768762455578173103e+04	8.111086852576696038e-02	1.180114674551324822e-01
8.808663430733622226e+04	8.147995183852066448e-02	1.184071771442382209e-01
8.848717644040790037e+04	8.185045260159301561e-02	1.188042637420910624e-01
8.888925655370163440e+04	8.222237599377672790e-02	1.192027320535750806e-01
8.929288026592737879e+04	8.259572721236926873e-02	1.196025869006646647e-01
8.969805321586737409e+04	8.297051147323490639e-02	1.200038331224853594e-01
9.010478106245188974e+04	8.334673401087477895e-02	1.204064755753703475e-01
9.051306948482665757e+04	8.372440007848938603e-02	1.208105191329252731e-01
9.092292418242912390e+04	8.410351494804890748e-02	1.212159686860858898e-01
9.133435087505797856e+04	8.448408391035769349e-02	1.216228291431793590e-01
9.174735530294495402e+04	8.486611227512068367e-02	1.220311054299862003e-01
9.216194322683208156e+04	8.524960537101471114e-02	1.224408024898002018e-01
9.257812042804024532e+04	8.563456854575203503e-02	1.228519252834926884e-01
9.299589270854447386e+04	8.602100716615006248e-02	1.232644787895685740e-01
9.341526589104760205e+04	8.640892661819923881e-02	1.236784680042343765e-01
9.383624581905406376e+04	8.679833230713157599e-02	1.240938979414570459e-01
9.425883835694294248e+04	8.718922965748804321e-02	1.245107736330268999e-01
9.468304939004436892e+04	8.758162411318930196e-02	1.249291001286202824e-01
9.510888482471196039e+04	8.797552113760266634e-02	1.253488824958624293e-01
9.553635058840010606e+04	8.837092621361375411e-02	1.257701258203907935e-01
9.596545262973628996e+04	8.876784484369310002e-02	1.261928352059182856e-01
9.639619691859983141e+04	8.916628254996926406e-02	1.266170157742954328e-01
9.682858944619550311e+04	8.956624487429676318e-02	1.270426726655763394e-01
9.726263622512960865e+04	8.996773737832654272e-02	1.274698110380814431e-01
9.769834328948694747e+04	9.037076564357708619e-02	1.278984360684611576e-01
9.813571669490664499e+04	9.077533527150458137e-02	1.283285529517612655e-01
9.857476251865942322e+04	9.118145188357440478e-02	1.287601669014876993e-01
9.901548685972410021e+04	9.158912112133192618e-02	1.291932831496706569e-01
9.945789583886663604e+04	9.199834864647558896e-02	1.296279069469315481e-01
9.990199559871543897e+04	9.240914014092649342e-02	1.300640435625446678e-01
1.003477923038409499e+05	9.282150130690217105e-02	1.305016982845071394e-01
1.007952921408326220e+05	9.323543786698763880e-02	1.309408764196017261e-01
1.012445013183791598e+05	9.365095556420971468e-02	1.313815832934651928e-01
1.016954260673447134e+05	9.406806016210750299e-02	1.318238242506531155e-01
1.021480726408494229e+05	9.448675744480676542e-02	1.322676046547060225e-01
1.026024473143486393e+05	9.490705321709334841e-02	1.327129298882187003e-01
1.030585563857121015e+05	9.532895330448643012e-02	1.331598053529048364e-01
1.035164061753061542e+05	9.575246355331443193e-02	1.336082364696648817e-01
1.039760030260689236e+05	9.617758983078462942e-02	1.340582286786544675e-01
1.044373533035944711e+05	9.660433802506107615e-02	1.345097874393518800e-01
1.049004633962130611e+05	9.703271404533871103e-02	1.349629182306262276e-01
1.053653397150714445e+05	9.746272382191772943e-02	1.354176265508044708e-01
1.058319886942141311e+05	9.789437330627867584e-02	1.358739179177427814e-01
1.063004167906647199e+05	9.832766847115770315e-02	1.363317978688909637e-01
1.067706304845094128e+05	9.876261531062394128e-02	1.367912719613659789e-01
1.072426362789770646e+05	9.919921984015327154e-02	1.372523457720201401e-01
1.077164407005228422e+05	9.963748809670601447e-02	1.377150248975089197e-01
1.081920502989108791e+05	1.000774261388032021e-01	1.381793149543623367e-01
1.086694716472957371e+05	1.005190400466019068e-01	1.386452215790533737e-01
1.091487113423087721e+05	1.009623359219753158e-01	1.391127504280706140e-01
1.096297760041386209e+05	1.014073198885869914e-01	1.395819071779884346e-01
1.101126722766166786e+05	1.018539980919700022e-01	1.400526975255348694e-01
1.105974068273015000e+05	1.023023766996050271e-01	1.405251271876679642e-01
1.110839863475628081e+05	1.027524619009980017e-01	1.409992019016410025e-01
1.115724175526659819e+05	1.032042599077584027e-01	1.414749274250794442e-01
1.120627071818569675e+05	1.036577769536775190e-01	1.419523095360494536e-01
1.125548619984500110e+05	1.041130192948099831e-01	1.424313540331326178e-01
1.130488887899102410e+05	1.045699932095497803e-01	1.429120667354959462e-01
1.135447943679408781e+05	1.050287049987111698e-01	1.433944534829652562e-01
1.140425855685702409e+05	1.054891609856090789e-01	1.438785201360980592e-01
1.145422692522371508e+05	1.059513675161380952e-01	1.443642725762590284e-01
1.150438523038797575e+05	1.064153309588546925e-01	1.448517167056890820e-01
1.155473416330205364e+05	1.068810577050557376e-01	1.453408584475840704e-01
1.160527441738550115e+05	1.073485541688606881e-01	1.458317037461655530e-01
1.165600668853385578e+05	1.078178267872917651e-01	1.463242585667541562e-01
1.170693167512772197e+05	1.082888820203580377e-01	1.468185288958471224e-01
1.175805007804126799e+05	1.087617263511340554e-01	1.473145207411903079e-01
1.180936260065146635e+05	1.092363662858451961e-01	1.478122401318575918e-01
1.186086994884657470e+05	1.097128083539461729e-01	1.483116931183188492e-01
1.191257283103552763e+05	1.101910591082080060e-01	1.488128857725242171e-01
1.196447195815653977e+05	1.106711251247974176e-01	1.493158241879737891e-01
1.201656804368640005e+05	1.111530130033629854e-01	1.498205144797953581e-01
1.206886180364932370e+05	1.116367293671168409e-01	1.503269627848222989e-01
1.212135395662604860e+05	1.121222808629190326e-01	1.508351752616688413e-01
1.217404522376301611e+05	1.126096741613621943e-01	1.513451580908064809e-01
1.222693632878148492e+05	1.130989159568561025e-01	1.518569174746439987e-01
1.228002799798658089e+05	1.135900129677111514e-01	1.523704596376027065e-01
1.233332096027666412e+05	1.140829719362251721e-01	1.528857908261941068e-01
1.238681594715245446e+05	1.145777996287677403e-01	1.534029173090983023e-01
1.244051369272629672e+05	1.150745028358659688e-01	1.539218453772447093e-01
1.249441493373151898e+05	1.155730883722910080e-01	1.544425813438872197e-01
1.254852040953176765e+05	1.160735630771444066e-01	1.549651315446855249e-01
1.260283086213019560e+05	1.165759338139430723e-01	1.554895023377834140e-01
1.265734703617920459e+05	1.170802074707094631e-01	1.560157001038894042e-01
1.271206967898952862e+05	1.175863909600555202e-01	1.565437312463536235e-01
1.276699954053978290e+05	1.180944912192711249e-01	1.570736021912509939e-01
1.282213737348618888e+05	1.186045152104139161e-01	1.576053193874616398e-01
1.287748393317175942e+05	1.191164699203942634e-01	1.581388893067498524e-01
1.293303997763612861e+05	1.196303623610663197e-01	1.586743184438446364e-01
1.298880626762506145e+05	1.201461995693158813e-01	1.592116133165237812e-01
1.304478356660010613e+05	1.206639886071496637e-01	1.597507804656931596e-01
1.310097264074813284e+05	1.211837365617836060e-01	1.602918264554698269e-01
1.315737425899128721e+05	1.217054505457348668e-01	1.608347578732628180e-01
1.321398919299643021e+05	1.222291376969092264e-01	1.613795813298563586e-01
1.327081821718508436e+05	1.227548051786929578e-01	1.619263034594927708e-01
1.332786210874321987e+05	1.232824601800434905e-01	1.624749309199557401e-01
1.338512164763125475e+05	1.238121099155819055e-01	1.630254703926523330e-01
1.344259761659351643e+05	1.243437616256802408e-01	1.635779285826990392e-01
1.350029080116848345e+05	1.248774225765564710e-01	1.641323122190032069e-01
1.355820198969863995e+05	1.254131000603657120e-01	1.646886280543490011e-01
1.361633197334049910e+05	1.259508013952925221e-01	1.652468828654812538e-01
1.367468154607459728e+05	1.264905339256438555e-01	1.658070834531897020e-01
1.373325150471548259e+05	1.270323050219411276e-01	1.663692366423961400e-01
1.379204264892178471e+05	1.275761220810135155e-01	1.669333492822378251e-01
1.385105578120646533e+05	1.281219925260926595e-01	1.674994282461541584e-01
1.391029170694707136e+05	1.286699238069075879e-01	1.680674804319740867e-01
1.396975123439541494e+05	1.292199233997742558e-01	1.686375127619981484e-01
1.402943517468849022e+05	1.297719988076965481e-01	1.692095321830902055e-01
1.408934434185817954e+05	1.303261575604559019e-01	1.697835456667610432e-01
1.414947955284183845e+05	1.308824072147093953e-01	1.703595602092613237e-01
1.420984162749270617e+05	1.314407553540860030e-01	1.709375828316602175e-01
1.427043138859006867e+05	1.320012095892804938e-01	1.715176205799403553e-01
1.433124966184976220e+05	1.325637775581509081e-01	1.720996805250832040e-01
1.439229727593462449e+05	1.331284669258146758e-01	1.726837697631579127e-01
1.445357506246510311e+05	1.336952853847473144e-01	1.732698954154150983e-01
1.451508385602944763e+05	1.342642406548763545e-01	1.738580646283644782e-01
1.457682449419473414e+05	1.348353404836834801e-01	1.744482845738767329e-01
1.463879781751693517e+05	1.354085926462975376e-01	1.750405624492680223e-01
1.470100466955210431e+05	1.359840049455982025e-01	1.756349054773887752e-01
1.476344589686662657e+05	1.365615852123104879e-01	1.762313209067177810e-01
1.482612234904828947e+05	1.371413413051074948e-01	1.768298160114504802e-01
1.488903487871656544e+05	1.377232811107053090e-01	1.774303980915907242e-01
1.495218434153391863e+05	1.383074125439675561e-01	1.780330744730416193e-01
1.501557159621619794e+05	1.388937435480017690e-01	1.786378525077009505e-01
1.507919750454396708e+05	1.394822820942639430e-01	1.792447395735489724e-01
1.514306293137277244e+05	1.400730361826535708e-01	1.798537430747423616e-01
1.520716874464474968e+05	1.406660138416211681e-01	1.804648704417092520e-01
1.527151581539929903e+05	1.412612231282668884e-01	1.810781291312393848e-01
1.533610501778396720e+05	1.418586721284410268e-01	1.816935266265752302e-01
1.540093722906587063e+05	1.424583689568499623e-01	1.823110704375160984e-01
1.546601332964222820e+05	1.430603217571535524e-01	1.829307681005004627e-01
1.553133420305221807e+05	1.436645387020745734e-01	1.835526271787074337e-01
1.559690073598757735e+05	1.442710279934970585e-01	1.841766552621497965e-01
1.566271381830426108e+05	1.448797978625738225e-01	1.848028599677704054e-01
1.572877434303330665e+05	1.454908565698273260e-01	1.854312489395345820e-01
1.579508320639236190e+05	1.461042124052560343e-01	1.860618298485267053e-01
1.586164130779696570e+05	1.467198736884388899e-01	1.866946103930526846e-01
1.592844954987203528e+05	1.473378487686414495e-01	1.873295982987254749e-01
1.599550883846310026e+05	1.479581460249199398e-01	1.879668013185730457e-01
1.606282008264778706e+05	1.485807738662275057e-01	1.886062272331291700e-01
1.613038419474727998e+05	1.492057407315199868e-01	1.892478838505318728e-01
1.619820209033850115e+05	1.498330550898689106e-01	1.898917790066211864e-01
1.626627468826455879e+05	1.504627254405578318e-01	1.905379205650406249e-01
1.633460291064721823e+05	1.510947603131979067e-01	1.911863164173354390e-01
1.640318768289826403e+05	1.517291682678329201e-01	1.918369744830453194e-01
1.647202993373145291e+05	1.523659578950498084e-01	1.924899027098109505e-01
1.654113059517387301e+05	1.530051378160837694e-01	1.931451090734688236e-01
1.661049060257800156e+05	1.536467166829298403e-01	1.938026015781564582e-01
1.668011089463342214e+05	1.542907031784511718e-01	1.944623882564099071e-01
1.674999241337886779e+05	1.549371060164905500e-01	1.951244771692664526e-01
1.682013610421385092e+05	1.555859339419778942e-01	1.957888764063590858e-01
1.689054291591084911e+05	1.562371957310429993e-01	1.964555940860258365e-01
1.696121380062727840e+05	1.568909001911262535e-01	1.971246383554095538e-01
1.703214971391751315e+05	1.575470561610899101e-01	1.977960173905599084e-01
1.710335161474513006e+05	1.582056725113312468e-01	1.984697393965332846e-01
1.717482046549442457e+05	1.588667581438891474e-01	1.991458126075004997e-01
1.724655723198352498e+05	1.595303219925653937e-01	1.998242452868491947e-01
1.731856288347583322e+05	1.601963730230304694e-01	2.005050457272836706e-01
1.739083839269260643e+05	1.608649202329400230e-01	2.011882222509325802e-01
1.746338473582532315e+05	1.615359726520491090e-01	2.018737832094530393e-01
1.753620289254788950e+05	1.622095393423252652e-01	2.025617369841360427e-01
1.760929384602907812e+05	1.628856293980634473e-01	2.032520919860086317e-01
1.768265858294479258e+05	1.635642519459994393e-01	2.039448566559428633e-01
1.775629809349087591e+05	1.642454161454285355e-01	2.046400394647597265e-01
1.783021337139545358e+05	1.649291311883195332e-01	2.053376489133353910e-01
1.790440541393165477e+05	1.656154062994324438e-01	2.060376935327151993e-01
1.797887522192977194e+05	1.663042507364310418e-01	2.067401818842085903e-01
1.805362379979051766e+05	1.669956737900052668e-01	2.074451225595047854e-01
1.812865215549729182e+05	1.676896847839850491e-01	2.081525241807769544e-01
1.820396130062908051e+05	1.683862930754593534e-01	2.088623954007930161e-01
1.827955225037342752e+05	1.690855080548962219e-01	2.095747449030269660e-01
1.835542602353891998e+05	1.697873391462583204e-01	2.102895814017613496e-01
1.843158364256810455e+05	1.704917958071222872e-01	2.110069136421987290e-01
1.850802613355101494e+05	1.711988875288041612e-01	2.117267504005749534e-01
1.858475452623744204e+05	1.719086238364724573e-01	2.124491004842689601e-01
1.866176985404994630e+05	1.726210142892689037e-01	2.131739727319090505e-01
1.873907315409766452e+05	1.733360684804358953e-01	2.139013760134879649e-01
1.881666546718874015e+05	1.740537960374316517e-01	2.146313192304735995e-01
1.889454783784358297e+05	1.747742066220527302e-01	2.153638113159198897e-01
1.897272131430838490e+05	1.754973099305591477e-01	2.160988612345776105e-01
1.905118694856803049e+05	1.762231156937938137e-01	2.168364779830118383e-01
1.912994579635982518e+05	1.769516336773093723e-01	2.175766705897123621e-01
1.920899891718637664e+05	1.776828736814874687e-01	2.183194481152042898e-01
1.928834737432895927e+05	1.784168455416624555e-01	2.190648196521680358e-01
1.936799223486152478e+05	1.791535591282507889e-01	2.198127943255489547e-01
1.944793456966381636e+05	1.798930243468724322e-01	2.205633812926717785e-01
1.952817545343472448e+05	1.806352511384744508e-01	2.213165897433612694e-01
1.960871596470644581e+05	1.813802494794619358e-01	2.220724289000489127e-01
1.968955718585743743e+05	1.821280293818177132e-01	2.228309080178976220e-01
1.977070020312660490e+05	1.828786008932338225e-01	2.235920363849125403e-01
1.985214610662708583e+05	1.836319740972388592e-01	2.243558233220606657e-01
1.993389599035934079e+05	1.843881591133190168e-01	2.251222781833852604e-01
2.001595095222588279e+05	1.851471660970544775e-01	2.258914103561262265e-01
2.009831209404455731e+05	1.859090052402422588e-01	2.266632292608390387e-01
2.018098052156277117e+05	1.866736867710274972e-01	2.274377443515065711e-01
2.026395734447125287e+05	1.874412209540313179e-01	2.282149651156676617e-01
2.034724367641830177e+05	1.882116180904820635e-01	2.289949010745306046e-01
2.043084063502360659e+05	1.889848885183435245e-01	2.297775617830903061e-01
2.051474934189261112e+05	1.897610426124475280e-01	2.305629568302554333e-01
2.059897092263056838e+05	1.905400907846241387e-01	2.313510958389607686e-01
2.068350650685698201e+05	1.913220434838352191e-01	2.321419884662996869e-01
2.076835722821952659e+05	1.921069111963030207e-01	2.329356444036356777e-01
2.085352422440868395e+05	1.928947044456458260e-01	2.337320733767250525e-01
2.093900863717197208e+05	1.936854337930093151e-01	2.345312851458472847e-01
2.102481161232861050e+05	1.944791098372024851e-01	2.353332895059173924e-01
2.111093429978346976e+05	1.952757432148264360e-01	2.361380962866165556e-01
2.119737785354213265e+05	1.960753446004137590e-01	2.369457153525104109e-01
2.128414343172553054e+05	1.968779247065640392e-01	2.377561566031805018e-01
2.137123219658398593e+05	1.976834942840736686e-01	2.385694299733422674e-01
2.145864531451253861e+05	1.984920641220774551e-01	2.393855454329711085e-01
2.154638395606531412e+05	1.993036450481819044e-01	2.402045129874275375e-01
2.163444929597051523e+05	2.001182479286034988e-01	2.410263426775892670e-01
2.172284251314532303e+05	2.009358836683067251e-01	2.418510445799677555e-01
2.181156479071028880e+05	2.017565632111372742e-01	2.426786288068434050e-01
2.190061731600524799e+05	2.025802975399690620e-01	2.435091055063879628e-01
2.199000128060317656e+05	2.034070976768324324e-01	2.443424848627937240e-01
2.207971788032629120e+05	2.042369746830632604e-01	2.451787770964006796e-01
2.216976831526060705e+05	2.050699396594374280e-01	2.460179924638269955e-01
2.226015378977112414e+05	2.059060037463113502e-01	2.468601412580965770e-01
2.235087551251715631e+05	2.067451781237638342e-01	2.477052338087708805e-01
2.244193469646773010e+05	2.075874740117383266e-01	2.485532804820755337e-01
2.253333255891654408e+05	2.084329026701815246e-01	2.494042916810336463e-01
2.262507032149783918e+05	2.092814753991900645e-01	2.502582778455956225e-01
2.271714921020143083e+05	2.101332035391495767e-01	2.511152494527688073e-01
2.280957045538866660e+05	2.109880984708822071e-01	2.519752170167564587e-01
2.290233529180742626e+05	2.118461716157856167e-01	2.528381910890774020e-01
2.299544495860805619e+05	2.127074344359800029e-01	2.537041822587104423e-01
2.308890069935892243e+05	2.135718984344523730e-01	2.545732011522252591e-01
2.318270376206233341e+05	2.144395751552034546e-01	2.554452584339133026e-01
2.327685539917000569e+05	2.153104761833910807e-01	2.563203648059209638e-01
2.337135686759902164e+05	2.161846131454775444e-01	2.571985310083886866e-01
2.346620942874803732e+05	2.170619977093796726e-01	2.580797678195831946e-01
2.356141434851244267e+05	2.179426415846089371e-01	2.589640860560335489e-01
2.365697289730132616e+05	2.188265565224285780e-01	2.598514965726731463e-01
2.375288635005281249e+05	2.197137543159951856e-01	2.607420102629653402e-01
2.384915598625069251e+05	2.206042468005127988e-01	2.616356380590492137e-01
2.394578308993985702e+05	2.214980458533754859e-01	2.625323909318741378e-01
2.404276894974338647e+05	2.223951633943255790e-01	2.634322798913384944e-01
2.414011485887827293e+05	2.232956113855989744e-01	2.643353159864275659e-01
2.423782211517206160e+05	2.241994018320790649e-01	2.652415103053542000e-01
2.433589202107914898e+05	2.251065467814476195e-01	2.661508739756997532e-01
2.443432588369710138e+05	2.260170583243355236e-01	2.670634181645481497e-01
2.453312501478330814e+05	2.269309485944771831e-01	2.679791540786324311e-01
2.463229073077171342e+05	2.278482297688647906e-01	2.688980929644753659e-01
2.473182435278912890e+05	2.287689140678996758e-01	2.698202461085288939e-01
2.483172720667225658e+05	2.296930137555494855e-01	2.707456248373162899e-01
2.493200062298411212e+05	2.306205411395002014e-01	2.716742405175774921e-01
2.503264593703122518e+05	2.315515085713153176e-01	2.726061045564079910e-01
2.513366448888024897e+05	2.324859284465892184e-01	2.735412284014088757e-01
2.523505762337488413e+05	2.334238132051040804e-01	2.744796235408238916e-01
2.533682669015297724e+05	2.343651753309877739e-01	2.754213015036903744e-01
2.543897304366363969e+05	2.353100273528722086e-01	2.763662738599826363e-01
2.554149804318417737e+05	2.362583818440502081e-01	2.773145522207527969e-01
2.564440305283737252e+05	2.372102514226349379e-01	2.782661482382852158e-01
2.574768944160901301e+05	2.381656487517224696e-01	2.792210736062372134e-01
2.585135858336454548e+05	2.391245865395456027e-01	2.801793400597900607e-01
2.595541185686683748e+05	2.400870775396381218e-01	2.811409593757921432e-01
2.605985064579369791e+05	2.410531345509969725e-01	2.821059433729146693e-01
2.616467633875527536e+05	2.420227704182432438e-01	2.830743039117956106e-01
2.626989032931120601e+05	2.429959980317805968e-01	2.840460528951884722e-01
2.637549401598913246e+05	2.439728303279666832e-01	2.850212022681142821e-01
2.648148880230166251e+05	2.449532802892701311e-01	2.859997640180134693e-01
2.658787609676377615e+05	2.459373609444311937e-01	2.869817501748961885e-01
2.669465731291184784e+05	2.469250853686381364e-01	2.879671728114913121e-01
2.680183386932013091e+05	2.479164666836793929e-01	2.889560440434004729e-01
2.690940718961974490e+05	2.489115180581195630e-01	2.899483760292501100e-01
2.701737870251645800e+05	2.499102527074633096e-01	2.909441809708460114e-01
2.712574984180785832e+05	2.509126838943148141e-01	2.919434711133261917e-01
2.723452204640285345e+05	2.519188249285577719e-01	2.929462587453182110e-01
2.734369676033880678e+05	2.529286891675140425e-01	2.939525561990886104e-01
2.745327543280009413e+05	2.539422900161152907e-01	2.949623758507011750e-01
2.756325951813687570e+05	2.549596409270764585e-01	2.959757301201744739e-01
2.767365047588266898e+05	2.559807554010586905e-01	2.969926314716391236e-01
2.778444977077306248e+05	2.570056469868419735e-01	2.980130924134874459e-01
2.789565887276497670e+05	2.580343292815037159e-01	2.990371254985399463e-01
2.800727925705390517e+05	2.590668159305778984e-01	3.000647433242009110e-01
2.811931240409383900e+05	2.601031206282396480e-01	3.010959585326161148e-01
2.823175979961539852e+05	2.611432571174726602e-01	3.021307838108311938e-01
2.834462293464396498e+05	2.621872391902371202e-01	3.031692318909540163e-01
2.845790330551977386e+05	2.632350806876558313e-01	3.042113155503158306e-01
2.857160241391602904e+05	2.642867955001810820e-01	3.052570476116300835e-01
2.868572176685818122e+05	2.653423975677733915e-01	3.063064409431520696e-01
2.880026287674273481e+05	2.664019008800757038e-01	3.073595084588516269e-01
2.891522726135656703e+05	2.674653194765915232e-01	3.084162631185618508e-01
2.903061644389597932e+05	2.685326674468617725e-01	3.094767179281504021e-01
2.914643195298626088e+05	2.696039589306450379e-01	3.105408859396853183e-01
2.926267532270029187e+05	2.706792081180902643e-01	3.116087802515949967e-01
2.937934809257872985e+05	2.717584292499231613e-01	3.126804140088366157e-01
2.949645180764897377e+05	2.728416366176218411e-01	3.137558004030580050e-01
2.961398801844466361e+05	2.739288445635969516e-01	3.148349526727695635e-01
2.973195828102615778e+05	2.750200674813811363e-01	3.159178841035050200e-01
2.985036415699829813e+05	2.761153198157934585e-01	3.170046080279958489e-01
2.996920721353255212e+05	2.772146160631444034e-01	3.180951378263351947e-01
3.008848902338487096e+05	2.783179707714004691e-01	3.191894869261452383e-01
3.020821116491628345e+05	2.794253985403751805e-01	3.202876688027523344e-01
3.032837522211301257e+05	2.805369140219151625e-01	3.213896969793496594e-01
3.044898278460667352e+05	2.816525319200866018e-01	3.224955850271755686e-01
3.057003544769342407e+05	2.827722669913528275e-01	3.236053465656805184e-01
3.069153481235497748e+05	2.838961340447681558e-01	3.247189952626965415e-01
3.081348248527825344e+05	2.850241479421602997e-01	3.258365448346134396e-01
3.093588007887657150e+05	2.861563235983259901e-01	3.269580090465542543e-01
3.105872921130902250e+05	2.872926759812100550e-01	3.280834017125430213e-01
3.118203150650130701e+05	2.884332201120985983e-01	3.292127366956827395e-01
3.130578859416657360e+05	2.895779710658113459e-01	3.303460279083291762e-01
3.143000210982532008e+05	2.907269439708859982e-01	3.314832893122656166e-01
3.155467369482687209e+05	2.918801540097769598e-01	3.326245349188824973e-01
3.167980499636980239e+05	2.930376164190438004e-01	3.337697787893508794e-01
3.180539766752190772e+05	2.941993464895364396e-01	3.349190350348010825e-01
3.193145336724275257e+05	2.953653595666036469e-01	3.360723178165005431e-01
3.205797376040302333e+05	2.965356710502717319e-01	3.372296413460337261e-01
3.218496051780716516e+05	2.977102963954543768e-01	3.383910198854770957e-01
3.231241531621243921e+05	2.988892511121288287e-01	3.395564677475876314e-01
3.244033983835210092e+05	3.000725507655498947e-01	3.407259992959748574e-01
3.256873577295528958e+05	3.012602109764341840e-01	3.418996289452842507e-01
3.269760481476953719e+05	3.024522474211686629e-01	3.430773711613905319e-01
3.282694866458079778e+05	3.036486758319953960e-01	3.442592404615557045e-01
3.295676902923639282e+05	3.048495119972240430e-01	3.454452514146391096e-01
3.308706762166577391e+05	3.060547717614238161e-01	3.466354186412660132e-01
3.321784616090195486e+05	3.072644710256218215e-01	3.478297568140133467e-01
3.334910637210357818e+05	3.084786257475071181e-01	3.490282806576025521e-01
3.348084998657708638e+05	3.096972519416358316e-01	3.502310049490690025e-01
3.361307874179789214e+05	3.109203656796268311e-01	3.514379445179729444e-01
3.374579438143250882e+05	3.121479830903668429e-01	3.526491142465654205e-01
3.387899865536102443e+05	3.133801203602178953e-01	3.538645290699869994e-01
3.401269331969877821e+05	3.146167937332177700e-01	3.550842039764519620e-01
3.414688013681878801e+05	3.158580195112881683e-01	3.563081540074468090e-01
3.428156087537358981e+05	3.171038140544357731e-01	3.575363942579040666e-01
3.441673731031817733e+05	3.183541937809651334e-01	3.587689398764042359e-01
3.455241122293242952e+05	3.196091751676857773e-01	3.600058060653629766e-01
3.468858440084286267e+05	3.208687747501137166e-01	3.612470080812251738e-01
3.482525863804558758e+05	3.221330091226833336e-01	3.624925612346614479e-01
3.496243573492967989e+05	3.234018949389639852e-01	3.637424808907546159e-01
3.510011749829883920e+05	3.246754489118601206e-01	3.649967824691957019e-01
3.523830574139543460e+05	3.259536878138339366e-01	3.662554814444772822e-01
3.537700228392166900e+05	3.272366284771008327e-01	3.675185933460954901e-01
3.551620895206453861e+05	3.285242877938603923e-01	3.687861337587413080e-01
3.565592757851720671e+05	3.298166827164943915e-01	3.700581183224895265e-01
3.579616000250334619e+05	3.311138302577913972e-01	3.713345627330209564e-01
3.593690806980032357e+05	3.324157474911617616e-01	3.726154827417867965e-01
3.607817363276145770e+05	3.337224515508432354e-01	3.739008941562372290e-01
3.621995855034024571e+05	3.350339596321250668e-01	3.751908128400028297e-01
3.636226468811444356e+05	3.363502889915707117e-01	3.764852547131014582e-01
3.650509391830816166e+05	3.376714569472226146e-01	3.777842357521450367e-01
3.664844811981689418e+05	3.389974808788329685e-01	3.790877719905321741e-01
3.679232917822982417e+05	3.403283782280708269e-01	3.803958795186586084e-01
3.693673898585546413e+05	3.416641664987586924e-01	3.817085744841068884e-01
3.708167944174396689e+05	3.430048632570793510e-01	3.830258730918642551e-01
3.722715245171156712e+05	3.443504861318015808e-01	3.843477916045255349e-01
3.737315992836566293e+05	3.457010528145123551e-01	3.856743463424901486e-01
3.751970379112749943e+05	3.470565810598265633e-01	3.870055536841793820e-01
3.766678596625710488e+05	3.484170886856180482e-01	3.883414300662381691e-01
3.781440838687806972e+05	3.497825935732477576e-01	3.896819919837352653e-01
3.796257299300117884e+05	3.511531136677839560e-01	3.910272559903903988e-01
3.811128173154893448e+05	3.525286669782275450e-01	3.923772386987662286e-01
3.826053655638122582e+05	3.539092715777503728e-01	3.937319567804841713e-01
3.841033942831865861e+05	3.552949456039109499e-01	3.950914269664351774e-01
3.856069231516823056e+05	3.566857072588914268e-01	3.964556660469950033e-01
3.871159719174768543e+05	3.580815748097235796e-01	3.978246908722277153e-01
3.886305603991108364e+05	3.594825665885247878e-01	3.991985183521067904e-01
3.901507084857310401e+05	3.608887009927231881e-01	4.005771654567256701e-01
3.916764361373476568e+05	3.622999964852953725e-01	4.019606492165134770e-01
3.932077633850806742e+05	3.637164715949943727e-01	4.033489867224450132e-01
3.947447103314191918e+05	3.651381449165894133e-01	4.047421951262656359e-01
3.962872971504721208e+05	3.665650351110983363e-01	4.061402916407026997e-01
3.978355440882235416e+05	3.679971609060228022e-01	4.075432935396850476e-01
3.993894714627896901e+05	3.694345410955870990e-01	4.089512181585557293e-01
4.009490996646719868e+05	3.708771945409714554e-01	4.103640828942993757e-01
4.025144491570173996e+05	3.723251401705531816e-01	4.117819052057589135e-01
4.040855404758790974e+05	3.737783969801476980e-01	4.132047026138558343e-01
4.056623942304725060e+05	3.752369840332452355e-01	4.146324927018095741e-01
4.072450311034363694e+05	3.767009204612527529e-01	4.160652931153642209e-01
4.088334718510967796e+05	3.781702254637377414e-01	4.175031215630116144e-01
4.104277373037271318e+05	3.796449183086686996e-01	4.189459958162066733e-01
4.120278483658097102e+05	3.811250183326575502e-01	4.203939337096039841e-01
4.136338260163023951e+05	3.826105449412056658e-01	4.218469531412796236e-01
4.152456913089030422e+05	3.841015176089490057e-01	4.233050720729535921e-01
4.168634653723155498e+05	3.855979558799039197e-01	4.247683085302135786e-01
4.184871694105172064e+05	3.870998793677145611e-01	4.262366806027598209e-01
4.201168247030247585e+05	3.886073077558988009e-01	4.277102064446144380e-01
4.217524526051679859e+05	3.901202607981016368e-01	4.291889042743596283e-01
4.233940745483548380e+05	3.916387583183402743e-01	4.306727923753740916e-01
4.250417120403413428e+05	3.931628202112534831e-01	4.321618890960535753e-01
4.266953866655095480e+05	3.946924664423592244e-01	4.336562128500460744e-01
4.283551200851338799e+05	3.962277170483007871e-01	4.351557821164876438e-01
4.300209340376573382e+05	3.977685921371020283e-01	4.366606154402373208e-01
4.316928503389693215e+05	3.993151118884249451e-01	4.381707314321018898e-01
4.333708908826762345e+05	4.008672965538193633e-01	4.396861487690880144e-01
4.350550776403775089e+05	4.024251664569786224e-01	4.412068861946228382e-01
4.367454326619534404e+05	4.039887419940057511e-01	4.427329625187947926e-01
4.384419780758275301e+05	4.055580436336561068e-01	4.442643966185989002e-01
4.401447360892600846e+05	4.071330919176088803e-01	4.458012074381663137e-01
4.418537289886235376e+05	4.087139074607219480e-01	4.473434139890138939e-01
4.435689791396834771e+05	4.103005109512917747e-01	4.488910353502745809e-01
4.452905089878778090e+05	4.118929231513113187e-01	4.504440906689453072e-01
4.470183410586134414e+05	4.134911648967451447e-01	4.520025991601257509e-01
4.487524979575329344e+05	4.150952570977753386e-01	4.535665801072643610e-01
4.504930023708166555e+05	4.167052207390813390e-01	4.551360528623998314e-01
4.522398770654592663e+05	4.183210768800958435e-01	4.567110368464070147e-01
4.539931448895582580e+05	4.199428466552715400e-01	4.582915515492467229e-01
4.557528287726048147e+05	4.215705512743500027e-01	4.598776165302060348e-01
4.575189517257760162e+05	4.232042120226321424e-01	4.614692514181433225e-01
4.592915368422216852e+05	4.248438502612436052e-01	4.630664759117480433e-01
4.610706072973566479e+05	4.264894874274050007e-01	4.646693097797761629e-01
4.628561863491560798e+05	4.281411450347050174e-01	4.662777728613166639e-01
4.646482973384458455e+05	4.297988446733692625e-01	4.678918850660284678e-01
4.664469636892009294e+05	4.314626080105361527e-01	4.695116663744018370e-01
4.682522089088388020e+05	4.331324567905280865e-01	4.711371368380031788e-01
4.700640565885183169e+05	4.348084128351281663e-01	4.727683165797316733e-01
4.718825304034402361e+05	4.364904980438582549e-01	4.744052257940780115e-01
4.737076541131373961e+05	4.381787343942471491e-01	4.760478847473786357e-01
4.755394515617844299e+05	4.398731439421171840e-01	4.776963137780650959e-01
4.773779466784928227e+05	4.415737488218569595e-01	4.793505332969326127e-01
4.792231634776168503e+05	4.432805712467048909e-01	4.810105637873884898e-01
4.810751260590619640e+05	4.449936335090336481e-01	4.826764258057166801e-01
4.829338586085725692e+05	4.467129579806173312e-01	4.843481399813389099e-01
4.847993853980580461e+05	4.484385671129320627e-01	4.860257270170735833e-01
4.866717307858850108e+05	4.501704834374268271e-01	4.877092076893996264e-01
4.885509192171914619e+05	4.519087295658141823e-01	4.893986028487167239e-01
4.904369752241952228e+05	4.536533281903552539e-01	4.910939334196115502e-01
4.923299234265023842e+05	4.554043020841450629e-01	4.927952204011195603e-01
4.942297885314207524e+05	4.571616741014028484e-01	4.945024848669972162e-01
4.961365953342642752e+05	4.589254671777531769e-01	4.962157479659823345e-01
4.980503687186842435e+05	4.606957043305325850e-01	4.979350309220658688e-01
4.999711336569624254e+05	4.624724086590605854e-01	4.996603550347604172e-01
5.018989152103397064e+05	4.642556033449438679e-01	5.013917416793601811e-01
5.038337385293308180e+05	4.660453116523670669e-01	5.031292123072347300e-01
5.057756288540369133e+05	4.678415569283824182e-01	5.048727884460761928e-01
5.077246115144717041e+05	4.696443626032107965e-01	5.066224917001816985e-01
5.096807119308779947e+05	4.714537521905349804e-01	5.083783437507326530e-01
5.116439556140485802e+05	4.732697492877964707e-01	5.101403663560631907e-01
5.136143681656498229e+05	4.750923775764945844e-01	5.119085813519291817e-01
5.155919752785442397e+05	4.769216608224847165e-01	5.136830106517992212e-01
5.175768027371175704e+05	4.787576228762813746e-01	5.154636762471215272e-01
5.195688764176006080e+05	4.806002876733554419e-01	5.172506002076064924e-01
5.215682222883979557e+05	4.824496792344385443e-01	5.190438046815079032e-01
5.235748664104163181e+05	4.843058216658264747e-01	5.208433118958974983e-01
5.255888349373957608e+05	4.861687391596858365e-01	5.226491441569531826e-01
5.276101541162428912e+05	4.880384559943619638e-01	5.244613238502355834e-01
5.296388502873441903e+05	4.899149965346691893e-01	5.262798734409742663e-01
5.316749498849329539e+05	4.917983852322295735e-01	5.281048154743596124e-01
5.337184794373932527e+05	4.936886466257551787e-01	5.299361725758122699e-01
5.357694655676007969e+05	4.955858053413618181e-01	5.317739674512849124e-01
5.378279349932718324e+05	4.974898860928933519e-01	5.336182228875424594e-01
5.398939145272822352e+05	4.994009136822157857e-01	5.354689617524528433e-01
5.419674310780342203e+05	5.013189129995569981e-01	5.373262069952718933e-01
5.440485116497637937e+05	5.032439090237906809e-01	5.391899816469449824e-01
5.461371833429099061e+05	5.051759268227785649e-01	5.410603088203855826e-01
5.482334733544301707e+05	5.071149915536614650e-01	5.429372117107791329e-01
5.503374089781772345e+05	5.090611284632082789e-01	5.448207135958704761e-01
5.524490176052124007e+05	5.110143628881057554e-01	5.467108378362646182e-01
5.545683267241662834e+05	5.129747202552920049e-01	5.486076078757173846e-01
5.566953639215886360e+05	5.149422260822800190e-01	5.505110472414274092e-01
5.588301568822894478e+05	5.169169059774735286e-01	5.524211795443462192e-01
5.609727333897012286e+05	5.188987856405024024e-01	5.543380284794788837e-01
5.631231213262120727e+05	5.208878908625290682e-01	5.562616178261668987e-01
5.652813486735298065e+05	5.228842475265874645e-01	5.581919714484018247e-01
5.674474435130408965e+05	5.248878816079141085e-01	5.601291132951289331e-01
5.696214340261450270e+05	5.268988191742572935e-01	5.620730674005507410e-01
5.718033484946367098e+05	5.289170863862302507e-01	5.640238578844228856e-01
5.739932153010404436e+05	5.309427094976217898e-01	5.659815089523719811e-01
5.761910629289849894e+05	5.329757148557413560e-01	5.679460448961897168e-01
5.783969199635561090e+05	5.350161289017463240e-01	5.699174900941492705e-01
5.806108150916615268e+05	5.370639781709793947e-01	5.718958690113108423e-01
5.828327771023949608e+05	5.391192892933046599e-01	5.738812061998395109e-01
5.850628348873862997e+05	5.411820889934323420e-01	5.758735262993013304e-01
5.873010174411850749e+05	5.432524040912730667e-01	5.778728540369897360e-01
5.895473538616126170e+05	5.453302615022639355e-01	5.798792142282357398e-01
5.918018733501422685e+05	5.474156882377192446e-01	5.818926317767123546e-01
5.940646052122591063e+05	5.495087114051651067e-01	5.839131316747683265e-01
5.963355788578377105e+05	5.516093582086866176e-01	5.859407390037255636e-01
5.986148238014966482e+05	5.537176559492577033e-01	5.879754789342112042e-01
6.009023696629976621e+05	5.558336320251092699e-01	5.900173767264734748e-01
6.031982461676084204e+05	5.579573139320649355e-01	5.920664577306987697e-01
6.055024831464680610e+05	5.600887292638794257e-01	5.941227473873356146e-01
6.078151105369803263e+05	5.622279057126020607e-01	5.961862712274105247e-01
6.101361583831779426e+05	5.643748710689132642e-01	5.982570548728675108e-01
6.124656568361112149e+05	5.665296532224854964e-01	6.003351240368777209e-01
6.148036361542291706e+05	5.686922801623340851e-01	6.024205045241670664e-01
6.171501267037617508e+05	5.708627799771719413e-01	6.045132222313588377e-01
6.195051589590965305e+05	5.730411808557572817e-01	6.066133031472777937e-01
6.218687635031767422e+05	5.752275110872623332e-01	6.087207733532999931e-01
6.242409710278720595e+05	5.774217990616162810e-01	6.108356590236749817e-01
