1.000000000000000000e+06
1.094719547086650040e+06
1.210437364134057658e+06
1.341522995019412832e+06
1.488630077897324925e+06
1.653186930783547927e+06
1.837000496513386955e+06
2.042174135609813500e+06
2.271096152181648649e+06
2.526453110891267192e+06
2.811254906828021631e+06
3.128867214894672390e+06
3.483049839617521968e+06
3.878000610933195334e+06
4.318404971547895111e+06
4.809491661501891911e+06
5.357095069067533128e+06
5.967724942181280814e+06
6.648644266683659516e+06
7.407956228837637231e+06
8.254701296350939199e+06
9.198965578375078738e+06
1.025200176352007687e+07
1.142636408818338998e+07
1.273605895768385381e+07
1.419671303209813870e+07
1.582576079973609373e+07
1.764265389649568498e+07
1.966909469179759175e+07
2.192929695462046564e+07
2.445027673989592120e+07
2.726217700014177710e+07
3.039862983412568644e+07
3.389716073848568648e+07
3.779963973507811129e+07
4.215278481251196563e+07
4.700872375169116259e+07
5.242562110986886919e+07
5.846837792422991991e+07
6.520941257386964560e+07
7.272953221885196865e+07
8.111890532864007354e+07
9.047814703283835948e+07
1.009195303896045834e+08
1.125683381877989471e+08
1.255643715962629765e+08
1.400636338681837618e+08
1.562402094230977893e+08
1.742883609894246161e+08
1.944248701249509752e+08
2.168916493733361363e+08
2.419586575970202982e+08
2.699271536906568408e+08
3.011333279686015248e+08
3.359523550846631527e+08
3.748029174373837113e+08
4.181522537013307214e+08
4.665217934729813933e+08
5.204934461056995392e+08
5.807166197176725864e+08
6.479160551854178905e+08
7.229005697902280092e+08
8.065728161852326393e+08
8.999401746295801401e+08
1.004126910142398238e+09
1.120387741528543234e+09
1.250122986305926800e+09
1.394895464627271652e+09
1.556449366568297386e+09
1.736731310907219172e+09
1.937913850034815073e+09
2.162421705231124401e+09
2.412961049582830429e+09
2.692552192694315434e+09
3.004566062512320518e+09
3.352764925537608147e+09
3.741347837993570805e+09
4.175001377782971382e+09
4.658956270983558655e+09
5.199050597985458374e+09
5.801800344022806168e+09
6.474478147763511658e+09
7.225201200872827530e+09
8.063029362259087563e+09
8.998074674389057159e+09
1.004162360712181091e+10
1.120627350862861824e+10
1.250608491500934219e+10
1.395675156226893044e+10
1.557579015870693398e+10
1.738275221509956360e+10
1.939946049721562576e+10
2.165027296344662476e+10
2.416237738325808716e+10
2.696612020382513428e+10
3.009537364710112762e+10
3.358794548271604538e+10
3.748603643912680817e+10
4.183675079261125946e+10
4.669266631801231384e+10
