0.000000000000000000e+00
8.791119935108162463e+04
1.994094004884888418e+05
3.298614898542221636e+05
4.805077808835697360e+05
6.534698023168088403e+05
8.514746062959537376e+05
1.077868621355633717e+06
1.336690072700225282e+06
1.632776429353073705e+06
1.971905373000323772e+06
2.360973175048332196e+06
2.808217245036163367e+06
3.323492086174543947e+06
3.918610556722650304e+06
4.607765471411018632e+06
5.408050394290708005e+06
6.340103182102333754e+06
7.428901675328558311e+06
8.704748192767597735e+06
1.020448852272136137e+07
1.197302236432705075e+07
1.406517620985569432e+07
1.654802716334032267e+07
1.950378802393958718e+07
2.303339119878586382e+07
2.726094299116968364e+07
3.233926221022165567e+07
3.845676995798812807e+07
4.584606347832911462e+07
5.479458935686859488e+07
6.565793420907870680e+07
7.887637936152637005e+07
9.499552625792640448e+07
1.146919993204661012e+08
1.388054826476992369e+08
1.683786585682905018e+08
2.047070050952095985e+08
2.494008949651721716e+08
3.044630452089220285e+08
3.723851230514132977e+08
4.562682588074765205e+08
5.599733960394694805e+08
6.883088819115804434e+08
8.472645392419840097e+08
1.044303757152101517e+09
1.288728002975615501e+09
1.592131735971719265e+09
1.968970170374813557e+09
2.437267912380470276e+09
3.019503458721204281e+09
3.743713238002214432e+09
4.644869730052697182e+09
5.766601750212488174e+09
7.163341905210202217e+09
8.903007352248851776e+09
1.107034636833143234e+10
1.377111616779155922e+10
1.713729852186334801e+10
2.133361106941204453e+10
2.656563630279706573e+10
3.308997023882921600e+10
4.122689270182338715e+10
5.137618589807251740e+10
6.403688372186294556e+10
7.983192871015879822e+10
9.953895637976335144e+10
1.241287298529789886e+11
1.548131262078789673e+11
1.931050486089056702e+11
2.408932283705384216e+11
3.005356178822198486e+11
3.749759952367664795e+11
4.678895499797553711e+11
5.838646534720594482e+11
7.286298078991260986e+11
9.093370035751950684e+11
1.134915505511513184e+12
1.416513575376322510e+12
1.768049986440421631e+12
2.206902622212716309e+12
2.754768233093639648e+12
3.438735895207296387e+12
4.292627290762584961e+12
5.358670133167469727e+12
6.689587546099416992e+12
8.351206789658325195e+12
1.042571642722240430e+13
1.301573311554185156e+13
1.624937926590840625e+13
2.028662284864835547e+13
2.532719307225437500e+13
3.162046365310148828e+13
3.947779276113015625e+13
4.928793029960380469e+13
6.153625496938389844e+13
7.682879309180378125e+13
9.592220779818757812e+13
1.197612426485966875e+14
1.495254726387204688e+14
