0.000000000000000000e+00
3.706856885366723873e+03
7.427454558700672351e+03
1.116184395513590425e+04
1.491007619862479623e+04
1.867220260260778014e+04
2.244827467075735331e+04
2.623834409764944576e+04
3.004246276949311141e+04
3.386068276483030058e+04
3.769305635524529498e+04
4.153963600608776323e+04
4.540047437719674781e+04
4.927562432360788807e+04
5.316513889628252946e+04
5.706907134282705374e+04
6.098747510824096389e+04
6.492040383563516662e+04
6.886791136695933528e+04
7.283005174375767820e+04
7.680687920789886266e+04
8.079844820230128244e+04
8.480481337171676569e+04
8.882602956344932318e+04
9.286215182810556144e+04
9.691323542036325671e+04
1.009793357997301500e+05
1.050605086312876083e+05
1.091568097864573356e+05
1.132682953437678516e+05
1.173950215896221343e+05
1.215370450190729462e+05
1.256944223365974613e+05
1.298672104568597861e+05
1.340554665054925717e+05
1.382592478198942263e+05
1.424786119500054047e+05
1.467136166590978391e+05
1.509643199245566502e+05
1.552307799386824481e+05
1.595130551094831899e+05
1.638112040614916477e+05
1.681252856365400366e+05
1.724553588945728261e+05
1.768014831144753844e+05
1.811637177948695607e+05
1.855421226549281273e+05
1.899367576351833995e+05
1.943476828983770683e+05
1.987749588302518241e+05
2.032186460403990932e+05
2.076788053630758077e+05
2.121554978580491152e+05
2.166487848114254884e+05
2.211587277364805341e+05
2.256853883745193016e+05
2.302288286957042292e+05
2.347891108999329153e+05
2.393662974176555872e+05
2.439604509107312188e+05
2.485716342733134516e+05
2.531999106326929759e+05
2.578453433501601685e+05
2.625079960218907800e+05
2.671879324797752779e+05
2.718852167923455127e+05
2.765999132656117436e+05
2.813320864439576399e+05
2.860818011110366788e+05
2.908491222906280309e+05
2.956341152475576382e+05
3.004368454885827377e+05
3.052573787632647436e+05
3.100957810649112798e+05
3.149521186314455699e+05
3.198264579463198315e+05
3.247188657394479960e+05
3.296294089880899992e+05
3.345581549177865963e+05
3.395051710032664705e+05
3.444705249693871010e+05
3.494542847920411732e+05
3.544565186991107184e+05
3.594772951713807415e+05
3.645166829434880055e+05
3.695747510048565455e+05
3.746515686006455217e+05
3.797472052326917183e+05
3.848617306604757905e+05
3.899952149020575453e+05
3.951477282350431196e+05
4.003193411975565832e+05
4.055101245891856961e+05
4.107201494719795883e+05
4.159494871713723987e+05
4.211982092772282194e+05
4.264663876447624061e+05
4.317540943955478724e+05
4.370614019185109064e+05
4.423883828709074296e+05
4.477351101793251000e+05
4.531016570406784303e+05
4.584880969232141506e+05
4.638945035675223917e+05
4.693209509875234216e+05
4.747675134715070017e+05
4.802342655831365846e+05
4.857212821624705102e+05
4.912286383269869257e+05
4.967564094726219773e+05
5.023046712747942656e+05
5.078734996894265059e+05
5.134629709540142212e+05
5.190731615886408836e+05
5.247041483970573172e+05
5.303560084676917177e+05
5.360288191747460514e+05
5.417226581792288925e+05
5.474376034300283063e+05
5.531737331649779808e+05
5.589311259119347669e+05
5.647098604898352642e+05
5.705100160097938497e+05
5.763316718761788215e+05
5.821749077876941301e+05
5.880398037384802010e+05
5.939264400192080066e+05
5.998348972181612626e+05
6.057652562223661225e+05
6.117175982186752371e+05
6.176920046949002426e+05
6.236885574409076944e+05
6.297073385497475974e+05
6.357484304187896196e+05
6.418119157508178614e+05
6.478978775551957078e+05
6.540063991489941254e+05
6.601375641581241507e+05
6.662914565184754319e+05
6.724681604771036655e+05
6.786677605933293235e+05
6.848903417399262544e+05
6.911359891042921226e+05
6.974047881895955652e+05
7.036968248159540817e+05
7.100121851216091309e+05
7.163509555640956387e+05
7.227132229214350227e+05
7.290990742933347356e+05
7.355085971023563761e+05
7.419418790951471310e+05
7.483990083435787819e+05
7.548800732460198924e+05
7.613851625285272021e+05
7.679143652460344601e+05
7.744677707835896872e+05
7.810454688575763721e+05
7.876475495169640053e+05
7.942741031445085537e+05
8.009252204579880927e+05
8.076009925114810467e+05
8.143015106965641025e+05
8.210268667436235119e+05
8.277771527230418287e+05
8.345524610465297010e+05
8.413528844683335628e+05
8.481785160865231883e+05
8.550294493442655075e+05
8.619057780311312526e+05
8.688075962843310554e+05
8.757349985900484025e+05
8.826880797847015783e+05
8.896669350562442560e+05
8.966716599455098622e+05
9.037023503474625759e+05
9.107591025125372689e+05
9.178420130479671061e+05
9.249511789190839045e+05
9.320866974506613333e+05
9.392486663282380905e+05
9.464371835994536523e+05
9.536523476754119620e+05
9.608942573320094962e+05
9.681630117112814914e+05
9.754587103227649350e+05
9.827814530448862351e+05
9.901313401262881234e+05
9.975084721872201189e+05
1.004912950220925733e+06
1.012344875595013378e+06
1.019804350052847760e+06
1.027291475714938017e+06
1.034806355080343550e+06
1.042349091028054012e+06
1.049919786818449851e+06
1.057518546094670892e+06
1.065145472884031245e+06
1.072800671599472407e+06
1.080484247040984454e+06
1.088196304397029569e+06
1.095936949245985132e+06
1.103706287557600997e+06
1.111504425694428384e+06
1.119331470413306262e+06
1.127187528866781853e+06
1.135072708604630083e+06
1.142987117575285491e+06
1.150930864127321169e+06
1.158904057010957971e+06
1.166906805379536934e+06
1.174939218791002873e+06
1.183001407209436875e+06
1.191093481006520335e+06
1.199215550963066518e+06
1.207367728270562831e+06
1.215550124532637652e+06
1.223762851766634267e+06
1.232006022405128460e+06
1.240279749297465663e+06
1.248584145711292978e+06
1.256919325334151275e+06
1.265285402274990454e+06
1.273682491065730341e+06
1.282110706662876997e+06
1.290570164449041709e+06
1.299060980234545656e+06
1.307583270259007346e+06
1.316137151192924008e+06
1.324722740139283706e+06
1.333340154635143466e+06
1.341989512653260026e+06
1.350670932603701018e+06
1.359384533335454296e+06
1.368130434138076846e+06
1.376908754743305035e+06
1.385719615326715168e+06
1.394563136509345844e+06
1.403439439359367825e+06
1.412348645393720828e+06
1.421290876579805277e+06
1.430266255337129347e+06
1.439274904539002106e+06
1.448316947514195461e+06
1.457392508048651274e+06
1.466501710387167055e+06
1.475644679235094227e+06
1.484821539760038257e+06
1.494032417593604885e+06
1.503277438833089080e+06
1.512556730043212418e+06
1.521870418257854413e+06
1.531218630981777329e+06
1.540601496192407794e+06
1.550019142341545317e+06
1.559471698357152287e+06
1.568959293645111378e+06
1.578482058090989478e+06
1.588040122061816975e+06
1.597633616407883819e+06
1.607262672464526258e+06
1.616927422053915914e+06
1.626627997486866545e+06
1.636364531564650591e+06
1.646137157580819912e+06
1.655946009323028848e+06
1.665791221074854955e+06
1.675672927617646754e+06
1.685591264232377056e+06
1.695546366701480467e+06
1.705538371310714167e+06
1.715567414851034526e+06
1.725633634620452300e+06
1.735737168425933458e+06
1.745878154585269745e+06
1.756056731928975321e+06
1.766273039802188054e+06
1.776527218066582456e+06
1.786819407102281228e+06
1.797149747809775174e+06
1.807518381611844525e+06
1.817925450455513317e+06
1.828371096813990269e+06
1.838855463688590564e+06
1.849378694610729348e+06
1.859940933643874247e+06
1.870542325385497883e+06
1.881183014969094656e+06
1.891863148066135123e+06
1.902582870888082311e+06
1.913342330188384745e+06
1.924141673264478333e+06
1.934981047959805932e+06
1.945860602665860206e+06
1.956780486324186437e+06
1.967740848428438418e+06
1.978741839026418515e+06
1.989783608722148929e+06
2.000866308677898720e+06
2.011990090616286732e+06
2.023155106822346803e+06
2.034361510145604610e+06
2.045609454002182465e+06
2.056899092376890127e+06
2.068230579825337976e+06
2.079604071476057172e+06
2.091019723032618873e+06
2.102477690775751602e+06
2.113978131565504242e+06
2.125521202843383420e+06
2.137107062634505332e+06
2.148735869549766649e+06
2.160407782788008917e+06
2.172122962138206232e+06
2.183881567981644999e+06
2.195683761294111609e+06
2.207529703648118768e+06
2.219419557215109468e+06
2.231353484767661430e+06
2.243331649681726005e+06
2.255354215938876383e+06
2.267421348128540907e+06
2.279533211450247560e+06
2.291689971715902444e+06
2.303891795352054294e+06
2.316138849402168300e+06
2.328431301528902259e+06
2.340769320016445592e+06
2.353153073772768490e+06
2.365582732331980485e+06
2.378058465856596828e+06
2.390580445139931049e+06
2.403148841608390212e+06
2.415763827323838137e+06
2.428425574985940941e+06
2.441134257934537251e+06
2.453890050152039155e+06
2.466693126265745144e+06
2.479543661550296936e+06
2.492441831930046435e+06
2.505387813981484622e+06
2.518381784935628995e+06
2.531423922680465970e+06
2.544514405763400719e+06
2.557653413393688388e+06
2.570841125444874633e+06
2.584077722457289696e+06
2.597363385640474036e+06
2.610698296875709668e+06
2.624082638718470000e+06
2.637516594400942326e+06
2.651000347834529821e+06
2.664534083612374030e+06
2.678117987011881545e+06
2.691752243997222744e+06
2.705437041221962310e+06
2.719172566031506285e+06
2.732959006465769839e+06
2.746796551261686720e+06
2.760685389855799265e+06
2.774625712386882864e+06
2.788617709698529448e+06
2.802661573341746349e+06
2.816757495577614289e+06
2.830905669379868545e+06
2.845106288437607232e+06
2.859359547157870606e+06
2.873665640668367501e+06
2.888024764820094686e+06
2.902437116190054920e+06
2.916902892083914019e+06
2.931422290538749192e+06
2.945995510325715877e+06
2.960622750952791423e+06
2.975304212667511776e+06
2.990040096459670924e+06
3.004830604064127430e+06
3.019675937963533681e+06
3.034576301391116343e+06
3.049531898333463352e+06
3.064542933533319738e+06
3.079609612492359709e+06
3.094732141474040225e+06
3.109910727506402414e+06
3.125145578384898137e+06
3.140436902675275691e+06
3.155784909716380760e+06
3.171189809623063542e+06
3.186651813289047685e+06
3.202171132389772683e+06
3.217747979385363869e+06
3.233382567523485981e+06
3.249075110842308030e+06
3.264825824173378758e+06
3.280634923144606873e+06
3.296502624183204956e+06
3.312429144518664107e+06
3.328414702185685746e+06
3.344459516027206555e+06
3.360563805697391741e+06
3.376727791664621793e+06
3.392951695214528590e+06
3.409235738453016616e+06
3.425580144309303723e+06
3.441985136538974941e+06
3.458450939727054909e+06
3.474977779291062616e+06
3.491565881484092213e+06
3.508215473397951573e+06
3.524926782966234721e+06
3.541700038967455737e+06
3.558535471028178930e+06
3.575433309626145288e+06
3.592393786093468778e+06
3.609417132619768381e+06
3.626503582255352288e+06
3.643653368914408609e+06
3.660866727378220297e+06
3.678143893298378214e+06
3.695485103199992329e+06
3.712890594484926201e+06
3.730360605435068719e+06
3.747895375215590000e+06
3.765495143878210336e+06
3.783160152364479378e+06
3.800890642509094439e+06
3.818686857043170370e+06
3.836549039597631432e+06
3.854477434706482105e+06
3.872472287810189649e+06
3.890533845259023830e+06
3.908662354316446930e+06
3.926858063162487932e+06
3.945121220897144638e+06
3.963452077543803491e+06
3.981850884052629583e+06
4.000317892304052599e+06
4.018853355112163350e+06
4.037457526228210889e+06
4.056130660344043747e+06
4.074873013095652685e+06
4.093684841066620313e+06
4.112566401791617274e+06
4.131517953759994358e+06
4.150539756419269368e+06
4.169632070178707130e+06
4.188795156412860379e+06
4.208029277465158142e+06
4.227334696651520208e+06
4.246711678263918497e+06
4.266160487574030645e+06
4.285681390836840495e+06
4.305274655294320546e+06
4.324940549179065041e+06
4.344679341717954725e+06
4.364491303135879338e+06
4.384376704659400508e+06
4.404335818520476110e+06
4.424368917960193940e+06
4.444476277232503518e+06
4.464658171607980505e+06
4.484914877377578989e+06
4.505246671856435016e+06
4.525653833387646824e+06
4.546136641346090473e+06
4.566695376142252237e+06
4.587330319226046093e+06
4.608041753090685233e+06
4.628829961276553571e+06
4.649695228375070728e+06
4.670637840032596141e+06
4.691658082954342477e+06
4.712756244908291847e+06
4.733932614729152061e+06
4.755187482322287746e+06
4.776521138667709194e+06
4.797933875824041665e+06
4.819425986932547763e+06
4.840997766221093945e+06
4.862649509008217603e+06
4.884381511707175523e+06
4.906194071829965338e+06
4.928087487991439179e+06
4.950062059913360514e+06
4.972118088428510353e+06
4.994255875484818593e+06
5.016475724149511196e+06
5.038777938613216393e+06
5.061162824194166809e+06
5.083630687342363410e+06
5.106181835643772036e+06
5.128816577824527398e+06
5.151535223755184561e+06
5.174338084454943426e+06
5.197225472095882520e+06
5.220197700007288717e+06
5.243255082679903135e+06
5.266397935770235956e+06
5.289626576104891486e+06
5.312941321684906259e+06
5.336342491690112278e+06
5.359830406483479775e+06
5.383405387615510263e+06
5.407067757828682661e+06
5.430817841061797924e+06
5.454655962454475462e+06
5.478582448351575993e+06
5.502597626307658851e+06
5.526701825091505423e+06
5.550895374690574594e+06
5.575178606315569952e+06
5.599551852404908277e+06
5.624015446629320271e+06
5.648569723896439187e+06
5.673215020355300047e+06
5.697951673401040025e+06
5.722780021679446101e+06
5.747700405091600493e+06
5.772713164798604324e+06
5.797818643226156943e+06
5.823017184069277719e+06
5.848309132297008298e+06
5.873694834157183766e+06
5.899174637181090191e+06
5.924748890188272111e+06
5.950417943291307427e+06
5.976182147900572047e+06
6.002041856729096733e+06
6.027997423797343858e+06
6.054049204438080080e+06
6.080197555301267654e+06
6.106442834358896129e+06
6.132785400909904391e+06
6.159225615585112013e+06
6.185763840352122672e+06
6.212400438520343043e+06
6.239135774745880626e+06
6.265970215036613867e+06
6.292904126757089980e+06
6.319937878633669578e+06
6.347071840759532526e+06
6.374306384599738754e+06
6.401641882996295579e+06
6.429078710173296742e+06
6.456617241742036305e+06
6.484257854706131853e+06
6.512000927466707304e+06
6.539846839827564545e+06
6.567795973000385799e+06
6.595848709609947167e+06
6.624005433699357323e+06
6.652266530735335313e+06
6.680632387613443658e+06
6.709103392663427629e+06
6.737679935654520988e+06
6.766362407800762914e+06
6.795151201766367070e+06
6.824046711671110243e+06
6.853049333095690235e+06
6.882159463087203912e+06
6.911377500164505094e+06
6.940703844323720783e+06
6.970138897043702193e+06
6.999683061291539110e+06
7.029336741528032348e+06
7.059100343713294715e+06
7.088974275312244892e+06
7.118958945300231688e+06
7.149054764168618247e+06
7.179262143930396996e+06
7.209581498125833459e+06
7.240013241828134283e+06
7.270557791649114341e+06
7.301215565744903870e+06
7.331986983821700327e+06
7.362872467141462490e+06
7.393872438527727500e+06
7.424987322371374816e+06
7.456217544636430219e+06
7.487563532865915447e+06
7.519025716187695041e+06
7.550604525320351124e+06
7.582300392579073086e+06
7.614113751881571487e+06
7.646045038754057139e+06
7.678094690337149426e+06
7.710263145391883329e+06
7.742550844305733219e+06
7.774958229098608717e+06
7.807485743428943679e+06
7.840133832599736750e+06
7.872902943564660847e+06
7.905793524934194982e+06
7.938806026981741190e+06
7.971940901649808511e+06
8.005198602556176484e+06
8.038579585000142455e+06
8.072084305968727916e+06
8.105713224142925814e+06
8.139466799904011190e+06
8.173345495339801535e+06
8.207349774251041934e+06
8.241480102157689631e+06
8.275736946305342019e+06
8.310120775671599433e+06
8.344632060972480103e+06
8.379271274668913335e+06
8.414038890973143280e+06
8.448935385855248198e+06
8.483961237049678341e+06
8.519116924061769620e+06
8.554402928174328059e+06
8.589819732454184443e+06
8.625367821758851409e+06
8.661047682743117213e+06
8.696859803865738213e+06
8.732804675396122038e+06
8.768882789421029389e+06
8.805094639851326123e+06
8.841440722428716719e+06
8.877921534732570872e+06
8.914537576186694205e+06
8.951289348066201434e+06
8.988177353504342958e+06
9.025202097499432042e+06
9.062364086921729147e+06
9.099663830520395190e+06
9.137101838930439204e+06
9.174678624679725617e+06
9.212394702196002007e+06
9.250250587813908234e+06
9.288246799782076851e+06
9.326383858270185068e+06
9.364662285376135260e+06
9.403082605133160949e+06
9.441645343517014757e+06
9.480351028453178704e+06
9.519200189824052155e+06
9.558193359476232901e+06
9.597331071227835491e+06
9.636613860875708982e+06
9.676042266202870756e+06
9.715616826985802501e+06
9.755338085001852363e+06
9.795206584036676213e+06
9.835222869891654700e+06
9.875387490391377360e+06
9.915700995391147211e+06
9.956163936784503981e+06
9.996776868510760367e+06
1.003754034656262025e+07
1.007845492899376899e+07
1.011952117592652142e+07
1.016073964955947176e+07
1.020211091417521611e+07
1.024363553614804521e+07
1.028531408395175263e+07
1.032714712816735916e+07
1.036913524149094708e+07
1.041127899874151871e+07
1.045357897686882690e+07
1.049603575496130437e+07
1.053864991425398365e+07
1.058142203813645616e+07
1.062435271216084622e+07
1.066744252404984273e+07
1.071069206370472722e+07
1.075410192321345955e+07
1.079767269685880281e+07
1.084140498112643138e+07
1.088529937471312284e+07
1.092935647853490338e+07
1.097357689573533274e+07
1.101796123169374280e+07
1.106251009403349645e+07
1.110722409263035655e+07
1.115210383962077834e+07
1.119714994941034354e+07
1.124236303868214414e+07
1.128774372640521638e+07
1.133329263384304196e+07
1.137901038456202112e+07
1.142489760444004647e+07
1.147095492167502083e+07
1.151718296679350547e+07
1.156358237265933678e+07
1.161015377448227629e+07
1.165689780982673168e+07
1.170381511862045340e+07
1.175090634316331893e+07
1.179817212813612074e+07
1.184561312060938589e+07
1.189322997005225345e+07
1.194102332834133506e+07
1.198899384976966493e+07
1.203714219105564430e+07
1.208546901135204360e+07
1.213397497225500457e+07
1.218266073781312443e+07
1.223152697453651950e+07
1.228057435140596516e+07
1.232980353988208249e+07
1.237921521391445026e+07
1.242881004995092750e+07
1.247858872694684193e+07
1.252855192637432739e+07
1.257870033223161288e+07
1.262903463105245307e+07
1.267955551191543601e+07
1.273026366645351984e+07
1.278115978886339813e+07
1.283224457591506280e+07
1.288351872696133889e+07
1.293498294394747540e+07
1.298663793142068759e+07
1.303848439653987251e+07
1.309052304908527620e+07
1.314275460146816075e+07
1.319517976874063909e+07
1.324779926860538498e+07
1.330061382142551988e+07
1.335362415023441985e+07
1.340683098074565455e+07
1.346023504136290774e+07
1.351383706318997405e+07
1.356763778004072793e+07
1.362163792844917625e+07
1.367583824767955393e+07
1.373023947973645851e+07
1.378484236937499605e+07
1.383964766411095113e+07
1.389465611423104443e+07
1.394986847280322574e+07
1.400528549568693154e+07
1.406090794154347852e+07
1.411673657184643485e+07
1.417277215089202486e+07
1.422901544580962695e+07
1.428546722657226026e+07
1.434212826600708812e+07
1.439899933980608545e+07
1.445608122653657012e+07
1.451337470765191317e+07
1.457088056750222109e+07
1.462859959334504977e+07
1.468653257535625063e+07
1.474468030664070509e+07
1.480304358324324712e+07
1.486162320415950380e+07
1.492041997134689428e+07
1.497943468973558024e+07
1.503866816723946109e+07
1.509812121476726979e+07
1.515779464623366296e+07
1.521768927857035771e+07
1.527780593173732609e+07
1.533814542873400450e+07
1.539870859561059438e+07
1.545949626147932932e+07
1.552050925852582976e+07
1.558174842202052474e+07
1.564321459033007920e+07
1.570490860492884554e+07
1.576683131041040830e+07
1.582898355449916422e+07
1.589136618806185573e+07
1.595398006511928141e+07
1.601682604285800084e+07
1.607990498164201900e+07
1.614321774502457678e+07
1.620676519976003841e+07
1.627054821581560746e+07
1.633456766638341919e+07
1.639882442789237574e+07
1.646331938002015650e+07
1.652805340570529550e+07
1.659302739115926996e+07
1.665824222587859258e+07
1.672369880265701935e+07
1.678939801759778336e+07
1.685534077012580633e+07
1.692152796300006285e+07
1.698796050232595578e+07
1.705463929756765440e+07
1.712156526156061515e+07
1.718873931052400544e+07
1.725616236407332122e+07
1.732383534523290768e+07
1.739175918044866994e+07
1.745993479960068315e+07
1.752836313601595536e+07
1.759704512648122385e+07
1.766598171125575528e+07
1.773517383408422396e+07
1.780462244220959768e+07
1.787432848638618737e+07
1.794429292089257017e+07
1.801451670354473963e+07
1.808500079570914060e+07
1.815574616231589019e+07
1.822675377187196538e+07
1.829802459647443518e+07
1.836955961182379723e+07
1.844135979723736271e+07
1.851342613566260040e+07
1.858575961369062215e+07
1.865836122156970575e+07
1.873123195321884751e+07
1.880437280624134466e+07
1.887778478193848208e+07
1.895146888532321155e+07
1.902542612513390183e+07
1.909965751384821907e+07
1.917416406769689173e+07
1.924894680667770281e+07
1.932400675456941128e+07
1.939934493894577026e+07
1.947496239118961617e+07
1.955086014650696889e+07
1.962703924394119903e+07
1.970350072638727352e+07
1.978024564060602710e+07
1.985727503723846003e+07
1.993458997082019225e+07
2.001219149979579449e+07
2.009008068653341383e+07
2.016825859733916819e+07
2.024672630247187242e+07
2.032548487615763396e+07
2.040453539660453424e+07
2.048387894601745903e+07
2.056351661061283201e+07
2.064344948063352704e+07
2.072367865036383271e+07
2.080420521814436093e+07
2.088503028638713434e+07
2.096615496159064025e+07
2.104758035435497761e+07
2.112930757939714193e+07
2.121133775556616485e+07
2.129367200585852191e+07
2.137631145743348822e+07
2.145925724162852392e+07
2.154251049397481978e+07
2.162607235421279073e+07
2.170994396630773693e+07
2.179412647846547142e+07
2.187862104314802960e+07
2.196342881708944589e+07
2.204855096131163836e+07
2.213398864114023000e+07
2.221974302622056752e+07
2.230581529053369910e+07
2.239220661241242290e+07
2.247891817455751076e+07
2.256595116405376419e+07
2.265330677238639072e+07
2.274098619545723498e+07
2.282899063360119611e+07
2.291732129160263017e+07
2.300597937871186808e+07
2.309496610866174847e+07
2.318428269968424737e+07
2.327393037452715263e+07
2.336391036047080904e+07
2.345422388934490830e+07
2.354487219754535332e+07
2.363585652605118603e+07
2.372717812044161186e+07
2.381883823091298342e+07
2.391083811229597032e+07
2.400317902407271042e+07
2.409586223039406165e+07
2.418888900009693950e+07
2.428226060672160983e+07
2.437597832852919027e+07
2.447004344851914048e+07
2.456445725444680825e+07
2.465922103884103894e+07
2.475433609902193770e+07
2.484980373711856455e+07
2.494562526008680090e+07
2.504180197972721606e+07
2.513833521270303801e+07
2.523522628055819497e+07
2.533247650973534584e+07
2.543008723159413412e+07
2.552805978242933005e+07
2.562639550348917022e+07
2.572509574099368230e+07
2.582416184615317732e+07
2.592359517518669367e+07
2.602339708934056386e+07
2.612356895490709320e+07
2.622411214324322715e+07
2.632502803078932688e+07
2.642631799908802286e+07
2.652798343480311334e+07
2.663002572973857075e+07
2.673244628085760772e+07
2.683524649030176550e+07
2.693842776541015133e+07
2.704199151873857528e+07
2.714593916807912290e+07
2.725027213647934422e+07
2.735499185226183385e+07
2.746009974904381484e+07
2.756559726575672254e+07
2.767148584666577727e+07
2.777776694139004499e+07
2.788444200492211431e+07
2.799151249764790013e+07
2.809897988536689430e+07
2.820684563931201026e+07
2.831511123616984859e+07
2.842377815810083598e+07
2.853284789275958017e+07
2.864232193331526220e+07
2.875220177847191691e+07
2.886248893248915300e+07
2.897318490520261973e+07
2.908429121204472333e+07
2.919580937406537309e+07
2.930774091795274243e+07
2.942008737605423853e+07
2.953285028639752418e+07
2.964603119271140173e+07
2.975963164444713295e+07
2.987365319679961354e+07
2.998809741072847694e+07
3.010296585297974944e+07
3.021826009610708803e+07
3.033398171849339828e+07
3.045013230437244847e+07
3.056671344385048002e+07
3.068372673292810470e+07
3.080117377352201939e+07
3.091905617348702997e+07
3.103737554663800076e+07
3.115613351277202368e+07
3.127533169769051298e+07
3.139497173322144151e+07
3.151505525724187866e+07
3.163558391370013729e+07
3.175655935263848305e+07
3.187798323021563143e+07
3.199985720872940496e+07
3.212218295663958043e+07
3.224496214859066159e+07
3.236819646543479338e+07
3.249188759425478056e+07
3.261603722838733345e+07
3.274064706744600087e+07
3.286571881734455377e+07
3.299125419032042474e+07
3.311725490495789796e+07
3.324372268621201068e+07
3.337065926543184370e+07
3.349806638038436323e+07
3.362594577527822554e+07
3.375429920078750700e+07
3.388312841407589614e+07
3.401243517882061005e+07
3.414222126523653418e+07
3.427248845010054111e+07
3.440323851677568257e+07
3.453447325523571670e+07
3.466619446208967268e+07
3.479840394060616195e+07
3.493110350073840469e+07
3.506429495914880931e+07
3.519798013923387229e+07
3.533216087114921212e+07
3.546683899183452874e+07
3.560201634503881633e+07
3.573769478134559095e+07
3.587387615819816291e+07
3.601056233992517740e+07
3.614775519776608795e+07
3.628545660989668965e+07
3.642366846145496517e+07
3.656239264456684887e+07
3.670163105837205797e+07
3.684138560905018449e+07
3.698165820984674990e+07
3.712245078109942377e+07
3.726376525026424229e+07
3.740560355194209516e+07
3.754796762790514529e+07
3.769085942712339014e+07
3.783428090579141676e+07
3.797823402735514939e+07
3.812272076253876090e+07
3.826774308937150985e+07
3.841330299321497977e+07
3.855940246679027379e+07
3.870604351020515710e+07
3.885322813098146021e+07
3.900095834408273548e+07
3.914923617194161564e+07
3.929806364448763430e+07
