0.000000000000000000e+00
7.427454558695317246e+03
1.491007619861385319e+04
2.244827467074058950e+04
3.004246276947110891e+04
3.769305635521770455e+04
4.540047437716391869e+04
5.316513889624457806e+04
6.098747510819765739e+04
6.886791136691183783e+04
7.680687920784670860e+04
8.480481337165948935e+04
9.286215182804386131e+04
1.009793357996640261e+05
1.091568097863860894e+05
1.173950215895476285e+05
1.256944223365185317e+05
1.340554665054096840e+05
1.424786119499183260e+05
1.509643199244663119e+05
1.595130551093893591e+05
1.681252856364427134e+05
1.768014831143750343e+05
1.855421226548235863e+05
1.943476828982695006e+05
2.032186460402882658e+05
2.121554978579350282e+05
2.211587277363631874e+05
2.302288286955843214e+05
2.393662974175331183e+05
2.485716342731886543e+05
2.578453433500328101e+05
2.671879324796458241e+05
2.765999132654797286e+05
2.860818011109018698e+05
2.956341152474209666e+05
3.052573787631259765e+05
3.149521186313040089e+05
3.247188657393043395e+05
3.345581549176410772e+05
3.444705249692390207e+05
3.544565186989610083e+05
3.645166829433364328e+05
3.746515686004916206e+05
3.848617306603200268e+05
3.951477282348859590e+05
4.055101245890269056e+05
4.159494871712117456e+05
4.264663876445996575e+05
4.370614019183460623e+05
4.477351101791583933e+05
4.584880969230460469e+05
4.693209509873529896e+05
4.802342655829640571e+05
4.912286383268130012e+05
5.023046712746198755e+05
5.134629709538384341e+05
5.247041483968799002e+05
5.360288191745667718e+05
5.474376034298476297e+05
5.589311259117533918e+05
5.705100160096124746e+05
5.821749077875108924e+05
5.939264400190231390e+05
6.057652562221800908e+05
6.176920046947132796e+05
6.297073385495587718e+05
6.418119157506269403e+05
6.540063991488029715e+05
6.662914565182826482e+05
6.786677605931349099e+05
6.911359891040951479e+05
7.036968248157557100e+05
7.163509555638970342e+05
7.290990742931351997e+05
7.419418790949464310e+05
7.548800732458182611e+05
7.679143652458309662e+05
7.810454688573719468e+05
7.942741031443004031e+05
8.076009925112724304e+05
8.210268667434144299e+05
8.345524610463203862e+05
8.481785160863124765e+05
8.619057780309200753e+05
8.757349985898360610e+05
8.896669350560302846e+05
9.037023503472479060e+05
9.178420130477503408e+05
9.320866974504420068e+05
9.464371835992340930e+05
9.608942573317876086e+05
9.754587103225393221e+05
9.901313401260620449e+05
1.004912950220698025e+06
1.019804350052619353e+06
1.034806355080112116e+06
1.049919786818217719e+06
1.065145472883798648e+06
1.080484247040750692e+06
1.095936949245749973e+06
1.111504425694191363e+06
1.127187528866541572e+06
1.142987117575045209e+06
1.158904057010715827e+06
1.174939218790757470e+06
1.191093481006270740e+06
1.207367728270310909e+06
1.223762851766379550e+06
1.240279749297207221e+06
1.256919325333891902e+06
1.273682491065468173e+06
1.290570164448778611e+06
1.307583270258739591e+06
1.324722740139010828e+06
1.341989512652982026e+06
1.359384533335172571e+06
1.376908754743020516e+06
1.394563136509058066e+06
1.412348645393429324e+06
1.430266255336834118e+06
1.448316947513897438e+06
1.466501710386866704e+06
1.484821539759730920e+06
1.503277438832780346e+06
1.521870418257542420e+06
1.540601496192092076e+06
1.559471698356832378e+06
1.578482058090666309e+06
1.597633616407557856e+06
1.616927422053587157e+06
1.636364531564318575e+06
1.655946009322694968e+06
1.675672927617307287e+06
1.695546366701135878e+06
1.715567414850688074e+06
1.735737168425584212e+06
1.756056731928619090e+06
1.776527218066221569e+06
1.797149747809408233e+06
1.817925450455142651e+06
1.838855463688213844e+06
1.859940933643491007e+06
1.881183014968702104e+06
1.902582870887686498e+06
1.924141673264077399e+06
1.945860602665454149e+06
1.967740848428023048e+06
1.989783608721724711e+06
2.011990090615854133e+06
2.034361510145166889e+06
2.056899092376444489e+06
2.079604071475602221e+06
2.102477690775286406e+06
2.125521202842908911e+06
2.148735869549284689e+06
2.172122962137718219e+06
2.195683761293613352e+06
2.219419557214604225e+06
2.243331649681211915e+06
2.267421348128019366e+06
2.291689971715373453e+06
2.316138849401629530e+06
2.340769320015894249e+06
2.365582732331421692e+06
2.390580445139361545e+06
2.415763827323260251e+06
2.441134257933945861e+06
2.466693126265143510e+06
2.492441831929436885e+06
2.518381784935010597e+06
2.544514405762769748e+06
2.570841125444236211e+06
2.597363385639823508e+06
2.624082638717812020e+06
2.651000347833858803e+06
2.678117987011195160e+06
2.705437041221264284e+06
2.732959006465058774e+06
2.760685389855072368e+06
2.788617709697794169e+06
2.816757495576863643e+06
2.845106288436842617e+06
2.873665640667589847e+06
2.902437116189261898e+06
2.931422290537943598e+06
2.960622750951971859e+06
2.990040096458831336e+06
3.019675937962678727e+06
3.049531898332591634e+06
3.079609612491472159e+06
3.109910727505500428e+06
3.140436902674360201e+06
3.171189809622131288e+06
3.202171132388823666e+06
3.233382567522518337e+06
3.264825824172392488e+06
3.296502624182201922e+06
3.328414702184660360e+06
3.360563805696344934e+06
3.392951695213465951e+06
3.425580144308219664e+06
3.458450939725953154e+06
3.491565881482969038e+06
3.524926782965089194e+06
3.558535471027008258e+06
3.592393786092280410e+06
3.626503582254137844e+06
3.660866727376984432e+06
3.695485103198732249e+06
3.730360605433784425e+06
3.765495143876906484e+06
3.800890642507765442e+06
3.836549039596281946e+06
3.872472287808814086e+06
3.908662354315047152e+06
3.945121220895713195e+06
3.981850884051168337e+06
4.018853355110673234e+06
4.056130660342526622e+06
4.093684841065075248e+06
4.131517953758423217e+06
4.169632070177112706e+06
4.208029277463529259e+06
4.246711678262259811e+06
4.285681390835149214e+06
4.324940549177341163e+06
4.364491303134124726e+06
4.404335818518687971e+06
4.444476277230684645e+06
4.484914877375724725e+06
4.525653833385763690e+06
4.566695376140332781e+06
4.608041753088732250e+06
4.649695228373081423e+06
4.691658082952320576e+06
4.733932614727094769e+06
4.776521138665615581e+06
4.819425986930415966e+06
4.862649509006054141e+06
4.906194071827761829e+06
4.950062059911120683e+06
4.994255875482548028e+06
5.038777938610905781e+06
5.083630687340008095e+06
5.128816577822125517e+06
5.174338084452496842e+06
5.220197700004797429e+06
5.266397935767701827e+06
5.312941321682326496e+06
5.359830406480847858e+06
5.407067757826002315e+06
5.454655962451743893e+06
5.502597626304873265e+06
5.550895374687747099e+06
5.599551852402033284e+06
5.648569723893505521e+06
5.697951673398053274e+06
5.747700405088565312e+06
5.797818643223070540e+06
5.848309132293865085e+06
5.899174637177883647e+06
5.950417943288050592e+06
6.002041856725777499e+06
6.054049204434699379e+06
6.106442834355452098e+06
6.159225615581596270e+06
6.212400438516772352e+06
6.265970215032972395e+06
6.319937878629965708e+06
6.374306384595975280e+06
6.429078710169459693e+06
6.484257854702231474e+06
6.539846839823598973e+06
6.595848709605918266e+06
6.652266530731242150e+06
6.709103392659277655e+06
6.766362407796543092e+06
6.824046711666812189e+06
6.882159463082836941e+06
6.940703844319279306e+06
6.999683061287018470e+06
7.059100343708692119e+06
7.118958945295556448e+06
7.179262143925653771e+06
7.240013241823318414e+06
7.301215565740012564e+06
7.362872467136486433e+06
7.424987322366319597e+06
7.487563532860783860e+06
7.550604525315139443e+06
7.614113751876287162e+06
7.678094690331781283e+06
7.742550844300270081e+06
7.807485743423392996e+06
7.872902943559026346e+06
7.938806026976015419e+06
8.005198602550363168e+06
8.072084305962827057e+06
8.139466799898013473e+06
8.207349774244951084e+06
8.275736946299158037e+06
8.344632060966199264e+06
8.414038890966754407e+06
8.483961237043190747e+06
8.554402928167747334e+06
8.625367821752171963e+06
8.696859803858958185e+06
8.768882789414143190e+06
8.841440722421729937e+06
8.914537576179601252e+06
8.988177353497127071e+06
9.062364086914403364e+06
9.137101838922997937e+06
9.212394702188460156e+06
9.288246799774412066e+06
9.364662285368347540e+06
9.441645343509124592e+06
9.519200189816037193e+06
9.597331071219695732e+06
9.676042266194626689e+06
9.755338084993477911e+06
9.835222869883138686e+06
9.915700995382515714e+06
9.996776868502011523e+06
1.007845492898490280e+07
1.016073964955047518e+07
1.024363553613891453e+07
1.032714712815809436e+07
1.041127899873210862e+07
1.049603575495176390e+07
1.058142203812678158e+07
1.066744252404002100e+07
1.075410192320349626e+07
1.084140498111633584e+07
1.092935647852466255e+07
1.101796123168335855e+07
1.110722409261982143e+07
1.119714994939965941e+07
1.128774372639437579e+07
1.137901038455102965e+07
1.147095492166386358e+07
1.156358237264802121e+07
1.165689780981524289e+07
1.175090634315166250e+07
1.184561312059757300e+07
1.194102332832934894e+07
1.203714219104348868e+07
1.213397497224267013e+07
1.223152697452401742e+07
1.232980353986940905e+07
1.242881004993807152e+07
1.252855192636127956e+07
1.262903463103923202e+07
1.273026366644011810e+07
1.283224457590144686e+07
1.293498294393365458e+07
1.303848439652588032e+07
1.314275460145396739e+07
1.324779926859098487e+07
1.335362415021978877e+07
1.346023504134808667e+07
1.356763778002569452e+07
1.367583824766429514e+07
1.378484236935953796e+07
1.389465611421536095e+07
1.400528549567102268e+07
1.411673657183030061e+07
1.422901544579326548e+07
1.434212826599048637e+07
1.445608122651972808e+07
1.457088056748514250e+07
1.468653257533894479e+07
1.480304358322569728e+07
1.492041997132910229e+07
1.503866816722143628e+07
1.515779464621540345e+07
1.527780593171881512e+07
1.539870859559183009e+07
1.552050925850680843e+07
1.564321459031077661e+07
1.576683131039084494e+07
1.589136618804198131e+07
1.601682604283785075e+07
1.614321774500416592e+07
1.627054821579490975e+07
1.639882442787139490e+07
1.652805340568403155e+07
1.665824222585704178e+07
1.678939801757592335e+07
1.692152796297791228e+07
1.705463929754522815e+07
1.718873931050128117e+07
1.732383534520987794e+07
1.745993479957729951e+07
1.759704512645753846e+07
1.773517383406020701e+07
1.787432848636184260e+07
1.801451670352006704e+07
1.815574616229091212e+07
1.829802459644909203e+07
1.844135979721166939e+07
1.858575961366457492e+07
1.873123195319247991e+07
1.887778478191177174e+07
1.902542612510684133e+07
1.917416406766945124e+07
1.932400675454159826e+07
1.947496239116144180e+07
1.962703924391264841e+07
1.978024564057710767e+07
1.993458997079088911e+07
2.009008068650370836e+07
2.024672630244179070e+07
2.040453539657406509e+07
2.056351661058195680e+07
2.072367865033257753e+07
2.088503028635548428e+07
2.104758035432291403e+07
2.121133775553367287e+07
2.137631145740057155e+07
2.154251049394146353e+07
2.170994396627394482e+07
2.187862104311380535e+07
2.204855096127698198e+07
2.221974302618544549e+07
2.239220661237686127e+07
2.256595116401771829e+07
2.274098619542070851e+07
2.291732129156563431e+07
2.309496610862424970e+07
2.327393037448917702e+07
2.345422388930647820e+07
2.363585652601226419e+07
2.381883823087354004e+07
2.400317902403276786e+07
2.418888900005647540e+07
2.437597832848821953e+07
2.456445725440529361e+07
2.475433609897989780e+07
2.494562526004423574e+07
2.513833521265995130e+07
2.533247650969171897e+07
2.552805978238511086e+07
2.572509574094889686e+07
2.592359517514137924e+07
2.612356895486119762e+07
2.632502803074281663e+07
2.652798343475599214e+07
2.673244628080992773e+07
2.693842776536187902e+07
2.714593916803025454e+07
2.735499185221234336e+07
2.756559726570659131e+07
2.777776694133932143e+07
2.799151249759659544e+07
2.820684563926005736e+07
2.842377815804820135e+07
2.864232193326200917e+07
2.886248893243530020e+07
2.908429121199025214e+07
2.930774091789758205e+07
2.953285028634170815e+07
2.975963164439065382e+07
2.998809741067124531e+07
3.021826009604917839e+07
3.045013230431382358e+07
3.068372673286877573e+07
3.091905617342697829e+07
3.115613351271119714e+07
3.139497173315991461e+07
3.163558391363784671e+07
3.187798323015255481e+07
3.212218295657572523e+07
3.236819646537017077e+07
3.261603722832197696e+07
3.286571881727840751e+07
3.311725490489093214e+07
3.337065926536404341e+07
3.362594577520959824e+07
3.388312841400642693e+07
3.414222126516626775e+07
3.440323851670455933e+07
3.466619446201766282e+07
3.493110350066553056e+07
3.519798013916008174e+07
3.546683899175985157e+07
3.573769478126999736e+07
3.601056233984870464e+07
3.628545660981927812e+07
3.656239264448849857e+07
3.684138560897087306e+07
3.712245078101918101e+07
3.740560355186086148e+07
3.769085942704122514e+07
3.797823402727200091e+07
3.826774308928733319e+07
3.855940246670512110e+07
3.885322813089531660e+07
3.914923617185438424e+07
