1.000000000000000000e+06
1.004578239224376157e+06
1.009783430459146737e+06
1.015382471893032314e+06
1.021255295533114811e+06
1.027334732351721497e+06
1.033580278572064824e+06
1.039965884389824467e+06
1.046473880189209711e+06
1.053091754008357180e+06
1.059810335740529466e+06
1.066622717059009243e+06
1.073523577675465494e+06
1.080508747396952938e+06
1.087574911181676202e+06
1.094719404342479305e+06
1.101940066542055225e+06
1.109235135285937227e+06
1.116603166651985608e+06
1.124042975238186074e+06
1.131553587949887849e+06
1.139134207936090417e+06
1.146784186090192525e+06
1.154502998272454599e+06
1.162290226917697117e+06
1.170145546045058873e+06
1.178068708935920382e+06
1.186059537925761892e+06
1.194117915886217728e+06
1.202243779070293065e+06
1.210437111065279925e+06
1.218697937652815133e+06
1.227026322416462470e+06
1.235422362969367066e+06
1.243886187699350528e+06
1.252417952948042192e+06
1.261017840556074865e+06
1.269686055718470132e+06
1.278422825104190269e+06
1.287228395201588981e+06
1.296103030857765116e+06
1.305047013985225465e+06
1.314060642413291615e+06
1.323144228865233017e+06
1.332298100045047468e+06
1.341522595820147544e+06
1.350818068488180172e+06
1.360184882117964095e+06
1.369623411955834134e+06
1.379134043889942113e+06
1.388717173966051079e+06
1.398373207949120784e+06
1.408102560925874859e+06
1.417905656943943119e+06
1.427782928683956852e+06
1.437734817161208019e+06
1.447761771453952417e+06
1.457864248455842026e+06
1.468042712650164729e+06
1.478297635903903050e+06
1.488629497279784642e+06
1.499038782864740118e+06
1.509525985613322351e+06
1.520091605204812018e+06
1.530736147912841989e+06
1.541460126486526104e+06
1.552264060042143567e+06
1.563148473964538192e+06
1.574113899817435304e+06
1.585160875262092566e+06
1.596289943983527599e+06
1.607501655623781262e+06
1.618796565721841296e+06
1.630175235659505473e+06
1.641638232612922555e+06
1.653186129509476246e+06
1.664819504989393055e+06
1.676538943372056587e+06
1.688345034626414767e+06
1.700238374345519813e+06
1.712219563724649139e+06
1.724289209542966448e+06
1.736447924148465972e+06
1.748696325445948867e+06
1.761035036887789611e+06
1.773464687467579730e+06
1.785985911716182483e+06
1.798599349700249964e+06
1.811305647022954188e+06
1.824105454826917965e+06
1.836999429799104109e+06
1.849988234177674167e+06
1.863072535760631552e+06
1.876253007916196715e+06
1.889530329594770214e+06
1.902905185342550278e+06
1.916378265316525940e+06
1.929950265300903004e+06
1.943621886724974494e+06
1.957393836682081688e+06
1.971266827949996106e+06
1.985241579012337374e+06
1.999318814081180841e+06
2.013499263120759744e+06
2.027783661872135708e+06
2.042172751878954004e+06
2.056667280514084036e+06
2.071268001007186016e+06
2.085975672473249957e+06
2.100791059941919986e+06
2.115714934387648012e+06
2.130748072760729585e+06
2.145891258019033819e+06
2.161145279160547536e+06
2.176510931256657932e+06
2.191989015486110467e+06
2.207580339169699233e+06
2.223285715805638116e+06
2.239105965105602983e+06
2.255041913031381089e+06
2.271094391832182650e+06
2.287264240082617383e+06
2.303552302721202839e+06
2.319959431089496706e+06
2.336486482971853111e+06
2.353134322635730729e+06
2.369903820872533601e+06
2.386795855039061978e+06
2.403811309099499136e+06
2.420951073667916004e+06
2.438216046051378828e+06
2.455607130293473601e+06
2.473125237218466587e+06
2.490771284475920256e+06
2.508546196585855912e+06
2.526450904984403867e+06
2.544486348069943953e+06
2.562653471249803901e+06
2.580953226987381931e+06
2.599386574849836063e+06
2.617954481556194369e+06
2.636657921026031487e+06
2.655497874428541400e+06
2.674475330232164823e+06
2.693591284254692961e+06
2.712846739713834133e+06
2.732242707278239075e+06
2.751780205119062681e+06
2.771460258961956482e+06
2.791283902139561716e+06
2.811252175644482486e+06
2.831366128182705957e+06
2.851626816227533389e+06
2.872035304074006621e+06
2.892592663893723395e+06
2.913299975790235680e+06
2.934158327854872681e+06
2.955168816223046742e+06
2.976332545131038874e+06
2.997650626973281149e+06
3.019124182360108942e+06
3.040754340175994672e+06
3.062542237638277467e+06
3.084489020356338471e+06
3.106595842391376384e+06
3.128863866316488944e+06
3.151294263277434278e+06
3.173888213053731248e+06
3.196646904120403808e+06
3.219571533710046206e+06
3.242663307875570375e+06
3.265923441553271376e+06
3.289353158626588061e+06
3.312953691990206018e+06
3.336726283614738844e+06
3.360672184611908160e+06
3.384792655300300103e+06
3.409088965271500871e+06
3.433562393456860911e+06
3.458214228194757830e+06
3.483045767298335675e+06
3.508058318123835605e+06
3.533253197639414109e+06
3.558631732494510245e+06
3.584195259089723695e+06
3.609945123647239525e+06
3.635882682281857822e+06
3.662009301072487142e+06
3.688326356134163216e+06
3.714835233690716326e+06
3.741537330147967674e+06
3.768434052167388145e+06
3.795526816740417853e+06
3.822817051263351459e+06
3.850306193612758070e+06
3.877995692221389618e+06
3.905887006154882722e+06
3.933981605188787449e+06
3.962280969886396546e+06
3.990786591676976997e+06
4.019499972934741993e+06
4.048422627058323007e+06
4.077556078550883103e+06
4.106901863100816030e+06
4.136461527663016226e+06
4.166236630540865939e+06
4.196228741468706168e+06
4.226439441695028916e+06
4.256870324066205882e+06
4.287522993110946380e+06
4.318399065125254914e+06
4.349500168258165009e+06
4.380827942597996444e+06
4.412384040259299800e+06
4.444170125470495783e+06
4.476187874662083574e+06
4.508438976555540226e+06
4.540925132252946496e+06
4.573648055327174254e+06
4.606609471912775189e+06
4.639811120797618292e+06
4.673254753515077755e+06
4.706942134437039495e+06
4.740875040867501870e+06
4.775055263136952184e+06
4.809484604697342962e+06
4.844164882217839360e+06
4.879097925681269728e+06
4.914285578481308185e+06
4.949729697520316578e+06
4.985432153307963163e+06
5.021394830060558394e+06
5.057619625801119022e+06
5.094108452460175380e+06
5.130863235977321863e+06
5.167885916403544135e+06
5.205178448004239239e+06
5.242742799363077618e+06
5.280580953486578539e+06
5.318694907909464091e+06
5.357086674800795503e+06
5.395758281070943922e+06
5.434711768479227088e+06
5.473949193742487580e+06
5.513472628644360229e+06
5.553284160145398229e+06
5.593385890494018793e+06
5.633779937338210642e+06
5.674468433838156052e+06
5.715453528779568151e+06
5.756737386688000523e+06
5.798322187943848781e+06
5.840210128898332827e+06
5.882403421990250237e+06
5.924904295863629319e+06
5.967714995486233383e+06
6.010837782268903218e+06
6.054274934185898863e+06
6.098028745895974338e+06
6.142101528864442371e+06
6.186495611486074515e+06
6.231213339209014550e+06
6.276257074659469537e+06
6.321629197767374106e+06
6.367332105893022381e+06
6.413368213954594918e+06
6.459739954556580633e+06
6.506449778119221330e+06
6.553500153008881956e+06
6.600893565669331700e+06
6.648632520754071884e+06
6.696719541259551421e+06
6.745157168659461662e+06
6.793947963039903902e+06
6.843094503235658631e+06
6.892599386967384256e+06
6.942465230979854241e+06
6.992694671181202866e+06
7.043290362783204764e+06
7.094254980442567728e+06
7.145591218403268605e+06
7.197301790639954619e+06
7.249389431002387777e+06
7.301856893360925838e+06
7.354706951753139496e+06
7.407942400531393476e+06
7.461566054511636496e+06
7.515580749123216607e+06
7.569989340559803881e+06
7.624794705931407399e+06
7.679999743417552672e+06
7.735607372421592474e+06
7.791620533726057038e+06
7.848042189649241976e+06
7.904875324202904478e+06
7.962122943251139484e+06
8.019788074670390226e+06
8.077873768510671332e+06
8.136383097157957032e+06
8.195319155497746542e+06
8.254685061079853214e+06
8.314483954284418374e+06
8.374718998489116319e+06
8.435393380237568170e+06
8.496510309409046546e+06
8.558073019389400259e+06
8.620084767243238166e+06
8.682548833887349814e+06
8.745468524265425280e+06
8.808847167524104938e+06
8.872688117190191522e+06
8.936994751349303871e+06
9.001770472825774923e+06
9.067018709363862872e+06
9.132742913810312748e+06
9.198946564298260957e+06
9.265633164432462305e+06
9.332806243475947529e+06
9.400469356537953019e+06
9.468626084763284773e+06
9.537280035523097962e+06
9.606434842606995255e+06
9.676094166416641325e+06
9.746261694160724059e+06
9.816941140051348135e+06
9.888136245501890779e+06
9.959850779326330870e+06
1.003208853794001229e+07
1.010485334556187689e+07
1.017814905441817641e+07
1.025197954494774155e+07
1.032634872600867413e+07
1.040126053508661687e+07
1.047671893850449845e+07
1.055272793163387850e+07
1.062929153910780884e+07
1.070641381503525004e+07
1.078409884321709536e+07
1.086235073736373708e+07
1.094117364131426811e+07
1.102057172925727814e+07
1.110054920595325157e+07
1.118111030695863627e+07
1.126225929885151796e+07
1.134400047945899144e+07
1.142633817808615230e+07
1.150927675574681163e+07
1.159282060539589636e+07
1.167697415216352977e+07
1.176174185359085351e+07
1.184712819986754656e+07
1.193313771407118998e+07
1.201977495240825042e+07
1.210704450445691869e+07
1.219495099341167696e+07
1.228349907632973045e+07
1.237269344437921047e+07
1.246253882308917679e+07
1.255303997260146029e+07
1.264420168792441301e+07
1.273602879918845557e+07
1.282852617190352641e+07
1.292169870721840300e+07
1.301555134218192846e+07
1.311008905000624061e+07
1.320531684033174440e+07
1.330123975949425809e+07
1.339786289079390839e+07
1.349519135476614721e+07
1.359323030945472792e+07
1.369198495068660192e+07
1.379146051234894805e+07
1.389166226666815020e+07
1.399259552449086495e+07
1.409426563556710631e+07
1.419667798883556202e+07
1.429983801271072030e+07
1.440375117537235282e+07
1.450842298505708389e+07
1.461385899035197869e+07
1.472006478049034439e+07
1.482704598564982228e+07
1.493480827725244313e+07
1.504335736826712266e+07
1.515269901351414621e+07
1.526283900997208059e+07
1.537378319708686322e+07
1.548553745708307624e+07
1.559810771527769417e+07
1.571149994039593637e+07
1.582572014488958009e+07
1.594077438525754027e+07
1.605666876236880012e+07
1.617340942178777047e+07
1.629100255410195515e+07
1.640945439525211044e+07
1.652877122686471790e+07
1.664895937658703513e+07
1.677002521842446364e+07
1.689197517308049649e+07
1.701481570829910412e+07
1.713855333920967951e+07
1.726319462867446616e+07
1.738874618763855100e+07
1.751521467548247799e+07
1.764260680037735775e+07
1.777092931964262947e+07
1.790018904010649398e+07
1.803039281846891716e+07
1.816154756166734174e+07
1.829366022724506631e+07
1.842673782372231781e+07
1.856078741097008809e+07
1.869581610058668256e+07
1.883183105627701059e+07
1.896883949423472211e+07
1.910684868352709711e+07
1.924586594648280367e+07
1.938589865908241645e+07
1.952695425135194510e+07
1.966904020775910467e+07
1.981216406761253998e+07
1.995633342546406761e+07
2.010155593151379749e+07
2.024783929201811552e+07
2.039519126970089599e+07
2.054361968416761234e+07
2.069313241232238337e+07
2.084373738878827170e+07
2.099544260633059964e+07
2.114825611628325656e+07
2.130218602897832170e+07
2.145724051417870820e+07
2.161342780151396245e+07
2.177075618091950938e+07
2.192923400307874009e+07
2.208886967986864224e+07
2.224967168480858579e+07
2.241164855351240933e+07
2.257480888414382562e+07
2.273916133787517995e+07
2.290471463934962079e+07
2.307147757714651898e+07
2.323945900425049663e+07
2.340866783852375671e+07
2.357911306318194047e+07
2.375080372727338970e+07
2.392374894616215676e+07
2.409795790201423317e+07
2.427343984428764507e+07
2.445020409022592381e+07
2.462826002535532415e+07
2.480761710398573428e+07
2.498828484971509501e+07
2.517027285593760759e+07
2.535359078635584563e+07
2.553824837549617514e+07
2.572425542922852561e+07
2.591162182528961450e+07
2.610035751380993426e+07
2.629047251784495637e+07
2.648197693390996009e+07
2.667488093251893669e+07
2.686919475872729719e+07
2.706492873267873004e+07
2.726209325015603751e+07
2.746069878313573822e+07
2.766075588034722582e+07
2.786227516783574969e+07
2.806526734952941164e+07
2.826974320781068131e+07
2.847571360409172252e+07
2.868318947939422727e+07
2.889218185493332148e+07
2.910270183270594850e+07
2.931476059608338401e+07
2.952836941040814668e+07
2.974353962359537929e+07
2.996028266673856229e+07
3.017861005471978709e+07
3.039853338682424277e+07
3.062006434735953808e+07
3.084321470627934486e+07
3.106799631981174648e+07
3.129442113109215721e+07
3.152250117080077529e+07
3.175224855780497193e+07
3.198367549980619922e+07
3.221679429399164394e+07
3.245161732769073173e+07
3.268815707903651521e+07
3.292642611763175204e+07
3.316643710521995649e+07
3.340820279636138678e+07
3.365173603911413997e+07
3.389704977571982145e+07
3.414415704329472780e+07
3.439307097452591360e+07
3.464380479837216437e+07
3.489637184077045321e+07
