0.000000000000000000e+00	0.000000000000000000e+00	0.000000000000000000e+00
1.279426929483877196e+01	2.366939819545172969e-05	6.393073457248096142e-03
2.566718749041725900e+01	4.748429685727193346e-05	6.408715510884154150e-03
3.861928494536678613e+01	7.144567714892855468e-05	6.424476328742408440e-03
5.165109230260310369e+01	9.555452075981574959e-05	6.440355084718641862e-03
6.476314054274740784e+01	1.198118100040827100e-04	6.456350978513335920e-03
7.795596103643327979e+01	1.442185279174015736e-04	6.472463234985266836e-03
9.123008559552943098e+01	1.687756583517294651e-04	6.488691103522854775e-03
1.045860465233123762e+02	1.934841860681278984e-04	6.505033857433084946e-03
1.180243766636103544e+02	2.183450968276791457e-04	6.521490793347370883e-03
1.315456094489675252e+02	2.433593774805899298e-04	6.538061230643832551e-03
1.451502789478344937e+02	2.685280160534937949e-04	6.554744510885476654e-03
1.588389199108283378e+02	2.938520018350323885e-04	6.571539997273992927e-03
1.726120678160866930e+02	3.193323254597604040e-04	6.588447074118606098e-03
1.864702589137346251e+02	3.449699789904090677e-04	6.605465146319544623e-03
2.004140302695010973e+02	3.707659559985770187e-04	6.622593638865738493e-03
2.144439198075041588e+02	3.967212516438827050e-04	6.639831996346370543e-03
2.285604663522220505e+02	4.228368627516107688e-04	6.657179682475679317e-03
2.427642096696932299e+02	4.491137878889324355e-04	6.674636179631090668e-03
2.570556905079471903e+02	4.755530274397022899e-04	6.692200988403781275e-03
2.714354506366968280e+02	5.021555836778891216e-04	6.709873627161510971e-03
2.859040328863276841e+02	5.289224608397061602e-04	6.727653631623734323e-03
3.004619811861654171e+02	5.558546651944060082e-04	6.745540554447895971e-03
3.151098406020950620e+02	5.829532051138758492e-04	6.763533964827452699e-03
3.298481573735089114e+02	6.102190911409915161e-04	6.781633448100372365e-03
3.446774789496247990e+02	6.376533360568058251e-04	6.799838605368657869e-03
3.595983540251839372e+02	6.652569549465903653e-04	6.818149053128227423e-03
3.746113325755489427e+02	6.930309652647655486e-04	6.836564422908504926e-03
3.897169658912196724e+02	7.209763868987563223e-04	6.855084360922331956e-03
4.049158066117922772e+02	7.490942422318157224e-04	6.873708527724748524e-03
4.202084087593599975e+02	7.773855562048159404e-04	6.892436597881519515e-03
4.355953277713855414e+02	8.058513563770631745e-04	6.911268259646398925e-03
4.510771205330570410e+02	8.344926729861555648e-04	6.930203214647248124e-03
4.666543454091547005e+02	8.633105390069362520e-04	6.949241177580309063e-03
4.823275622754113101e+02	8.923059902095109878e-04	6.968381875913210073e-03
4.980973325494113624e+02	9.214800652164109596e-04	6.987625049595666896e-03
5.139642192210451412e+02	9.508338055589335728e-04	7.006970450777785277e-03
5.299287868824915222e+02	9.803682557326092589e-04	7.026417843536515891e-03
5.459916017578036644e+02	1.010084463251936879e-03	7.045967003608869482e-03
5.621532317320442189e+02	1.039983478704281910e-03	7.065617718132651166e-03
5.784142463800541236e+02	1.070066355803100033e-03	7.085369785393919387e-03
5.947752169947797256e+02	1.100334151440342592e-03	7.105223014581388101e-03
6.112367166152588425e+02	1.130787925738228981e-03	7.125177225547237904e-03
6.277993200542370005e+02	1.161428742100338368e-03	7.145232248574510427e-03
6.444636039253949775e+02	1.192257667261980647e-03	7.165387924150465847e-03
6.612301466702684820e+02	1.223275771339996662e-03	7.185644102746196679e-03
6.780995285847977811e+02	1.254484127881875816e-03	7.206000644601973960e-03
6.950723318455704884e+02	1.285883813914305345e-03	7.226457419518374399e-03
7.121491405357461417e+02	1.317475909991130435e-03	7.247014306652902263e-03
7.293305406706720078e+02	1.349261500240743180e-03	7.267671194322099064e-03
7.466171202232013684e+02	1.381241672412922500e-03	7.288427979808781085e-03
7.640094691487249747e+02	1.413417517925141288e-03	7.309284569174566079e-03
7.815081794099413628e+02	1.445790131908391511e-03	7.330240877077161786e-03
7.991138450013256715e+02	1.478360613252452469e-03	7.351296826592538559e-03
8.168270619733527838e+02	1.511130064650702612e-03	7.372452349041930600e-03
8.346484284564813834e+02	1.544099592644490723e-03	7.393707383823259864e-03
8.525785446848899483e+02	1.577270307667046328e-03	7.415061878247053775e-03
8.706180130199451241e+02	1.610643324086898304e-03	7.436515787376818572e-03
8.887674379734780814e+02	1.644219760250934621e-03	7.458069073873165727e-03
9.070274262308323614e+02	1.678000738527039891e-03	7.479721707842744427e-03
9.253985866736792332e+02	1.711987385346306614e-03	7.501473666690497769e-03
9.438815304026480817e+02	1.746180831244899040e-03	7.523324934976175112e-03
9.624768707597435196e+02	1.780582210905525637e-03	7.545275504274395403e-03
9.811852233505690037e+02	1.815192663198552693e-03	7.567325373038634451e-03
1.000007206066373442e+03	1.850013331222790909e-03	7.589474546468484746e-03
1.018943439105905099e+03	1.885045362345924439e-03	7.611723036380461938e-03
1.037994544997102366e+03	1.920289908244639373e-03	7.634070861082459421e-03
1.057161148618605466e+03	1.955748124944420036e-03	7.656518045251096451e-03
1.076443877221117646e+03	1.991421172859067501e-03	7.679064619812607691e-03
1.095843360448618341e+03	2.027310216829943806e-03	7.701710621826428523e-03
1.115360230359372508e+03	2.063416426164839303e-03	7.724456094372292303e-03
1.134995121446851044e+03	2.099740974676674553e-03	7.747301086439964402e-03
1.154748670660494554e+03	2.136285040721914909e-03	7.770245652821918328e-03
1.174621517426342052e+03	2.173049807238732704e-03	7.793289854008813439e-03
1.194614303667520517e+03	2.210036461784913118e-03	7.816433756087691823e-03
1.214727673824619842e+03	2.247246196575546692e-03	7.839677430642831915e-03
1.234962274875927733e+03	2.284680208520466389e-03	7.863020954659223280e-03
1.255318756357593429e+03	2.322339699261547624e-03	7.886464410428284388e-03
1.275797770383615216e+03	2.360225875209688226e-03	7.910007885456499938e-03
1.296399971665780640e+03	2.398339947581694300e-03	7.933651472375987182e-03
1.317126017533455752e+03	2.436683132436893301e-03	7.957395268857605369e-03
1.337976567953316135e+03	2.475256650713634782e-03	7.981239377526280418e-03
1.358952285548979489e+03	2.514061728265612038e-03	8.005183905878393916e-03
1.380053835620499513e+03	2.553099595897923967e-03	8.029228966201715223e-03
1.401281886163844092e+03	2.592371489403111351e-03	8.053374675496780336e-03
1.422637107890222751e+03	2.631878649596912107e-03	8.077621155400869363e-03
1.444120174245402040e+03	2.671622322353993557e-03	8.101968532113560870e-03
1.465731761428873597e+03	2.711603758643416247e-03	8.126416936324609014e-03
1.487472548413018558e+03	2.751824214564084319e-03	8.150966503143187644e-03
1.509343216962141469e+03	2.792284951379962136e-03	8.175617372029344437e-03
1.531344451651515556e+03	2.832987235555303913e-03	8.200369686727220983e-03
1.553476939886272476e+03	2.873932338789604492e-03	8.225223595199768201e-03
1.575741371920318898e+03	2.915121538052589580e-03	8.250179249565312706e-03
1.598138440875141896e+03	2.956556115619012569e-03	8.275236806035649734e-03
1.620668842758581604e+03	2.998237359103376326e-03	8.300396424855974870e-03
1.643333276483547252e+03	3.040166561494562179e-03	8.325658270246037024e-03
1.666132443886710462e+03	3.082345021190414230e-03	8.351022510343131949e-03
1.689067049747129204e+03	3.124774042032189229e-03	8.376489317146374250e-03
1.712137801804822402e+03	3.167454933338921443e-03	8.402058866462320738e-03
1.735345410779355007e+03	3.210389009941807051e-03	8.427731337852408314e-03
1.758690590388311648e+03	3.253577592218376453e-03	8.453506914581280021e-03
1.782174057365812814e+03	3.297022006126753765e-03	8.479385783566828483e-03
1.805796531480961221e+03	3.340723583239777958e-03	8.505368135331150062e-03
1.829558735556245665e+03	3.384683660779054179e-03	8.531454163953261505e-03
1.853461395485977391e+03	3.428903581649058417e-03	8.557644067022434145e-03
1.877505240254634373e+03	3.473384694471073463e-03	8.583938045593380792e-03
1.901691001955210595e+03	3.518128353617140051e-03	8.610336304142238856e-03
1.926019415807597397e+03	3.563135919244055268e-03	8.636839050523618597e-03
1.950491220176832712e+03	3.608408757327140684e-03	8.663446495929087721e-03
1.975107156591476041e+03	3.653948239694230788e-03	8.690158854846481706e-03
1.999867969761843142e+03	3.699755744059409889e-03	8.716976345020433642e-03
2.024774407598325752e+03	3.745832654056902543e-03	8.743899187413764484e-03
2.049827221229641964e+03	3.792180359274837775e-03	8.770927606170104973e-03
2.075027165021107066e+03	3.838800255289048433e-03	8.798061828577260005e-03
2.100374996592889602e+03	3.885693743696845819e-03	8.825302085031759558e-03
2.125871476838323360e+03	3.932862232150897974e-03	8.852648609004231881e-03
2.151517369942089317e+03	3.980307134392865528e-03	8.880101637005560766e-03
2.177313443398494655e+03	4.028029870287215368e-03	8.907661408554222449e-03
2.203260468029787262e+03	4.076031865855106288e-03	8.935328166144404852e-03
2.229359218004348349e+03	4.124314553308044799e-03	8.963102155214517155e-03
2.255610470855013773e+03	4.172879371081775549e-03	8.990983624117415002e-03
2.282015007497361694e+03	4.221727763870118839e-03	9.018972824090512944e-03
2.308573612247961591e+03	4.270861182658729216e-03	9.047070009227388757e-03
2.335287072842697398e+03	4.320281084758990225e-03	9.075275436449672245e-03
2.362156180455084268e+03	4.369988933841905711e-03	9.103589365480013046e-03
2.389181729714626726e+03	4.419986199972059625e-03	9.132012058815515074e-03
2.416364518725103153e+03	4.470274359641440536e-03	9.160543781702053939e-03
2.443705349082949397e+03	4.520854895803456085e-03	9.189184802109329891e-03
2.471205025895647850e+03	4.571729297906948312e-03	9.217935390706302398e-03
2.498864357800143353e+03	4.622899061930265362e-03	9.246795820837719337e-03
2.526684156981259548e+03	4.674365690415330579e-03	9.275766368501031298e-03
2.554665239190067496e+03	4.726130692501624882e-03	9.304847312323810682e-03
2.582808423762465281e+03	4.778195583960560301e-03	9.334038933542171748e-03
2.611114533637606655e+03	4.830561887229572506e-03	9.363341515979404020e-03
2.639584395376499288e+03	4.883231131446523834e-03	9.392755346025471325e-03
2.668218839180373834e+03	4.936204852483691737e-03	9.422280712616873388e-03
2.697018698909416798e+03	4.989484592982421605e-03	9.451917907217333159e-03
2.725984812101384250e+03	5.043071902387560174e-03	9.481667223798650665e-03
2.755118019990145513e+03	5.096968336981768342e-03	9.511528958822524846e-03
2.784419167524436034e+03	5.151175459920206111e-03	9.541503411222510694e-03
2.813889103386537499e+03	5.205694841265094339e-03	9.571590882386717125e-03
2.843528680010972948e+03	5.260528058020299928e-03	9.601791676141046075e-03
2.873338753603346504e+03	5.315676694166191624e-03	9.632106098732662325e-03
2.903320184159141263e+03	5.371142340694411675e-03	9.662534458814117308e-03
2.933473835482593586e+03	5.426926595642798425e-03	9.693077067428017626e-03
2.963800575205493715e+03	5.483031064130164042e-03	9.723734237991823667e-03
2.994301274806217407e+03	5.539457358391501607e-03	9.754506286283508645e-03
3.024976809628658430e+03	5.596207097813018713e-03	9.785393530427453565e-03
3.055828058901271106e+03	5.653281908967351492e-03	9.816396290880517392e-03
3.086855905756088760e+03	5.710683425648763883e-03	9.847514890419087341e-03
3.118061237247844019e+03	5.768413288908511710e-03	9.878749654125959165e-03
3.149444944373173257e+03	5.826473147090370681e-03	9.910100909378020614e-03
3.181007922089689600e+03	5.884864655865925873e-03	9.941568985834073682e-03
3.212751069335381999e+03	5.943589478270457083e-03	9.973154215423107871e-03
3.244675289047765091e+03	6.002649284738365357e-03	1.000485693233308694e-02
3.276781488183326474e+03	6.062045753139153753e-03	1.003667747299981025e-02
3.309070577736842097e+03	6.121780568813157443e-03	1.006861617609640554e-02
3.341543472760829445e+03	6.181855424607534018e-03	1.010067338252301945e-02
3.374201092385113952e+03	6.242272020912460230e-03	1.013284943539673882e-02
3.407044359836293552e+03	6.303032065697143117e-03	1.016514468004227172e-02
3.440074202457374668e+03	6.364137274546143377e-03	1.019755946398234227e-02
3.473291551727405476e+03	6.425589370695700478e-03	1.023009413692896850e-02
3.506697343281223311e+03	6.487390085070262463e-03	1.026274905077453545e-02
3.540292516929186149e+03	6.549541156318994077e-03	1.029552455958373559e-02
3.574078016676999141e+03	6.612044330852447950e-03	1.032842101958529948e-02
3.608054790745606624e+03	6.674901362879371962e-03	1.036143878916422414e-02
3.642223791591110967e+03	6.738114014443554768e-03	1.039457822885439878e-02
3.676585975924800096e+03	6.801684055460880361e-03	1.042783970133122178e-02
3.711142304733191395e+03	6.865613263756404315e-03	1.046122357140485265e-02
3.745893743298148820e+03	6.929903425101575747e-03	1.049473020601334253e-02
3.780841261217039118e+03	6.994556333251522595e-03	1.052835997421649496e-02
3.815985832423005377e+03	7.059573789982559813e-03	1.056211324718933989e-02
3.851328435205246478e+03	7.124957605129706231e-03	1.059599039821639173e-02
3.886870052229435260e+03	7.190709596624454691e-03	1.062999180268605660e-02
3.922611670558095739e+03	7.256831590532476263e-03	1.066411783808509511e-02
3.958554281671129957e+03	7.323325421091589869e-03	1.069836888399360204e-02
3.994698881486364371e+03	7.390192930749773549e-03	1.073274532207978312e-02
4.031046470380189930e+03	7.457435970203350924e-03	1.076724753609545684e-02
4.067598053208268993e+03	7.525056398435298229e-03	1.080187591187115742e-02
4.104354639326286815e+03	7.593056082753631142e-03	1.083663083731243454e-02
4.141317242610788526e+03	7.661436898829959014e-03	1.087151270239537955e-02
4.178486881480036573e+03	7.730200730738067717e-03	1.090652189916248467e-02
4.215864578915152379e+03	7.799349470993032461e-03	1.094165882171958294e-02
4.253451362480896933e+03	7.868885020589659260e-03	1.097692386623182366e-02
4.291248264346969336e+03	7.938809289041892647e-03	1.101231743092086907e-02
4.329256321309241685e+03	8.009124194422097623e-03	1.104783991606132776e-02
4.367476574810827515e+03	8.079831663400031949e-03	1.108349172397829485e-02
4.405910070963496764e+03	8.150933631282468103e-03	1.111927325904404039e-02
4.444557860569166223e+03	8.222432042052956608e-03	1.115518492767620176e-02
4.483420999141314496e+03	8.294328848411431504e-03	1.119122713833489192e-02
4.522500546926462448e+03	8.366626011813956335e-03	1.122740030152057436e-02
4.561797568925980158e+03	8.439325502513063404e-03	1.126370482977240468e-02
4.601313134917641946e+03	8.512429299597636806e-03	1.130014113766590438e-02
4.641048319477399673e+03	8.585939391033189233e-03	1.133670964181150882e-02
4.681004202001377962e+03	8.659857773702549916e-03	1.137341076085307892e-02
4.721181866727750275e+03	8.734186453446337456e-03	1.141024491546648034e-02
4.761582402758737771e+03	8.808927445103665113e-03	1.144721252835822871e-02
4.802206904082745496e+03	8.884082772553078544e-03	1.148431402426468816e-02
4.843056469596446732e+03	8.959654468753425888e-03	1.152154982995102182e-02
4.884132203127137473e+03	9.035644575785204899e-03	1.155892037421027245e-02
4.925435213455078156e+03	9.112055144891894470e-03	1.159642608786315941e-02
4.966966614335876329e+03	9.188888236521371156e-03	1.163406740375712983e-02
5.008727524522984822e+03	9.266145920367521716e-03	1.167184475676637245e-02
5.050719067790330882e+03	9.343830275412112404e-03	1.170975858379150365e-02
5.092942372954978055e+03	9.421943389966710297e-03	1.174780932375936796e-02
5.135398573899809890e+03	9.500487361714647985e-03	1.178599741762329824e-02
5.178088809596406463e+03	9.579464297753352564e-03	1.182432330836322501e-02
5.221014224128101887e+03	9.658876314636988605e-03	1.186278744098591756e-02
5.264175966712702575e+03	9.738725538418500915e-03	1.190139026252571945e-02
5.307575191725941295e+03	9.819014104692991296e-03	1.194013222204457630e-02
5.351213058724382790e+03	9.899744158640108246e-03	1.197901377063342182e-02
5.395090732468759597e+03	9.980917855067205149e-03	1.201803536141237902e-02
5.439209382947393351e+03	1.006253735845267713e-02	1.205719744953219659e-02
5.483570185399645197e+03	1.014460484298934477e-02	1.209650049217474328e-02
5.528174320339375299e+03	1.022712249262784472e-02	1.213594494855468886e-02
5.573022973578610618e+03	1.031009250112042974e-02	1.217553127992035585e-02
5.618117336251268171e+03	1.039351707206484683e-02	1.221525994955554445e-02
5.663458604836942868e+03	1.047739841894834538e-02	1.225513142278046412e-02
5.709047981184821765e+03	1.056173876519191958e-02	1.229514616695376664e-02
5.754886672537636514e+03	1.064654034419462887e-02	1.233530465147418889e-02
5.800975891555794078e+03	1.073180539937821851e-02	1.237560734778218353e-02
5.847316856341623861e+03	1.081753618423200378e-02	1.241605472936189829e-02
5.893910790463404737e+03	1.090373496235729975e-02	1.245664727174320210e-02
5.940758922979978706e+03	1.099040400751295950e-02	1.249738545250386572e-02
5.987862488465110800e+03	1.107754560366045436e-02	1.253826975127146984e-02
6.035222727031991781e+03	1.116516204500918492e-02	1.257930064972600723e-02
6.082840884357958203e+03	1.125325563606222219e-02	1.262047863160215347e-02
6.130718211709272509e+03	1.134182869166215461e-02	1.266180418269170251e-02
6.178855965965832183e+03	1.143088353703678936e-02	1.270327779084630578e-02
6.227255409646247244e+03	1.152042250784555792e-02	1.274489994597983143e-02
6.275917810932769498e+03	1.161044795022562505e-02	1.278667114007157185e-02
6.324844443696438248e+03	1.170096222083841231e-02	1.282859186716856295e-02
6.374036587522442460e+03	1.179196768691651888e-02	1.287066262338891487e-02
6.423495527735332871e+03	1.188346672631036653e-02	1.291288390692459445e-02
6.473222555424486927e+03	1.197546172753530258e-02	1.295525621804457551e-02
6.523218967469568270e+03	1.206795508981870109e-02	1.299778005909802726e-02
6.573486066566357295e+03	1.216094922314776144e-02	1.304045593451775772e-02
6.624025161252223370e+03	1.225444654831661304e-02	1.308328435082316103e-02
6.674837565932276448e+03	1.234844949697471231e-02	1.312626581662404424e-02
6.725924600904952058e+03	1.244296051167416255e-02	1.316940084262372551e-02
6.777287592388422127e+03	1.253798204591858104e-02	1.321268994162308301e-02
6.828927872546431900e+03	1.263351656421089764e-02	1.325613362852371205e-02
6.880846779514769878e+03	1.272956654210232429e-02	1.329973242033198784e-02
6.933045657427484002e+03	1.282613446624084573e-02	1.334348683616288188e-02
6.985525856443473458e+03	1.292322283442042495e-02	1.338739739724359099e-02
7.038288732772916774e+03	1.302083415562989635e-02	1.343146462691776830e-02
7.091335648704027335e+03	1.311897095010245047e-02	1.347568905064930149e-02
7.144667972629854376e+03	1.321763574936523147e-02	1.352007119602645704e-02
7.198287079075137626e+03	1.331683109628900401e-02	1.356461159276643215e-02
7.252194348723399344e+03	1.341655954513829019e-02	1.360931077271897681e-02
7.306391168443828974e+03	1.351682366162108330e-02	1.365416926987108280e-02
7.360878931318698051e+03	1.361762602293959019e-02	1.369918762035137599e-02
7.415659036670646856e+03	1.371896921784069787e-02	1.374436636243424326e-02
7.470732890090094770e+03	1.382085584666667595e-02	1.378970603654470009e-02
7.526101903462796145e+03	1.392328852140617239e-02	1.383520718526276734e-02
7.581767494997461654e+03	1.402626986574530450e-02	1.388087035332818617e-02
7.637731089253583377e+03	1.412980251511912998e-02	1.392669608764510701e-02
7.693994117169317178e+03	1.423388911676323754e-02	1.397268493728673171e-02
7.750558016089485136e+03	1.433853232976554752e-02	1.401883745350039449e-02
7.807424229793602535e+03	1.444373482511816451e-02	1.406515418971239495e-02
7.864594208524165879e+03	1.454949928576970697e-02	1.411163570153267308e-02
7.922069409015010024e+03	1.465582840667776880e-02	1.415828254676018520e-02
7.979851294519757175e+03	1.476272489486155082e-02	1.420509528538782887e-02
8.037941334840300442e+03	1.487019146945455471e-02	1.425207447960749954e-02
8.096341006355569334e+03	1.497823086175780437e-02	1.429922069381556540e-02
8.155051792050368022e+03	1.508684581529318169e-02	1.434653449461783560e-02
8.214075181544218140e+03	1.519603908585680403e-02	1.439401645083498993e-02
8.273412671120346204e+03	1.530581344157264101e-02	1.444166713350789055e-02
8.333065763755146691e+03	1.541617166294702128e-02	1.448948711590327711e-02
8.393035969146871139e+03	1.552711654292171159e-02	1.453747697351883555e-02
8.453324803745632380e+03	1.563865088692941926e-02	1.458563728408920207e-02
8.513933790782615688e+03	1.575077751294783751e-02	1.463396862759127649e-02
8.574864460299719212e+03	1.586349925155448176e-02	1.468247158624979599e-02
8.636118349179278084e+03	1.597681894598166480e-02	1.473114674454351070e-02
8.697697001174276011e+03	1.609073945217241036e-02	1.477999468921046763e-02
8.759601966937765610e+03	1.620526363883486448e-02	1.482901600925399382e-02
8.821834804053558400e+03	1.632039438749908339e-02	1.487821129594869146e-02
8.884397077066085330e+03	1.643613459257225670e-02	1.492758114284643486e-02
8.947290357510873946e+03	1.655248716139511717e-02	1.497712614578191291e-02
9.010516223945262027e+03	1.666945501429873550e-02	1.502684690287928344e-02
9.074076261978760158e+03	1.678704108466070460e-02	1.507674401455770183e-02
9.137972064303778097e+03	1.690524831896198996e-02	1.512681808353791811e-02
9.202205230726814989e+03	1.702407967684460913e-02	1.517706971484836416e-02
9.266777368198852855e+03	1.714353813116787847e-02	1.522749951583105520e-02
9.331690090847330794e+03	1.726362666806756374e-02	1.527810809614844889e-02
9.396945020006594859e+03	1.738434828701220305e-02	1.532889606778931740e-02
9.462543784249752207e+03	1.750570600086204243e-02	1.537986404507541566e-02
9.528488019420117780e+03	1.762770283592721837e-02	1.543101264466793104e-02
9.594779368662726483e+03	1.775034183202604463e-02	1.548234248557401986e-02
9.661419482456218248e+03	1.787362604254400314e-02	1.553385418915322926e-02
9.728410018644632146e+03	1.799755853449256857e-02	1.558554837912399897e-02
9.795752642469602506e+03	1.812214238856876478e-02	1.563742568157071300e-02
9.863449026602354934e+03	1.824738069921435710e-02	1.568948672494988386e-02
9.931500851176229844e+03	1.837327657467602640e-02	1.574173214009744540e-02
9.999909803818722139e+03	1.849983313706463767e-02	1.579416256023521287e-02
1.006867757968462502e+04	1.862705352241655551e-02	1.584677862097777848e-02
1.013780588148824609e+04	1.875494088075325624e-02	1.589958096033958559e-02
1.020729641953638566e+04	1.888349837614231377e-02	1.595257021874159700e-02
1.027715091176145324e+04	1.901272918675868742e-02	1.600574703901849402e-02
1.034737108375438947e+04	1.914263650494562111e-02	1.605911206642565009e-02
1.041795866879796449e+04	1.927322353727623297e-02	1.611266594864619803e-02
1.048891540790024374e+04	1.940449350461545194e-02	1.616640933579835404e-02
1.056024304982806098e+04	1.953644964218191268e-02	1.622034288044213457e-02
1.063194335114055320e+04	1.966909519961002398e-02	1.627446723758730826e-02
1.070401807622320848e+04	1.980243344101293573e-02	1.632878306469989771e-02
1.077646899732161182e+04	1.993646764504498209e-02	1.638329102171006205e-02
1.084929789457558218e+04	2.007120110496482535e-02	1.643799177101920583e-02
1.092250655605351858e+04	2.020663712869900930e-02	1.649288597750740021e-02
1.099609677778634978e+04	2.034277903890474928e-02	1.654797430854109547e-02
1.107007036380278441e+04	2.047963017303515432e-02	1.660325743398026466e-02
1.114442912616307694e+04	2.061719388340169101e-02	1.665873602618617166e-02
1.121917488499458887e+04	2.075547353723998859e-02	1.671441076002903176e-02
1.129430946852617672e+04	2.089447251677342687e-02	1.677028231289549864e-02
1.136983471312352231e+04	2.103419421927851460e-02	1.682635136469631115e-02
1.144575246332445204e+04	2.117464205715023640e-02	1.688261859787416885e-02
1.152206457187409796e+04	2.131581945796708413e-02	1.693908469741156261e-02
1.159877289976050088e+04	2.145772986455692782e-02	1.699575035083849064e-02
1.167587931625028796e+04	2.160037673506303227e-02	1.705261624824011904e-02
1.175338569892457053e+04	2.174376354301045533e-02	1.710968308226515008e-02
1.183129393371466176e+04	2.188789377737212702e-02	1.716695154813363197e-02
1.190960591493852007e+04	2.203277094263626085e-02	1.722442234364463670e-02
1.198832354533670150e+04	2.217839855887289782e-02	1.728209616918467001e-02
1.206744873610906689e+04	2.232478016180177230e-02	1.733997372773561640e-02
1.214698340695110710e+04	2.247191930285954986e-02	1.739805572488296870e-02
1.222692948609063751e+04	2.261981954926767929e-02	1.745634286882377997e-02
1.230728891032501087e+04	2.276848448410127151e-02	1.751483587037517761e-02
1.238806362505769721e+04	2.291791770635673992e-02	1.757353544298253384e-02
1.246925558433594233e+04	2.306812283102149114e-02	1.763244230272752525e-02
1.255086675088754055e+04	2.321910348914194705e-02	1.769155716833705622e-02
1.263289909615877150e+04	2.337086332789372820e-02	1.775088076119102354e-02
1.271535460035176948e+04	2.352340601065077211e-02	1.781041380533104901e-02
1.279823525246264217e+04	2.367673521705588799e-02	1.787015702746914958e-02
1.288154305031897457e+04	2.383085464309010401e-02	1.793011115699603628e-02
1.296528000061837884e+04	2.398576800114399915e-02	1.799027692598960393e-02
1.304944811896653300e+04	2.414147902008808438e-02	1.805065506922377827e-02
1.313404942991553253e+04	2.429799144534373553e-02	1.811124632417722077e-02
1.321908596700270755e+04	2.445530903895501082e-02	1.817205143104150267e-02
1.330455977278934188e+04	2.461343557966028453e-02	1.823307113273058694e-02
1.339047289889934109e+04	2.477237486296378008e-02	1.829430617488903357e-02
1.347682740605865729e+04	2.493213070120851860e-02	1.835575730590132196e-02
1.356362536413417911e+04	2.509270692364823363e-02	1.841742527690031980e-02
1.365086885217351301e+04	2.525410737652099974e-02	1.847931084177642513e-02
1.373855995844414065e+04	2.541633592312166068e-02	1.854141475718639256e-02
1.382670078047347488e+04	2.557939644387592984e-02	1.860373778256248570e-02
1.391529342508862101e+04	2.574329283641394947e-02	1.866628068012152197e-02
1.400434000845637092e+04	2.590802901564428704e-02	1.872904421487370588e-02
1.409384265612353738e+04	2.607360891382854567e-02	1.879202915463214912e-02
1.418380350305739012e+04	2.624003648065617242e-02	1.885523627002188077e-02
1.427422469368608290e+04	2.640731568331925253e-02	1.891866633448893026e-02
1.436510838193946802e+04	2.657545050658801505e-02	1.898232012430989268e-02
1.445645673128991075e+04	2.674444495288633497e-02	1.904619841860088689e-02
1.454827191479357862e+04	2.691430304236812343e-02	1.911030199932720400e-02
1.464055611513145050e+04	2.708502881299318377e-02	1.917463165131259514e-02
1.473331152465074774e+04	2.725662632060388280e-02	1.923918816224873957e-02
1.482654034540663633e+04	2.742909963900227663e-02	1.930397232270464336e-02
1.492024478920400179e+04	2.760245286002740647e-02	1.936898492613629494e-02
1.501442707763938233e+04	2.777669009363285813e-02	1.943422676889614356e-02
1.510908944214286385e+04	2.795181546796429717e-02	1.949969865024265767e-02
1.520423412402068061e+04	2.812783312943826011e-02	1.956540137235018503e-02
1.529986337449740859e+04	2.830474724282020654e-02	1.963133574031849030e-02
1.539597945475868437e+04	2.848256199130356700e-02	1.969750256218254572e-02
1.549258463599414426e+04	2.866128157658916903e-02	1.976390264892209647e-02
1.558968119944023601e+04	2.884091021896443424e-02	1.983053681447211752e-02
1.568727143642363444e+04	2.902145215738372377e-02	1.989740587573200423e-02
1.578535764840431148e+04	2.920291164954797597e-02	1.996451065257595983e-02
1.588394214701917917e+04	2.938529297198547857e-02	2.003185196786243238e-02
1.598302725412584914e+04	2.956860042013282133e-02	2.009943064744476246e-02
1.608261530184649200e+04	2.975283830841601168e-02	2.016724752018092537e-02
1.618270863261203704e+04	2.993801097033226694e-02	2.023530341794340867e-02
1.628330959920618989e+04	3.012412275853145263e-02	2.030359917562973848e-02
1.638442056480999599e+04	3.031117804489849230e-02	2.037213563117241250e-02
1.648604390304663320e+04	3.049918122063627335e-02	2.044091362554917302e-02
1.658818199802598247e+04	3.068813669634806729e-02	2.050993400279336673e-02
1.669083724438994250e+04	3.087804890212139317e-02	2.057919761000419345e-02
1.679401204735721331e+04	3.106892228761084715e-02	2.064870529735698956e-02
1.689770882276889824e+04	3.126076132212246561e-02	2.071845791811385146e-02
1.700192999713405879e+04	3.145357049469801186e-02	2.078845632863372470e-02
1.710667800767549852e+04	3.164735431419966882e-02	2.085870138838317664e-02
1.721195530237583807e+04	3.184211730939530416e-02	2.092919395994697132e-02
1.731776434002337555e+04	3.203786402904324621e-02	2.099993490903832513e-02
1.742410759025852167e+04	3.223459904197826381e-02	2.107092510450996048e-02
1.753098753362056959e+04	3.243232693719805271e-02	2.114216541836426780e-02
1.763840666159404645e+04	3.263105232394898636e-02	2.121365672576452921e-02
1.774636747665577059e+04	3.283077983181317827e-02	2.128539990504558707e-02
1.785487249232220711e+04	3.303151411079608551e-02	2.135739583772409272e-02
1.796392423319644877e+04	3.323325983141343226e-02	2.142964540850990363e-02
1.807352523501566975e+04	3.343602168477898678e-02	2.150214950531704333e-02
1.818367804469945986e+04	3.363980438269400380e-02	2.157490901927422433e-02
1.829438522039661621e+04	3.384461265773373861e-02	2.164792484473588782e-02
1.840564933153442325e+04	3.405045126333867966e-02	2.172119787929379514e-02
1.851747295886621941e+04	3.425732497390250597e-02	2.179472902378729038e-02
1.862985869451984399e+04	3.446523858486170988e-02	2.186851918231497854e-02
1.874280914204715009e+04	3.467419691278722516e-02	2.194256926224581045e-02
1.885632691647208048e+04	3.488420479547334890e-02	2.201688017422976512e-02
1.897041464434002046e+04	3.509526709202903660e-02	2.209145283221012127e-02
1.908507496376735071e+04	3.530738868296959959e-02	2.216628815343376843e-02
1.920031052449047638e+04	3.552057447030738252e-02	2.224138705846301009e-02
1.931612398791618398e+04	3.573482937764493883e-02	2.231675047118705443e-02
1.943251802717125247e+04	3.595015835026681844e-02	2.239237931883305416e-02
1.954949532715230816e+04	3.616656635523177177e-02	2.246827453197796157e-02
1.966705858457665454e+04	3.638405838146681337e-02	2.254443704455991529e-02
1.978521050803266917e+04	3.660263943986043905e-02	2.262086779388968946e-02
1.990395381803056443e+04	3.682231456335654379e-02	2.269756772066286454e-02
2.002329124705334107e+04	3.704308880704867968e-02	2.277453776897049587e-02
2.014322553960799632e+04	3.726496724827479262e-02	2.285177888631189161e-02
2.026375945227705961e+04	3.748795498671256277e-02	2.292929202360565258e-02
2.038489575376996072e+04	3.771205714447442570e-02	2.300707813520166262e-02
2.050663722497523122e+04	3.793727886620417572e-02	2.308513817889305472e-02
2.062898665901202912e+04	3.816362531917225076e-02	2.316347311592808003e-02
2.075194686128312242e+04	3.839110169337377892e-02	2.324208391102228211e-02
2.087552064952671935e+04	3.861971320162443239e-02	2.332097153236989059e-02
2.099971085386945924e+04	3.884946507965850171e-02	2.340013695165652635e-02
2.112452031687952694e+04	3.908036258622712977e-02	2.347958114407065061e-02
2.124995189361941448e+04	3.931241100319592119e-02	2.355930508831606887e-02
2.137600845169981039e+04	3.954561563564464727e-02	2.363930976662423356e-02
2.150269287133234684e+04	3.977998181196484156e-02	2.371959616476640095e-02
2.163000804538425655e+04	4.001551488396087181e-02	2.380016527206573612e-02
2.175795687943226585e+04	4.025222022694968649e-02	2.388101808140984800e-02
2.188654229181630217e+04	4.049010323986015902e-02	2.396215558926296715e-02
2.201576721369463121e+04	4.072916934533506866e-02	2.404357879567853642e-02
2.214563458909828114e+04	4.096942398983181854e-02	2.412528870431136785e-02
2.227614737498593604e+04	4.121087264372397946e-02	2.420728632243092371e-02
2.240730854129945510e+04	4.145352080140399242e-02	2.428957266093291489e-02
2.253912107101872607e+04	4.169737398138464307e-02	2.437214873435264093e-02
2.267158796021778107e+04	4.194243772640289525e-02	2.445501556087748690e-02
2.280471221812044678e+04	4.218871760352282257e-02	2.453817416235933024e-02
2.293849686715644930e+04	4.243621920423943511e-02	2.462162556432759275e-02
2.307294494301791201e+04	4.268494814458313746e-02	2.470537079600235164e-02
2.320805949471563872e+04	4.293491006522393016e-02	2.478941089030633343e-02
2.334384358463604804e+04	4.318611063157669350e-02	2.487374688387862867e-02
2.348030028859841332e+04	4.343855553390706115e-02	2.495837981708747683e-02
2.361743269591195713e+04	4.369225048743712730e-02	2.504331073404339816e-02
2.375524390943315666e+04	4.394720123245133420e-02	2.512854068261142007e-02
2.389373704562382045e+04	4.420341353440406656e-02	2.521407071442512832e-02
2.403291523460913959e+04	4.446089318402690616e-02	2.529990188489988912e-02
2.417278162023565892e+04	4.471964599743596946e-02	2.538603525324516913e-02
2.431333936012988124e+04	4.497967781624027939e-02	2.547247188247892674e-02
2.445459162575706068e+04	4.524099450765056013e-02	2.555921283943998062e-02
2.459654160247981781e+04	4.550360196458766437e-02	2.564625919480185978e-02
2.473919248961803169e+04	4.576750610579335965e-02	2.573361202308575499e-02
2.488254750050741859e+04	4.603271287593872774e-02	2.582127240267504537e-02
2.502660986256035176e+04	4.629922824573665108e-02	2.590924141582760104e-02
2.517138281732438190e+04	4.656705821205010115e-02	2.599752014868989686e-02
2.531686962054380638e+04	4.683620879800604042e-02	2.608610969131101853e-02
2.546307354221939022e+04	4.710668605310587564e-02	2.617501113765554818e-02
2.560999786666940054e+04	4.737849605333838837e-02	2.626422558561789661e-02
2.575764589259003696e+04	4.765164490129156216e-02	2.635375413703586189e-02
2.590602093311735007e+04	4.792613872626710209e-02	2.644359789770434413e-02
2.605512631588840668e+04	4.820198368439355258e-02	2.653375797738945913e-02
2.620496538310254255e+04	4.847918595873970671e-02	2.662423548984227742e-02
2.635554149158433211e+04	4.875775175943101308e-02	2.671503155281337513e-02
2.650685801284507033e+04	4.903768732376338063e-02	2.680614728806575767e-02
2.665891833314527321e+04	4.931899891631875282e-02	2.689758382139000731e-02
2.681172585355780029e+04	4.960169282908193783e-02	2.698934228261789040e-02
2.696528399003090453e+04	4.988577538155717500e-02	2.708142380563713369e-02
2.711959617345096194e+04	5.017125292088428501e-02	2.717382952840466381e-02
2.727466584970658005e+04	5.045813182195717228e-02	2.726656059296176521e-02
2.743049647975227344e+04	5.074641848754170986e-02	2.735961814544847839e-02
2.758709153967221573e+04	5.103611934839359654e-02	2.745300333611730079e-02
2.774445452074498462e+04	5.132724086337821928e-02	2.754671731934836901e-02
2.790258892950809241e+04	5.161978951958997447e-02	2.764076125366359341e-02
2.806149828782264012e+04	5.191377183247188054e-02	2.773513630174136504e-02
2.822118613293865565e+04	5.220919434593651598e-02	2.782984363043114473e-02
2.838165601756047181e+04	5.250606363248687403e-02	2.792488441076848918e-02
2.854291150991258837e+04	5.280438629333828598e-02	2.802025981798915780e-02
2.870495619380505377e+04	5.310416895853935226e-02	2.811597103154450314e-02
2.886779366870035665e+04	5.340541828709566285e-02	2.821201923511587259e-02
2.903142754977937147e+04	5.370814096709183860e-02	2.830840561662975943e-02
2.919586146800909773e+04	5.401234371581683374e-02	2.840513136827279086e-02
2.936109907020845640e+04	5.431803327988565105e-02	2.850219768650687560e-02
2.952714401911663299e+04	5.462521643536576849e-02	2.859960577208387963e-02
2.969399999346009281e+04	5.493389998790117190e-02	2.869735683006090221e-02
2.986167068802068025e+04	5.524409077283826131e-02	2.879545206981575303e-02
3.003015981370436930e+04	5.555579565535308240e-02	2.889389270506205476e-02
3.019947109760841340e+04	5.586902153057556053e-02	2.899267995386418592e-02
3.036960828309145654e+04	5.618377532371919558e-02	2.909181503865313628e-02
3.054057512984182904e+04	5.650006399020738451e-02	2.919129918624204997e-02
3.071237541394717846e+04	5.681789451580227662e-02	2.929113362784091859e-02
3.088501292796392227e+04	5.713727391673325412e-02	2.939131959907260311e-02
3.105849148098702790e+04	5.745820923982600248e-02	2.949185833998864761e-02
3.123281489872058228e+04	5.778070756263307961e-02	2.959275109508464549e-02
3.140798702354810302e+04	5.810477599356399236e-02	2.969399911331569233e-02
3.158401171460305341e+04	5.843042167201565468e-02	2.979560364811318154e-02
3.176089284784047049e+04	5.875765176850486493e-02	2.989756595739915049e-02
3.193863431610774205e+04	5.908647348479932615e-02	2.999988730360322528e-02
3.211724002921672582e+04	5.941689405405094909e-02	3.010256895367803553e-02
3.229671391401554865e+04	5.974892074092876676e-02	3.020561217911591975e-02
3.247705991446066400e+04	6.008256084175223055e-02	3.030901825596375027e-02
3.265828199168983701e+04	6.041782168462619257e-02	3.041278846484041232e-02
3.284038412409468583e+04	6.075471062957516627e-02	3.051692409095205227e-02
3.302337030739410693e+04	6.109323506867909287e-02	3.062142642410903975e-02
3.320724455470703106e+04	6.143340242620801139e-02	3.072629675874115687e-02
3.339201089662710729e+04	6.177522015876014960e-02	3.083153639391521261e-02
3.357767338129680866e+04	6.211869575539909205e-02	3.093714663335050269e-02
3.376423607448088296e+04	6.246383673778962975e-02	3.104312878543612209e-02
3.395170305964168801e+04	6.281065066033712785e-02	3.114948416324666777e-02
3.414007843801465060e+04	6.315914511032710843e-02	3.125621408455961370e-02
3.432936632868213201e+04	6.350932770806194672e-02	3.136331987187124248e-02
3.451957086865098245e+04	6.386120610700431188e-02	3.147080285241369429e-02
3.471069621292654483e+04	6.421478799391409920e-02	3.157866435817231060e-02
3.490274653459036927e+04	6.457008108899219001e-02	3.168690572590121546e-02
3.509572602487625409e+04	6.492709314602106152e-02	3.179552829714164114e-02
3.528963889324723277e+04	6.528583195250738103e-02	3.190453341823785982e-02
3.548448936747224798e+04	6.564630532982365652e-02	3.201392244035460022e-02
3.568028169370468822e+04	6.600852113335367588e-02	3.212369671949431849e-02
3.587702013655962219e+04	6.637248725263529547e-02	3.223385761651385156e-02
3.607470897919201525e+04	6.673821161150522707e-02	3.234440649714175053e-02
3.627335252337496058e+04	6.710570216824368606e-02	3.245534473199658543e-02
3.647295508957948914e+04	6.747496691572206495e-02	3.256667369660278671e-02
3.667352101705242239e+04	6.784601388154698487e-02	3.267839477140890153e-02
3.687505466389707726e+04	6.821885112820959274e-02	3.279050934180497562e-02
3.707756040715220297e+04	6.859348675323156952e-02	3.290301879814002545e-02
3.728104264287230035e+04	6.896992888931376131e-02	3.301592453573964220e-02
3.748550578620846500e+04	6.934818570448565700e-02	3.312922795492351247e-02
3.769095427148888120e+04	6.972826540225442182e-02	3.324293046102334143e-02
3.789739255230041454e+04	7.011017622175576280e-02	3.335703346440079681e-02
3.810482510156897479e+04	7.049392643790260149e-02	3.347153838046496022e-02
3.831325641164308763e+04	7.087952436153971414e-02	3.358644662969061806e-02
3.852269099437393743e+04	7.126697833959177997e-02	3.370175963763598348e-02
3.873313338120008848e+04	7.165629675522015851e-02	3.381747883496096646e-02
3.894458812322877930e+04	7.204748802797324159e-02	3.393360565744529128e-02
3.915705979131923959e+04	7.244056061394059387e-02	3.405014154600658621e-02
3.937055297616712051e+04	7.283552300590917516e-02	3.416708794671865362e-02
3.958507228838768060e+04	7.323238373351721731e-02	3.428444631082965682e-02
3.980062235859994689e+04	7.363115136340990519e-02	3.440221809478103548e-02
4.001720783751138515e+04	7.403183449939605698e-02	3.452040476022547738e-02
4.023483339600313047e+04	7.443444178260578969e-02	3.463900777404530645e-02
4.045350372521543613e+04	7.483898189164855941e-02	3.475802860837187702e-02
4.067322353663218382e+04	7.524546354276953619e-02	3.487746874060326102e-02
4.089399756216804235e+04	7.565389549001087788e-02	3.499732965342359364e-02
4.111583055425480416e+04	7.606428652537138013e-02	3.511761283482182222e-02
4.133872728592684143e+04	7.647664547896465548e-02	3.523831977810998328e-02
4.156269255090935621e+04	7.689098121918230833e-02	3.535945198194322125e-02
4.178773116370511707e+04	7.730730265285445935e-02	3.548101095033805163e-02
4.201384795968320395e+04	7.772561872541393357e-02	3.560299819269123478e-02
4.224104779516591952e+04	7.814593842105695132e-02	3.572541522379951012e-02
4.246933554751840711e+04	7.856827076290905099e-02	3.584826356387875446e-02
4.269871611523683532e+04	7.899262481318813922e-02	3.597154473858289042e-02
4.292919441803784866e+04	7.941900967337002515e-02	3.609526027902333623e-02
4.316077539694782899e+04	7.984743448435348279e-02	3.621941172178851781e-02
4.339346401439342299e+04	8.027790842662783921e-02	3.634400060896360307e-02
4.362726525429151661e+04	8.071044072043929984e-02	3.646902848814963932e-02
4.386218412214078126e+04	8.114504062596043787e-02	3.659449691248355119e-02
4.409822564511098608e+04	8.158171744345532606e-02	3.672040744065754175e-02
4.433539487213687971e+04	8.202048051345321722e-02	3.684676163693917372e-02
4.457369687400817929e+04	8.246133921691513324e-02	3.697356107119108976e-02
4.481313674346278276e+04	8.290430297540615778e-02	3.710080731889071892e-02
4.505371959527889703e+04	8.334938125126596653e-02	3.722850196115042032e-02
4.529545056636784284e+04	8.379658354778050933e-02	3.735664658473808464e-02
4.553833481586802372e+04	8.424591940935585721e-02	3.748524278209646593e-02
4.578237752523923700e+04	8.469739842169259070e-02	3.761429215136394971e-02
4.602758389835520939e+04	8.515103021195713495e-02	3.774379629639424555e-02
4.627395916159963235e+04	8.560682444895931220e-02	3.787375682677772415e-02
4.652150856396045128e+04	8.606479084332684104e-02	3.800417535786076995e-02
4.677023737712489674e+04	8.652493914768107086e-02	3.813505351076725003e-02
4.702015089557645115e+04	8.698727915681644940e-02	3.826639291241810958e-02
4.727125443668921071e+04	8.745182070787503592e-02	3.839819519555304900e-02
4.752355334082644549e+04	8.791857368052891086e-02	3.853046199875097971e-02
4.777705297143578355e+04	8.838754799715620170e-02	3.866319496644992498e-02
4.803175871514730534e+04	8.885875362302250724e-02	3.879639574896912718e-02
4.828767598187144904e+04	8.933220056646218321e-02	3.893006600252964244e-02
4.854481020489679941e+04	8.980789887905908653e-02	3.906420738927492142e-02
4.880316684098852420e+04	9.028585865582876291e-02	3.919882157729252803e-02
4.906275137048812758e+04	9.076609003540303533e-02	3.933391024063528918e-02
4.932356929741195199e+04	9.124860320021210836e-02	3.946947505934182004e-02
4.958562614955130266e+04	9.173340837666991987e-02	3.960551771945882565e-02
4.984892747857239010e+04	9.222051583535892383e-02	3.974203991306173717e-02
5.011347886011735682e+04	9.270993589121710732e-02	3.987904333827690245e-02
5.037928589390491834e+04	9.320167890372410557e-02	4.001652969930286768e-02
5.064635420383217570e+04	9.369575527708953744e-02	4.015450070643185321e-02
5.091468943807640608e+04	9.419217546044135470e-02	4.029295807607159025e-02
5.118429726919651148e+04	9.469094994801353915e-02	4.043190353076762250e-02
5.145518339423672296e+04	9.519208927933793529e-02	4.057133879922439346e-02
5.172735353482976643e+04	9.569560403943506988e-02	4.071126561632783941e-02
5.200081343729987566e+04	9.620150485900476334e-02	4.085168572316711516e-02
5.227556887276681664e+04	9.670980241461860083e-02	4.099260086705707601e-02
5.255162563725038490e+04	9.722050742891320818e-02	4.113401280155987161e-02
5.282898955177531752e+04	9.773363067078433275e-02	4.127592328650791370e-02
5.310766646247720928e+04	9.824918295558283943e-02	4.141833408802594180e-02
5.338766224070604949e+04	9.876717514530618247e-02	4.156124697855342887e-02
5.366898278313532501e+04	9.928761814880035508e-02	4.170466373686727152e-02
5.395163401186674309e+04	9.981052292195347064e-02	4.184858614810411936e-02
5.423562187453688239e+04	1.003359004678932298e-01	4.199301600378355093e-02
5.452095234442689252e+04	1.008637618371897582e-01	4.213795510183108994e-02
5.480763142056785728e+04	1.013941181280505477e-01	4.228340524659970900e-02
5.509566512785053055e+04	1.019269804865234885e-01	4.242936824889389363e-02
5.538505951713427203e+04	1.024623601066984024e-01	4.257584592599315126e-02
5.567582066535528429e+04	1.030002682309072715e-01	4.272284010167356344e-02
5.596795467563721468e+04	1.035407161499288520e-01	4.287035260623194011e-02
5.626146767740180076e+04	1.040837152031933305e-01	4.301838527650971022e-02
5.655636582647719479e+04	1.046292767789828021e-01	4.316693995591491112e-02
5.685265530521135952e+04	1.051774123146410195e-01	4.331601849444670360e-02
5.715034232258330303e+04	1.057281332967791171e-01	4.346562274871845766e-02
5.744943311431399343e+04	1.062814512614808915e-01	4.361575458198124061e-02
5.774993394297971099e+04	1.068373777945124531e-01	4.376641586414809632e-02
5.805185109812409064e+04	1.073959245315295741e-01	4.391760847181717248e-02
5.835519089637261641e+04	1.079571031582893387e-01	4.406933428829633986e-02
5.865995968154613365e+04	1.085209254108603499e-01	4.422159520362636126e-02
5.896616382477390289e+04	1.090874030758317154e-01	4.437439311460557312e-02
5.927380972461077909e+04	1.096565479905299290e-01	4.452772992481369985e-02
5.958290380715058564e+04	1.102283720432285785e-01	4.468160754463603584e-02
5.989345252614217316e+04	1.108028871733630211e-01	4.483602789128762062e-02
6.020546236310620588e+04	1.113801053717464740e-01	4.499099288883906533e-02
6.051893982745187532e+04	1.119600386807859671e-01	4.514650446823868096e-02
6.083389145659319911e+04	1.125426991946974209e-01	4.530256456733838116e-02
6.115032381606767740e+04	1.131280990597252067e-01	4.545917513091951578e-02
6.146824349965381407e+04	1.137162504743595565e-01	4.561633811071409000e-02
6.178765712948994769e+04	1.143071656895564003e-01	4.577405546543456688e-02
6.210857135619394103e+04	1.149008570089587872e-01	4.593232916079442035e-02
6.243099285898179369e+04	1.154973367891163338e-01	4.609116116953518999e-02
6.275492834578830661e+04	1.160966174397083661e-01	4.625055347145166917e-02
6.308038455338795029e+04	1.166987114237677120e-01	4.641050805341576796e-02
6.340736824751496897e+04	1.173036312579026907e-01	4.657102690940356088e-02
6.373588622298629343e+04	1.179113895125246392e-01	4.673211204052024614e-02
6.406594530382348603e+04	1.185219988120734397e-01	4.689376545502441790e-02
6.439755234337412548e+04	1.191354718352421183e-01	4.705598916835551648e-02
6.473071422443598567e+04	1.197518213152065775e-01	4.721878520315728189e-02
6.506543785938023939e+04	1.203710600398534419e-01	4.738215558930519711e-02
6.540173019027619011e+04	1.209932008520109431e-01	4.754610236393262690e-02
6.573959818901529070e+04	1.216182566496782913e-01	4.771062757145498601e-02
6.607904885743647174e+04	1.222462403862574626e-01	4.787573326359760573e-02
6.642008922745153541e+04	1.228771650707853325e-01	4.804142149942047801e-02
6.676272636117189541e+04	1.235110437681680162e-01	4.820769434534528247e-02
6.710696735103595711e+04	1.241478895994165138e-01	4.837455387518196925e-02
6.745281931993470062e+04	1.247877157418791905e-01	4.854200217015375296e-02
6.780028942134043609e+04	1.254305354294797947e-01	4.871004131892546496e-02
6.814938483943526808e+04	1.260763619529552404e-01	4.887867341762876933e-02
6.850011278923830832e+04	1.267252086600908767e-01	4.904790056988989760e-02
6.885248051673757436e+04	1.273770889559645292e-01	4.921772488685614150e-02
6.920649529901820642e+04	1.280320163031836711e-01	4.938814848722167944e-02
6.956216444439336192e+04	1.286900042221277018e-01	4.955917349725558196e-02
6.991949529253441142e+04	1.293510662911886711e-01	4.973080205082977545e-02
7.027849521460392862e+04	1.300152161470172762e-01	4.990303628944451481e-02
7.063917161338680307e+04	1.306824674847655854e-01	5.007587836225673578e-02
7.100153192342279362e+04	1.313528340583321741e-01	5.024933042610688072e-02
7.136558361114031868e+04	1.320263296806095943e-01	5.042339464554690398e-02
7.173133417498931522e+04	1.327029682237302333e-01	5.059807319286688948e-02
7.209879114557502908e+04	1.333827636193138100e-01	5.077336824812486021e-02
7.246796208579439553e+04	1.340657298587196178e-01	5.094928199917189010e-02
7.283885459097103740e+04	1.347518809932964357e-01	5.112581664168175388e-02
7.321147628898949188e+04	1.354412311346305797e-01	5.130297437917890474e-02
7.358583484043402132e+04	1.361337944548029477e-01	5.148075742306443270e-02
7.396193793872356764e+04	1.368295851866385970e-01	5.165916799264790027e-02
7.433979331025059219e+04	1.375286176239635949e-01	5.183820831517223920e-02
7.471940871451873682e+04	1.382309061218596757e-01	5.201788062584501715e-02
7.510079194428329356e+04	1.389364650969240889e-01	5.219818716786411156e-02
7.548395082568604266e+04	1.396453090275191766e-01	5.237913019244784529e-02
7.586889321840017510e+04	1.403574524540403268e-01	5.256071195886427572e-02
7.625562701576814288e+04	1.410729099791710739e-01	5.274293473445871433e-02
7.664416014494278352e+04	1.417916962681441684e-01	5.292580079468348769e-02
7.703450056702939037e+04	1.425138260490043662e-01	5.310931242312644934e-02
7.742665627722747740e+04	1.432393141128708303e-01	5.329347191154037988e-02
7.782063530497421743e+04	1.439681753142023068e-01	5.347828155987187360e-02
7.821644571408690535e+04	1.447004245710607762e-01	5.366374367629091896e-02
7.861409560290786612e+04	1.454360768653795433e-01	5.384986057722098568e-02
7.901359310444843140e+04	1.461751472432295806e-01	5.403663458736768926e-02
7.941494638653399306e+04	1.469176508150878968e-01	5.422406803974819112e-02
7.981816365195030812e+04	1.476636027561080700e-01	5.441216327572189621e-02
8.022325313858973095e+04	1.484130183063910036e-01	5.460092264501983234e-02
8.063022311959631043e+04	1.491659127712531840e-01	5.479034850577455679e-02
8.103908190351686790e+04	1.499223015215062071e-01	5.498044322455084010e-02
8.144983783444641449e+04	1.506821999937258683e-01	5.517120917637459432e-02
8.186249929217741010e+04	1.514456236905282194e-01	5.536264874476436171e-02
8.227707469234969176e+04	1.522125881808469305e-01	5.555476432176126994e-02
8.269357248659993638e+04	1.529831091002098742e-01	5.574755830795970202e-02
8.311200116271193838e+04	1.537572021510170972e-01	5.594103311253730698e-02
8.353236924477040884e+04	1.545348831028252601e-01	5.613519115328712700e-02
8.395468529330921592e+04	1.553161677926220563e-01	5.633003485664678928e-02
8.437895790546544595e+04	1.561010721251110678e-01	5.652556665773079275e-02
8.480519571513273695e+04	1.568896120729955657e-01	5.672178900036060900e-02
8.523340739311520883e+04	1.576818036772631160e-01	5.691870433709658728e-02
8.566360164728082600e+04	1.584776630474695469e-01	5.711631512926863830e-02
8.609578722271790321e+04	1.592772063620281342e-01	5.731462384700806989e-02
8.652997290188827901e+04	1.600804498684933186e-01	5.751363296927962387e-02
8.696616750478633912e+04	1.608874098838547206e-01	5.771334498391123002e-02
8.740437988909479463e+04	1.616981027948253824e-01	5.791376238762829115e-02
8.784461895034088229e+04	1.625125450581306197e-01	5.811488768608318034e-02
8.828689362205789075e+04	1.633307532008070884e-01	5.831672339388930398e-02
8.873121287593916350e+04	1.641527438204874734e-01	5.851927203465213251e-02
8.917758572200329218e+04	1.649785335857061053e-01	5.872253614100050173e-02
8.962602120874960383e+04	1.658081392361867856e-01	5.892651825462068282e-02
9.007652842332141881e+04	1.666415775831446289e-01	5.913122092628812082e-02
9.052911649166807183e+04	1.674788655095859335e-01	5.933664671589995027e-02
9.098379457870264014e+04	1.683200199705998656e-01	5.954279819250693495e-02
9.144057188847160432e+04	1.691650579936724852e-01	5.974967793434837054e-02
9.189945766431237280e+04	1.700139966789779022e-01	5.995728852888226879e-02
9.236046118902192393e+04	1.708668531996905826e-01	6.016563257282052379e-02
9.282359178501795395e+04	1.717236448022832207e-01	6.037471267216116405e-02
9.328885881450664601e+04	1.725843888068372967e-01	6.058453144222167991e-02
9.375627167964792170e+04	1.734491026073486375e-01	6.079509150767253844e-02
9.422583982272255525e+04	1.743178036720367252e-01	6.100639550257114935e-02
9.469757272630051011e+04	1.751905095436559201e-01	6.121844607039395730e-02
9.517147991340840235e+04	1.760672378398055737e-01	6.143124586407205240e-02
9.564757094769744435e+04	1.769480062532402809e-01	6.164479754602383149e-02
9.612585543361603050e+04	1.778328325521896514e-01	6.185910378818959554e-02
9.660634301657670585e+04	1.787217345806668967e-01	6.207416727206579998e-02
9.708904338312828622e+04	1.796147302587873251e-01	6.228999068873861816e-02
9.757396626112928789e+04	1.805118375830891964e-01	6.250657673891847621e-02
9.806112141991956742e+04	1.814130746268511896e-01	6.272392813297528180e-02
9.855051867049103021e+04	1.823184595404084007e-01	6.294204759097234148e-02
9.904216786566571682e+04	1.832280105514815793e-01	6.316093784270067346e-02
9.953607890026578389e+04	1.841417459654917099e-01	6.338060162771534667e-02
1.000322617112933076e+05	1.850596841658926350e-01	6.360104169536880125e-02
1.005307262781024037e+05	1.859818436144894394e-01	6.382226080484734720e-02
1.010314826225785509e+05	1.869082428517703232e-01	6.404426172520588656e-02
1.015345408093171718e+05	1.878389004972367826e-01	6.426704723540271891e-02
1.020399109457953455e+05	1.887738352497213834e-01	6.449062012433606772e-02
1.025476031825590035e+05	1.897130658877341780e-01	6.471498319087831685e-02
1.030576277133974509e+05	1.906566112697853088e-01	6.494013924391382753e-02
1.035699947755249887e+05	1.916044903347212391e-01	6.516609110237288338e-02
1.040847146497625799e+05	1.925567221020607622e-01	6.539284159526882745e-02
1.046017976607196906e+05	1.935133256723314266e-01	6.562039356173292315e-02
1.051212541769766394e+05	1.944743202274067939e-01	6.584874985105297618e-02
1.056430946112663223e+05	1.954397250308426981e-01	6.607791332270655793e-02
1.061673294206617720e+05	1.964095594282242729e-01	6.630788684640165354e-02
1.066939691067583190e+05	1.973838428475029050e-01	6.653867330210852526e-02
1.072230242158606125e+05	1.983625947993421512e-01	6.677027558010058261e-02
1.077545053391688562e+05	1.993458348774623801e-01	6.700269658098870207e-02
1.082884231129639957e+05	2.003335827589834139e-01	6.723593921576000165e-02
1.088247882187991345e+05	2.013258582047783851e-01	6.747000640581420072e-02
1.093636113836858422e+05	2.023226810598188208e-01	6.770490108300034060e-02
1.099049033802838385e+05	2.033240712535251127e-01	6.794062618965643341e-02
1.104486750270927296e+05	2.043300488001215665e-01	6.817718467864387899e-02
1.109949371886409645e+05	2.053406337989858166e-01	6.841457951338796029e-02
1.115437007756790845e+05	2.063558464350063182e-01	6.865281366791504969e-02
1.120949767453719396e+05	2.073757069789380902e-01	6.889189012688928804e-02
1.126487761014912685e+05	2.084002357877588474e-01	6.913181188565248325e-02
1.132051098946122511e+05	2.094294533050326812e-01	6.937258195026146934e-02
1.137639892223059142e+05	2.104633800612659422e-01	6.961420333752582623e-02
1.143254252293368772e+05	2.115020366742732527e-01	6.985667907504884699e-02
1.148894291078579408e+05	2.125454438495371912e-01	7.010001220126332866e-02
1.154560120976094913e+05	2.135936223805775525e-01	7.034420576547273374e-02
1.160251854861165630e+05	2.146465931493156398e-01	7.058926282788888229e-02
1.165969606088882720e+05	2.157043771264433030e-01	7.083518645967087912e-02
1.171713488496177306e+05	2.167669953717927811e-01	7.108197974296620592e-02
1.177483616403816850e+05	2.178344690347061297e-01	7.132964577094802472e-02
1.183280104618439364e+05	2.189068193544112528e-01	7.157818764785500720e-02
1.189103068434557790e+05	2.199840676603932177e-01	7.182760848903252393e-02
1.194952623636599747e+05	2.210662353727709528e-01	7.207791142097171033e-02
1.200828886500955268e+05	2.221533440026767225e-01	7.232909958134815798e-02
1.206731973798007093e+05	2.232454151526313268e-01	7.258117611906333977e-02
1.212662002794196451e+05	2.243424705169263511e-01	7.283414419428541065e-02
1.218619091254093801e+05	2.254445318820073318e-01	7.308800697848830130e-02
1.224603357442467823e+05	2.265516211268565616e-01	7.334276765449294910e-02
1.230614920126356883e+05	2.276637602233760327e-01	7.359842941650787673e-02
1.236653898577174696e+05	2.287809712367773474e-01	7.385499547017033983e-02
1.242720412572809582e+05	2.299032763259697687e-01	7.411246903258598973e-02
1.248814582399713690e+05	2.310306977439470499e-01	7.437085333237285212e-02
1.254936528855040378e+05	2.321632578381824519e-01	7.463015160969903306e-02
1.261086373248754244e+05	2.333009790510195414e-01	7.489036711632741927e-02
1.267264237405781605e+05	2.344438839200695956e-01	7.515150311565457764e-02
1.273470243668123439e+05	2.355919950786028449e-01	7.541356288275471997e-02
1.279704514897039480e+05	2.367453352559523161e-01	7.567654970441990703e-02
1.285967174475199427e+05	2.379039272779119030e-01	7.594046687920284755e-02
1.292258346308821929e+05	2.390677940671320501e-01	7.620531771745921168e-02
1.298578154829903360e+05	2.402369586435321169e-01	7.647110554139038840e-02
1.304926724998367135e+05	2.414114441246979215e-01	7.673783368508413361e-02
1.311304182304262940e+05	2.425912737262886365e-01	7.700550549455946470e-02
1.317710652770006272e+05	2.437764707624511529e-01	7.727412432780807194e-02
1.324146262952510733e+05	2.449670586462144861e-01	7.754369355483758941e-02
1.330611139945510367e+05	2.461630608899194050e-01	7.781421655771525447e-02
1.337105411381738377e+05	2.473645011056216092e-01	7.808569673061048488e-02
1.343629205435161130e+05	2.485714030055048152e-01	7.835813747983805255e-02
1.350182650823249714e+05	2.497837904023011979e-01	7.863154222390267289e-02
1.356765876809233741e+05	2.510016872097082241e-01	7.890591439354220638e-02
1.363379013204368821e+05	2.522251174428082332e-01	7.918125743177174825e-02
1.370022190370208700e+05	2.534541052184886012e-01	7.945757479392687173e-02
1.376695539220898354e+05	2.546886747558662067e-01	7.973486994770881409e-02
1.383399191225458053e+05	2.559288503767097600e-01	8.001314637322895496e-02
1.390133278410127677e+05	2.571746565058736222e-01	8.029240756305232318e-02
1.396897933360621973e+05	2.584261176717150277e-01	8.057265702224314374e-02
1.403693289224519394e+05	2.596832585065361187e-01	8.085389826840891359e-02
1.410519479713567707e+05	2.609461037470100497e-01	8.113613483174679508e-02
1.417376639105981158e+05	2.622146782346064797e-01	8.141937025508767800e-02
1.424264902248896251e+05	2.634890069160458204e-01	8.170360809394146273e-02
1.431184404560647090e+05	2.647691148437197328e-01	8.198885191654289861e-02
1.438135282033169351e+05	2.660550271761363272e-01	8.227510530389742227e-02
1.445117671234385634e+05	2.673467691783613098e-01	8.256237184982699595e-02
1.452131709310592851e+05	2.686443662224596851e-01	8.285065516101530747e-02
1.459177533988878713e+05	2.699478437879425652e-01	8.313995885705458000e-02
1.466255283579506213e+05	2.712572274622086499e-01	8.343028657049306185e-02
1.473365096978350775e+05	2.725725429409949219e-01	8.372164194687853334e-02
1.480507113669336541e+05	2.738938160288272861e-01	8.401402864480873867e-02
1.487681473726886034e+05	2.752210726394739293e-01	8.430745033597315807e-02
1.494888317818338401e+05	2.765543387963926292e-01	8.460191070520650669e-02
1.502127787206449430e+05	2.778936406331931619e-01	8.489741345053142263e-02
1.509400023751814733e+05	2.792390043940857214e-01	8.519396228320549880e-02
1.516705169915422448e+05	2.805904564343531526e-01	8.549156092777285276e-02
1.524043368761086022e+05	2.819480232208009252e-01	8.579021312210578787e-02
1.531414763957968098e+05	2.833117313322240927e-01	8.608992261745870844e-02
1.538819499783084320e+05	2.846816074598705892e-01	8.639069317851158503e-02
1.546257721123836527e+05	2.860576784079097434e-01	8.669252858342146872e-02
1.553729573480539839e+05	2.874399710938999042e-01	8.699543262386805198e-02
1.561235202968978556e+05	2.888285125492610073e-01	8.729940910510575192e-02
1.568774756322947796e+05	2.902233299197453653e-01	8.760446184600743924e-02
1.576348380896796589e+05	2.916244504659073478e-01	8.791059467911883918e-02
1.583956224668060895e+05	2.930319015635912683e-01	8.821781145070292651e-02
1.591598436240005831e+05	2.944457107044011202e-01	8.852611602079100972e-02
1.599275164844206884e+05	2.958659054961783053e-01	8.883551226323413430e-02
1.606986560343202727e+05	2.972925136634925192e-01	8.914600406575064195e-02
1.614732773233072367e+05	2.987255630481183699e-01	8.945759532997429875e-02
1.622513954646074562e+05	3.001650816095238206e-01	8.977028997150841849e-02
1.630330256353331206e+05	3.016110974253662924e-01	9.008409191997236720e-02
1.638181830767385836e+05	3.030636386919663972e-01	9.039900511905366032e-02
1.646068830944945512e+05	3.045227337248149202e-01	9.071503352655717334e-02
1.653991410589512088e+05	3.059884109590597645e-01	9.103218111445889049e-02
1.661949724054069957e+05	3.074606989500029419e-01	9.135045186895389413e-02
1.669943926343790372e+05	3.089396263736012282e-01	9.166984979050678273e-02
1.677974173118734325e+05	3.104252220269658746e-01	9.199037889390519751e-02
1.686040620696540864e+05	3.119175148288600430e-01	9.231204320830999066e-02
1.694143426055193413e+05	3.134165338202107853e-01	9.263484677730912664e-02
1.702282746835718572e+05	3.149223081646079225e-01	9.295879365896463076e-02
1.710458741344957089e+05	3.164348671488170783e-01	9.328388792587015421e-02
1.718671568558326690e+05	3.179542401832904375e-01	9.361013366519822798e-02
1.726921388122578501e+05	3.194804568026770042e-01	9.393753497875673153e-02
1.735208360358588689e+05	3.210135466663389114e-01	9.426609598303860305e-02
1.743532646264161449e+05	3.225535395588698950e-01	9.459582080927524117e-02
1.751894407516810752e+05	3.241004653906099930e-01	9.492671360349029530e-02
1.760293806476581376e+05	3.256543541981675727e-01	9.525877852655345590e-02
1.768731006188909814e+05	3.272152361449482960e-01	9.559201975423101127e-02
1.777206170387400489e+05	3.287831415216690978e-01	9.592644147724090076e-02
1.785719463496752142e+05	3.303581007468991415e-01	9.626204790130699074e-02
1.794271050635554711e+05	3.319401443675776275e-01	9.659884324721274007e-02
1.802861097619218344e+05	3.335293030595554153e-01	9.693683175085360260e-02
1.811489770962815091e+05	3.351256076281207696e-01	9.727601766329405097e-02
1.820157237884012284e+05	3.367290890085422594e-01	9.761640525081950737e-02
1.828863666305933148e+05	3.383397782665976128e-01	9.795799879499318685e-02
1.837609224860141694e+05	3.399577065991262192e-01	9.830080259270949916e-02
1.846394082889553683e+05	3.415829053345674216e-01	9.864482095624921287e-02
1.855218410451349046e+05	3.432154059334995844e-01	9.899005821333546618e-02
1.864082378319964046e+05	3.448552399891933185e-01	9.933651870718900045e-02
1.872986157990052307e+05	3.465024392281596533e-01	9.968420679658321348e-02
1.881929921679476101e+05	3.481570355107030945e-01	1.000331268559005587e-01
1.890913842332278728e+05	3.498190608314715733e-01	1.003832832751890142e-01
1.899938093621706357e+05	3.514885473200156651e-01	1.007346804602162471e-01
1.909002849953226105e+05	3.531655272413468105e-01	1.010873228325290391e-01
1.918108286467558937e+05	3.548500329964984212e-01	1.014412148295086580e-01
1.927254579043705889e+05	3.565420971230855995e-01	1.017963609044268275e-01
1.936441904302030744e+05	3.582417522958756817e-01	1.021527655265059981e-01
1.945670439607315056e+05	3.599490313273533415e-01	1.025104331809719438e-01
1.954940363071821048e+05	3.616639671682868595e-01	1.028693683691136035e-01
1.964251853558412695e+05	3.633865929083063273e-01	1.032295756083412008e-01
1.973605090683635790e+05	3.651169417764726366e-01	1.035910594322444894e-01
1.983000254820879782e+05	3.668550471418627335e-01	1.039538243906493048e-01
1.992437527103461034e+05	3.686009425141402729e-01	1.043178750496767532e-01
2.001917089427792816e+05	3.703546615441416501e-01	1.046832159918027610e-01
2.011439124456533464e+05	3.721162380244587009e-01	1.050498518159144606e-01
2.021003815621768008e+05	3.738857058900271202e-01	1.054177871373713632e-01
2.030611347128163034e+05	3.756630992187101614e-01	1.057870265880633542e-01
2.040261903956187307e+05	3.774484522318946600e-01	1.061575748164709232e-01
2.049955671865325421e+05	3.792417992950851691e-01	1.065294364877224093e-01
2.059692837397276890e+05	3.810431749184962080e-01	1.069026162836576033e-01
2.069473587879216939e+05	3.828526137576551691e-01	1.072771189028848826e-01
2.079298111427011609e+05	3.846701506139971194e-01	1.076529490608430506e-01
2.089166596948507649e+05	3.864958204354739246e-01	1.080301114898609000e-01
2.099079234146794188e+05	3.883296583171569338e-01	1.084086109392184416e-01
2.109036213523508632e+05	3.901716995018491008e-01	1.087884521752065237e-01
2.119037726382107940e+05	3.920219793806899999e-01	1.091696399811897533e-01
2.129083964831194608e+05	3.938805334937710567e-01	1.095521791576662685e-01
2.139175121787882817e+05	3.957473975307583269e-01	1.099360745223310204e-01
2.149311390981072036e+05	3.976226073314982901e-01	1.103213309101357537e-01
2.159492966954855074e+05	3.995061988866481784e-01	1.107079531733527050e-01
2.169720045071870263e+05	4.013982083382959809e-01	1.110959461816352634e-01
2.179992821516690310e+05	4.032986719805877196e-01	1.114853148220826540e-01
2.190311493299194844e+05	4.052076262603510060e-01	1.118760639992990441e-01
2.200676258258024463e+05	4.071251077777345295e-01	1.122681986354598094e-01
2.211087315063958522e+05	4.090511532868323363e-01	1.126617236703734565e-01
2.221544863223408174e+05	4.109857996963305338e-01	1.130566440615448504e-01
2.232049103081804060e+05	4.129290840701337340e-01	1.134529647842385108e-01
2.242600235827126889e+05	4.148810436280184755e-01	1.138506908315425892e-01
2.253198463493339077e+05	4.168417157462677713e-01	1.142498272144339411e-01
2.263843988963887386e+05	4.188111379583191463e-01	1.146503789618410485e-01
2.274537015975267277e+05	4.207893479554244420e-01	1.150523511207089261e-01
2.285277749120453955e+05	4.227763835872839771e-01	1.154557487560655543e-01
2.296066393852518231e+05	4.247722828627158997e-01	1.158605769510840239e-01
2.306903156488143723e+05	4.267770839503065572e-01	1.162668408071493298e-01
2.317788244211201381e+05	4.287908251790722436e-01	1.166745454439235274e-01
2.328721865076339745e+05	4.308135450391228916e-01	1.170836959994111526e-01
2.339704228012543172e+05	4.328452821823204899e-01	1.174942976300258068e-01
2.350735542826793389e+05	4.348860754229567638e-01	1.179063555106568129e-01
2.361816020207656838e+05	4.369359637384165329e-01	1.183198748347339957e-01
2.372945871728955535e+05	4.389949862698567795e-01	1.187348608142952955e-01
2.384125309853404760e+05	4.410631823228798876e-01	1.191513186800527146e-01
2.395354547936262388e+05	4.431405913682085473e-01	1.195692536814608603e-01
2.406633800229065528e+05	4.452272530423770913e-01	1.199886710867841266e-01
2.417963281883290038e+05	4.473232071484086747e-01	1.204095761831618372e-01
2.429343208954053116e+05	4.494284936564998389e-01	1.208319742766801319e-01
2.440773798403904948e+05	4.515431527047223947e-01	1.212558706924374563e-01
2.452255268106502481e+05	4.536672245997029895e-01	1.216812707746130207e-01
2.463787836850427557e+05	4.558007498173290983e-01	1.221081798865367440e-01
2.475371724342914822e+05	4.579437690034391939e-01	1.225366034107568669e-01
2.487007151213687903e+05	4.600963229745322347e-01	1.229665467491073277e-01
2.498694339018732135e+05	4.622584527184654402e-01	1.233980153227814125e-01
2.510433510244127247e+05	4.644301993951635565e-01	1.238310145723985900e-01
2.522224888309876551e+05	4.666116043373271793e-01	1.242655499580737066e-01
2.534068697573787649e+05	4.688027090511506789e-01	1.247016269594901083e-01
2.545965163335320249e+05	4.710035552170341866e-01	1.251392510759662680e-01
2.557914511839484912e+05	4.732141846903046845e-01	1.255784278265280607e-01
2.569916970280709211e+05	4.754346395019312110e-01	1.260191627499808731e-01
2.581972766806797881e+05	4.776649618592576085e-01	1.264614614049786867e-01
2.594082130522820516e+05	4.799051941467217808e-01	1.269053293700954377e-01
2.606245291495098791e+05	4.821553789265932699e-01	1.273507722438987910e-01
2.618462480755175638e+05	4.844155589397075024e-01	1.277977956450206121e-01
2.630733930303757079e+05	4.866857771061950388e-01	1.282464052122289644e-01
2.643059873114734073e+05	4.889660765262258124e-01	1.286966066045000245e-01
2.655440543139196234e+05	4.912565004807513125e-01	1.291484055010921339e-01
2.667876175309432438e+05	4.935570924322450481e-01	1.296018076016163256e-01
2.680367005543033010e+05	4.958678960254611079e-01	1.300568186261135961e-01
2.692913270746875787e+05	4.981889550881720141e-01	1.305134443151241830e-01
2.705515208821292617e+05	5.005203136319391621e-01	1.309716904297638651e-01
2.718173058664100827e+05	5.028620158528587236e-01	1.314315627517967933e-01
2.730887060174730723e+05	5.052141061323252025e-01	1.318930670837094865e-01
2.743657454258390935e+05	5.075766290378023182e-01	1.323562092487867436e-01
2.756484482830130146e+05	5.099496293235741273e-01	1.328209950911848902e-01
2.769368388819093816e+05	5.123331519315322824e-01	1.332874304760073014e-01
2.782309416172634810e+05	5.147272419919374231e-01	1.337555212893800083e-01
2.795307809860538691e+05	5.171319448241996630e-01	1.342252734385284141e-01
2.808363815879241447e+05	5.195473059376596314e-01	1.346966928518493201e-01
2.821477681256051874e+05	5.219733710323696263e-01	1.351697854789916109e-01
2.834649654053408303e+05	5.244101859998805404e-01	1.356445572909309727e-01
2.847879983373124269e+05	5.268577969240280101e-01	1.361210142800446665e-01
2.861168919360709842e+05	5.293162500817313321e-01	1.365991624601908538e-01
2.874516713209581794e+05	5.317855919437726175e-01	1.370790078667861178e-01
2.887923617165505420e+05	5.342658691756184686e-01	1.375605565568804312e-01
2.901389884530819254e+05	5.367571286382015749e-01	1.380438146092365370e-01
2.914915769668896100e+05	5.392594173887458320e-01	1.385287881244098018e-01
2.928501528008422465e+05	5.417727826815581516e-01	1.390154832248224337e-01
2.942147416047782754e+05	5.442972719688398131e-01	1.395039060548466658e-01
2.955853691359560471e+05	5.468329329015186868e-01	1.399940627808793914e-01
2.969620612594843260e+05	5.493798133300460407e-01	1.404859595914242643e-01
2.983448439487802680e+05	5.519379613052435296e-01	1.409796026971704697e-01
2.997337432859996916e+05	5.545074250790994475e-01	1.414749983310725490e-01
3.011287854624929023e+05	5.570882531056119413e-01	1.419721527484304746e-01
3.025299967792595271e+05	5.596804940416301166e-01	1.424710722269686702e-01
3.039374036473928718e+05	5.622841967476768232e-01	1.429717630669200545e-01
3.053510325885304483e+05	5.648994102887813229e-01	1.434742315911024246e-01
3.067709102353174821e+05	5.675261839353372695e-01	1.439784841450040542e-01
3.081970633318576147e+05	5.701645671639365975e-01	1.444845270968615203e-01
3.096295187341755955e+05	5.728146096582248381e-01	1.449923668377442465e-01
3.110683034106767736e+05	5.754763613097519936e-01	1.455020097816360214e-01
3.125134444426098489e+05	5.781498722188282979e-01	1.460134623655151287e-01
3.139649690245291567e+05	5.808351926953789768e-01	1.465267310494416664e-01
3.154229044647589908e+05	5.835323732598041158e-01	1.470418223166346239e-01
3.168872781858723029e+05	5.862414646438638410e-01	1.475587426735611440e-01
3.183581177251506015e+05	5.889625177915286391e-01	1.480774986500158485e-01
3.198354507350603817e+05	5.916955838598617623e-01	1.485980967992067692e-01
3.213193049837258295e+05	5.944407142198927518e-01	1.491205436978392251e-01
3.228097083554021083e+05	5.971979604574939593e-01	1.496448459461990899e-01
3.243066888509608107e+05	5.999673743742774956e-01	1.501710101682398324e-01
3.258102745883628959e+05	6.027490079884713081e-01	1.506990430116663116e-01
3.273204938031407073e+05	6.055429135358102455e-01	1.512289511480195414e-01
3.288373748488864512e+05	6.083491434704398904e-01	1.517607412727646210e-01
3.303609461977340397e+05	6.111677504658079574e-01	1.522944201053746116e-01
3.318912364408440189e+05	6.139987874155614644e-01	1.528299943894174118e-01
3.334282742889042129e+05	6.168423074344727697e-01	1.533674708926437147e-01
3.349720885726058623e+05	6.196983638593208665e-01	1.539068564070721623e-01
3.365227082431502640e+05	6.225670102498279679e-01	1.544481577490788848e-01
3.380801623727330007e+05	6.254483003895560111e-01	1.549913817594818222e-01
3.396444801550567499e+05	6.283422882868550108e-01	1.555365353036320952e-01
3.412156909058145829e+05	6.312490281757570099e-01	1.560836252714994932e-01
3.427938240631998633e+05	6.341685745169197697e-01	1.566326585777639280e-01
3.443789091884114314e+05	6.371009819985611333e-01	1.571836421619009494e-01
3.459709759661569842e+05	6.400463055373905030e-01	1.577365829882746706e-01
3.475700542051571538e+05	6.430046002795407611e-01	1.582914880462234775e-01
3.491761738386636716e+05	6.459759216015277250e-01	1.588483643501530651e-01
3.507893649249610025e+05	6.489603251111778492e-01	1.594072189396240902e-01
3.524096576478898060e+05	6.519578666485961183e-01	1.599680588794444580e-01
3.540370823173609097e+05	6.549686022871177293e-01	1.605308912597591953e-01
3.556716693698649760e+05	6.579925883342501169e-01	1.610957231961425429e-01
3.573134493690075469e+05	6.610298813326639378e-01	1.616625618296896050e-01
3.589624530060167890e+05	6.640805380611309872e-01	1.622314143271043341e-01
3.606187111002773163e+05	6.671446155355130747e-01	1.628022878807985907e-01
3.622822545998544083e+05	6.702221710097306939e-01	1.633751897089786020e-01
3.639531145820195670e+05	6.733132619767362437e-01	1.639501270557406076e-01
3.656313222537907423e+05	6.764179461695128959e-01	1.645271071911627581e-01
3.673169089524517767e+05	6.795362815620358266e-01	1.651061374114007885e-01
3.690099061460989178e+05	6.826683263702830740e-01	1.656872250387779744e-01
3.707103454341752804e+05	6.858141390532241921e-01	1.662703774218830810e-01
3.724182585480029229e+05	6.889737783138053517e-01	1.668556019356630116e-01
3.741336773513397784e+05	6.921473030999786280e-01	1.674429059815193133e-01
3.758566338409092277e+05	6.953347726056821054e-01	1.680322969873994932e-01
3.775871601469534799e+05	6.985362462718639476e-01	1.686237824078963554e-01
3.793252885337825865e+05	7.017517837874978071e-01	1.692173697243427033e-01
3.810710514003203134e+05	7.049814450905925733e-01	1.698130664449077620e-01
3.828244812806599075e+05	7.082252903692207724e-01	1.704108801046929078e-01
3.845856108446213766e+05	7.114833800625496307e-01	1.710108182658297005e-01
3.863544728983023087e+05	7.147557748618592610e-01	1.716128885175771390e-01
3.881311003846451058e+05	7.180425357115934881e-01	1.722170984764165580e-01
3.899155263839938561e+05	7.213437238103885818e-01	1.728234557861539622e-01
3.917077841146621504e+05	7.246594006121249709e-01	1.734319681180153949e-01
3.935079069334963569e+05	7.279896278269681886e-01	1.740426431707455535e-01
3.953159283364451258e+05	7.313344674224234732e-01	1.746554886707072651e-01
3.971318819591313368e+05	7.346939816243929222e-01	1.752705123719839886e-01
3.989558015774269006e+05	7.380682329182397527e-01	1.758877220564753208e-01
4.007877211080222041e+05	7.414572840498411255e-01	1.765071255339971390e-01
4.026276746090135421e+05	7.448611980266750532e-01	1.771287306423857955e-01
4.044756962804741343e+05	7.482800381188771111e-01	1.777525452475944845e-01
4.063318204650442931e+05	7.517138678603320079e-01	1.783785772437992134e-01
4.081960816485129762e+05	7.551627510497489482e-01	1.790068345534941430e-01
4.100685144604036468e+05	7.586267517517467640e-01	1.796373251276010830e-01
