0.000000000000000000e+00	0.000000000000000000e+00	0.000000000000000000e+00
4.015342298205134171e+02	7.424728570330254825e-04	1.968075048771340263e-01
7.905547472889943492e+02	1.462171898876879136e-03	1.900961806149495392e-01
1.168089095927473636e+03	2.160620624002625428e-03	1.838949612271824907e-01
1.535068649098056767e+03	2.839542157268718902e-03	1.781566433699446617e-01
1.892338638672234310e+03	3.500500253036807792e-03	1.728389069376993215e-01
2.240667067430511452e+03	4.144915784080966704e-03	1.679037742925814369e-01
2.580752635112179178e+03	4.774081405637060731e-03	1.633171322043700802e-01
2.913231792416343524e+03	5.389174606062808494e-03	1.590483089826638385e-01
3.238685023560890841e+03	5.991269330242771085e-03	1.550697002071672326e-01
3.557642445994360969e+03	6.581346339649346913e-03	1.513564372704813976e-01
3.870588805315696845e+03	7.160302453470590404e-03	1.478860936551037175e-01
4.177967934204570156e+03	7.728958798097901317e-03	1.446384244853927137e-01
4.480186736040280266e+03	8.288068177234856129e-03	1.415951354371897120e-01
4.777618746748399644e+03	8.838321661680888577e-03	1.387396775624548662e-01
5.070607322140886026e+03	9.380354486236825579e-03	1.360570650020715422e-01
5.359468492498902378e+03	9.914751330973144150e-03	1.335337129244430765e-01
5.644493521293998128e+03	1.044205105512212815e-02	1.311572933469970781e-01
5.925951200673725907e+03	1.096275094395586860e-02	1.289166067779407010e-01
6.204089912576047027e+03	1.147731052205241790e-02	1.268014678615166646e-01
6.479139481025654277e+03	1.198615498022624973e-02	1.248026034257798816e-01
6.751312838245263265e+03	1.248967825799673567e-02	1.229115615214449453e-01
7.020807524641856617e+03	1.298824581870780016e-02	1.211206302068118107e-01
7.287807040456329560e+03	1.348219715020940179e-02	1.194227649800473912e-01
7.552482064861896106e+03	1.397184802030544681e-02	1.178115238887260663e-01
7.814991556526626482e+03	1.445749251289815858e-02	1.162810094596477550e-01
8.075483748092174210e+03	1.493940486786651811e-02	1.148258166914584572e-01
8.334097045638713098e+03	1.541784114515956650e-02	1.134409864402449036e-01
8.590960842984235569e+03	1.589304073132467854e-02	1.121219636054126279e-01
8.846196259584399741e+03	1.636522770468919891e-02	1.108645595911555565e-01
9.099916809842106886e+03	1.683461207364324655e-02	1.096649185787391817e-01
9.352229010786964864e+03	1.730139090090078088e-02	1.085194871976914582e-01
9.603232934333549565e+03	1.776574932522597197e-02	1.074249872306020370e-01
9.853022709660765031e+03	1.822786149087879046e-02	1.063783910274130190e-01
1.010168698066139041e+04	1.868789139393610063e-02	1.053768993414293392e-01
1.034930932288815893e+04	1.914599365367747677e-02	1.044179213314035543e-01
1.059596862395256176e+04	1.960231421635509619e-02	1.034990565024497267e-01
1.084173943092057016e+04	2.005699099790484233e-02	1.026180783836530414e-01
1.108669226787859952e+04	2.051015447146956397e-02	1.017729197624915038e-01
1.133089392651494381e+04	2.096192820499844997e-02	1.009616593158510489e-01
1.157440773226945385e+04	2.141242935364546032e-02	1.001825094948580741e-01
1.181729378834284580e+04	2.186176911120603014e-02	9.943380553622699347e-02
1.205960919962547268e+04	2.231005312440298774e-02	9.871399548650486300e-02
1.230140827839616031e+04	2.275738187344545846e-02	9.802163113778637749e-02
1.254274273345836627e+04	2.320385102194537363e-02	9.735535978425789716e-02
1.278366184421371509e+04	2.364955173896678142e-02	9.671391671852772043e-02
1.302421262102559376e+04	2.409457099571062424e-02	9.609611839524798138e-02
1.326443995309242746e+04	2.453899183909128562e-02	9.550085619708913176e-02
1.350438674493299368e+04	2.498289364424452486e-02	9.492709074492390597e-02
1.374409404247706880e+04	2.542635234780432282e-02	9.437384670004404785e-02
1.398360114966281435e+04	2.586944066361645048e-02	9.384020801163917014e-02
1.422294573635461711e+04	2.631222828239416014e-02	9.332531356750528584e-02
1.446216393831704590e+04	2.675478205667701503e-02	9.282835321024016095e-02
1.470129044991585033e+04	2.719716617233420425e-02	9.234856408497535418e-02
1.494035861015007140e+04	2.763944230772980709e-02	9.188522728810476214e-02
1.517940048256667978e+04	2.808166978157035018e-02	9.143766478948739396e-02
1.541844692955780738e+04	2.852390569035961193e-02	9.100523660335244069e-02
1.565752768149417352e+04	2.896620503630008975e-02	9.058733818554151607e-02
1.589667140111011759e+04	2.940862084640947713e-02	9.018339803690847423e-02
1.613590574351610303e+04	2.985120428354771926e-02	8.979287549465943263e-02
1.637525741218234180e+04	3.029400474999025331e-02	8.941525869515613845e-02
1.661475221120737478e+04	3.073706998412822217e-02	8.905006269328541446e-02
1.685441509415811379e+04	3.118044615082555746e-02	8.869682772490125600e-02
1.709427020974112020e+04	3.162417792591372401e-02	8.835511760012366989e-02
1.733434094454698788e+04	3.206830857527134815e-02	8.802451821641635310e-02
1.757464996308469563e+04	3.251288002889024531e-02	8.770463618138331363e-02
1.781521924530667820e+04	3.295793295029905007e-02	8.739509753616593601e-02
1.805607012180974925e+04	3.340350680168688302e-02	8.709554657114092213e-02
1.829722330687864087e+04	3.384963990503597753e-02	8.680564472637861129e-02
1.853869892952893133e+04	3.429636949955273267e-02	8.652506956998984311e-02
1.878051656268991792e+04	3.474373179565780345e-02	8.625351384812360300e-02
1.902269525066010101e+04	3.519176202578018497e-02	8.599068460089961952e-02
1.926525353495282616e+04	3.564049449217318588e-02	8.573630233908899334e-02
1.950820947864745904e+04	3.608996261196534272e-02	8.549010027679471158e-02
1.975158068934363473e+04	3.654019895962713066e-02	8.525182361579115853e-02
1.999538434081613377e+04	3.699123530703351398e-02	8.502122887757047887e-02
2.023963719345618301e+04	3.744310266128157705e-02	8.479808327945516366e-02
2.048435561357959523e+04	3.789583130041147829e-02	8.458216415147302991e-02
2.072955559167624233e+04	3.834945080716901239e-02	8.437325839093628987e-02
2.097525275967064590e+04	3.880399010093851797e-02	8.417116195194719597e-02
2.122146240725521420e+04	3.925947746796022708e-02	8.397567936726570148e-02
2.146819949735702539e+04	3.971594058994461218e-02	8.378662330018463167e-02
2.171547868079256295e+04	4.017340657118432384e-02	8.360381412426071135e-02
2.196331431016034185e+04	4.063190196425628398e-02	8.342707952890794643e-02
2.221172045301978505e+04	4.109145279440317572e-02	8.325625414902845800e-02
2.246071090439884210e+04	4.155208458267323907e-02	8.309117921699432641e-02
2.271029919867195713e+04	4.201382236789497765e-02	8.293170223543219755e-02
2.296049862084623965e+04	4.247669072755717173e-02	8.277767666937786706e-02
2.321132221729080266e+04	4.294071379765863200e-02	8.262896165647906632e-02
2.346278280594222815e+04	4.340591529158875639e-02	8.248542173402891031e-02
2.371489298601658811e+04	4.387231851809526850e-02	8.234692658170233992e-02
2.396766514725800880e+04	4.433994639839441282e-02	8.221335077895179644e-02
2.422111147874755625e+04	4.480882148246783520e-02	8.208457357610128569e-02
2.447524397729974953e+04	4.527896596459646955e-02	8.196047867824070299e-02
2.473007445547021052e+04	4.575040169817509023e-02	8.184095404109677230e-02
2.498561454919425887e+04	4.622315020984398004e-02	8.172589167811181166e-02
2.524187572507807272e+04	4.669723271297793188e-02	8.161518747802065654e-02
2.549886928736187110e+04	4.717267012056841624e-02	8.150874103225856648e-02
2.575660638457164532e+04	4.764948305752957081e-02	8.140645547159482132e-02
2.601509801587737820e+04	4.812769187246116603e-02	8.130823731141505195e-02
2.627435503717365646e+04	4.860731664889798853e-02	8.121399630512415868e-02
2.653438816689521991e+04	4.908837721606884585e-02	8.112364530517364447e-02
2.679520799158410227e+04	4.957089315919599448e-02	8.103710013125782485e-02
2.705682497122032873e+04	5.005488382935716768e-02	8.095427944524598296e-02
2.731924944432739721e+04	5.054036835293088809e-02	8.087510463245099757e-02
2.758249163286465409e+04	5.102736564064756786e-02	8.079949968886571132e-02
2.784656164691864979e+04	5.151589439626870492e-02	8.072739111401237844e-02
2.811146948920134309e+04	5.200597312490871926e-02	8.065870780909113746e-02
2.837722505936715606e+04	5.249762014102166141e-02	8.059338098010827844e-02
2.864383815815568960e+04	5.299085357606544283e-02	8.053134404571675453e-02
2.891131849136941673e+04	5.348569138586066474e-02	8.047253254948978640e-02
2.917967567369566677e+04	5.398215135766144812e-02	8.041688407638986069e-02
2.944891923237949595e+04	5.448025111695037337e-02	8.036433817319131589e-02
2.971905861075256325e+04	5.498000813396704961e-02	8.031483627264622560e-02
2.999010317162883439e+04	5.548143972999024232e-02	8.026832162118274772e-02
3.026206220057032988e+04	5.598456308337969312e-02	8.022473920994840912e-02
3.053494490903045880e+04	5.648939523539134311e-02	8.018403570901484756e-02
3.080876043737964937e+04	5.699595309577486224e-02	8.014615940458084953e-02
3.108351785781986473e+04	5.750425344816562784e-02	8.011106013900837208e-02
3.135922617719196933e+04	5.801431295527843812e-02	8.007868925354513778e-02
3.163589433968163939e+04	5.852614816391352170e-02	8.004899953359567721e-02
3.191353122942808113e+04	5.903977550978277422e-02	8.002194515640730088e-02
3.219214567303956210e+04	5.955521132216359120e-02	7.999748164104338033e-02
3.247174644202078707e+04	6.007247182838952593e-02	7.997556580053534481e-02
3.275234225511495970e+04	6.059157315818326783e-02	7.995615569609421103e-02
3.303394178056481906e+04	6.111253134783956736e-02	7.993921059328336354e-02
3.331655363829690032e+04	6.163536234426622573e-02	7.992469092005489995e-02
3.360018640202999813e+04	6.216008200888481494e-02	7.991255822655558838e-02
3.388484860131410824e+04	6.268670612140274379e-02	7.990277514661375813e-02
3.417054872350128426e+04	6.321525038345945924e-02	7.989530536083051804e-02
3.445729521565013420e+04	6.374573042214977392e-02	7.989011356118944085e-02
3.474509648636903148e+04	6.427816179343395775e-02	7.988716541712174990e-02
3.503396090760015068e+04	6.481255998543811181e-02	7.988642754294864035e-02
3.532389681634306180e+04	6.534894042164300643e-02	7.988786746663927019e-02
3.561491251632831700e+04	6.588731846398014624e-02	7.989145359982229022e-02
3.590701627963370993e+04	6.642770941582201716e-02	7.989715520899304257e-02
3.620021634825297224e+04	6.697012852488413992e-02	7.990494238785725289e-02
3.649452093561462971e+04	6.751459098603500297e-02	7.991478603076471177e-02
3.678993822805546370e+04	6.806111194402207631e-02	7.992665780717650437e-02
3.708647638624609681e+04	6.860970649610910466e-02	7.994053013712373867e-02
3.738414354657867079e+04	6.916038969464334552e-02	7.995637616761011590e-02
3.768294782250912976e+04	6.971317654953892995e-02	7.997416974991745919e-02
3.798289730586183578e+04	7.026808203069033476e-02	7.999388541777378847e-02
3.828400006809476326e+04	7.082512107031310733e-02	8.001549836634376522e-02
3.858626416153048922e+04	7.138430856522111345e-02	8.003898443200731239e-02
3.888969762054971216e+04	7.194565937903472930e-02	8.006432007289321362e-02
3.919430846275095973e+04	7.250918834432620863e-02	8.009148235013077710e-02
3.950010469007918437e+04	7.307491026470770701e-02	8.012044890979194700e-02
3.980709428992216999e+04	7.364283991685957598e-02	8.015119796549323439e-02
4.011528523617670726e+04	7.421299205250286857e-02	8.018370828162879604e-02
4.042468549028589041e+04	7.478538140031837367e-02	8.021795915720882075e-02
4.073530300224883104e+04	7.536002266781455239e-02	8.025393041027754915e-02
4.104714571160240303e+04	7.593693054314387680e-02	8.029160236288508667e-02
4.136022154837834387e+04	7.651611969687341364e-02	8.033095582659424694e-02
4.167453843403444625e+04	7.709760478370758507e-02	8.037197208849407304e-02
4.199010428236208827e+04	7.768140044416710355e-02	8.041463289770438283e-02
4.230692700037045142e+04	7.826752130622485759e-02	8.045892045235006340e-02
4.262501448914861248e+04	7.885598198690067784e-02	8.050481738698454792e-02
4.294437464470486157e+04	7.944679709381426147e-02	8.055230676044414229e-02
4.326501535878799041e+04	8.003998122670444304e-02	8.060137204412122502e-02
4.358694451968477370e+04	8.063554897890455597e-02	8.065199711063017474e-02
4.391017001300172706e+04	8.123351493878880336e-02	8.070416622285986330e-02
4.423469972242525546e+04	8.183389369117849421e-02	8.075786402339174552e-02
4.456054153046520514e+04	8.243669981871752650e-02	8.081307552427174912e-02
4.488770331918168813e+04	8.304194790321721420e-02	8.086978609712100474e-02
4.521619297089369502e+04	8.364965252696718312e-02	8.092798146357048361e-02
4.554601836887125683e+04	8.425982827401574948e-02	8.098764768601561526e-02
4.587718739801485208e+04	8.487248973142696995e-02	8.104877115866458703e-02
4.620970794551495055e+04	8.548765149050080447e-02	8.111133859888178255e-02
4.654358790150186542e+04	8.610532814797533518e-02	8.117533703880999707e-02
4.687883515967783023e+04	8.672553430719608103e-02	8.124075381725931466e-02
4.721545761793714337e+04	8.734828457926337164e-02	8.130757657185581910e-02
4.755346317897356494e+04	8.797359358415589303e-02	8.137579323143956378e-02
4.789285975087225961e+04	8.860147595182596425e-02	8.144539200870144768e-02
4.823365524769364129e+04	8.923194632327956233e-02	8.151636139305235007e-02
4.857585759004163992e+04	8.986501935162767574e-02	8.158869014371385175e-02
4.891947470562188391e+04	9.050070970311883956e-02	8.166236728302246617e-02
4.926451452978964517e+04	9.113903205815299113e-02	8.173738208994379972e-02
4.961098500608485483e+04	9.178000111227123392e-02	8.181372409378223631e-02
4.995889408675898449e+04	9.242363157713043287e-02	8.189138306808434187e-02
5.030824973328960186e+04	9.306993818145535557e-02	8.197034902472807860e-02
5.065905991688765062e+04	9.371893567197699115e-02	8.205061220819034884e-02
5.101133261899306672e+04	9.437063881434958057e-02	8.213216308998698423e-02
5.136507583176259504e+04	9.502506239405290878e-02	8.221499236327713123e-02
5.172029755854802352e+04	9.568222121727722185e-02	8.229909093763207451e-02
5.207700581436646462e+04	9.634213011179319774e-02	8.238444993395643845e-02
5.243520862636204401e+04	9.700480392780599925e-02	8.247106067956017084e-02
5.279491403425998578e+04	9.767025753879547689e-02	8.255891470337310689e-02
5.315613009081146447e+04	9.833850584233908010e-02	8.264800373130198885e-02
5.351886486223314569e+04	9.900956376092492905e-02	8.273831968171921347e-02
5.388312642863783549e+04	9.968344624274866339e-02	8.282985466108554184e-02
5.424892288445912709e+04	1.003601682624990499e-01	8.292260095969630762e-02
5.461626233886740374e+04	1.010397448221274086e-01	8.301655104754857017e-02
5.498515291618217452e+04	1.017221909516106693e-01	8.311169757032807470e-02
5.535560275627468218e+04	1.024075217096960533e-01	8.320803334550937180e-02
5.572762001496704033e+04	1.030957521846395109e-01	8.330555135856447524e-02
5.610121286442453857e+04	1.037868974949315709e-01	8.340424475927978032e-02
5.647638949354050419e+04	1.044809727900092161e-01	8.350410685817562240e-02
5.685315810831795534e+04	1.051779932509620263e-01	8.360513112302407623e-02
5.723152693224434188e+04	1.058779740912254436e-01	8.370731117546349742e-02
5.761150420666160790e+04	1.065809305572653770e-01	8.381064078770825154e-02
5.799309819113075355e+04	1.072868779292526636e-01	8.391511387934551258e-02
5.837631716379083809e+04	1.079958315217272036e-01	8.402072451422468169e-02
5.876116942171553092e+04	1.087078066842576268e-01	8.412746689742313377e-02
5.914766328126119333e+04	1.094228188020851950e-01	8.423533537230268320e-02
5.953580707841405092e+04	1.101408832967661067e-01	8.434432441763851929e-02
5.992560916913141409e+04	1.108620156268027568e-01	8.445442864483017342e-02
6.031707792967750720e+04	1.115862312882650170e-01	8.456564279518474780e-02
6.071022175695777696e+04	1.123135458154087274e-01	8.467796173727132336e-02
6.110504906884717639e+04	1.130439747812830020e-01	8.479138046434644971e-02
6.150156830451566930e+04	1.137775337983323864e-01	8.490589409184884362e-02
6.189978792474792863e+04	1.145142385189884676e-01	8.502149785495678735e-02
6.229971641226340580e+04	1.152541046362617339e-01	8.513818710621121055e-02
6.270136227202861483e+04	1.159971478843195292e-01	8.525595731320163850e-02
6.310473403156884888e+04	1.167433840390626615e-01	8.537480405630996916e-02
6.350984024127499288e+04	1.174928289186929209e-01	8.549472302651180133e-02
6.391668947470848798e+04	1.182454983842774476e-01	8.561571002323849211e-02
6.432529032890117378e+04	1.190014083403032608e-01	8.573776095228725913e-02
6.473565142465449026e+04	1.197605747352309402e-01	8.586087182379306681e-02
6.514778140683456877e+04	1.205230135620404125e-01	8.598503875024290921e-02
6.556168894466344500e+04	1.212887408587697419e-01	8.611025794454536808e-02
6.597738273201081029e+04	1.220577727090550180e-01	8.623652571814853507e-02
6.639487148767879989e+04	1.228301252426569345e-01	8.636383847920578449e-02
6.681416395568754524e+04	1.236058146359892834e-01	8.649219273078281867e-02
6.723526890555651335e+04	1.243848571126393576e-01	8.662158506911482592e-02
6.765819513258448569e+04	1.251672689438859121e-01	8.675201218190292662e-02
6.808295145812700503e+04	1.259530664492125029e-01	8.688347084665345998e-02
6.850954672986947116e+04	1.267422659968126530e-01	8.701595792906198501e-02
6.893798982210220129e+04	1.275348840040987086e-01	8.714947038142860369e-02
6.936828963599026611e+04	1.283309369382009957e-01	8.728400524112060743e-02
6.980045509984101227e+04	1.291304413164629794e-01	8.741955962906591826e-02
7.023449516937221051e+04	1.299334137069369788e-01	8.755613074828820508e-02
7.067041882797433937e+04	1.307398707288697226e-01	8.769371588247189264e-02
7.110823508697666693e+04	1.315498290531943448e-01	8.783231239456659734e-02
7.154795298590618768e+04	1.323633054030095568e-01	8.797191772542189980e-02
7.198958159274769423e+04	1.331803165540608735e-01	8.811252939245593774e-02
7.243313000419893069e+04	1.340008793352123750e-01	8.825414498835450205e-02
7.287860734593003872e+04	1.348250106289269057e-01	8.839676217980108053e-02
7.332602277283692092e+04	1.356527273717347548e-01	8.854037870624054118e-02
7.377538546929364384e+04	1.364840465547005610e-01	8.868499237866503404e-02
7.422670464940292004e+04	1.373189852238867470e-01	8.883060107843236686e-02
7.467998955724823463e+04	1.381575604808198965e-01	8.897720275611353813e-02
7.513524946714143152e+04	1.389997894829488323e-01	8.912479543036376517e-02
7.559249368386877177e+04	1.398456894440998077e-01	8.927337718681979672e-02
7.605173154294003325e+04	1.406952776349374712e-01	8.942294617702668813e-02
7.651297241083167319e+04	1.415485713834143677e-01	8.957350061738406088e-02
7.697622568523020891e+04	1.424055880752217174e-01	8.972503878811950717e-02
7.744150079527423077e+04	1.432663451542366406e-01	8.987755903228408783e-02
7.790880720179885975e+04	1.441308601229747133e-01	9.003105975477099232e-02
7.837815439757259446e+04	1.449991505430279493e-01	9.018553942136021961e-02
7.884955190753933857e+04	1.458712340355127479e-01	9.034099655777751148e-02
7.932300928905465116e+04	1.467471282815067946e-01	9.049742974878070834e-02
7.979853613212659548e+04	1.476268510224946762e-01	9.065483763726216171e-02
8.027614205964835128e+04	1.485104200607982594e-01	9.081321892337675117e-02
8.075583672763661889e+04	1.493978532600176989e-01	9.097257236368379296e-02
8.123762982546529383e+04	1.502891685454637027e-01	9.113289677031133351e-02
8.172153107610104780e+04	1.511843839045934890e-01	9.129419101013711013e-02
8.220755023633572273e+04	1.520835173874405255e-01	9.145645400399123048e-02
8.269569709701978718e+04	1.529865871070465455e-01	9.161968472587025958e-02
8.318598148329314427e+04	1.538936112398885947e-01	9.178388220217334470e-02
8.367841325481583772e+04	1.548046080263057456e-01	9.194904551095588185e-02
8.417300230600258510e+04	1.557195957709329170e-01	9.211517378119572774e-02
8.466975856624904554e+04	1.566385928431195951e-01	9.228226619207800796e-02
8.516869200016325340e+04	1.575616176773579902e-01	9.245032197229319237e-02
8.566981260779360309e+04	1.584886887737047556e-01	9.261934039935343366e-02
8.617313042485789629e+04	1.594198246982047595e-01	9.278932079892211748e-02
8.667865552297222894e+04	1.603550440833143853e-01	9.296026254415765133e-02
8.718639800987683702e+04	1.612943656283195859e-01	9.313216505507138088e-02
8.769636802966493997e+04	1.622378080997591288e-01	9.330502779789877354e-02
8.820857576300828077e+04	1.631853903318417620e-01	9.347885028448878197e-02
8.872303142738393217e+04	1.641371312268658789e-01	9.365363207169538629e-02
8.923974527730100090e+04	1.650930497556390431e-01	9.382937276079590661e-02
8.975872760452542570e+04	1.660531649578936009e-01	9.400607199691150828e-02
9.027998873830457160e+04	1.670174959427024597e-01	9.418372946844276450e-02
9.080353904559534567e+04	1.679860618889009449e-01	9.436234490651980444e-02
9.132938893128503696e+04	1.689588820454952511e-01	9.454191808446091305e-02
9.185754883841959236e+04	1.699359757320850484e-01	9.472244881724171950e-02
9.238802924842540233e+04	1.709173623392735430e-01	9.490393696097951248e-02
9.292084068133503024e+04	1.719030613290851439e-01	9.508638241242567402e-02
9.345599369600963837e+04	1.728930922353769939e-01	9.526978510847002035e-02
9.399349889036541572e+04	1.738874746642578017e-01	9.545414502565402470e-02
9.453336690159514546e+04	1.748862282944977919e-01	9.563946217969289398e-02
9.507560840639288654e+04	1.758893728779442889e-01	9.582573662501313316e-02
9.562023412117644330e+04	1.768969282399334986e-01	9.601296845429356519e-02
9.616725480231156689e+04	1.779089142797049272e-01	9.620115779801856337e-02
9.671668124633586558e+04	1.789253509708158552e-01	9.639030482404270517e-02
9.726852429018174007e+04	1.799462583615538402e-01	9.658040973715900646e-02
9.782279481139866402e+04	1.809716565753476392e-01	9.677147277868035358e-02
9.837950372837742907e+04	1.820015658111824031e-01	9.696349422602933144e-02
9.893866200057449169e+04	1.830360063440144847e-01	9.715647439233204841e-02
9.950028062873316230e+04	1.840749985251806942e-01	9.735041362602828152e-02
1.000643706551087962e+05	1.851185627828149105e-01	9.754531231048023387e-02
1.006309431636910740e+05	1.861667196222594467e-01	9.774117086359894457e-02
1.012000092804283777e+05	1.872194896264797459e-01	9.793798973746975500e-02
1.017715801734520937e+05	1.882768934564798269e-01	9.813576941798834996e-02
1.023456670532981516e+05	1.893389518517118175e-01	9.833451042450722102e-02
1.029222811731321563e+05	1.904056856304925660e-01	9.853421330948801404e-02
1.035014338289741136e+05	1.914771156904193083e-01	9.873487865815563924e-02
1.040831363599222823e+05	1.925532630087839481e-01	9.893650708816766060e-02
1.046674001483763714e+05	1.936341486429856984e-01	9.913909924928199224e-02
1.052542366202631529e+05	1.947197937309487203e-01	9.934265582304137310e-02
1.058436572452599503e+05	1.958102194915355698e-01	9.954717752245316464e-02
1.064356735370227398e+05	1.969054472249689991e-01	9.975266509168456697e-02
1.070302970534063788e+05	1.980054983132394086e-01	9.995911930575734905e-02
1.076275393966936244e+05	1.991103942205288135e-01	1.001665409702537923e-01
1.082274122138200037e+05	2.002201564936265110e-01	1.003749309210270196e-01
1.088299271965998341e+05	2.013348067623473292e-01	1.005842900239135307e-01
1.094350960819514439e+05	2.024543667399483771e-01	1.007946191744583386e-01
1.100429306521249091e+05	2.035788582235502353e-01	1.010059192976390380e-01
1.106534427349265025e+05	2.047083030945522630e-01	1.012181913475998229e-01
1.112666442039481481e+05	2.058427233190571193e-01	1.014314363073875458e-01
1.118825469787945040e+05	2.069821409482907049e-01	1.016456551886974202e-01
1.125011630253093317e+05	2.081265781190211051e-01	1.018608490316191134e-01
1.131225043558053148e+05	2.092760570539837217e-01	1.020770189043917336e-01
1.137465830292899918e+05	2.104306000622991613e-01	1.022941659031594702e-01
1.143734111516975827e+05	2.115902295399022526e-01	1.025122911517372670e-01
1.150030008761151257e+05	2.127549679699602403e-01	1.027313958013772316e-01
1.156353644030149444e+05	2.139248379233030795e-01	1.029514810305422606e-01
1.162705139804819482e+05	2.150998620588436272e-01	1.031725480446810533e-01
1.169084619044454157e+05	2.162800631240067162e-01	1.033945980760119510e-01
1.175492205189108063e+05	2.174654639551578672e-01	1.036176323833076091e-01
1.181928022161878471e+05	2.186560874780252572e-01	1.038416522516868029e-01
1.188392194371246587e+05	2.198519567081329840e-01	1.040666589924046648e-01
1.194884846713389416e+05	2.210530947512284738e-01	1.042926539426572707e-01
1.201406104574516066e+05	2.222595248037149973e-01	1.045196384653799410e-01
1.207956093833190680e+05	2.234712701530813528e-01	1.047476139490544772e-01
1.214534940862653020e+05	2.246883541783309957e-01	1.049765818075218543e-01
1.221142772533185343e+05	2.259108003504199935e-01	1.052065434797938293e-01
1.227779716214437794e+05	2.271386322326873208e-01	1.054375004298730989e-01
1.234445899777785235e+05	2.283718734812908990e-01	1.056694541465748732e-01
1.241141451598672429e+05	2.296105478456412219e-01	1.059024061433514047e-01
1.247866500559012056e+05	2.308546791688451949e-01	1.061363579581200145e-01
1.254621176049492788e+05	2.321042913881330438e-01	1.063713111530988770e-01
1.261405607971989812e+05	2.333594085353042913e-01	1.066072673146386540e-01
1.268219926741943491e+05	2.346200547371677381e-01	1.068442280530669669e-01
1.275064263290719828e+05	2.358862542159783082e-01	1.070821950025256375e-01
1.281938749068008619e+05	2.371580312898805276e-01	1.073211698208200449e-01
1.288843516044227872e+05	2.384354103733535291e-01	1.075611541892660533e-01
1.295778696712901437e+05	2.397184159776506729e-01	1.078021498125427552e-01
1.302744424093082634e+05	2.410070727112480771e-01	1.080441584185472120e-01
1.309740831731766375e+05	2.423014052802908713e-01	1.082871817582542612e-01
1.316768053706282808e+05	2.436014384890359818e-01	1.085312216055749485e-01
1.323826224626765470e+05	2.449071972403086828e-01	1.087762797572216777e-01
1.330915479638552351e+05	2.462187065359469351e-01	1.090223580325758723e-01
1.338035954424602969e+05	2.475359914772483627e-01	1.092694582735574682e-01
1.345187785207991546e+05	2.488590772654316052e-01	1.095175823444936442e-01
1.352371108754323795e+05	2.501879892020834606e-01	1.097667321319995837e-01
1.359586062374176399e+05	2.515227526896101629e-01	1.100169095448517848e-01
1.366832783925625263e+05	2.528633932317048139e-01	1.102681165138697655e-01
1.374111411816647451e+05	2.542099364337923606e-01	1.105203549917994493e-01
1.381422085007636633e+05	2.555624080034943346e-01	1.107736269531988949e-01
1.388764943013864686e+05	2.569208337510845985e-01	1.110279343943224445e-01
1.396140125907986367e+05	2.582852395899526421e-01	1.112832793330163494e-01
1.403547774322537298e+05	2.596556515370656015e-01	1.115396638086073589e-01
1.410988029452425835e+05	2.610320957134293907e-01	1.117970898818001213e-01
1.418461033057459863e+05	2.624145983445561603e-01	1.120555596345736149e-01
1.425966927464865148e+05	2.638031857609300923e-01	1.123150751700785627e-01
1.433505855571780703e+05	2.651978843984689749e-01	1.125756386125423558e-01
1.441077960847844661e+05	2.665987207990027641e-01	1.128372521071717011e-01
1.448683387337712338e+05	2.680057216107394891e-01	1.130999178200592648e-01
1.456322279663581576e+05	2.694189135887322117e-01	1.133636379380919129e-01
1.463994783027771919e+05	2.708383235953562007e-01	1.136284146688581603e-01
1.471701043215313402e+05	2.722639786007879925e-01	1.138942502405649315e-01
1.479441206596460252e+05	2.736959056834704085e-01	1.141611469019490899e-01
1.487215420129324484e+05	2.751341320305997207e-01	1.144291069221961138e-01
1.495023831362434721e+05	2.765786849385988844e-01	1.146981325908558030e-01
1.502866588437348837e+05	2.780295918136012068e-01	1.149682262177630365e-01
1.510743840091232851e+05	2.794868801719270768e-01	1.152393901329613612e-01
1.518655735659505590e+05	2.809505776405736843e-01	1.155116266866266506e-01
1.526602425078432134e+05	2.824207119576941927e-01	1.157849382489918727e-01
1.534584058887786232e+05	2.838973109730909550e-01	1.160593272102752038e-01
1.542600788233410276e+05	2.853804026486885803e-01	1.163347959806088905e-01
1.550652764869965904e+05	2.868700150590430265e-01	1.166113469899722477e-01
1.558740141163506778e+05	2.883661763918174969e-01	1.168889826881213956e-01
1.566863070094188151e+05	2.898689149482838179e-01	1.171677055445280724e-01
1.575021705258893780e+05	2.913782591438083824e-01	1.174475180483111753e-01
1.583216200873974012e+05	2.928942375083584126e-01	1.177284227081781126e-01
1.591446711777877936e+05	2.944168786869895138e-01	1.180104220523616326e-01
1.599713393433864112e+05	2.959462114403464961e-01	1.182935186285629520e-01
1.608016401932736917e+05	2.974822646451700248e-01	1.185777150038939132e-01
1.616355893995525548e+05	2.990250672947920574e-01	1.188630137648197110e-01
1.624732026976222405e+05	3.005746484996424939e-01	1.191494175171086412e-01
1.633144958864510700e+05	3.021310374877538840e-01	1.194369288857723005e-01
1.641594848288506619e+05	3.036942636052684663e-01	1.197255505150200822e-01
1.650081854517526517e+05	3.052643563169503138e-01	1.200152850682077166e-01
1.658606137464805506e+05	3.068413452066883207e-01	1.203061352277887408e-01
1.667167857690318488e+05	3.084252599780177850e-01	1.205981036952666063e-01
1.675767176403539488e+05	3.100161304546312779e-01	1.208911931911495763e-01
1.684404255466190516e+05	3.116139865808868481e-01	1.211854064549059418e-01
1.693079257395108580e+05	3.132188584223387084e-01	1.214807462449230546e-01
1.701792345364990470e+05	3.148307761662447191e-01	1.217772153384631267e-01
1.710543683211243770e+05	3.164497701220939652e-01	1.220748165316249967e-01
1.719333435432811384e+05	3.180758707221294501e-01	1.223735526393019413e-01
1.728161767194997519e+05	3.197091085218707329e-01	1.226734264951483966e-01
1.737028844332293957e+05	3.213495142006366767e-01	1.229744409515399484e-01
1.745934833351293637e+05	3.229971185620846841e-01	1.232765988795406081e-01
1.754879901433504128e+05	3.246519525347311141e-01	1.235799031688668698e-01
1.763864216438224248e+05	3.263140471724834679e-01	1.238843567278556934e-01
1.772887946905465215e+05	3.279834336551806784e-01	1.241899624834311155e-01
1.781951262058829016e+05	3.296601432891257399e-01	1.244967233810777008e-01
1.791054331808383868e+05	3.313442075076175608e-01	1.248046423848094139e-01
1.800197326753623202e+05	3.330356578714986360e-01	1.251137224771403933e-01
1.809380418186386523e+05	3.347345260696951152e-01	1.254239666590556690e-01
1.818603778093752335e+05	3.364408439197519307e-01	1.257353779499920388e-01
1.827867579161034664e+05	3.381546433683875752e-01	1.260479593878088833e-01
1.837171994774712657e+05	3.398759564920357246e-01	1.263617140287628948e-01
1.846517199025434384e+05	3.416048154974008488e-01	1.266766449474883982e-01
1.855903366710926057e+05	3.433412527219968369e-01	1.269927552369762291e-01
1.865330673339049099e+05	3.450853006347123220e-01	1.273100480085510022e-01
1.874799295130761166e+05	3.468369918363582438e-01	1.276285263918511548e-01
1.884309409023139742e+05	3.485963590602275120e-01	1.279481935348134869e-01
1.893861192672415636e+05	3.503634351726563345e-01	1.282690526036529277e-01
1.903454824456976785e+05	3.521382531735794408e-01	1.285911067828465482e-01
1.913090483480432013e+05	3.539208461970972941e-01	1.289143592751190170e-01
1.922768349574648018e+05	3.557112475120376427e-01	1.292388133014259477e-01
1.932488603302821575e+05	3.575094905225241759e-01	1.295644721009438505e-01
1.942251425962569774e+05	3.593156087685479005e-01	1.298913389310541455e-01
1.952056999588988547e+05	3.611296359265332434e-01	1.302194170673325602e-01
1.961905506957787438e+05	3.629516058099178655e-01	1.305487098035386373e-01
1.971797131588360062e+05	3.647815523697204299e-01	1.308792204516053825e-01
1.981732057746942737e+05	3.666195096951259114e-01	1.312109523416298829e-01
1.991710470449709392e+05	3.684655120140564177e-01	1.315439088218658126e-01
2.001732555465945334e+05	3.703195936937602739e-01	1.318780932587165222e-01
2.011798499321175914e+05	3.721817892413894491e-01	1.322135090367267674e-01
2.021908489300381625e+05	3.740521333045949692e-01	1.325501595585802384e-01
2.032062713451096788e+05	3.759306606720999588e-01	1.328880482450914557e-01
2.042261360586656083e+05	3.778174062743004935e-01	1.332271785352038829e-01
2.052504620289424493e+05	3.797124051838625114e-01	1.335675538859888434e-01
2.062792682913939352e+05	3.816156926163041807e-01	1.339091777726378607e-01
2.073125739590180165e+05	3.835273039305996390e-01	1.342520536884659055e-01
2.083503982226786320e+05	3.854472746297750163e-01	1.345961851449098134e-01
2.093927603514319053e+05	3.873756403615117860e-01	1.349415756715286185e-01
2.104396796928525728e+05	3.893124369187502820e-01	1.352882288160013602e-01
2.114911756733605580e+05	3.912577002402942150e-01	1.356361481441326899e-01
2.125472677985474584e+05	3.932114664114149116e-01	1.359853372398556470e-01
2.136079756535130437e+05	3.951737716644729836e-01	1.363357997052312420e-01
2.146733189031880174e+05	3.971446523795164607e-01	1.366875391604549794e-01
2.157433172926714760e+05	3.991241450849042360e-01	1.370405592438625753e-01
2.168179906475647294e+05	4.011122864579240721e-01	1.373948636119330657e-01
2.178973588743010478e+05	4.031091133254027237e-01	1.377504559392967176e-01
2.189814419604874274e+05	4.051146626643378212e-01	1.381073399187405515e-01
2.200702599752401875e+05	4.071289716025189298e-01	1.384655192612175012e-01
2.211638330695203622e+05	4.091520774191482746e-01	1.388249976958539078e-01
2.222621814764784649e+05	4.111840175454779533e-01	1.391857789699588177e-01
2.233653255117903173e+05	4.132248295654318282e-01	1.395478668490342522e-01
2.244732855740052764e+05	4.152745512162494546e-01	1.399112651167838395e-01
2.255860821448844799e+05	4.173332203891116365e-01	1.402759775751262761e-01
2.267037357897494803e+05	4.194008751297859661e-01	1.406420080442057352e-01
2.278262671578284935e+05	4.214775536392666999e-01	1.410093603624048564e-01
2.289536969825993874e+05	4.235632942744099738e-01	1.413780383863570134e-01
2.300860460821441666e+05	4.256581355485889451e-01	1.417480459909614965e-01
2.312233353594974906e+05	4.277621161323389987e-01	1.421193870693963079e-01
2.323655858029967931e+05	4.298752748540053958e-01	1.424920655331343711e-01
2.335128184866354859e+05	4.319976507003965294e-01	1.428660853119583241e-01
2.346650545704174147e+05	4.341292828174397878e-01	1.432414503539787831e-01
2.358223153007150977e+05	4.362702105108442474e-01	1.436181646256490807e-01
2.369846220106233959e+05	4.384204732467551491e-01	1.439962321117836397e-01
2.381519961203156272e+05	4.405801106524120936e-01	1.443756568155748765e-01
2.393244591374104784e+05	4.427491625168288869e-01	1.447564427586152114e-01
2.405020326573268103e+05	4.449276687914490158e-01	1.451385939809137771e-01
2.416847383636486775e+05	4.471156695908211631e-01	1.455221145409166528e-01
2.428725980284874386e+05	4.493132051932692272e-01	1.459070085155266816e-01
2.440656335128494247e+05	4.515203160415727224e-01	1.462932800001288947e-01
2.452638667670010473e+05	4.537370427436417386e-01	1.466809331086062207e-01
2.464673198308365536e+05	4.559634260731973421e-01	1.470699719733661037e-01
2.476760148342455213e+05	4.581995069704520862e-01	1.474604007453616805e-01
2.488899739974883560e+05	4.604453265428038455e-01	1.478522235941156227e-01
2.501092196315633191e+05	4.627009260655152723e-01	1.482454447077435344e-01
2.513337741385871777e+05	4.649663469824178996e-01	1.486400682929795714e-01
2.525636600121617084e+05	4.672416309065904882e-01	1.490360985752012535e-01
2.537988998377559765e+05	4.695268196210652389e-01	1.494335397984543623e-01
2.550395162930832012e+05	4.718219550795264006e-01	1.498323962254801411e-01
2.562855321484775632e+05	4.741270794070062689e-01	1.502326721377407748e-01
2.575369702672786370e+05	4.764422349005968949e-01	1.506343718354481442e-01
2.587938536062146595e+05	4.787674640301588513e-01	1.510374996375906664e-01
2.600562052157794533e+05	4.811028094390188969e-01	1.514420598819632979e-01
2.613240482406251540e+05	4.834483139446961730e-01	1.518480569251939860e-01
2.625974059199463227e+05	4.858040205396129685e-01	1.522554951427748660e-01
2.638763015878644655e+05	4.881699723918060396e-01	1.526643789290907938e-01
2.651607586738261743e+05	4.905462128456634097e-01	1.530747126974512651e-01
2.664508007029854343e+05	4.929327854226309702e-01	1.534865008801208075e-01
2.677464512966046459e+05	4.953297338219553869e-01	1.538997479283500114e-01
2.690477341724410653e+05	4.977371019213979175e-01	1.543144583124080316e-01
2.703546731451461092e+05	5.001549337779739313e-01	1.547306365216153112e-01
2.716672921266685589e+05	5.025832736286984792e-01	1.551482870643749734e-01
2.729856151266437955e+05	5.050221658913065514e-01	1.555674144682090421e-01
2.743096662527991575e+05	5.074716551650025886e-01	1.559880232797885291e-01
2.756394697113567963e+05	5.099317862312066074e-01	1.564101180649730416e-01
2.769750498074330389e+05	5.124026040542919436e-01	1.568337034088406468e-01
2.783164309454463073e+05	5.148841537823405368e-01	1.572587839157257861e-01
2.796636376295285299e+05	5.173764807479043215e-01	1.576853642092559682e-01
2.810166944639206631e+05	5.198796304687359759e-01	1.581134489323853254e-01
2.823756261533958022e+05	5.223936486485727393e-01	1.585430427474353865e-01
2.837404575036698952e+05	5.249185811778953603e-01	1.589741503361279118e-01
2.851112134217993007e+05	5.274544741346643972e-01	1.594067763996268317e-01
2.864879189166149008e+05	5.300013737851226869e-01	1.598409256585731075e-01
2.878705990991295548e+05	5.325593265845489643e-01	1.602766028531267817e-01
2.892592791829502676e+05	5.351283791780213628e-01	1.607138127430031149e-01
2.906539844847117784e+05	5.377085784012186620e-01	1.611525601075123881e-01
2.920547404244831414e+05	5.402999712811726862e-01	1.615928497456033952e-01
2.934615725262063206e+05	5.429026050370797662e-01	1.620346864758996919e-01
2.948745064181016642e+05	5.455165270810509170e-01	1.624780751367453646e-01
2.962935678331087111e+05	5.481417850189271856e-01	1.629230205862411685e-01
2.977187826093112817e+05	5.507784266510661331e-01	1.633695277022893522e-01
2.991501766903608805e+05	5.534264999731253187e-01	1.638176013826360133e-01
3.005877761259152321e+05	5.560860531768733184e-01	1.642672465449138974e-01
3.020316070720638963e+05	5.587571346509768722e-01	1.647184681266850581e-01
3.034816957917740219e+05	5.614397929818265576e-01	1.651712710854839339e-01
3.049380686553110136e+05	5.641340769543137235e-01	1.656256603988628673e-01
3.064007521406931919e+05	5.668400355526723722e-01	1.660816410644366248e-01
3.078697728341144393e+05	5.695577179612607566e-01	1.665392180999256677e-01
3.093451574303969974e+05	5.722871735653994874e-01	1.669983965432031425e-01
3.108269327334328555e+05	5.750284519521878801e-01	1.674591814523400390e-01
3.123151256566299708e+05	5.777816029113287399e-01	1.679215779056513480e-01
3.138097632233503391e+05	5.805466764359401566e-01	1.683855910017446056e-01
3.153108725673698937e+05	5.833237227234051581e-01	1.688512258595639970e-01
3.168184809333205922e+05	5.861127921761900561e-01	1.693184876184394561e-01
3.183326156771425740e+05	5.889139354026811102e-01	1.697873814381333502e-01
3.198533042665382964e+05	5.917272032180238561e-01	1.702579124988919390e-01
3.213805742814335972e+05	5.945526466449776448e-01	1.707300860014913935e-01
3.229144534144315985e+05	5.973903169147534165e-01	1.712039071672887547e-01
3.244549694712649216e+05	6.002402654678519189e-01	1.716793812382694517e-01
3.260021503712690901e+05	6.031025439549383416e-01	1.721565134771002592e-01
3.275560241478320095e+05	6.059772042376745382e-01	1.726353091671764817e-01
3.291166189488669042e+05	6.088642983895942162e-01	1.731157736126723301e-01
3.306839630372783868e+05	6.117638786969641362e-01	1.735979121385988755e-01
3.322580847914254409e+05	6.146759976596412045e-01	1.740817300908495957e-01
3.338390127055928460e+05	6.176007079919451082e-01	1.745672328362511128e-01
3.354267753904710407e+05	6.205380626235449393e-01	1.750544257626189537e-01
3.370214015736152069e+05	6.234881147003098478e-01	1.755433142788141998e-01
3.386229200999311288e+05	6.264509175852065459e-01	1.760339038147885338e-01
3.402313599321481888e+05	6.294265248591751627e-01	1.765261998216423600e-01
3.418467501513049356e+05	6.324149903220274149e-01	1.770202077716821754e-01
3.434691199572180631e+05	6.354163679933139131e-01	1.775159331584660050e-01
3.450984986689802608e+05	6.384307121132460905e-01	1.780133814968670181e-01
3.467349157254326274e+05	6.414580771435683948e-01	1.785125583231241542e-01
3.483784006856605993e+05	6.444985177684777744e-01	1.790134691949000489e-01
3.500289832294690423e+05	6.475520888955011989e-01	1.795161196913353518e-01
3.516866931578922668e+05	6.506188456564399036e-01	1.800205154131086782e-01
3.533515603936751722e+05	6.536988434082590116e-01	1.805266619824856533e-01
3.550236149817621335e+05	6.567921377339923650e-01	1.810345650433862752e-01
3.567028870898084715e+05	6.598987844436885464e-01	1.815442302614352910e-01
3.583894070086618885e+05	6.630188395753019437e-01	1.820556633240222599e-01
3.600832051528794109e+05	6.661523593956478750e-01	1.825688699403623938e-01
3.617843120612222119e+05	6.692994004013198550e-01	1.830838558415522899e-01
3.634927583971531712e+05	6.724600193196081932e-01	1.836006267806298276e-01
3.652085749493533513e+05	6.756342731094572285e-01	1.841191885326323163e-01
3.669317926322270068e+05	6.788222189623980274e-01	1.846395468946619156e-01
3.686624424864114844e+05	6.820239143034925178e-01	1.851617076859415345e-01
3.704005556792896241e+05	6.852394167922820634e-01	1.856856767478757275e-01
3.721461635055019287e+05	6.884687843237330407e-01	1.862114599441108409e-01
3.738992973874664167e+05	6.917120750292007347e-01	1.867390631606017370e-01
3.756599888758991146e+05	6.949693472773907921e-01	1.872684923056672224e-01
3.774282696503241314e+05	6.982406596753031325e-01	1.877997533100582983e-01
3.792041715196107980e+05	7.015260710692264867e-01	1.883328521270145328e-01
3.809877264224816463e+05	7.048256405456770901e-01	1.888677947323313400e-01
3.827789664280534489e+05	7.081394274324001037e-01	1.894045871244275647e-01
3.845779237363602151e+05	7.114674912993370626e-01	1.899432353243966920e-01
3.863846306788852671e+05	7.148098919596103107e-01	1.904837453760828414e-01
3.881991197190886596e+05	7.181666894704986648e-01	1.910261233461409414e-01
3.900214234529489768e+05	7.215379441344395017e-01	1.915703753241025931e-01
3.918515746094984352e+05	7.249237165000192995e-01	1.921165074224367164e-01
3.936896060513607808e+05	7.283240673629681750e-01	1.926645257766244346e-01
3.955355507752986159e+05	7.317390577671724072e-01	1.932144365452171386e-01
3.973894419127429137e+05	7.351687490056545426e-01	1.937662459099068479e-01
3.992513127303534420e+05	7.386132026216098989e-01	1.943199600755917689e-01
4.011211966305592214e+05	7.420724804094064320e-01	1.948755852704457114e-01
4.029991271521138842e+05	7.455466444156116923e-01	1.954331277459806504e-01
4.048851379706371808e+05	7.490357569399955784e-01	1.959925937771208604e-01
4.067792628991800593e+05	7.525398805365749455e-01	1.965539896622655325e-01
4.086815358887797920e+05	7.560590780146408951e-01	1.971173217233621044e-01
4.105919910290112020e+05	7.595934124397782927e-01	1.976825963059748170e-01
4.125106625485533732e+05	7.631429471349144844e-01	1.982498197793508832e-01
4.144375848157551955e+05	7.667077456813657932e-01	1.988189985364931522e-01
4.163727923391951481e+05	7.702878719198720248e-01	1.993901389942309699e-01
4.183163197682522587e+05	7.738833899516542880e-01	1.999632475932871800e-01
4.202682018936779932e+05	7.774943641394713723e-01	2.005383307983537866e-01
4.222284736481592408e+05	7.811208591086625797e-01	2.011153950981584004e-01
4.241971701069038827e+05	7.847629397482305258e-01	2.016944470055410665e-01
4.261743264882128569e+05	7.884206712118992932e-01	2.022754930575254573e-01
4.281599781540560070e+05	7.920941189191796905e-01	2.028585398153862351e-01
4.301541606106582331e+05	7.957833485564543841e-01	2.034435938647278785e-01
4.321569095090795308e+05	7.994884260780499297e-01	2.040306618155559026e-01
4.341682606458021328e+05	8.032094177073237917e-01	2.046197503023475806e-01
4.361882499633202679e+05	8.069463899377549154e-01	2.052108659841327398e-01
4.382169135507300380e+05	8.106994095340351869e-01	2.058040155445608477e-01
4.402542876443181303e+05	8.144685435331585621e-01	2.063992056919801699e-01
4.423004086281644413e+05	8.182538592455358417e-01	2.069964431595122667e-01
4.443553130347325932e+05	8.220554242560872416e-01	2.075957347051259061e-01
4.464190375454716268e+05	8.258733064253555023e-01	2.081970871117153343e-01
4.484916189914249117e+05	8.297075738906318776e-01	2.088005071871743834e-01
4.505730943538224674e+05	8.335582950670528124e-01	2.094060017644741589e-01
4.526635007647000020e+05	8.374255386487448050e-01	2.100135777017404781e-01
4.547628755075008958e+05	8.413093736099377384e-01	2.106232418823317243e-01
4.568712560176907573e+05	8.452098692061018603e-01	2.112350012149112888e-01
4.589886798833732028e+05	8.491270949750875374e-01	2.118488626335360003e-01
4.611151848459021421e+05	8.530611207382575722e-01	2.124648330977234323e-01
4.632508088005034951e+05	8.570120166016370611e-01	2.130829195925402209e-01
4.653955897969029029e+05	8.609798529570754644e-01	2.137031291286740353e-01
4.675495660399367916e+05	8.649647004833761477e-01	2.143254687425210081e-01
4.697127758901873603e+05	8.689666301474718857e-01	2.149499454962545686e-01
4.718852578646158217e+05	8.729857132055963698e-01	2.155765664779175084e-01
4.740670506371826632e+05	8.770220212044305130e-01	2.162053388014974209e-01
4.762581930394874653e+05	8.810756259822873915e-01	2.168362696070046114e-01
4.784587240614120383e+05	8.851465996703019590e-01	2.174693660605624967e-01
4.806686828517492977e+05	8.892350146935937838e-01	2.181046353544811855e-01
4.828881087188448291e+05	8.933409437724542101e-01	2.187420847073449637e-01
4.851170411312506767e+05	8.974644599235560571e-01	2.193817213640910369e-01
4.873555197183646960e+05	9.016056364611362284e-01	2.200235525960962391e-01
4.896035842710791621e+05	9.057645469981957520e-01	2.206675857012586339e-01
4.918612747424388072e+05	9.099412654477171403e-01	2.213138280040808648e-01
4.941286312482872163e+05	9.141358660238602107e-01	2.219622868557543927e-01
4.964056940679306863e+05	9.183484232431899930e-01	2.226129696342479258e-01
4.986925036447971943e+05	9.225790119258961974e-01	2.232658837443862454e-01
5.009891005870915251e+05	9.268277071970046910e-01	2.239210366179415490e-01
5.032955256684719934e+05	9.310945844876304944e-01	2.245784357137145248e-01
5.056118198287054547e+05	9.353797195361881478e-01	2.252380885176239744e-01
5.079380241743467050e+05	9.396831883896490378e-01	2.259000025427892466e-01
5.102741799794073449e+05	9.440050674047796297e-01	2.265641853296226360e-01
5.126203286860300577e+05	9.483454332493884698e-01	2.272306444459106789e-01
5.149765119051724905e+05	9.527043629035902850e-01	2.278993874869085778e-01
5.173427714172836277e+05	9.570819336610586481e-01	2.285704220754218863e-01
5.197191491729852860e+05	9.614782231302864135e-01	2.292437558618988236e-01
5.221056872937646694e+05	9.658933092358664707e-01	2.299193965245188154e-01
5.245024280726562720e+05	9.703272702197534016e-01	2.305973517692815888e-01
5.269094139749386813e+05	9.747801846425530048e-01	2.312776293300940200e-01
5.293266876388308592e+05	9.792521313848102649e-01	2.319602369688630872e-01
5.317542918761799810e+05	9.837431896482815574e-01	2.326451824755850495e-01
5.341922696731754113e+05	9.882534389572552591e-01	2.333324736684395107e-01
5.366406641910389299e+05	9.927829591598298364e-01	2.340221183938751004e-01
5.390995187667334685e+05	9.973318304292233538e-01	2.347141245267080623e-01
5.415688769136830233e+05	1.001900133265107407e+00	2.354084999702052150e-01
5.440487823224575259e+05	1.006487948494871443e+00	2.361052526561814580e-01
5.465392788615201134e+05	1.011095357275007878e+00	2.368043905450984421e-01
5.490404105779135134e+05	1.015722441092379968e+00	2.375059216261440620e-01
5.515522216980035882e+05	1.020369281765598046e+00	2.382098539173403695e-01
5.540747566281858599e+05	1.025035961446327581e+00	2.389161954656269515e-01
5.566080599556210218e+05	1.029722562620648318e+00	2.396249543469585463e-01
5.591521764489568304e+05	1.034429168110389652e+00	2.403361386664052968e-01
5.617071510590567486e+05	1.039155861074480880e+00	2.410497565582382928e-01
5.642730289197439561e+05	1.043902725010324772e+00	2.417658161860313792e-01
5.668498553485341836e+05	1.048669843755155595e+00	2.424843257427573007e-01
5.694376758473722730e+05	1.053457301487400244e+00	2.432052934508800446e-01
5.720365361033810768e+05	1.058265182728064246e+00	2.439287275624581752e-01
5.746464819895979017e+05	1.063093572342094228e+00	2.446546363592336237e-01
5.772675595657286467e+05	1.067942555539773242e+00	2.453830281527351054e-01
5.798998150789076462e+05	1.072812217878126084e+00	2.461139112843765686e-01
5.825432949644317850e+05	1.077702645262277548e+00	2.468472941255501485e-01
5.851980458465423435e+05	1.082613923946899037e+00	2.475831850777332754e-01
5.878641145391694736e+05	1.087546140537585249e+00	2.483215925725784645e-01
5.905415480466996087e+05	1.092499381992274810e+00	2.490625250720194250e-01
5.932303935647475300e+05	1.097473735622677582e+00	2.498059910683685381e-01
5.959306984809131827e+05	1.102469289095675542e+00	2.505519990844209954e-01
5.986425103755781893e+05	1.107486130434796268e+00	2.513005576735506397e-01
6.013658770226540510e+05	1.112524348021596499e+00	2.520516754198109943e-01
6.041008463903776137e+05	1.117584030597134293e+00	2.528053609380427891e-01
6.068474666420927970e+05	1.122665267263414535e+00	2.535616228739708822e-01
6.096057861370320898e+05	1.127768147484837113e+00	2.543204699043077888e-01
6.123758534310992109e+05	1.132892761089640432e+00	2.550819107368591521e-01
6.151577172776760999e+05	1.138039198271398433e+00	2.558459541106254398e-01
6.179514266284004552e+05	1.143207549590457006e+00	2.566126087959051949e-01
6.207570306339695817e+05	1.148397905975421684e+00	2.573818835943962324e-01
6.235745786449620500e+05	1.153610358724677765e+00	2.581537873393060512e-01
6.264041202126007993e+05	1.158844999507801621e+00	2.589283288954538631e-01
6.292457050895818975e+05	1.164101920367093923e+00	2.597055171593767864e-01
6.320993832308977144e+05	1.169381213719103751e+00	2.604853610594354829e-01
6.349652047946387902e+05	1.174682972356109856e+00	2.612678695559197961e-01
6.378432201428047847e+05	1.180007289447622343e+00	2.620530516411558875e-01
6.407334798421296291e+05	1.185354258541909900e+00	2.628409163396127068e-01
6.436360346649070270e+05	1.190723973567524796e+00	2.636314727080125708e-01
6.465509355898161884e+05	1.196116528834832771e+00	2.644247298354343023e-01
6.494782338027494261e+05	1.201532019037542254e+00	2.652206968434275280e-01
6.524179806976544205e+05	1.206970539254263564e+00	2.660193828861148746e-01
6.553702278773515718e+05	1.212432184950021030e+00	2.668207971503057663e-01
6.583350271543974523e+05	1.217917051977849496e+00	2.676249488556051159e-01
6.613124305519039044e+05	1.223425236580311326e+00	2.684318472545240142e-01
6.643024903044123203e+05	1.228956835391111779e+00	2.692415016325896970e-01
6.673052588587198406e+05	1.234511945436628899e+00	2.700539213084541812e-01
6.703207888747459510e+05	1.240090664137516230e+00	2.708691156340120032e-01
6.733491332263823133e+05	1.245693089310274893e+00	2.716870939945040808e-01
6.763903450023502810e+05	1.251319319168840538e+00	2.725078658086375616e-01
6.794444775070793694e+05	1.256969452326207604e+00	2.733314405286935700e-01
6.825115842615542933e+05	1.262643587795997169e+00	2.741578276406408388e-01
6.855917190042064758e+05	1.268341824994105860e+00	2.749870366642532815e-01
6.886849356917673722e+05	1.274064263740284586e+00	2.758190771532162411e-01
6.917912885001637042e+05	1.279811004259794327e+00	2.766539586952513896e-01
6.949108318253746256e+05	1.285582147184993085e+00	2.774916909122259190e-01
6.980436202843467472e+05	1.291377793557026754e+00	2.783322834602663387e-01
7.011897087158624781e+05	1.297198044827437391e+00	2.791757460298758264e-01
7.043491521814274602e+05	1.303043002859804123e+00	2.800220883460547427e-01
7.075220059661834966e+05	1.308912769931431797e+00	2.808713201684098770e-01
7.107083255797987804e+05	1.314807448734998552e+00	2.817234512912804578e-01
7.139081667573500890e+05	1.320727142380187624e+00	2.825784915438448452e-01
7.171215854602582986e+05	1.326671954395417963e+00	2.834364507902511487e-01
7.203486378771900199e+05	1.332641988729511340e+00	2.842973389297261955e-01
7.235893804249528330e+05	1.338637349753351469e+00	2.851611658966964336e-01
7.268438697494374355e+05	1.344658142261623057e+00	2.860279416609133873e-01
7.301121627265135758e+05	1.350704471474472257e+00	2.868976762275660675e-01
7.333943164629745297e+05	1.356776443039252378e+00	2.877703796374052048e-01
7.366903882974472363e+05	1.362874163032208763e+00	2.886460619668627658e-01
7.400004358013314195e+05	1.368997737960214955e+00	2.895247333281766866e-01
7.433245167797380127e+05	1.375147274762509531e+00	2.904064038695066685e-01
7.466626892724174540e+05	1.381322880812413167e+00	2.912910837750611881e-01
7.500150115547138266e+05	1.387524663919094570e+00	2.921787832652198991e-01
7.533815421385023510e+05	1.393752732329303079e+00	2.930695125966548131e-01
7.567623397731417790e+05	1.400007194729132820e+00	2.939632820624556442e-01
7.601574634464201517e+05	1.406288160245769969e+00	2.948601019922503785e-01
7.635669723855300108e+05	1.412595738449299532e+00	2.957599827523380021e-01
7.669909260580131086e+05	1.418930039354450612e+00	2.966629347458038524e-01
7.704293841727260733e+05	1.425291173422384317e+00	2.975689684126538448e-01
7.738824066808241187e+05	1.431679251562513411e+00	2.984780942299324891e-01
7.773500537767150672e+05	1.438094385134266684e+00	2.993903227118544508e-01
7.808323858990445733e+05	1.444536685948912380e+00	3.003056644099332262e-01
7.843294637316784356e+05	1.451006266271375411e+00	3.012241299131018790e-01
7.878413482046755962e+05	1.457503238822035252e+00	3.021457298478503195e-01
7.913681004952955991e+05	1.464027716778594446e+00	3.030704748783429325e-01
7.949097820289721712e+05	1.470579813777874501e+00	3.039983757065567449e-01
7.984664544803174213e+05	1.477159643917677068e+00	3.049294430724069360e-01
8.020381797741203336e+05	1.483767321758630020e+00	3.058636877538756238e-01
8.056250200863479404e+05	1.490402962326039749e+00	3.068011205671443697e-01
8.092270378451584838e+05	1.497066681111764552e+00	3.077417523667245192e-01
8.128442957319074776e+05	1.503758594076077815e+00	3.086855940455902059e-01
8.164768566821722779e+05	1.510478817649562266e+00	3.096326565353062499e-01
8.201247838867618702e+05	1.517227468734977602e+00	3.105829508061628830e-01
8.237881407927350374e+05	1.524004664709145196e+00	3.115364878673104188e-01
8.274669911044538021e+05	1.530810523424896985e+00	3.124932787668904255e-01
8.311613987845920492e+05	1.537645163212938870e+00	3.134533345921673431e-01
8.348714280551823322e+05	1.544508702883791829e+00	3.144166664696691482e-01
8.385971433986460324e+05	1.551401261729693726e+00	3.153832855653170841e-01
8.423386095588483149e+05	1.558322959526552420e+00	3.163532030845621068e-01
8.460958915421454003e+05	1.565273916535884213e+00	3.173264302725234409e-01
8.498690546184339328e+05	1.572254253506753185e+00	3.183029784141191976e-01
8.536581643222045386e+05	1.579264091677722304e+00	3.192828588342092599e-01
8.574632864536159905e+05	1.586303552778838499e+00	3.202660828977303975e-01
8.612844870795378229e+05	1.593372759033563346e+00	3.212526620098336561e-01
8.651218325346328784e+05	1.600471833160774793e+00	3.222426076160244124e-01
8.689753894224476535e+05	1.607600898376784881e+00	3.232359312022991538e-01
8.728452246164623648e+05	1.614760078397282195e+00	3.242326442952856991e-01
8.767314052611828083e+05	1.621949497439350685e+00	3.252327584623858625e-01
8.806339987732294248e+05	1.629169280223486060e+00	3.262362853119097905e-01
8.845530728424285771e+05	1.636419551975613507e+00	3.272432364932256199e-01
8.884886954329087166e+05	1.643700438429117172e+00	3.282536236968919274e-01
8.924409347841892159e+05	1.651012065826852337e+00	3.292674586548069993e-01
8.964098594123076182e+05	1.658354560923231968e+00	3.302847531403478865e-01
9.003955381109011360e+05	1.665728050986227782e+00	3.313055189685123469e-01
9.043980399523349479e+05	1.673132663799457243e+00	3.323297679960710571e-01
9.084174342888102401e+05	1.680568527664232814e+00	3.333575121216971193e-01
9.124537907534928527e+05	1.688035771401650953e+00	3.343887632861251014e-01
9.165071792616404127e+05	1.695534524354677108e+00	3.354235334722869277e-01
9.205776700117237633e+05	1.703064916390219175e+00	3.364618347054634806e-01
9.246653334865691140e+05	1.710627077901242910e+00	3.375036790534251541e-01
9.287702404544912279e+05	1.718221139808865372e+00	3.385490786265836771e-01
9.328924619704528013e+05	1.725847233564502092e+00	3.395980455781409391e-01
9.370320693771961378e+05	1.733505491151960065e+00	3.406505921042278784e-01
9.411891343063872773e+05	1.741196045089553168e+00	3.417067304440635778e-01
9.453637286798165878e+05	1.748919028432324607e+00	3.427664728801017580e-01
9.495559247105099494e+05	1.756674574774102604e+00	3.438298317381724978e-01
9.537657949039166560e+05	1.764462818249696863e+00	3.448968193876439381e-01
9.579934120590983657e+05	1.772283893537099919e+00	3.459674482415652230e-01
9.622388492698722985e+05	1.780137935859600340e+00	3.470417307568194887e-01
9.665021799260121770e+05	1.788025080988004722e+00	3.481196794342752421e-01
9.707834777144364780e+05	1.795945465242837491e+00	3.492013068189468994e-01
9.750828166203857400e+05	1.803899225496516934e+00	3.502866255001314544e-01
9.794002709286201280e+05	1.811886499175570986e+00	3.513756481115791752e-01
9.837359152246317826e+05	1.819907424262882323e+00	3.524683873316316607e-01
9.880898243958272506e+05	1.827962139299872835e+00	3.535648558833941468e-01
9.924620736327514751e+05	1.836050783388770036e+00	3.546650665348730636e-01
9.968527384303031722e+05	1.844173496194854156e+00	3.557690320991435673e-01
1.001261894588945201e+06	1.852330417948698571e+00	3.568767654345028628e-01
1.005689618215928786e+06	1.860521689448433102e+00	3.579882794446290206e-01
1.010135985726536019e+06	1.868747452062044401e+00	3.591035870787271378e-01
1.014601073845291394e+06	1.877007847729616374e+00	3.602227013317042537e-01
1.019084959607209079e+06	1.885303018965637456e+00	3.613456352443156772e-01
1.023587720359044382e+06	1.893633108861315639e+00	3.624724019033355726e-01
1.028109433760530548e+06	1.901998261086867759e+00	3.636030144417028431e-01
1.032650177785631153e+06	1.910398619893835193e+00	3.647374860386879969e-01
1.037210030723804957e+06	1.918834330117423770e+00	3.658758299200598474e-01
1.041789071181276115e+06	1.927305537178854999e+00	3.670180593582444972e-01
1.046387378082270734e+06	1.935812387087652242e+00	3.681641876724757734e-01
1.051005030670326902e+06	1.944355026444065215e+00	3.693142282289746947e-01
1.055642108509549173e+06	1.952933602441389915e+00	3.704681944410973538e-01
1.060298691485906020e+06	1.961548262868370029e+00	3.716260997695201573e-01
1.064974859808498295e+06	1.970199156111542171e+00	3.727879577223797147e-01
1.069670694010876352e+06	1.978886431157674819e+00	3.739537818554542481e-01
1.074386274952327833e+06	1.987610237596146856e+00	3.751235857723217437e-01
1.079121683819170343e+06	1.996370725621343434e+00	3.762973831245315370e-01
1.083877002126071369e+06	2.005168046035095575e+00	3.774751876117709015e-01
1.088652311717360048e+06	2.014002350249105344e+00	3.786570129820227559e-01
1.093447694768344052e+06	2.022873790287386342e+00	3.798428730317513491e-01
1.098263233786649304e+06	2.031782518788737502e+00	3.810327816060564698e-01
1.103099011613521026e+06	2.040728689009154273e+00	3.822267525988470860e-01
1.107955111425190000e+06	2.049712454824352825e+00	3.834247999530170925e-01
1.112831616734181531e+06	2.058733970732192997e+00	3.846269376606037960e-01
1.117728611390660284e+06	2.067793391855166085e+00	3.858331797629735438e-01
1.122646179583830293e+06	2.076890873942986993e+00	3.870435403509784322e-01
1.127584405843232293e+06	2.086026573374988313e+00	3.882580335651468761e-01
1.132543375040153274e+06	2.095200647162736463e+00	3.894766735958391513e-01
1.137523172388941050e+06	2.104413252952455515e+00	3.906994746834325793e-01
1.142523883448417531e+06	2.113664549027646888e+00	3.919264511184896160e-01
1.147545594123246381e+06	2.122954694311618429e+00	3.931576172419359305e-01
1.152588390665303217e+06	2.132283848370017054e+00	3.943929874452377082e-01
1.157652359675087733e+06	2.141652171413445327e+00	3.956325761705741240e-01
1.162737588103095535e+06	2.151059824299995427e+00	3.968763979110125351e-01
1.167844163251229795e+06	2.160506968537862171e+00	3.981244672106991622e-01
1.172972172774192411e+06	2.169993766287916959e+00	3.993767986650190727e-01
1.178121704680922907e+06	2.179520380366370524e+00	4.006334069207861392e-01
1.183292847335996339e+06	2.189086974247355766e+00	4.018943066764184002e-01
1.188485689461024478e+06	2.198693712065524331e+00	4.031595126821269637e-01
1.193700320136110997e+06	2.208340758618736466e+00	4.044290397400833736e-01
1.198936828801288037e+06	2.218028279370716227e+00	4.057029027046087921e-01
1.204195305257952074e+06	2.227756440453713793e+00	4.069811164823538552e-01
1.209475839670278598e+06	2.237525408671116267e+00	4.082636960324886322e-01
1.214778522566719912e+06	2.247335351500224121e+00	4.095506563668697142e-01
1.220103444841417484e+06	2.257186437094858888e+00	4.108420125502454390e-01
1.225450697755686007e+06	2.267078834288113409e+00	4.121377797004228127e-01
1.230820372939483961e+06	2.277012712595068766e+00	4.134379729884641863e-01
1.236212562392877648e+06	2.286988242215504563e+00	4.147426076388655014e-01
1.241627358487523394e+06	2.297005594036641174e+00	4.160516989297497470e-01
1.247064853968169540e+06	2.307064939635915746e+00	4.173652621930553086e-01
1.252525141954100458e+06	2.317166451283658724e+00	4.186833128147085525e-01
1.258008315940674162e+06	2.327310301945932913e+00	4.200058662348375993e-01
1.263514469800825231e+06	2.337496665287318809e+00	4.213329379479438530e-01
1.269043697786551202e+06	2.347725715673658620e+00	4.226645435030903508e-01
1.274596094530438771e+06	2.357997628174886007e+00	4.240006985041124277e-01
1.280171755047204671e+06	2.368312578567872251e+00	4.253414186097861927e-01
1.285770774735171814e+06	2.378670743339160509e+00	4.266867195340375840e-01
1.291393249377857894e+06	2.389072299687899470e+00	4.280366170461240016e-01
1.297039275145480875e+06	2.399517425528635339e+00	4.293911269708347023e-01
1.302708948596498463e+06	2.410006299494154902e+00	4.307502651886825351e-01
1.308402366679199971e+06	2.420539100938432053e+00	4.321140476361028382e-01
1.314119626733211568e+06	2.431116009939411793e+00	4.334824903056423984e-01
1.319860826491090469e+06	2.441737207301961643e+00	4.348556092461572931e-01
1.325626064079891192e+06	2.452402874560766222e+00	4.362334205630180040e-01
1.331415438022741349e+06	2.463113193983245353e+00	4.376159404182978219e-01
1.337229047240417218e+06	2.473868348572465514e+00	4.390031850309807360e-01
1.343066991052927682e+06	2.484668522070073937e+00	4.403951706771449537e-01
1.348929369181135902e+06	2.495513898959294874e+00	4.417919136901842236e-01
1.354816281748336740e+06	2.506404664467852150e+00	4.431934304609934094e-01
1.360727829281843035e+06	2.517341004570899710e+00	4.445997374381742140e-01
1.366664112714641728e+06	2.528323105994086717e+00	4.460108511282374066e-01
1.372625233387004584e+06	2.539351156216539174e+00	4.474267880958058274e-01
1.378611293048102409e+06	2.550425343473844197e+00	4.488475649638174469e-01
1.384622393857622519e+06	2.561545856761042295e+00	4.502731984137338661e-01
1.390658638387456071e+06	2.572712885835749308e+00	4.517037051857350494e-01
1.396720129623302491e+06	2.583926621221127373e+00	4.531391020789382607e-01
1.402806970966319786e+06	2.595187254208932703e+00	4.545794059515960162e-01
1.408919266234817449e+06	2.606494976862650859e+00	4.560246337213078593e-01
1.415057119665888604e+06	2.617849982020517441e+00	4.574748023652240314e-01
1.421220635917110369e+06	2.629252463298659581e+00	4.589299289202564691e-01
1.427409920068193926e+06	2.640702615094151273e+00	4.603900304832942991e-01
1.433625077622701414e+06	2.652200632588189499e+00	4.618551242113998478e-01
1.439866214509697631e+06	2.663746711749150897e+00	4.633252273220408446e-01
1.446133437085480429e+06	2.675341049335790089e+00	4.648003570932796591e-01
1.452426852135275723e+06	2.686983842900376729e+00	4.662805308639993984e-01
1.458746566874951590e+06	2.698675290791868520e+00	4.677657660341176249e-01
1.465092688952727942e+06	2.710415592159071352e+00	4.692560800647910813e-01
1.471465326450925786e+06	2.722204946953875826e+00	4.707514904786420651e-01
1.477864587887668516e+06	2.734043555934407177e+00	4.722520148599660406e-01
1.484290582218640251e+06	2.745931620668276008e+00	4.737576708549540716e-01
1.490743418838835554e+06	2.757869343535813922e+00	4.752684761719017104e-01
1.497223207584290765e+06	2.769856927733280294e+00	4.767844485814402566e-01
1.503730058733878890e+06	2.781894577276178726e+00	4.783056059167394292e-01
1.510264083011036972e+06	2.793982497002456711e+00	4.798319660737387915e-01
1.516825391585558653e+06	2.806120892575818981e+00	4.813635470113637460e-01
1.523414096075403737e+06	2.818309970489074612e+00	4.829003667517527409e-01
1.530030308548430447e+06	2.830549938067345561e+00	4.844424433804662145e-01
1.536674141524223378e+06	2.842841003471443084e+00	4.859897950467208516e-01
1.543345707975891186e+06	2.855183375701199289e+00	4.875424399636063555e-01
1.550045121331881033e+06	2.867577264598819120e+00	4.891003964083214250e-01
1.556772495477793040e+06	2.880022880852238121e+00	4.906636827223824771e-01
1.563527944758185185e+06	2.892520435998464645e+00	4.922323173118623996e-01
1.570311583978439216e+06	2.905070142427026880e+00	4.938063186476063238e-01
1.577123528406558093e+06	2.917672213383301738e+00	4.953857052654777049e-01
1.583963893775055185e+06	2.930326862972008950e+00	4.969704957665629363e-01
1.590832796282770811e+06	2.943034306160569713e+00	4.985607088174129342e-01
1.597730352596745593e+06	2.955794758782575915e+00	5.001563631502814467e-01
1.604656679854080779e+06	2.968608437541229161e+00	5.017574775633421025e-01
1.611611895663834177e+06	2.981475560012849080e+00	5.033640709209198372e-01
1.618596118108888855e+06	2.994396344650330111e+00	5.049761621537375289e-01
1.625609465747834882e+06	3.007371010786623167e+00	5.065937702591379876e-01
1.632652057616877602e+06	3.020399778638264809e+00	5.082169143013176571e-01
1.639724013231737306e+06	3.033482869308893548e+00	5.098456134115716409e-01
1.646825452589562396e+06	3.046620504792788342e+00	5.114798867885160805e-01
1.653956496170849772e+06	3.059812907978419538e+00	5.131197536983350682e-01
1.661117264941375703e+06	3.073060302652023790e+00	5.147652334750129066e-01
1.668307880354132270e+06	3.086362913501185634e+00	5.164163455205770248e-01
1.675528464351241942e+06	3.099720966118376442e+00	5.180731093053353442e-01
1.682779139365950134e+06	3.113134687004646128e+00	5.197355443681136444e-01
1.690060028324557003e+06	3.126604303573193633e+00	5.214036703165026987e-01
1.697371254648403032e+06	3.140130044153039091e+00	5.230775068270913097e-01
1.704712942255809903e+06	3.153712137992617404e+00	5.247570736457168872e-01
1.712085215564095415e+06	3.167350815263503705e+00	5.264423905877073651e-01
1.719488199491532752e+06	3.181046307064039791e+00	5.281334775381248958e-01
1.726922019459381467e+06	3.194798845423088007e+00	5.298303544520058805e-01
1.734386801393858390e+06	3.208608663303684327e+00	5.315330413546223154e-01
1.741882671728173038e+06	3.222475994606792682e+00	5.332415583417107197e-01
1.749409757404550212e+06	3.236401074175061066e+00	5.349559255797324830e-01
1.756968185876231873e+06	3.250384137796511030e+00	5.366761633061156722e-01
1.764558085109544452e+06	3.264425422208371508e+00	5.384022918295116034e-01
1.772179583585939603e+06	3.278525165100850458e+00	5.401343315300395354e-01
1.779832810304016341e+06	3.292683605120876766e+00	5.418723028595382463e-01
1.787517894781618379e+06	3.306900981875980250e+00	5.436162263418292673e-01
1.795234967057887465e+06	3.321177535938090397e+00	5.453661225729575790e-01
1.802984157695349772e+06	3.335513508847395059e+00	5.471220122214474069e-01
1.810765597781977151e+06	3.349909143116154286e+00	5.488839160285627905e-01
1.818579418933314038e+06	3.364364682232638515e+00	5.506518548085594933e-01
1.826425753294560593e+06	3.378880370664974819e+00	5.524258494489476812e-01
1.834304733542673290e+06	3.393456453865041578e+00	5.542059209107432771e-01
1.842216492888520937e+06	3.408093178272449730e+00	5.559920902287321942e-01
1.850161165078974329e+06	3.422790791318414794e+00	5.577843785117236886e-01
1.858138884399046190e+06	3.437549541429711031e+00	5.595828069428191442e-01
1.866149785674056504e+06	3.452369678032678912e+00	5.613873967796678688e-01
1.874194004271765938e+06	3.467251451557173958e+00	5.631981693547315482e-01
1.882271676104554208e+06	3.482195113440593737e+00	5.650151460755457045e-01
1.890382937631563284e+06	3.497200916131843140e+00	5.668383484249867044e-01
1.898527925860894611e+06	3.512269113095402684e+00	5.686677979615396561e-01
1.906706778351795860e+06	3.527399958815367942e+00	5.705035163195614212e-01
1.914919633216861868e+06	3.542593708799528507e+00	5.723455252095476231e-01
1.923166629124224186e+06	3.557850619583410978e+00	5.741938464184016544e-01
1.931447905299738981e+06	3.573170948734333052e+00	5.760485018097062371e-01
1.939763601529280422e+06	3.588554954855642798e+00	5.779095133239855464e-01
1.948113858160904841e+06	3.604002897590723897e+00	5.797769029789878736e-01
1.956498816107117105e+06	3.619515037627186516e+00	5.816506928699531898e-01
1.964918616847113473e+06	3.635091636701019535e+00	5.835309051698766014e-01
1.973373402429050300e+06	3.650732957600783646e+00	5.854175621298001175e-01
1.981863315472285729e+06	3.666439264171762691e+00	5.873106860790774375e-01
1.990388499169679126e+06	3.682210821320214489e+00	5.892102994256480653e-01
1.998949097289845115e+06	3.698047895017542608e+00	5.911164246563197500e-01
2.007545254179494688e+06	3.713950752304626679e+00	5.930290843370449316e-01
2.016177114765677834e+06	3.729919661295971967e+00	5.949483011131986299e-01
2.024844824558126740e+06	3.745954891184041902e+00	5.968740977098577760e-01
2.033548529651589692e+06	3.762056712243579071e+00	5.988064969320888720e-01
2.042288376728134230e+06	3.778225395835864031e+00	6.007455216652143326e-01
2.051064513059474295e+06	3.794461214413020755e+00	6.026911948751206838e-01
2.059877086509357207e+06	3.810764441522434431e+00	6.046435396085170222e-01
2.068726245535905240e+06	3.827135351811079111e+00	6.066025789932294465e-01
2.077612139193963259e+06	3.843574221029863569e+00	6.085683362385014838e-01
2.086534917137500364e+06	3.860081326038077965e+00	6.105408346352571014e-01
2.095494729621958453e+06	3.876656944807730820e+00	6.125200975564031314e-01
2.104491727506683674e+06	3.893301356428053861e+00	6.145061484571179289e-01
2.113526062257309444e+06	3.910014841109904271e+00	6.164990108751339237e-01
2.122597885948199779e+06	3.926797680190293960e+00	6.184987084310397121e-01
2.131707351264834404e+06	3.943650156136794482e+00	6.205052648285670491e-01
2.140854611506231129e+06	3.960572552552017900e+00	6.225187038548807283e-01
2.150039820587454829e+06	3.977565154178264173e+00	6.245390493808758992e-01
2.159263133042003959e+06	3.994628246901933188e+00	6.265663253614792705e-01
2.168524704024256673e+06	4.011762117758046919e+00	6.286005558359324397e-01
2.177824689312049653e+06	4.028967054935027825e+00	6.306417649281002014e-01
2.187163245309038553e+06	4.046243347779056698e+00	6.326899768467662000e-01
2.196540529047285672e+06	4.063591286798868829e+00	6.347452158859336890e-01
2.205956698189627379e+06	4.081011163670124731e+00	6.368075064251250694e-01
2.215411911032365635e+06	4.098503271240396373e+00	6.388768729296813165e-01
2.224906326507622842e+06	4.116067903533520145e+00	6.409533399510687346e-01
2.234440104185963050e+06	4.133705355754450750e+00	6.430369321271823813e-01
2.244013404278933071e+06	4.151415924293953452e+00	6.451276741826508232e-01
2.253626387641527224e+06	4.169199906733170202e+00	6.472255909291341203e-01
2.263279215774893295e+06	4.187057601848628963e+00	6.493307072656455681e-01
2.272972050828759558e+06	4.204989309616721904e+00	6.514430481788577865e-01
2.282705055604085326e+06	4.222995331218623249e+00	6.535626387433981499e-01
2.292478393555636052e+06	4.241075969045042804e+00	6.556895041221687537e-01
2.302292228794601746e+06	4.259231526701070969e+00	6.578236695666630496e-01
2.312146726091193035e+06	4.277462309010990893e+00	6.599651604172732666e-01
2.322042050877237692e+06	4.295768622023066641e+00	6.621140021035998302e-01
2.331978369248892646e+06	4.314150773014575613e+00	6.642702201447804322e-01
2.341955847969201859e+06	4.332609070496530101e+00	6.664338401497817976e-01
2.351974654470759444e+06	4.351143824218607570e+00	6.686048878177469623e-01
2.362034956858434249e+06	4.369755345174193728e+00	6.707833889382943671e-01
2.372136923911954276e+06	4.388443945605160934e+00	6.729693693918354924e-01
2.382280725088661071e+06	4.407209939006959232e+00	6.751628551499051500e-01
2.392466530526184943e+06	4.426053640133578604e+00	6.773638722754803387e-01
2.402694511045163032e+06	4.444975365002560963e+00	6.795724469233076492e-01
2.412964838151917327e+06	4.463975430899969510e+00	6.817886053402153479e-01
2.423277684041181579e+06	4.483054156385420264e+00	6.840123738654440011e-01
2.433633221598910168e+06	4.502211861297292117e+00	6.862437789309870917e-01
2.444031624404926784e+06	4.521448866757612706e+00	6.884828470618893359e-01
2.454473066735756584e+06	4.540765495177309319e+00	6.907296048766012886e-01
2.464957723567360546e+06	4.560162070261262635e+00	6.929840790873015299e-01
2.475485770577962510e+06	4.579638917013532762e+00	6.952462965002266237e-01
2.486057384150774218e+06	4.599196361742409422e+00	6.975162840160066269e-01
2.496672741376826540e+06	4.618834732065645099e+00	6.997940686299812807e-01
2.507332020057814196e+06	4.638554356915714827e+00	7.020796774325612777e-01
2.518035398708863184e+06	4.658355566544940096e+00	7.043731376095462293e-01
2.528783056561419740e+06	4.678238692530833909e+00	7.066744764424653935e-01
2.539575173566079699e+06	4.698204067781332149e+00	7.089837213089327239e-01
2.550411930395436473e+06	4.718252026540061372e+00	7.113008996829482955e-01
2.561293508446930908e+06	4.738382904391617245e+00	7.136260391352762245e-01
2.572220089845788199e+06	4.758597038266991319e+00	7.159591673337704076e-01
2.583191857447898947e+06	4.778894766448904541e+00	7.183003120437138067e-01
2.594208994842643384e+06	4.799276428577028852e+00	7.206495011281792706e-01
2.605271686355940532e+06	4.819742365653633343e+00	7.230067625483526106e-01
2.616380117053069174e+06	4.840292920048796965e+00	7.253721243638989735e-01
2.627534472741633188e+06	4.860928435505901035e+00	7.277456147332951319e-01
2.638734939974504057e+06	4.881649257147065768e+00	7.301272619141960796e-01
2.649981706052859314e+06	4.902455731478776002e+00	7.325170942637709848e-01
2.661274959029069636e+06	4.923348206397222704e+00	7.349151402390629029e-01
2.672614887709654402e+06	4.944327031193764377e+00	7.373214283973414940e-01
2.684001681658396497e+06	4.965392556560701109e+00	7.397359873964386434e-01
2.695435531199259218e+06	4.986545134596658713e+00	7.421588459951471428e-01
2.706916627419462893e+06	5.007785118812288161e+00	7.445900330535253353e-01
2.718445162172453944e+06	5.029112864135754535e+00	7.470295775332990162e-01
