1.000000000000000000e+06
1.003604951720812242e+06
1.007223886663185782e+06
1.010856815146502689e+06
1.014503750724725542e+06
1.018164709897921770e+06
1.021839711854092195e+06
1.025528778237784747e+06
1.029231932942650863e+06
1.032949201925224508e+06
1.036680613037638133e+06
1.040426195877211285e+06
1.044185981651087524e+06
1.047960003054272500e+06
1.051748294159686426e+06
1.055550890318925260e+06
1.059367828072639182e+06
1.063199145069465972e+06
1.067044879992664559e+06
1.070905072493684944e+06
1.074779763131896500e+06
1.078668993319880217e+06
1.082572805273787351e+06
1.086491241968126269e+06
1.090424347094644094e+06
1.094372165024882182e+06
1.098334740776021732e+06
1.102312119979693554e+06
1.106304348853505915e+06
1.110311474175014300e+06
1.114333543257893529e+06
1.118370603930130601e+06
1.122422704514021287e+06
1.126489893807817949e+06
1.130572221068883082e+06
1.134669735998239601e+06
1.138782488726329757e+06
1.142910529799931683e+06
1.147053910170096904e+06
1.151212681181055261e+06
1.155386894559979439e+06
1.159576602407561382e+06
1.163781857189268107e+06
1.168002711727307178e+06
1.172239219193215715e+06
1.176491433100976748e+06
1.180759407300669933e+06
1.185043195972589310e+06
1.189342853621844668e+06
1.193658435073303757e+06
1.197989995466962457e+06
1.202337590253632050e+06
1.206701275190966669e+06
1.211081106339774793e+06
1.215477140060600126e+06
1.219889433010587003e+06
1.224318042140549282e+06
1.228763024692307459e+06
1.233224438196160831e+06
1.237702340468596434e+06
1.242196789610198000e+06
1.246707844003673876e+06
1.251235562312061433e+06
1.255780003477093531e+06
1.260341226717639482e+06
1.264919291528375354e+06
1.269514257678471738e+06
1.274126185210453579e+06
1.278755134439161513e+06
1.283401165950770024e+06
1.288064340601955773e+06
1.292744719519120408e+06
1.297442364097670885e+06
1.302157336001455551e+06
1.306889697162188357e+06
1.311639509778981097e+06
1.316406836317969952e+06
1.321191739511934575e+06
1.325994282360035926e+06
1.330814528127573896e+06
1.335652540345825255e+06
1.340508382811897900e+06
1.345382119588673580e+06
1.350273815004750853e+06
1.355183533654467668e+06
1.360111340397940949e+06
1.365057300361157395e+06
1.370021478936092928e+06
1.375003941780885682e+06
1.380004754820007365e+06
1.385023984244496562e+06
1.390061696512225550e+06
1.395117958348158747e+06
1.400192836744700558e+06
1.405286398961979197e+06
1.410398712528282544e+06
1.415529845240387367e+06
1.420679865163993090e+06
1.425848840634172317e+06
1.431036840255804593e+06
1.436243932904069312e+06
1.441470187724935822e+06
1.446715674135689391e+06
1.451980461825469742e+06
1.457264620755804237e+06
1.462568221161206020e+06
1.467891333549751900e+06
1.473234028703686316e+06
1.478596377680043457e+06
1.483978451811295003e+06
1.489380322705992730e+06
1.494802062249417650e+06
1.500243742604291299e+06
1.505705436211438151e+06
1.511187215790526243e+06
1.516689154340739595e+06
1.522211325141555164e+06
1.527753801753458567e+06
1.533316658018704038e+06
1.538899968062086031e+06
1.544503806291719200e+06
1.550128247399808606e+06
1.555773366363467881e+06
1.561439238445520634e+06
1.567125939195316518e+06
1.572833544449565699e+06
1.578562130333181005e+06
1.584311773260105168e+06
1.590082549934198847e+06
1.595874537350078113e+06
1.601687812794016907e+06
1.607522453844805481e+06
1.613378538374654949e+06
1.619256144550113939e+06
1.625155350832935190e+06
1.631076235981034348e+06
1.637018879049403127e+06
1.642983359391037608e+06
1.648969756657866063e+06
1.654978150801744312e+06
1.661008622075349325e+06
1.667061251033178065e+06
1.673136118532527471e+06
1.679233305734453723e+06
1.685352894104758278e+06
1.691494965414985782e+06
1.697659601743413135e+06
1.703846885476062773e+06
1.710056899307729676e+06
1.716289726242974401e+06
1.722545449597183382e+06
1.728824152997540543e+06
1.735125920384132769e+06
1.741450836010976462e+06
1.747798984447045717e+06
1.754170450577340787e+06
1.760565319603965152e+06
1.766983677047204459e+06
1.773425608746579615e+06
1.779891200861926423e+06
1.786380539874518057e+06
1.792893712588113733e+06
1.799430806130128447e+06
1.805991907952655572e+06
1.812577105833668262e+06
1.819186487878071144e+06
1.825820142518843524e+06
1.832478158518177690e+06
1.839160624968635384e+06
1.845867631294245599e+06
1.852599267251701560e+06
1.859355622931475984e+06
1.866136788758988725e+06
1.872942855495817028e+06
1.879773914240801940e+06
1.886630056431258796e+06
1.893511373844172806e+06
1.900417958597355057e+06
1.907349903150666272e+06
1.914307300307195168e+06
1.921290243214474060e+06
1.928298825365700526e+06
1.935333140600945568e+06
1.942393283108366653e+06
1.949479347425435204e+06
1.956591428440206917e+06
1.963729621392509900e+06
1.970894021875213832e+06
1.978084725835490739e+06
1.985301829576057149e+06
1.992545429756439757e+06
1.999815623394235969e+06
2.007112507866399828e+06
2.014436180910489056e+06
2.021786740626011509e+06
2.029164285475662211e+06
2.036568914286609273e+06
2.044000726251836866e+06
2.051459820931433933e+06
2.058946298253896413e+06
2.066460258517446462e+06
2.074001802391370293e+06
2.081571030917322496e+06
2.089168045510689262e+06
2.096792947961885249e+06
2.104445840437760577e+06
2.112126825482899789e+06
2.119836006020979956e+06
2.127573485356168356e+06
2.135339367174465209e+06
2.143133755545062013e+06
2.150956754921768326e+06
2.158808470144334249e+06
2.166689006439878605e+06
2.174598469424299896e+06
2.182536965103623457e+06
2.190504599875461310e+06
2.198501480530396570e+06
2.206527714253410231e+06
2.214583408625285607e+06
2.222668671624083072e+06
2.230783611626534257e+06
2.238928337409474887e+06
2.247102958151352126e+06
2.255307583433612715e+06
2.263542323242183775e+06
2.271807287968954537e+06
2.280102588413214311e+06
2.288428335783162154e+06
2.296784641697350889e+06
2.305171618186203297e+06
2.313589377693493385e+06
2.322038033077843487e+06
2.330517697614242323e+06
2.339028484995536972e+06
2.347570509333970491e+06
2.356143885162682272e+06
2.364748727437249850e+06
2.373385151537208352e+06
2.382053273267613258e+06
2.390753208860575221e+06
2.399485074976813048e+06
2.408248988707206212e+06
2.417045067574368324e+06
2.425873429534213617e+06
2.434734192977524363e+06
2.443627476731535513e+06
2.452553400061549619e+06
2.461512082672497723e+06
2.470503644710561261e+06
2.479528206764766946e+06
2.488585889868585858e+06
2.497676815501600970e+06
2.506801105591072235e+06
2.515958882513611112e+06
2.525150269096806180e+06
2.534375388620863203e+06
2.543634364820247050e+06
2.552927321885359008e+06
2.562254384464197326e+06
2.571615677664005663e+06
2.581011327052955516e+06
2.590441458661840297e+06
2.599906198985756375e+06
2.609405674985804129e+06
2.618940014090769924e+06
2.628509344198850915e+06
2.638113793679369148e+06
2.647753491374488920e+06
2.657428566600932740e+06
2.667139149151733145e+06
2.676885369297952391e+06
2.686667357790450566e+06
2.696485245861624833e+06
2.706339165227171499e+06
2.716229248087850399e+06
2.726155627131264191e+06
2.736118435533638112e+06
2.746117806961602997e+06
2.756153875573975500e+06
2.766226776023583021e+06
2.776336643459066283e+06
2.786483613526662346e+06
2.796667822372060269e+06
2.806889406642218120e+06
2.817148503487173002e+06
2.827445250561924651e+06
2.837779786028248724e+06
2.848152248556570616e+06
2.858562777327816002e+06
2.869011512035281397e+06
2.879498592886506580e+06
2.890024160605174024e+06
2.900588356432977132e+06
2.911191322131524328e+06
2.921833199984243140e+06
2.932514132798308507e+06
2.943234263906517997e+06
2.953993737169258762e+06
2.964792696976423264e+06
2.975631288249343634e+06
2.986509656442746520e+06
2.997427947546699550e+06
3.008386308088585269e+06
3.019384885135058779e+06
3.030423826294033322e+06
3.041503279716640245e+06
3.052623394099246711e+06
3.063784318685444538e+06
3.074986203268051147e+06
3.086229198191123549e+06
3.097513454351987690e+06
3.108839123203258496e+06
3.120206356754876208e+06
3.131615307576136198e+06
3.143066128797769547e+06
3.154558974113987293e+06
3.166093997784528416e+06
3.177671354636752978e+06
3.189291200067731086e+06
3.200953690046312753e+06
3.212658981115226168e+06
3.224407230393198319e+06
3.236198595577053726e+06
3.248033234943836927e+06
3.259911307352927513e+06
3.271832972248225007e+06
3.283798389660229441e+06
3.295807720208248589e+06
3.307861125102489721e+06
3.319958766146303620e+06
3.332100805738316849e+06
3.344287406874621287e+06
3.356518733150966000e+06
3.368794948764965869e+06
3.381116218518327456e+06
3.393482707818998024e+06
3.405894582683469635e+06
3.418352009738962632e+06
3.430855156225697603e+06
3.443404189999113791e+06
3.455999279532136396e+06
3.468640593917469028e+06
3.481328302869844250e+06
3.494062576728294138e+06
3.506843586458487902e+06
3.519671503654966597e+06
3.532546500543519855e+06
3.545468749983440619e+06
3.558438425469897687e+06
3.571455701136253774e+06
3.584520751756404527e+06
3.597633752747145481e+06
3.610794880170480814e+06
3.624004310736090876e+06
3.637262221803582273e+06
3.650568791384994984e+06
3.663924198147121817e+06
3.677328621413927060e+06
3.690782241168987937e+06
3.704285238057894167e+06
3.717837793390662409e+06
3.731440089144230820e+06
3.745092307964822743e+06
3.758794633170504589e+06
3.772547248753560707e+06
3.786350339383045211e+06
3.800204090407204814e+06
3.814108687856024597e+06
3.828064318443674129e+06
3.842071169571102131e+06
3.856129429328475147e+06
3.870239286497768015e+06
3.884400930555292871e+06
3.898614551674190443e+06
3.912880340727081057e+06
3.927198489288579673e+06
3.941569189637874253e+06
3.955992634761342313e+06
3.970469018355134409e+06
3.984998534827751573e+06
3.999581379302727059e+06
4.014217747621180955e+06
4.028907836344500538e+06
4.043651842756996863e+06
4.058449964868513867e+06
4.073302401417136658e+06
4.088209351871863008e+06
4.103171016435230151e+06
4.118187596046092454e+06
4.133259292382280808e+06
4.148386307863337453e+06
4.163568845653220080e+06
4.178807109663036186e+06
4.194101304553818423e+06
4.209451635739268735e+06
4.224858309388491325e+06
4.240321532428797334e+06
4.255841512548502535e+06
4.271418458199701272e+06
4.287052578601071611e+06
4.302744083740715869e+06
4.318493184378959239e+06
4.334300092051211745e+06
4.350165019070802256e+06
4.366088178531838581e+06
4.382069784312064759e+06
4.398110051075774245e+06
4.414209194276677445e+06
4.430367430160803720e+06
4.446584975769422948e+06
4.462862048941932619e+06
4.479198868318860419e+06
4.495595653344742022e+06
4.512052624271110632e+06
4.528570002159437165e+06
4.545148008884135634e+06
4.561786867135555483e+06
4.578486800422946922e+06
4.595248033077471890e+06
4.612070790255257860e+06
4.628955297940422781e+06
4.645901782948097214e+06
4.662910472927485593e+06
4.679981596364948899e+06
4.697115382587036118e+06
4.714312061763652600e+06
4.731571864911075681e+06
4.748895023895121180e+06
4.766281771434238181e+06
4.783732341102664359e+06
4.801246967333541252e+06
4.818825885422104038e+06
4.836469331528847106e+06
4.854177542682660744e+06
4.871950756784100085e+06
4.889789212608506903e+06
4.907693149809289724e+06
4.925662808921100572e+06
4.943698431363135576e+06
4.961800259442343377e+06
4.979968536356653087e+06
4.998203506198341027e+06
5.016505413957245648e+06
5.034874505524120294e+06
5.053311027693877928e+06
5.071815228168973699e+06
5.090387355562740006e+06
5.109027659402688965e+06
5.127736390133920126e+06
5.146513799122451805e+06
5.165360138658655807e+06
5.184275661960620433e+06
5.203260623177547939e+06
5.222315277393236756e+06
5.241439880629469641e+06
5.260634689849460497e+06
5.279899962961344048e+06
5.299235958821619861e+06
5.318642937238676473e+06
5.338121158976234496e+06
5.357670885756925680e+06
5.377292380265771411e+06
5.396985906153745018e+06
5.416751728041302413e+06
5.436590111521963030e+06
5.456501323165875860e+06
5.476485630523432046e+06
5.496543302128842101e+06
5.516674607503767125e+06
5.536879817160954699e+06
5.557159202607868239e+06
5.577513036350355484e+06
5.597941591896313243e+06
5.618445143759375438e+06
5.639023967462614179e+06
5.659678339542257600e+06
5.680408537551383488e+06
5.701214840063676238e+06
5.722097526677208953e+06
5.743056878018173389e+06
5.764093175744676031e+06
5.785206702550522983e+06
5.806397742169026285e+06
5.827666579376835376e+06
5.849013499997797422e+06
5.870438790906750597e+06
5.891942740033436567e+06
5.913525636366355233e+06
5.935187769956680015e+06
5.956929431922128424e+06
5.978750914450937882e+06
6.000652510805753060e+06
6.022634515327584930e+06
6.044697223439811729e+06
6.066840931652127765e+06
6.089065937564538792e+06
6.111372539871365763e+06
6.133761038365302607e+06
6.156231733941433951e+06
6.178784928601276129e+06
6.201420925456841476e+06
6.224140028734782711e+06
6.246942543780408800e+06
6.269828777061864734e+06
6.292799036174216308e+06
6.315853629843615927e+06
6.338992867931471206e+06
6.362217061438591219e+06
6.385526522509409115e+06
6.408921564436146058e+06
6.432402501663070172e+06
6.455969649790743366e+06
6.479623325580215082e+06
6.503363846957343630e+06
6.527191533017072827e+06
6.551106704027669504e+06
6.575109681435171515e+06
6.599200787867583334e+06
6.623380347139275633e+06
6.647648684255350381e+06
6.672006125416064635e+06
6.696452998021127656e+06
6.720989630674188957e+06
6.745616353187260218e+06
6.770333496585077606e+06
6.795141393109698780e+06
6.820040376224859618e+06
6.845030780620523728e+06
6.870112942217418924e+06
6.895287198171472177e+06
6.920553886878444813e+06
6.945913347978455015e+06
6.971365922360524535e+06
6.996911952167241834e+06
7.022551780799303204e+06
7.048285752920215949e+06
7.074114214460821822e+06
7.100037512624084018e+06
7.126055995889715850e+06
7.152170014018871821e+06
7.178379918058839627e+06
7.204686060347816907e+06
7.231088794519643299e+06
7.257588475508539006e+06
7.284185459553917870e+06
7.310880104205190204e+06
7.337672768326552585e+06
7.364563812101857737e+06
7.391553597039428540e+06
7.418642485976989381e+06
7.445830843086468987e+06
7.473119033878985792e+06
7.500507425209748559e+06
7.527996385282984003e+06
7.555586283656915650e+06
7.583277491248744540e+06
7.611070380339614116e+06
7.638965324579693377e+06
7.666962698993152007e+06
7.695062879983224906e+06
7.723266245337322354e+06
7.751573174232096411e+06
7.779984047238511965e+06
7.808499246327058412e+06
7.837119154872801155e+06
7.865844157660637051e+06
7.894674640890445560e+06
7.923610992182244547e+06
7.952653600581497885e+06
7.981802856564306654e+06
8.011059152042673901e+06
8.040422880369805731e+06
8.069894436345404945e+06
8.099474216220973991e+06
8.129162617705192417e+06
8.158960039969223551e+06
8.188866883652144112e+06
8.218883550866330042e+06
8.249010445202834904e+06
8.279247971736910753e+06
8.309596537033407949e+06
8.340056549152240157e+06
8.370628417653937824e+06
8.401312553605142981e+06
8.432109369584115222e+06
8.463019279686354101e+06
8.494042699530124664e+06
8.525180046262096614e+06
8.556431738562973216e+06
8.587798196653071791e+06
8.619279842298071831e+06
8.650877098814627156e+06
8.682590391076099128e+06
8.714420145518315956e+06
8.746366790145259351e+06
8.778430754534875974e+06
8.810612469844851643e+06
8.842912368818428367e+06
8.875330885790200904e+06
8.907868456692054868e+06
8.940525519058939070e+06
8.973302512034842744e+06
9.006199876378685236e+06
9.039218054470228031e+06
9.072357490316106007e+06
9.105618629555728287e+06
9.139001919467350468e+06
9.172507808974072337e+06
9.206136748649908230e+06
9.239889190725833178e+06
9.273765589095894247e+06
9.307766399323338643e+06
9.341892078646712005e+06
9.376143085986079648e+06
9.410519881949165836e+06
9.445022928837593645e+06
9.479652690653096884e+06
9.514409633103750646e+06
9.549294223610335961e+06
9.584306931312516332e+06
9.619448227075267583e+06
9.654718583495158702e+06
9.690118474906763062e+06
9.725648377389021218e+06
9.761308768771683797e+06
9.797100128641720861e+06
9.833022938349813223e+06
9.869077681016827002e+06
9.905264841540347785e+06
9.941584906601177529e+06
9.978038364669909701e+06
1.001462570601355471e+07
1.005134742270207964e+07
1.008820400861508213e+07
1.012519595944845676e+07
1.016232377272103168e+07
1.019958794778130949e+07
1.023698898581421003e+07
1.027452738984777965e+07
1.031220366476002708e+07
1.035001831728566810e+07
1.038797185602302104e+07
1.042606479144080356e+07
1.046429763588505611e+07
1.050267090358602628e+07
1.054118511066511087e+07
1.057984077514179796e+07
1.061863841694065742e+07
1.065757855789837055e+07
1.069666172177071683e+07
1.073588843423970975e+07
1.077525922292057797e+07
1.081477461736897007e+07
1.085443514908804931e+07
1.089424135153565928e+07
1.093419376013153605e+07
1.097429291226450913e+07
1.101453934729973786e+07
1.105493360658600181e+07
1.109547623346297629e+07
1.113616777326858975e+07
1.117700877334633470e+07
1.121799978305267729e+07
1.125914135376445018e+07
1.130043403888629004e+07
1.134187839385806397e+07
1.138347497616242245e+07
1.142522434533226676e+07
1.146712706295829825e+07
1.150918369269659556e+07
1.155139480027621612e+07
1.159376095350681245e+07
1.163628272228630073e+07
1.167896067860852368e+07
1.172179539657097124e+07
1.176478745238253474e+07
1.180793742437124066e+07
1.185124589299209602e+07
1.189471344083485007e+07
1.193834065263190493e+07
1.198212811526616476e+07
1.202607641777895764e+07
1.207018615137798339e+07
1.211445790944528580e+07
1.215889228754521906e+07
1.220348988343251124e+07
1.224825129706031084e+07
1.229317713058829308e+07
1.233826798839073256e+07
1.238352447706469335e+07
1.242894720543819852e+07
1.247453678457842022e+07
1.252029382779992186e+07
1.256621895067296177e+07
1.261231277103174105e+07
1.265857590898275934e+07
1.270500898691317253e+07
1.275161262949918769e+07
1.279838746371444128e+07
1.284533411883855611e+07
1.289245322646550275e+07
1.293974542051218078e+07
1.298721133722695336e+07
1.303485161519824527e+07
1.308266689536311850e+07
1.313065782101593539e+07
1.317882503781699017e+07
1.322716919380130246e+07
1.327569093938723765e+07
1.332439092738534696e+07
1.337326981300718896e+07
1.342232825387411378e+07
1.347156691002614982e+07
1.352098644393087737e+07
1.357058752049242891e+07
1.362037080706035905e+07
1.367033697343870811e+07
1.372048669189500622e+07
1.377082063716937602e+07
1.382133948648354039e+07
1.387204391955004632e+07
1.392293461858141422e+07
1.397401226829925738e+07
1.402527755594361760e+07
1.407673117128215730e+07
1.412837380661949329e+07
1.418020615680652112e+07
1.423222891924979724e+07
1.428444279392090812e+07
1.433684848336595111e+07
1.438944669271497801e+07
1.444223812969148532e+07
1.449522350462200865e+07
1.454840353044566140e+07
1.460177892272375524e+07
1.465535039964945242e+07
1.470911868205742538e+07
1.476308449343363196e+07
1.481724855992500484e+07
1.487161161034926586e+07
1.492617437620479241e+07
1.498093759168042615e+07
1.503590199366538227e+07
1.509106832175919786e+07
1.514643731828171387e+07
1.520200972828303464e+07
1.525778629955364764e+07
1.531376778263445757e+07
1.536995493082688749e+07
1.542634850020312145e+07
1.548294924961617775e+07
1.553975794071022794e+07
1.559677533793086559e+07
1.565400220853535831e+07
1.571143932260304317e+07
1.576908745304568112e+07
1.582694737561790645e+07
1.588501986892765202e+07
1.594330571444666199e+07
1.600180569652103819e+07
1.606052060238181241e+07
1.611945122215556540e+07
1.617859834887503833e+07
1.623796277848991379e+07
1.629754530987745523e+07
1.635734674485332705e+07
1.641736788818240538e+07
1.647760954758959450e+07
1.653807253377077729e+07
1.659875766040371172e+07
1.665966574415900558e+07
1.672079760471110232e+07
1.678215406474936008e+07
1.684373594998917729e+07
1.690554408918307349e+07
1.696757931413187087e+07
1.702984245969593152e+07
1.709233436380643025e+07
1.715505586747658998e+07
1.721800781481309235e+07
1.728119105302740633e+07
1.734460643244724348e+07
1.740825480652801320e+07
1.747213703186433390e+07
1.753625396820158884e+07
1.760060647844751179e+07
1.766519542868382484e+07
1.773002168817789108e+07
1.779508612939448655e+07
1.786038962800754979e+07
1.792593306291194260e+07
1.799171731623537838e+07
1.805774327335025743e+07
1.812401182288561016e+07
1.819052385673911497e+07
1.825728027008911967e+07
1.832428196140667424e+07
1.839152983246766403e+07
1.845902478836500645e+07
1.852676773752082512e+07
1.859475959169866145e+07
1.866300126601585373e+07
1.873149367895579711e+07
1.880023775238040090e+07
1.886923441154245287e+07
1.893848458509814367e+07
1.900798920511956513e+07
1.907774920710729435e+07
1.914776553000300378e+07
1.921803911620211229e+07
1.928857091156650707e+07
1.935936186543730646e+07
1.943041293064762279e+07
1.950172506353545189e+07
1.957329922395657748e+07
1.964513637529744580e+07
1.971723748448825628e+07
1.978960352201590315e+07
1.986223546193714812e+07
1.993513428189169616e+07
2.000830096311541274e+07
2.008173649045353010e+07
2.015544185237394273e+07
2.022941804098055512e+07
2.030366605202662572e+07
2.037818688492821157e+07
2.045298154277765751e+07
2.052805103235710785e+07
2.060339636415208876e+07
2.067901855236512050e+07
2.075491861492942274e+07
2.083109757352263853e+07
2.090755645358058810e+07
2.098429628431110829e+07
2.106131809870795906e+07
2.113862293356470019e+07
2.121621182948873192e+07
2.129408583091527969e+07
2.137224598612152785e+07
2.145069334724066034e+07
2.152942897027621791e+07
2.160845391511617228e+07
2.168776924554732442e+07
2.176737602926959470e+07
2.184727533791043982e+07
2.192746824703931808e+07
2.200795583618218824e+07
2.208873918883606046e+07
2.216981939248359203e+07
2.225119753860778734e+07
2.233287472270672768e+07
2.241485204430828616e+07
2.249713060698501021e+07
2.257971151836899295e+07
2.266259589016678557e+07
2.274578483817443997e+07
2.282927948229246959e+07
2.291308094654111564e+07
2.299719035907528549e+07
2.308160885219995677e+07
2.316633756238535047e+07
2.325137763028227165e+07
2.333673020073753223e+07
2.342239642280935124e+07
2.350837744978284463e+07
2.359467443918563798e+07
2.368128855280340463e+07
2.376822095669557899e+07
2.385547282121106982e+07
2.394304532100405544e+07
2.403093963504980877e+07
2.411915694666062295e+07
2.420769844350174442e+07
2.429656531760739908e+07
2.438575876539687440e+07
2.447527998769066483e+07
2.456513018972663209e+07
2.465531058117629215e+07
2.474582237616115063e+07
2.483666679326901212e+07
2.492784505557046458e+07
2.501935839063537121e+07
2.511120803054942191e+07
2.520339521193072945e+07
2.529592117594655976e+07
2.538878716833000258e+07
2.548199443939683959e+07
2.557554424406237155e+07
2.566943784185832366e+07
2.576367649694989994e+07
2.585826147815277427e+07
2.595319405895024166e+07
2.604847551751036569e+07
2.614410713670320064e+07
2.624009020411817357e+07
2.633642601208136231e+07
2.643311585767294839e+07
2.653016104274480790e+07
2.662756287393792719e+07
2.672532266270009428e+07
2.682344172530358285e+07
2.692192138286292180e+07
2.702076296135265753e+07
2.711996779162535444e+07
2.721953720942940190e+07
2.731947255542711169e+07
2.741977517521282658e+07
2.752044641933100298e+07
2.762148764329442009e+07
2.772290020760257170e+07
2.782468547775991261e+07
2.792684482429427654e+07
2.802937962277542427e+07
2.813229125383358076e+07
2.823558110317799449e+07
2.833925056161573157e+07
2.844330102507033572e+07
2.854773389460075274e+07
2.865255057642013580e+07
2.875775248191488162e+07
2.886334102766361088e+07
2.896931763545633480e+07
2.907568373231357709e+07
2.918244075050567836e+07
2.928959012757207081e+07
2.939713330634069443e+07
2.950507173494742438e+07
2.961340686685565487e+07
2.972214016087590531e+07
2.983127308118540794e+07
2.994080709734791517e+07
3.005074368433358893e+07
3.016108432253880799e+07
3.027183049780615047e+07
3.038298370144446939e+07
3.049454543024899438e+07
3.060651718652146310e+07
3.071890047809049115e+07
3.083169681833179668e+07
3.094490772618879378e+07
3.105853472619286925e+07
3.117257934848402813e+07
3.128704312883159891e+07
3.140192760865487158e+07
3.151723433504394069e+07
3.163296486078053340e+07
3.174912074435892701e+07
3.186570355000711605e+07
3.198271484770772234e+07
3.210015621321929991e+07
3.221802922809757292e+07
3.233633547971669212e+07
3.245507656129077449e+07
3.257425407189527154e+07
3.269386961648863181e+07
3.281392480593385547e+07
3.293442125702037290e+07
3.305536059248569608e+07
3.317674444103740528e+07
3.329857443737509847e+07
3.342085222221236676e+07
3.354357944229909405e+07
3.366675775044348836e+07
3.379038880553452671e+07
3.391447427256421000e+07
3.403901582265011966e+07
3.416401513305789977e+07
3.428947388722389191e+07
3.441539377477791160e+07
3.454177649156594276e+07
3.466862373967307806e+07
3.479593722744644433e+07
3.492371866951823980e+07
3.505196978682895005e+07
3.518069230665043741e+07
3.530988796260935068e+07
3.543955849471047521e+07
3.556970564936015010e+07
3.570033117938990891e+07
3.583143684408006817e+07
3.596302440918350965e+07
3.609509564694946259e+07
3.622765233614739776e+07
3.636069626209110767e+07
3.649422921666263789e+07
3.662825299833668768e+07
3.676276941220458597e+07
3.689778026999894530e+07
3.703328739011781663e+07
3.716929259764944762e+07
3.730579772439679503e+07
3.744280460890218616e+07
3.758031509647230059e+07
3.771833103920286149e+07
3.785685429600377381e+07
3.799588673262411356e+07
3.813543022167733312e+07
3.827548664266645163e+07
3.841605788200957328e+07
