0.000000000000000000e+00	0.000000000000000000e+00	0.000000000000000000e+00
6.399168657317464870e+00	1.183252276844813316e-05	3.198565640241356027e-03
1.284172530115493061e+01	2.375121230467685670e-05	3.208406299957128165e-03
1.932793189189047212e+01	3.575065400001350231e-05	3.218297371336152537e-03
2.585805113102849617e+01	4.783133385154840624e-05	3.228238742870210252e-03
3.243234647682933769e+01	5.999373925635606097e-05	3.238230309403417311e-03
3.905108215969138286e+01	7.223835903995221030e-05	3.248271971981716959e-03
4.571452319729260694e+01	8.456568348430592349e-05	3.258363637706739209e-03
5.242293540949974329e+01	9.697620435542184082e-05	3.268505219593595152e-03
5.917658543305150687e+01	1.094704149305042424e-04	3.278696636432701459e-03
6.597574073602393696e+01	1.220488100247182071e-04	3.288937812655579572e-03
7.282066963208316679e+01	1.347118860175573686e-04	3.299228678204126509e-03
7.971164129453326552e+01	1.474601408788326620e-04	3.309569168403835200e-03
8.664892577016685493e+01	1.602940741942961134e-04	3.319959223840430497e-03
9.363279399292039784e+01	1.732141871909033339e-04	3.330398790239747376e-03
1.006635177973471542e+02	1.862209827617386222e-04	3.340887818351274182e-03
1.077413699319049130e+02	1.993149654905974335e-04	3.351426263834795388e-03
1.148666240720734919e+02	2.124966416762538864e-04	3.362014087150049305e-03
1.220395548332994622e+02	2.257665193564087293e-04	3.372651253449707349e-03
1.292604377837795937e+02	2.391251083313388251e-04	3.383337732475072499e-03
1.365295494570857784e+02	2.525729201872535501e-04	3.394073498454842561e-03
1.438471673646353963e+02	2.661104683193646369e-04	3.404858530006606935e-03
1.512135700080096967e+02	2.797382679546760501e-04	3.415692810041100289e-03
1.586290368911384974e+02	2.934568361745250103e-04	3.426576325669062218e-03
1.660938485323386260e+02	3.072666919368538920e-04	3.437509068110659524e-03
1.736082864762177849e+02	3.211683560982321042e-04	3.448491032607551351e-03
1.811726333054523934e+02	3.351623514356455729e-04	3.459522218337154377e-03
1.887871726524364533e+02	3.492492026680466140e-04	3.470602628329454587e-03
1.964521892108126622e+02	3.634294364776875091e-04	3.481732269386087191e-03
2.041679687468813995e+02	3.777035815312263975e-04	3.492911152001581480e-03
2.119347981109023351e+02	3.920721685006357360e-04	3.504139290286761941e-03
2.197529652482794802e+02	4.065357300838949475e-04	3.515416701894349873e-03
2.276227592106509690e+02	4.210948010255061830e-04	3.526743407946653173e-03
2.355444701668657785e+02	4.357499181368015904e-04	3.538119432964998649e-03
2.435183894138711196e+02	4.505016203160849722e-04	3.549544804801357031e-03
2.515448093874931601e+02	4.653504485685762263e-04	3.561019554571742164e-03
2.596240236731426307e+02	4.802969460262171723e-04	3.572543716591458120e-03
2.677563270164164351e+02	4.953416579672837924e-04	3.584117328312087097e-03
2.759420153336288308e+02	5.104851318358698872e-04	3.595740430260261061e-03
2.841813857222420552e+02	5.257279172611830547e-04	3.607413065978095669e-03
2.924747364712341096e+02	5.410705660767259079e-04	3.619135281965224493e-03
3.008223670713881006e+02	5.565136323393306533e-04	3.630907127622467773e-03
3.092245782254998971e+02	5.720576723480437237e-04	3.642728655197033372e-03
3.176816718585249646e+02	5.877032446628977641e-04	3.654599919729197011e-03
3.261939511276425492e+02	6.034509101235298757e-04	3.666520979000493455e-03
3.347617204322834255e+02	6.193012318677331828e-04	3.678491893483235627e-03
3.433852854240586225e+02	6.352547753498256032e-04	3.690512726291503894e-03
3.520649530166618320e+02	6.513121083589678770e-04	3.702583543133422094e-03
3.608010313956841628e+02	6.674738010373230859e-04	3.714704412264843020e-03
3.695938300283968374e+02	6.837404258981527464e-04	3.726875404444157137e-03
3.784436596734776117e+02	7.001125578438115301e-04	3.739096592888368088e-03
3.873508323906677333e+02	7.165907741836129640e-04	3.751368053230516499e-03
3.963156615504054230e+02	7.331756546516508951e-04	3.763689863478069612e-03
4.053384618433923379e+02	7.498677814244978984e-04	3.776062103972599362e-03
4.144195492901334319e+02	7.666677391388533776e-04	3.788484857350440157e-03
4.235592412504237814e+02	7.835761149090950638e-04	3.800958208504586541e-03
4.327578564327904473e+02	8.005934983447462712e-04	3.813482244547436104e-03
4.420157149039115438e+02	8.177204815679008695e-04	3.826057054774764914e-03
4.513331380979906271e+02	8.349576592305657475e-04	3.838682730630487046e-03
4.607104488260843596e+02	8.523056285319184936e-04	3.851359365672516084e-03
4.701479712854188051e+02	8.697649892355403551e-04	3.864087055539585942e-03
4.796460310686640014e+02	8.873363436865760144e-04	3.876865897918830173e-03
4.892049551731743122e+02	9.050202968288272292e-04	3.889695992514354429e-03
4.988250720102125797e+02	9.228174562218184997e-04	3.902577441016723096e-03
5.085067114141393745e+02	9.407284320577959493e-04	3.915510347073180610e-03
5.182502046515727443e+02	9.587538371786741634e-04	3.928494816258723196e-03
5.280558844305410275e+02	9.768942870929677412e-04	3.941530956048040595e-03
5.379240849095988324e+02	9.951503999926570362e-04	3.954618875788108723e-03
5.478551417069362515e+02	1.013522796770039260e-03	3.967758686671586828e-03
5.578493919094603370e+02	1.032012101034529604e-03	3.980950501711097607e-03
5.679071740818390026e+02	1.050618939129392866e-03	3.994194435713891572e-03
5.780288282755834643e+02	1.069343940148545112e-03	4.007490605257580003e-03
5.882146960380656537e+02	1.088187735953236295e-03	4.020839128666255612e-03
5.984651204215414282e+02	1.107150961188743937e-03	4.034240125987451943e-03
6.087804459921632088e+02	1.126234253301045549e-03	4.047693718969622330e-03
6.191610188389601035e+02	1.145438252553431869e-03	4.061200031040413348e-03
6.296071865828608907e+02	1.164763602043200315e-03	4.074759187285279145e-03
6.401192983856374212e+02	1.184210947718198834e-03	4.088371314426977009e-03
6.506977049589016815e+02	1.203780938393472517e-03	4.102036540805485340e-03
6.613427585730627243e+02	1.223474225767831516e-03	4.115754996358428168e-03
6.720548130662849644e+02	1.243291464440426106e-03	4.129526812602241255e-03
6.828342238534407898e+02	1.263233311927307659e-03	4.143352122613677344e-03
6.936813479350784064e+02	1.283300428678018886e-03	4.157231061011985342e-03
7.045965439063597842e+02	1.303493478092130958e-03	4.171163763941478086e-03
7.155801719660129265e+02	1.323813126535802742e-03	4.185150369054561545e-03
7.266325939252898252e+02	1.344260043358354783e-03	4.199191015495495199e-03
7.377541732168998578e+02	1.364834900908795797e-03	4.213285843884330244e-03
7.489452749039829769e+02	1.385538374552422024e-03	4.227434996301408093e-03
7.602062656890491326e+02	1.406371142687356515e-03	4.241638616272412274e-03
7.715375139229357728e+02	1.427333886761119426e-03	4.255896848753670976e-03
7.829393896137816000e+02	1.448427291287230842e-03	4.270209840117997376e-03
7.944122644359896412e+02	1.469652043861790179e-03	4.284577738140890775e-03
8.059565117391954345e+02	1.491008835180069898e-03	4.299000691987185305e-03
8.175725065572494259e+02	1.512498359053131335e-03	4.313478852198031691e-03
8.292606256172138046e+02	1.534121312424468510e-03	4.328012370678333519e-03
8.410212473483492204e+02	1.555878395386635664e-03	4.342601400684481874e-03
8.528547518911250336e+02	1.577770311197913833e-03	4.357246096812486362e-03
8.647615211062302478e+02	1.599797766298982193e-03	4.371946614986436594e-03
8.767419385836068386e+02	1.621961470329629732e-03	4.386703112447357458e-03
8.887963896514856970e+02	1.644262136145471483e-03	4.401515747742359291e-03
9.009252613854372385e+02	1.666700479834692722e-03	4.416384680714046523e-03
9.131289426174270147e+02	1.689277220734799675e-03	4.431310072490472762e-03
9.254078239449021339e+02	1.711993081449433331e-03	4.446292085475067254e-03
9.377622977398810917e+02	1.734848787865181938e-03	4.461330883337168499e-03
9.501927581580423521e+02	1.757845069168396338e-03	4.476426631002770364e-03
9.626996011478672699e+02	1.780982657862104383e-03	4.491579494645386167e-03
9.752832244597603903e+02	1.804262289782883940e-03	4.506789641677423630e-03
9.879440276552185196e+02	1.827684704117824369e-03	4.522057240741738510e-03
1.000682412115989564e+03	1.851250643421471298e-03	4.537382461703425018e-03
1.013498781053256153e+03	1.874960853632815861e-03	4.552765475641887272e-03
1.026393539516862347e+03	1.898816084092364801e-03	4.568206454843217780e-03
1.039367094404511363e+03	1.922817087559156165e-03	4.583705572792735536e-03
1.052419854471031613e+03	1.946964620227899017e-03	4.599263004167854565e-03
1.065552230337651736e+03	1.971259441746136144e-03	4.614878924831145902e-03
1.078764634501262435e+03	1.995702315231377266e-03	4.630553511823586911e-03
1.092057481343735390e+03	2.020294007288335036e-03	4.646286943358107248e-03
1.105431187141249438e+03	2.045035288026185970e-03	4.662079398813350796e-03
1.118886170073650646e+03	2.069926931075878000e-03	4.677931058727622347e-03
1.132422850233802365e+03	2.094969713607435641e-03	4.693842104793032911e-03
1.146041649637033061e+03	2.120164416347433863e-03	4.709812719849883547e-03
1.159742992230495702e+03	2.145511823596313664e-03	4.725843087881189709e-03
1.173527303902666745e+03	2.171012723245957423e-03	4.741933394007525650e-03
1.187395012492772366e+03	2.196667906797123305e-03	4.758083824481897442e-03
1.201346547800302915e+03	2.222478169377052268e-03	4.774294566684937798e-03
1.215382341594560103e+03	2.248444309757125382e-03	4.790565809120234456e-03
1.229502827624155543e+03	2.274567130370438745e-03	4.806897741409745309e-03
1.243708441626623880e+03	2.300847437329587436e-03	4.823290554289589964e-03
1.257999621337993176e+03	2.327286040444370534e-03	4.839744439605817884e-03
1.272376806502444424e+03	2.353883753239660072e-03	4.856259590310421995e-03
1.286840438881936507e+03	2.380641392973209276e-03	4.872836200457516219e-03
1.301390962265920962e+03	2.407559780653624731e-03	4.889474465199635314e-03
1.316028822481017187e+03	2.434639741058262224e-03	4.906174580784261954e-03
1.330754467400798831e+03	2.461882102751335958e-03	4.922936744550480449e-03
1.345568346955535389e+03	2.489287698101936685e-03	4.939761154925677300e-03
1.360470913141993151e+03	2.516857363302166511e-03	4.956648011422527117e-03
1.375462620033286612e+03	2.544591938385360862e-03	4.973597514635986344e-03
1.390543923788715801e+03	2.572492267244292242e-03	4.990609866240587091e-03
1.405715282663691141e+03	2.600559197649525769e-03	5.007685268987741370e-03
1.420977157019625338e+03	2.628793581267722685e-03	5.024823926703172843e-03
1.436330009333921680e+03	2.657196273680116020e-03	5.042026044284566265e-03
1.451774304209939828e+03	2.685768134400951575e-03	5.059291827699249032e-03
1.467310508387011623e+03	2.714510026896010866e-03	5.076621483982097366e-03
1.482939090750530340e+03	2.743422818601283682e-03	5.094015221233446841e-03
1.498660522342007425e+03	2.772507380941565628e-03	5.111473248617199802e-03
1.514475276369209041e+03	2.801764589349216988e-03	5.128995776359026454e-03
1.530383828216316715e+03	2.831195323282954552e-03	5.146583015744687385e-03
1.546386655454089350e+03	2.860800466246655582e-03	5.164235179118455837e-03
1.562484237850109594e+03	2.890580905808310969e-03	5.181952479881654465e-03
1.578677057379052485e+03	2.920537533619023060e-03	5.199735132491305721e-03
1.594965598232960929e+03	2.950671245432015619e-03	5.217583352458850764e-03
1.611350346831595061e+03	2.980982941121779976e-03	5.235497356349029692e-03
1.627831791832785711e+03	3.011473524703227236e-03	5.253477361778809487e-03
1.644410424142829470e+03	3.042143904350921163e-03	5.271523587416316291e-03
1.661086736926959929e+03	3.072994992418450703e-03	5.289636252980225647e-03
1.677861225619784364e+03	3.104027705457734852e-03	5.307815579238746827e-03
1.694734387935856603e+03	3.135242964238583833e-03	5.326061788009163120e-03
1.711706723880165328e+03	3.166641693768104584e-03	5.344375102157057286e-03
1.728778735758752191e+03	3.198224823310339554e-03	5.362755745595857056e-03
1.745950928189351316e+03	3.229993286405953221e-03	5.381203943286499460e-03
1.763223808112056076e+03	3.261948020891965866e-03	5.399719921237130724e-03
1.780597884799986105e+03	3.294089968921486925e-03	5.418303906502678659e-03
1.798073669870101185e+03	3.326420076983717215e-03	5.436956127184797150e-03
1.815651677293933744e+03	3.358939295923808917e-03	5.455676812431841868e-03
1.833332423408415934e+03	3.391648580962894257e-03	5.474466192438823438e-03
1.851116426926781287e+03	3.424548891718252105e-03	5.493324498447412635e-03
1.869004208949439771e+03	3.457641192223427293e-03	5.512251962746201467e-03
1.886996292974917196e+03	3.490926450948469636e-03	5.531248818670782101e-03
1.905093204910890563e+03	3.524405640820347727e-03	5.550315300604178811e-03
1.923295473085151571e+03	3.558079739243232183e-03	5.569451643977072625e-03
1.941603628256739285e+03	3.591949728119092026e-03	5.588658085268451842e-03
1.960018203627001640e+03	3.626016593868156609e-03	5.607934862005859236e-03
1.978539734850798368e+03	3.660281327449641225e-03	5.627282212765993136e-03
1.997168760047645037e+03	3.694744924382364296e-03	5.646700377175663255e-03
2.015905819813014432e+03	3.729408384765656431e-03	5.666189595912056107e-03
2.034751457229568587e+03	3.764272713300135468e-03	5.685750110703834820e-03
2.053706217878495409e+03	3.799338919308682325e-03	5.705382164331659553e-03
2.072770649850954214e+03	3.834608016757615895e-03	5.725086000629383588e-03
2.091945303759334365e+03	3.870081024277517105e-03	5.744861864484813140e-03
2.111230732748867467e+03	3.905758965184718667e-03	5.764710001840748187e-03
2.130627492509050171e+03	3.941642867502429676e-03	5.784630659695992085e-03
2.150136141285217491e+03	3.977733763982149902e-03	5.804624086106693372e-03
2.169757239890131132e+03	4.014032692125108805e-03	5.824690530187198387e-03
2.189491351715638302e+03	4.050540694203832483e-03	5.844830242111593438e-03
2.209339042744287326e+03	4.087258817283632994e-03	5.865043473114794209e-03
2.229300881561155165e+03	4.124188113244490160e-03	5.885330475493944814e-03
2.249377439365550345e+03	4.161329638802702645e-03	5.905691502609911395e-03
2.269569289982878217e+03	4.198684455532833947e-03	5.926126808888472139e-03
2.289877009876465763e+03	4.236253629889593329e-03	5.946636649822127467e-03
2.310301178159570100e+03	4.274038233230051560e-03	5.967221281971368113e-03
2.330842376607238748e+03	4.312039341835576488e-03	5.987880962966511331e-03
2.351501189668336337e+03	4.350258036934090411e-03	6.008615951509250000e-03
2.372278204477696363e+03	4.388695404722546024e-03	6.029426507374265054e-03
2.393174010868121059e+03	4.427352536389122205e-03	6.050312891411082500e-03
2.414189201382605006e+03	4.466230528135850877e-03	6.071275365545812479e-03
2.435324371286500991e+03	4.505330481201109440e-03	6.092314192782916082e-03
2.456580118579803184e+03	4.544653501882351711e-03	6.113429637207279214e-03
2.477957044009457150e+03	4.584200701558879647e-03	6.134621963985985478e-03
2.499455751081631661e+03	4.623973196714547401e-03	6.155891439370220035e-03
2.521076846074249715e+03	4.663972108960945037e-03	6.177238330697485715e-03
2.542820938049344932e+03	4.704198565060251774e-03	6.198662906393447025e-03
2.564688638865589837e+03	4.744653696948417966e-03	6.220165435974234734e-03
2.586680563190882367e+03	4.785338641758453762e-03	6.241746190048392227e-03
2.608797328514883247e+03	4.826254541843612821e-03	6.263405440319120242e-03
2.631039555161733915e+03	4.867402544800929903e-03	6.285143459586523332e-03
2.653407866302752609e+03	4.908783803494705562e-03	6.306960521749873684e-03
2.675902887969163658e+03	4.950399476080050674e-03	6.328856901809860186e-03
2.698525249064932723e+03	4.992250726026640009e-03	6.350832875870997089e-03
2.721275581379598407e+03	5.034338722142444981e-03	6.372888721143904305e-03
2.744154519601238917e+03	5.076664638597724009e-03	6.395024715947666624e-03
2.767162701329400534e+03	5.119229654948937412e-03	6.417241139712644843e-03
2.790300767088162956e+03	5.162034956162920782e-03	6.439538272982460280e-03
2.813569360339134164e+03	5.205081732640927383e-03	6.461916397416885699e-03
2.836969127494648092e+03	5.248371180243037448e-03	6.484375795794233149e-03
2.860500717930927749e+03	5.291904500312518030e-03	6.506916752013961261e-03
2.884164784001318367e+03	5.335682899700295613e-03	6.529539551099429115e-03
2.907961981049567839e+03	5.379707590789532812e-03	6.552244479200349143e-03
2.931892967423172195e+03	5.423979791520315216e-03	6.575031823595737894e-03
2.955958404486800191e+03	5.468500725414476155e-03	6.597901872696463471e-03
2.980158956635716549e+03	5.513271621600451811e-03	6.620854916048024563e-03
3.004495291309331151e+03	5.558293714838326294e-03	6.643891244333496003e-03
3.028968079004709580e+03	5.603568245544835943e-03	6.667011149376143864e-03
3.053577993290245104e+03	5.649096459818660730e-03	6.690214924142503725e-03
3.078325710819341566e+03	5.694879609465741677e-03	6.713502862745162302e-03
3.103211911344085820e+03	5.740918952024560984e-03	6.736875260445644026e-03
3.128237277729095240e+03	5.787215750791777774e-03	6.760332413657592528e-03
3.153402495965364778e+03	5.833771274847835211e-03	6.783874619949487213e-03
3.178708255184138125e+03	5.880586799082622267e-03	6.807502178047834286e-03
3.204155247670919834e+03	5.927663604221399159e-03	6.831215387840192110e-03
3.229744168879416065e+03	5.975002976850584020e-03	6.855014550378284166e-03
3.255475717445733153e+03	6.022606209444023549e-03	6.878899967880936807e-03
3.281350595202405657e+03	6.070474600388943605e-03	6.902871943737559982e-03
3.307369507192661786e+03	6.118609454012338689e-03	6.926930782511006926e-03
3.333533161684637889e+03	6.167012080607273822e-03	6.951076789940984629e-03
3.359842270185743018e+03	6.215683796459450100e-03	6.975310272947175469e-03
3.386297547456984830e+03	6.264625923873718208e-03	6.999631539632515838e-03
3.412899711527404634e+03	6.313839791200773210e-03	7.024040899286557171e-03
3.439649483708620210e+03	6.363326732864064451e-03	7.048538662388749779e-03
3.466547588609349987e+03	6.413088089386664685e-03	7.073125140611750961e-03
3.493594754150042263e+03	6.463125207418335232e-03	7.097800646824883181e-03
3.520791711577507613e+03	6.513439439762590266e-03	7.122565495097452591e-03
3.548139195479707269e+03	6.564032145404061214e-03	7.147420000702221950e-03
3.575637943800540143e+03	6.614904689535849001e-03	7.172364480118906954e-03
3.603288697854719430e+03	6.666058443587048916e-03	7.197399251037625741e-03
3.631092202342658311e+03	6.717494785250286739e-03	7.222524632362409963e-03
3.659049205365456601e+03	6.769215098509442224e-03	7.247740944214769651e-03
3.687160458440021557e+03	6.821220773667631063e-03	7.273048507937308373e-03
3.715426716514086820e+03	6.873513207374978666e-03	7.298447646097227376e-03
3.743848737981437353e+03	6.926093802656791212e-03	7.323938682489995397e-03
3.772427284697177583e+03	6.978963968941803882e-03	7.349521942142945609e-03
3.801163121992930883e+03	7.032125122090298122e-03	7.375197751319011348e-03
3.830057018692313704e+03	7.085578684422724587e-03	7.400966437520501741e-03
3.859109747126290586e+03	7.139326084748118771e-03	7.426828329492727275e-03
3.888322083148779711e+03	7.193368758392961609e-03	7.452783757227617566e-03
3.917694806152050205e+03	7.247708147229673173e-03	7.478833051967835252e-03
3.947228699082478670e+03	7.302345699705752556e-03	7.504976546210250649e-03
3.976924548456191587e+03	7.357282870872726074e-03	7.531214573710077326e-03
4.006783144374851418e+03	7.412521122415345262e-03	7.557547469484390996e-03
4.036805280541409957e+03	7.468061922680731962e-03	7.583975569816266832e-03
4.066991754276069514e+03	7.523906746707906788e-03	7.610499212258675650e-03
4.097343366532229084e+03	7.580057076257289833e-03	7.637118735638258674e-03
4.127860921912499180e+03	7.636514399840329745e-03	7.663834480059393724e-03
4.158545228684764879e+03	7.693280212749215204e-03	7.690646786908071457e-03
4.189397098798358456e+03	7.750356017086794565e-03	7.717555998856154113e-03
4.220417347900313871e+03	7.807743321796656831e-03	7.744562459865082620e-03
4.251606795351684013e+03	7.865443642693304566e-03	7.771666515190146611e-03
4.282966264243856131e+03	7.923458502492349356e-03	7.798868511384407509e-03
4.314496581414912725e+03	7.981789430840767127e-03	7.826168796302988492e-03
4.346198577466243478e+03	8.040437964347639174e-03	7.853567719107005379e-03
4.378073086779178993e+03	8.099405646614925292e-03	7.881065630267908642e-03
4.410120947531458114e+03	8.158694028267923781e-03	7.908662881571429035e-03
4.442343001714049933e+03	8.218304666986390658e-03	7.936359826122042771e-03
4.474740095147851207e+03	8.278239127535435074e-03	7.964156818346956185e-03
4.507313077500622057e+03	8.338498981796846690e-03	7.992054214000459886e-03
4.540062802303936223e+03	8.399085808800457742e-03	8.020052370168295058e-03
4.572990126970082201e+03	8.460001194755399287e-03	8.048151645271645060e-03
4.606095912809098081e+03	8.521246733081631539e-03	8.076352399071848667e-03
4.639381025046104696e+03	8.582824024441998087e-03	8.104654992674466263e-03
4.672846332838288617e+03	8.644734676773650414e-03	8.133059788533665221e-03
4.706492709292319887e+03	8.706980305320265179e-03	8.161567150456721514e-03
4.740321031481656973e+03	8.769562532664063742e-03	8.190177443608406826e-03
4.774332180463972691e+03	8.832482988758048534e-03	8.218891034515276792e-03
4.808527041298761105e+03	8.895743310958570751e-03	8.247708291070281889e-03
4.842906503064776189e+03	8.959345144057601421e-03	8.276629582537336702e-03
4.877471458877666009e+03	9.023290140315345931e-03	8.305655279555394788e-03
4.912222805907844304e+03	9.087579959493314805e-03	8.334785754143592129e-03
4.947161445398194701e+03	9.152216268887061398e-03	8.364021379705344553e-03
4.982288282681924102e+03	9.217200743359230120e-03	8.393362531033008930e-03
5.017604227200629794e+03	9.282535065372967201e-03	8.422809584312672751e-03
5.053110192522181023e+03	9.348220925025003611e-03	8.452362917128480521e-03
5.088807096358892522e+03	9.414260020079282670e-03	8.482022908467499664e-03
5.124695860585695300e+03	9.480654056000566848e-03	8.511789938724237739e-03
5.160777411258422035e+03	9.547404745988270075e-03	8.541664389705645385e-03
5.197052678632067909e+03	9.614513811010239747e-03	8.571646644635281392e-03
5.233522597179233344e+03	9.681982979836880471e-03	8.601737088158567177e-03
5.270188105608652222e+03	9.749813989075418325e-03	8.631936106347238083e-03
5.307050146883731031e+03	9.818008583204215420e-03	8.662244086704261326e-03
5.344109668241198960e+03	9.886568514607254471e-03	8.692661418168597803e-03
5.381367621209798017e+03	9.955495543608734385e-03	8.723188491120071469e-03
5.418824961629051359e+03	1.002479143850777514e-02	8.753825697384125942e-03
5.456482649668253543e+03	1.009445797561355287e-02	8.784573430236813571e-03
5.494341649845348002e+03	1.016449693928024069e-02	8.815432084409550312e-03
5.532402931046080084e+03	1.023491012194241261e-02	8.846402056094149896e-03
5.570667466542908187e+03	1.030569932415005031e-02	8.877483742947793813e-03
5.609136234014437832e+03	1.037686635460449355e-02	8.908677544097826084e-03
5.647810215564547434e+03	1.044841303019381114e-02	8.939983860146957437e-03
5.686690397741800552e+03	1.052034117602872534e-02	8.971403093178089566e-03
5.725777771558958193e+03	1.059265262547870283e-02	9.002935646759514104e-03
5.765073332512343768e+03	1.066534922020779402e-02	9.034581925949792397e-03
5.804578080601659167e+03	1.073843281021126528e-02	9.066342337302966611e-03
5.844293020349519793e+03	1.081190525385176612e-02	9.098217288873600844e-03
5.884219160821358855e+03	1.088576841789613316e-02	9.130207190222006108e-03
5.924357515645140666e+03	1.096002417755187475e-02	9.162312452419168682e-03
5.964709103031417726e+03	1.103467441650426463e-02	9.194533488052174589e-03
6.005274945793305051e+03	1.110972102695329672e-02	9.226870711229214275e-03
6.046056071366718243e+03	1.118516590965113085e-02	9.259324537584961989e-03
6.087053511830333264e+03	1.126101097393901289e-02	9.291895384285677600e-03
6.128268303926111003e+03	1.133725813778524612e-02	9.324583670034507915e-03
6.169701489079508974e+03	1.141390932782258838e-02	9.357389815076902484e-03
6.211354113420045906e+03	1.149096647938628417e-02	9.390314241205703280e-03
6.253227227801806293e+03	1.156843153655201691e-02	9.423357371766593465e-03
6.295321887823970428e+03	1.164630645217386642e-02	9.456519631663483708e-03
6.337639153851748233e+03	1.172459318792305229e-02	9.489801447363744105e-03
6.380180091036983868e+03	1.180329371432605086e-02	9.523203246903951327e-03
6.422945769339070466e+03	1.188241001080328485e-02	9.556725459894747574e-03
6.465937263546080430e+03	1.196194406570820837e-02	9.590368517526957209e-03
6.509155653295732918e+03	1.204189787636610574e-02	9.624132852576542871e-03
6.552602023096491394e+03	1.212227344911312454e-02	9.658018899410317909e-03
6.596277462348953122e+03	1.220307279933582380e-02	9.692027093991388217e-03
6.640183065367062227e+03	1.228429795151045681e-02	9.726157873884765798e-03
6.684319931399499183e+03	1.236595093924250550e-02	9.760411678262951099e-03
6.728689164651518695e+03	1.244803380530709082e-02	9.794788947911423418e-03
6.773291874306199134e+03	1.253054860168829887e-02	9.829290125234204159e-03
6.818129174546216746e+03	1.261349738961944217e-02	9.863915654259770502e-03
6.863202184575762658e+03	1.269688223962362091e-02	9.898665980646460805e-03
6.908512028642457153e+03	1.278070523155425652e-02	9.933541551688244292e-03
6.954059836059072950e+03	1.286496845463528695e-02	9.968542816320395336e-03
6.999846741225822370e+03	1.294967400750238369e-02	1.000367022512523192e-02
7.045873883652523546e+03	1.303482399824397626e-02	1.003892423033791656e-02
7.092142407980727512e+03	1.312042054444217606e-02	1.007430528585221037e-02
7.138653464006201830e+03	1.320646577321437504e-02	1.010981384722628787e-02
7.185408206701265954e+03	1.329296182125456853e-02	1.014545037168848238e-02
7.232407796237397633e+03	1.337991083487516560e-02	1.018121531814322571e-02
7.279653398007902979e+03	1.346731497004894328e-02	1.021710914717688032e-02
7.327146182650562878e+03	1.355517639245093844e-02	1.025313232106370154e-02
7.374887326070524978e+03	1.364349727750078546e-02	1.028928530377161248e-02
7.422878009463177477e+03	1.373227981040505558e-02	1.032556856096830504e-02
7.471119419337216641e+03	1.382152618619990163e-02	1.036198256002705473e-02
7.519612747537760697e+03	1.391123860979385542e-02	1.039852777003298472e-02
7.568359191269531038e+03	1.400141929601067536e-02	1.043520466178875228e-02
7.617359953120205319e+03	1.409207046963258277e-02	1.047201370782081115e-02
7.666616241083796012e+03	1.418319436544347896e-02	1.050895538238540323e-02
7.716129268584245438e+03	1.427479322827263607e-02	1.054603016147468396e-02
7.765900254498908907e+03	1.436686931303809631e-02	1.058323852282274866e-02
7.815930423182389859e+03	1.445942488479079642e-02	1.062058094591193831e-02
7.866221004490257656e+03	1.455246221875845097e-02	1.065805791197872200e-02
7.916773233802998220e+03	1.464598360038983117e-02	1.069566990402026109e-02
7.967588352050023786e+03	1.473999132539920674e-02	1.073341740680036280e-02
8.018667605733869095e+03	1.483448769981109833e-02	1.077130090685582235e-02
8.070012246954239345e+03	1.492947504000477661e-02	1.080932089250247197e-02
8.121623533432473778e+03	1.502495567275950392e-02	1.084747785384184392e-02
8.173502728535901952e+03	1.512093193529960751e-02	1.088577228276736697e-02
8.225651101302375537e+03	1.521740617533985825e-02	1.092420467297027138e-02
8.278069926464888340e+03	1.531438075113100879e-02	1.096277551994673770e-02
8.330760484476480997e+03	1.541185803150588694e-02	1.100148532100341317e-02
8.383724061534701832e+03	1.550984039592463552e-02	1.104033457526457963e-02
8.436961949606969938e+03	1.560833023452162446e-02	1.107932378367822331e-02
8.490475446455215206e+03	1.570732994815105324e-02	1.111845344902250531e-02
8.544265855661506066e+03	1.580684194843435739e-02	1.115772407591228421e-02
8.598334486652780470e+03	1.590686865780594969e-02	1.119713617080570628e-02
8.652682654726679175e+03	1.600741250956102396e-02	1.123669024201062391e-02
8.707311681076655077e+03	1.610847594790200399e-02	1.127638679969126916e-02
8.762222892817882894e+03	1.621006142798647395e-02	1.131622635587485950e-02
8.817417623012703189e+03	1.631217141597425188e-02	1.135620942445802507e-02
8.872897210696559341e+03	1.641480838907536516e-02	1.139633652121360349e-02
8.928663000903790817e+03	1.651797483559779012e-02	1.143660816379740361e-02
8.984716344693641076e+03	1.662167325499553511e-02	1.147702487175475058e-02
9.041058599176632924e+03	1.672590615791745561e-02	1.151758716652708132e-02
9.097691127540549132e+03	1.683067606625532689e-02	1.155829557145899439e-02
9.154615299076798692e+03	1.693598551319258627e-02	1.159915061180484715e-02
9.211832489207024992e+03	1.704183704325359580e-02	1.164015281473568079e-02
9.269344079509382937e+03	1.714823321235223533e-02	1.168130270934571689e-02
9.327151457745678272e+03	1.725517658784211233e-02	1.172260082665970045e-02
9.385256017887813869e+03	1.736266974856548809e-02	1.176404769963937912e-02
9.443659160144734415e+03	1.747071528490313705e-02	1.180564386319059994e-02
9.502362290989536632e+03	1.757931579882446999e-02	1.184738985417013377e-02
9.561366823186597685e+03	1.768847390393776461e-02	1.188928621139275464e-02
9.620674175818805452e+03	1.779819222554049341e-02	1.193133347563816483e-02
9.680285774314883383e+03	1.790847340066992199e-02	1.197353218965786781e-02
9.740203050476988210e+03	1.801932007815412740e-02	1.201588289818265355e-02
9.800427442508123931e+03	1.813073491866273521e-02	1.205838614792903440e-02
9.860960395040017829e+03	1.824272059475847904e-02	1.210104248760674947e-02
9.921803359160943728e+03	1.835527979094868367e-02	1.214385246792581453e-02
9.982957792443601647e+03	1.846841520373683140e-02	1.218681664160357198e-02
1.004442515897311205e+04	1.858212954167436093e-02	1.222993556337198182e-02
1.010620692937532112e+04	1.869642552541301780e-02	1.227320978998486245e-02
1.016830458084524980e+04	1.881130588775750678e-02	1.231663988022493883e-02
1.023071959717511891e+04	1.892677337371731494e-02	1.236022639491116820e-02
1.029345346878326927e+04	1.904283074056024525e-02	1.240396989690609533e-02
1.035650769274254890e+04	1.915948075786487806e-02	1.244787095112314529e-02
1.041988377280934401e+04	1.927672620757434410e-02	1.249193012453380519e-02
1.048358321945226453e+04	1.939456988404934801e-02	1.253614798617535067e-02
1.054760754988138433e+04	1.951301459412227435e-02	1.258052510715771538e-02
1.061195828807709950e+04	1.963206315715058242e-02	1.262506206067151408e-02
1.067663696481976513e+04	1.975171840507162005e-02	1.266975942199486359e-02
1.074164511771875914e+04	1.987198318245641734e-02	1.271461776850150473e-02
1.080698429124218092e+04	1.999286034656458724e-02	1.275963767966791992e-02
1.087265603674669364e+04	2.011435276739958686e-02	1.280481973708070924e-02
1.093866191250675365e+04	2.023646332776272636e-02	1.285016452444461693e-02
1.100500348374493660e+04	2.035919492330934971e-02	1.289567262758983812e-02
1.107168232266185987e+04	2.048255046260411688e-02	1.294134463447963769e-02
1.113870000846617404e+04	2.060653286717654270e-02	1.298718113521825195e-02
1.120605812740524561e+04	2.073114507157772929e-02	1.303318272205817446e-02
1.127375827279512669e+04	2.085639002343581475e-02	1.307934998940808898e-02
1.134180204505127404e+04	2.098227068351282004e-02	1.312568353384066348e-02
1.141019105171918818e+04	2.110879002576131203e-02	1.317218395410021947e-02
1.147892690750516340e+04	2.123595103738128848e-02	1.321885185111058673e-02
1.154801123430729240e+04	2.136375671887756275e-02	1.326568782798278126e-02
1.161744566124647281e+04	2.149221008411709294e-02	1.331269249002301445e-02
1.168723182469752646e+04	2.162131416038658160e-02	1.335986644474059827e-02
1.175737136832053693e+04	2.175107198845043291e-02	1.340721030185575667e-02
1.182786594309244538e+04	2.188148662260918850e-02	1.345472467330749780e-02
1.189871720733841721e+04	2.201256113075760953e-02	1.350241017326185740e-02
1.196992682676372351e+04	2.214429859444360174e-02	1.355026741811958535e-02
1.204149647448541691e+04	2.227670210892684216e-02	1.359829702652447757e-02
1.211342783106440220e+04	2.240977478323809627e-02	1.364649961937116837e-02
1.218572258453752511e+04	2.254351974023860797e-02	1.369487581981352828e-02
1.225838243044979390e+04	2.267794011667968734e-02	1.374342625327235577e-02
1.233140907188691745e+04	2.281303906326288475e-02	1.379215154744392775e-02
1.240480421950766322e+04	2.294881974469992550e-02	1.384105233230794457e-02
1.247856959157652273e+04	2.308528533977305050e-02	1.389012924013605099e-02
1.255270691399647694e+04	2.322243904139569687e-02	1.393938290549963550e-02
1.262721792034213468e+04	2.336028405667378224e-02	1.398881396527843629e-02
1.270210435189249620e+04	2.349882360696631603e-02	1.403842305866884708e-02
1.277736795766444629e+04	2.363806092794736372e-02	1.408821082719193679e-02
1.285301049444593809e+04	2.377799926966742486e-02	1.413817791470213178e-02
1.292903372682957706e+04	2.391864189661560211e-02	1.418832496739558593e-02
1.300543942724605586e+04	2.405999208778139206e-02	1.423865263381863221e-02
1.308222937599823490e+04	2.420205313671780489e-02	1.428916156487596012e-02
1.315940536129478278e+04	2.434482835160353340e-02	1.433985241383946979e-02
1.323696917928436051e+04	2.448832105530625650e-02	1.439072583635661595e-02
1.331492263408992221e+04	2.463253458544603647e-02	1.444178249045895666e-02
1.339326753784281209e+04	2.477747229445843510e-02	1.449302303657078531e-02
1.347200571071746890e+04	2.492313754965871930e-02	1.454444813751790133e-02
1.355113898096586308e+04	2.506953373330553930e-02	1.459605845853574786e-02
1.363066918495255049e+04	2.521666424266580386e-02	1.464785466727899430e-02
1.371059816718929324e+04	2.536453249007871585e-02	1.469983743382922807e-02
1.379092778037038806e+04	2.551314190302114357e-02	1.475200743070450085e-02
1.387165988540780745e+04	2.566249592417262082e-02	1.480436533286774367e-02
1.395279635146632609e+04	2.581259801148032967e-02	1.485691181773553596e-02
1.403433905599944228e+04	2.596345163822555424e-02	1.490964756518715906e-02
1.411628988478491010e+04	2.611506029308942670e-02	1.496257325757351445e-02
1.419865073196033700e+04	2.626742748021877044e-02	1.501568957972560479e-02
1.428142350005943263e+04	2.642055671929316799e-02	1.506899721896415301e-02
1.436461010004799209e+04	2.657445154559151881e-02	1.512249686510790288e-02
1.444821245136009020e+04	2.672911551005901359e-02	1.517618921048317915e-02
1.453223248193481413e+04	2.688455217937507982e-02	1.523007494993256807e-02
1.461667212825243769e+04	2.704076513602030746e-02	1.528415478082412876e-02
1.470153333537147046e+04	2.719775797834498438e-02	1.533842940306060984e-02
1.478681805696539232e+04	2.735553432063706630e-02	1.539289951908837627e-02
1.487252825535969168e+04	2.751409779319068105e-02	1.544756583390677687e-02
1.495866590156911843e+04	2.767345204237506989e-02	1.550242905507745288e-02
1.504523297533500227e+04	2.783360073070359486e-02	1.555748989273311386e-02
1.513223146516276029e+04	2.799454753690315892e-02	1.561274905958735804e-02
1.521966336835964285e+04	2.815629615598401123e-02	1.566820727094372229e-02
1.530753069107242300e+04	2.831885029930948997e-02	1.572386524470505836e-02
1.539583544832554253e+04	2.848221369466658742e-02	1.577972370138308600e-02
1.548457966405900697e+04	2.864639008633603975e-02	1.583578336410743428e-02
1.557376537116689360e+04	2.881138323516359637e-02	1.589204495863561287e-02
1.566339461153587217e+04	2.897719691863125807e-02	1.594850921336186944e-02
1.575346943608371294e+04	2.914383493092853258e-02	1.600517685932748707e-02
1.584399190479798744e+04	2.931130108302401616e-02	1.606204863022965557e-02
1.593496408677515319e+04	2.947959920273771073e-02	1.611912526243158145e-02
1.602638806025978192e+04	2.964873313481359782e-02	1.617640749497159872e-02
1.611826591268365701e+04	2.981870674099195567e-02	1.623389606957336556e-02
1.621059974070510543e+04	2.998952390008213439e-02	1.629159173065516594e-02
1.630339165024899921e+04	3.016118850803656271e-02	1.634949522534006813e-02
1.639664375654621472e+04	3.033370447802372777e-02	1.640760730346519508e-02
1.649035818417343398e+04	3.050707574050184542e-02	1.646592871759176152e-02
1.658453706709381731e+04	3.068130624329403963e-02	1.652446022301506251e-02
1.667918254869685916e+04	3.085639995166214802e-02	1.658320257777436829e-02
1.677429678183902433e+04	3.103236084838186318e-02	1.664215654266247915e-02
1.686988192888410413e+04	3.120919293381735696e-02	1.670132288123611294e-02
1.696594016174409626e+04	3.138690022599700119e-02	1.676070235982551546e-02
1.706247366192053232e+04	3.156548676068974407e-02	1.682029574754490345e-02
1.715948462054546326e+04	3.174495659148093146e-02	1.688010381630217216e-02
1.725697523842201190e+04	3.192531378984739265e-02	1.694012734080906774e-02
1.735494772606701372e+04	3.210656244523625580e-02	1.700036709859152617e-02
1.745340430375204960e+04	3.228870666514090798e-02	1.706082386999964798e-02
1.755234720154516981e+04	3.247175057517816266e-02	1.712149843821818632e-02
1.765177865935328373e+04	3.265569831916667609e-02	1.718239158927632043e-02
1.775170092696402935e+04	3.284055405920442011e-02	1.724350411205835196e-02
1.785211626408825396e+04	3.302632197574727896e-02	1.730483679831401958e-02
1.795302694040252754e+04	3.321300626768765307e-02	1.736639044266870963e-02
1.805443523559196547e+04	3.340061115243372902e-02	1.742816584263368745e-02
1.815634343939288738e+04	3.358914086598839555e-02	1.749016379861713724e-02
1.825875385163616738e+04	3.377859966302938777e-02	1.755238511393398745e-02
1.836166878229051144e+04	3.396899181698944531e-02	1.761483059481689512e-02
1.846509055150530185e+04	3.416032162013545037e-02	1.767750105042653272e-02
1.856902148965486049e+04	3.435259338365045240e-02	1.774039729286232270e-02
1.867346393738213010e+04	3.454581143771436047e-02	1.780352013717297066e-02
1.877842024564243911e+04	3.473998013158497572e-02	1.786687040136736987e-02
1.888389277574792504e+04	3.493510383368016170e-02	1.793044890642496100e-02
1.898988389941167043e+04	3.513118693165946660e-02	1.799425647630668174e-02
1.909639599879220623e+04	3.532823383250648791e-02	1.805829393796582263e-02
1.920343146653857912e+04	3.552624896261225712e-02	1.812256212135891428e-02
1.931099270583478938e+04	3.572523676785738928e-02	1.818706185945629175e-02
1.941908213044536751e+04	3.592520171369646687e-02	1.825179398825328009e-02
1.952770216476051792e+04	3.612614828524150778e-02	1.831675934678093573e-02
1.963685524384130258e+04	3.632808098734560676e-02	1.838195877711745405e-02
1.974654381346571245e+04	3.653100434468808250e-02	1.844739312439866788e-02
1.985677033017419308e+04	3.673492290185881304e-02	1.851306323682950714e-02
1.996753726131620351e+04	3.693984122344426413e-02	1.857896996569487896e-02
2.007884708509585471e+04	3.714576389411197027e-02	1.864511416537088795e-02
2.019070229061861755e+04	3.735269551869696558e-02	1.871149669333623325e-02
2.030310537793803451e+04	3.756064072228814527e-02	1.877811841018326572e-02
2.041605885810265318e+04	3.776960415031513363e-02	1.884498017962907626e-02
2.052956525320268702e+04	3.797959046863458310e-02	1.891208286852726420e-02
2.064362709641744732e+04	3.819060436361794431e-02	1.897942734687882091e-02
2.075824693206281518e+04	3.840265054223927776e-02	1.904701448784398843e-02
2.087342731563887719e+04	3.861573373216337091e-02	1.911484516775329573e-02
2.098917081387776852e+04	3.882985868183427142e-02	1.918292026611942078e-02
2.110548000479118855e+04	3.904503016056315445e-02	1.925124066564838296e-02
2.122235747771972092e+04	3.926125295861960379e-02	1.931980725225139472e-02
2.133980583337996359e+04	3.947853188731877128e-02	1.938862091505621013e-02
2.145782768391423451e+04	3.969687177911337961e-02	1.945768254641903894e-02
2.157642565293856751e+04	3.991627748768242917e-02	1.952699304193602353e-02
2.169560237559234156e+04	4.013675388802309674e-02	1.959655330045507668e-02
2.181536049858752449e+04	4.035830587654180152e-02	1.966636422408789622e-02
2.193570268025734185e+04	4.058093837114423036e-02	1.973642671822127201e-02
2.205663159060712860e+04	4.080465631132943610e-02	1.980674169152944405e-02
2.217814991136323079e+04	4.102946465828029993e-02	1.987731005598574949e-02
2.230026033602331881e+04	4.125536839495660274e-02	1.994813272687452274e-02
2.242296556990698082e+04	4.148237252618860310e-02	2.001921062280347802e-02
2.254626833020595586e+04	4.171048207877002534e-02	2.009054466571549152e-02
2.267017134603486193e+04	4.193970210155186645e-02	2.016213578090055372e-02
2.279467735848209850e+04	4.217003766553656385e-02	2.023398489700815178e-02
2.291978912066090561e+04	4.240149386397246145e-02	2.030609294605938836e-02
2.304550939776081577e+04	4.263407581244900435e-02	2.037846086345913507e-02
2.317184096709954974e+04	4.286778864899272457e-02	2.045108958800831433e-02
2.329878661817421744e+04	4.310263753416198468e-02	2.052398006191629917e-02
2.342634915271336286e+04	4.333862765114326193e-02	2.059713323081313260e-02
2.355453138472930368e+04	4.357576420584797355e-02	2.067055004376214949e-02
2.368333614057110390e+04	4.381405242701041231e-02	2.074423145327209186e-02
2.381276625897635677e+04	4.405349756628367669e-02	2.081817841530985216e-02
2.394282459112413926e+04	4.429410489833749548e-02	2.089239188931319227e-02
2.407351400068882504e+04	4.453587972095791186e-02	2.096687283820274431e-02
2.420483736389258047e+04	4.477882735514427531e-02	2.104162222839511820e-02
2.433679756955964331e+04	4.502295314520975839e-02	2.111664102981579763e-02
2.446939751916938258e+04	4.526826245887945188e-02	2.119193021591105758e-02
2.460264012691049720e+04	4.551476068739068043e-02	2.126749076366126617e-02
2.473652831973553839e+04	4.576245324559381072e-02	2.134332365359382574e-02
2.487106503741488632e+04	4.601134557205219244e-02	2.141942986979561425e-02
2.500625323259199286e+04	4.626144312914425016e-02	2.149581039992636000e-02
2.514209587083730003e+04	4.651275140316335488e-02	2.157246623523124962e-02
2.527859593070443952e+04	4.676527590442165760e-02	2.164939837055417440e-02
2.541575640378507160e+04	4.701902216735165396e-02	2.172660780435064012e-02
2.555358029476443335e+04	4.727399575060890063e-02	2.180409553870077399e-02
2.569207062147718534e+04	4.753020223717532161e-02	2.188186257932254672e-02
2.583123041496342921e+04	4.778764723446286833e-02	2.195990993558528601e-02
2.597106271952502357e+04	4.804633637441768634e-02	2.203823862052265575e-02
2.611157059278251472e+04	4.830627531362544774e-02	2.211684965084541321e-02
2.625275710573099786e+04	4.856746973341466433e-02	2.219574404695598760e-02
2.639462534279767351e+04	4.882992533996322049e-02	2.227492283296041500e-02
2.653717840189922572e+04	4.909364786440446882e-02	2.235438703668349292e-02
2.668041939449905840e+04	4.935864306293315934e-02	2.243413768968045494e-02
2.682435144566501549e+04	4.962491671691217354e-02	2.251417582725192060e-02
2.696897769412691923e+04	4.989247463297903640e-02	2.259450248845653111e-02
2.711430129233559273e+04	5.016132264315505129e-02	2.267511871612524696e-02
2.726032540652090029e+04	5.043146660495268635e-02	2.275602555687442421e-02
2.740705321674995866e+04	5.070291240148327994e-02	2.283722406112045911e-02
2.755448791698689820e+04	5.097566594156759112e-02	2.291871528309265271e-02
2.770263271515129964e+04	5.124973315984392153e-02	2.300050028084752243e-02
2.785149083317814075e+04	5.152512001687897109e-02	2.308258011628267631e-02
2.800106550707728456e+04	5.180183249927794442e-02	2.316495585515040284e-02
2.815135998699316406e+04	5.207987661979494864e-02	2.324762856707194777e-02
2.830237753726520532e+04	5.235925841744475812e-02	2.333059932555177352e-02
2.845412143648817073e+04	5.263998395761446819e-02	2.341386920799118018e-02
2.860659497757287681e+04	5.292205933217581509e-02	2.349743929570270382e-02
2.875980146780686846e+04	5.320549065959744028e-02	2.358131067392428559e-02
2.891374422891587164e+04	5.349028408505853566e-02	2.366548443183393372e-02
2.906842659712522072e+04	5.377644578056255814e-02	2.374996166256304608e-02
2.922385192322144212e+04	5.406398194505105531e-02	2.383474346321139831e-02
2.938002357261382713e+04	5.435289880451767836e-02	2.391983093486170844e-02
2.953694492539753992e+04	5.464320261212485264e-02	2.400522518259369520e-02
2.969461937641527766e+04	5.493489964831791555e-02	2.409092731549882307e-02
2.985305033532016751e+04	5.522799622094140548e-02	2.417693844669487752e-02
3.001224122663914750e+04	5.552249866535639844e-02	2.426325969334026597e-02
3.017219548983564164e+04	5.581841334455634601e-02	2.434989217664904060e-02
3.033291657937350101e+04	5.611574664928549450e-02	2.443683702190576137e-02
3.049440796478038101e+04	5.641450499815603425e-02	2.452409535847941205e-02
3.065667313071225726e+04	5.671469483776749726e-02	2.461166831983955736e-02
3.081971557701727943e+04	5.701632264282487789e-02	2.469955704356962059e-02
3.098353881880072731e+04	5.731939491625880068e-02	2.478776267138347450e-02
3.114814638648946129e+04	5.762391818934475135e-02	2.487628634913941622e-02
3.131354182589764969e+04	5.792989902182468787e-02	2.496512922685538427e-02
3.147972869829105184e+04	5.823734400202593142e-02	2.505429245872411309e-02
3.164671058045410246e+04	5.854625974698530327e-02	2.514377720312853740e-02
3.181449106475510780e+04	5.885665290256972965e-02	2.523358462265662058e-02
3.198307375921208222e+04	5.916853014359802626e-02	2.532371588411674521e-02
3.215246228755969059e+04	5.948189817396475065e-02	2.541417215855343997e-02
3.232266028931608162e+04	5.979676372676386020e-02	2.550495462126184734e-02
3.249367141984987757e+04	6.011313356441259914e-02	2.559606445180403686e-02
3.266549935044713493e+04	6.043101447877542026e-02	2.568750283402427420e-02
3.283814776837948011e+04	6.075041329129003687e-02	2.577927095606405775e-02
3.301162037697185588e+04	6.107133685309268367e-02	2.587137001037847703e-02
3.318592089566958020e+04	6.139379204514225363e-02	2.596380119375176973e-02
3.336105306010921777e+04	6.171778577835138752e-02	2.605656570731230623e-02
3.353702062218535139e+04	6.204332499371002091e-02	2.614966475654905906e-02
3.371382735011983459e+04	6.237041666241342069e-02	2.624309955132754155e-02
3.389147702853113879e+04	6.269906778599054764e-02	2.633687130590494502e-02
3.406997345850503916e+04	6.302928539643487538e-02	2.643098123894703846e-02
3.424932045766312513e+04	6.336107655633096969e-02	2.652543057354328840e-02
3.442952186023323884e+04	6.369444835898493973e-02	2.662022053722355383e-02
3.461058151712108520e+04	6.402940792855689456e-02	2.671535236197400756e-02
3.479250329597923701e+04	6.436596242018857716e-02	2.681082728425318237e-02
3.497529108128008374e+04	6.470411902013832595e-02	2.690664654500837805e-02
3.515894877438558615e+04	6.504388494591008263e-02	2.700281138969215164e-02
3.534348029361925001e+04	6.538526744638663291e-02	2.709932306827839490e-02
3.552888957433919859e+04	6.572827380196470670e-02	2.719618283527846722e-02
3.571518056900865486e+04	6.607291132468541550e-02	2.729339194975845609e-02
3.590235724727009801e+04	6.641918735837140653e-02	2.739095167535519557e-02
3.609042359601708449e+04	6.676710927875978419e-02	2.748886328029281553e-02
3.627938361946796795e+04	6.711668449363843159e-02	2.758712803740000566e-02
3.646924133923953195e+04	6.746792044298229041e-02	2.768574722412556199e-02
3.666000079441946582e+04	6.782082459908736483e-02	2.778472212255684096e-02
3.685166604164215096e+04	6.817540446671101206e-02	2.788405401943480633e-02
3.704424115516209713e+04	6.853166758320775043e-02	2.798374420617224384e-02
3.723773022692847007e+04	6.888962151866710737e-02	2.808379397887030005e-02
3.743213736666099430e+04	6.924927387605411822e-02	2.818420463833540973e-02
3.762746670192436432e+04	6.961063229134692443e-02	2.828497749009657031e-02
3.782372237820379087e+04	6.997370443367656456e-02	2.838611384442232821e-02
3.802090855898214795e+04	7.033849800546965181e-02	2.848761501633819554e-02
3.821902942581492971e+04	7.070502074258711023e-02	2.858948232564378911e-02
3.841808917840761569e+04	7.107328041446725475e-02	2.869171709693031994e-02
3.861809203469177737e+04	7.144328482426659521e-02	2.879432065959758313e-02
3.881904223090375308e+04	7.181504180900537271e-02	2.889729434787214127e-02
3.902094402166041982e+04	7.218855923970778077e-02	2.900063950082422751e-02
3.922380168003842118e+04	7.256384502154852867e-02	2.910435746238566879e-02
3.942761949765136524e+04	7.294090709399557448e-02	2.920844958136718447e-02
3.963240178472900152e+04	7.331975343095670228e-02	2.931291721147699300e-02
3.983815287019612879e+04	7.370039204092548868e-02	2.941776171133721543e-02
4.004487710175066604e+04	7.408283096712564575e-02	2.952298444450326270e-02
4.025257884594457573e+04	7.446707828766083170e-02	2.962858677948047512e-02
4.046126248826331721e+04	7.485314211566161668e-02	2.973457008974314877e-02
4.067093243320507463e+04	7.524103059943199057e-02	2.984093575375152199e-02
4.088159310436204396e+04	7.563075192259983981e-02	2.994768515497091624e-02
4.109324894450166903e+04	7.602231430426716063e-02	3.005481968188912847e-02
4.130590441564667708e+04	7.641572599915813502e-02	3.016234072803537780e-02
4.151956399915742077e+04	7.681099529777152268e-02	3.027024969199804821e-02
4.173423219581342710e+04	7.720813052653140163e-02	3.037854797744337851e-02
4.194991352589536837e+04	7.760714004793894949e-02	3.048723699313388505e-02
4.216661252926859743e+04	7.800803226072694496e-02	3.059631815294661800e-02
4.238433376546420186e+04	7.841081560000964790e-02	3.070579287589214265e-02
4.260308181376352877e+04	7.881549853743925749e-02	3.081566258613305589e-02
4.282286127328208386e+04	7.922208958136103818e-02	3.092592871300225629e-02
4.304367676305216446e+04	7.963059727696630841e-02	3.103659269102279281e-02
4.326553292210766813e+04	8.004103020644924571e-02	3.114765595992559366e-02
4.348843440956912673e+04	8.045339698916419147e-02	3.125911996466926301e-02
4.371238590472836222e+04	8.086770628178233111e-02	3.137098615545819147e-02
4.393739210713364446e+04	8.128396677844917928e-02	3.148325598776263723e-02
4.416345773667509638e+04	8.170218721094262004e-02	3.159593092233686784e-02
4.439058753367100144e+04	8.212237634883254311e-02	3.170901242523913033e-02
4.461878625895487494e+04	8.254454299964190944e-02	3.182250196785105928e-02
4.484805869396100024e+04	8.296869600900506903e-02	3.193640102689564858e-02
4.507840964081187849e+04	8.339484426082949264e-02	3.205071108445840811e-02
4.530984392240616580e+04	8.382299667745837790e-02	3.216543362800578648e-02
4.554236638250615943e+04	8.425316221983268627e-02	3.228057015040511346e-02
4.577598188582558214e+04	8.468534988765334670e-02	3.239612214994394557e-02
4.601069531811917841e+04	8.511956871954716453e-02	3.251209113035019582e-02
4.624651158627031691e+04	8.555582779322877529e-02	3.262847860081162510e-02
4.648343561838167807e+04	8.599413622566848270e-02	3.274528607599563879e-02
4.672147236386383884e+04	8.643450317325604426e-02	3.286251507606929856e-02
4.696062679352520354e+04	8.687693783196724640e-02	3.298016712671923006e-02
4.720090389966350631e+04	8.732144943753293587e-02	3.309824375917234246e-02
4.744230869615560368e+04	8.776804726560531733e-02	3.321674651021441077e-02
4.768484621854854049e+04	8.821674063192631865e-02	3.333567692221204443e-02
4.792852152415223100e+04	8.866753889249910647e-02	3.345503654313197739e-02
4.817333969213006640e+04	8.912045144375571604e-02	3.357482692656166279e-02
4.841930582359147957e+04	8.957548772272824755e-02	3.369504963172956918e-02
4.866642504168613959e+04	9.003265720722314347e-02	3.381570622352599725e-02
4.891470249169434828e+04	9.049196941598845745e-02	3.393679827252316095e-02
4.916414334112270444e+04	9.095343390889081003e-02	3.405832735499656622e-02
4.941475277979679959e+04	9.141706028708684872e-02	3.418029505294523790e-02
4.966653601995641657e+04	9.188285819319938486e-02	3.430270295411221720e-02
4.991949829634845810e+04	9.235083731148932551e-02	3.442555265200614861e-02
5.017364486632357875e+04	9.282100736803443330e-02	3.454884574592212432e-02
5.042898100993107801e+04	9.329337813090488041e-02	3.467258384096223722e-02
5.068551203001476097e+04	9.376795941034057891e-02	3.479676854805700825e-02
5.094324325230865361e+04	9.424476105892823363e-02	3.492140148398660549e-02
5.120218002553393308e+04	9.472379297178074031e-02	3.504648427140209105e-02
5.146232772149591619e+04	9.520506508671651436e-02	3.517201853884679985e-02
5.172369173518195021e+04	9.568858738444069312e-02	3.529800592077750321e-02
5.198627748485823395e+04	9.617436988872413162e-02	3.542444805758635656e-02
5.225009041216871992e+04	9.666242266658649218e-02	3.555134659562195903e-02
5.251513598223363806e+04	9.715275582847843205e-02	3.567870318721157868e-02
5.278141968374843418e+04	9.764537952846469304e-02	3.580651949068221207e-02
5.304894702908272302e+04	9.814030396440706627e-02	3.593479717038308013e-02
5.331772355438120576e+04	9.863753937815125661e-02	3.606353789670720122e-02
5.358775481966319785e+04	9.913709605571086048e-02	3.619274334611316535e-02
5.385904640892284806e+04	9.963898432745280087e-02	3.632241520114751904e-02
5.413160393023159122e+04	1.001432145682869673e-01	3.645255515046709471e-02
5.440543301583862194e+04	1.006497971978519146e-01	3.658316488886044493e-02
5.468053932227316545e+04	1.011587426807042112e-01	3.671424611727065052e-02
5.495692853044629737e+04	1.016700615265067470e-01	3.684580054281806627e-02
5.523460634575517906e+04	1.021837642902215931e-01	3.697782987882208133e-02
5.551357849818415707e+04	1.026998615722969771e-01	3.711033584482412162e-02
5.579385074240997346e+04	1.032183640188619744e-01	3.724332016660963918e-02
5.607542885790571017e+04	1.037392823219188270e-01	3.737678457623185707e-02
5.635831864904448594e+04	1.042626272195347065e-01	3.751073081203377263e-02
5.664252594520544517e+04	1.047884094960378903e-01	3.764516061867109048e-02
5.692805660087750584e+04	1.053166399822095534e-01	3.778007574713574540e-02
5.721491649576705095e+04	1.058473295554831356e-01	3.791547795477812066e-02
5.750311153490303695e+04	1.063804891401387426e-01	3.805136900533073047e-02
5.779264764874382672e+04	1.069161297075007649e-01	3.818775066893115994e-02
5.808353079328473541e+04	1.074542622761368860e-01	3.832462472214594879e-02
5.837576695016499434e+04	1.079948979120558955e-01	3.846199294799282353e-02
5.866936212677590083e+04	1.085380477289078494e-01	3.859985713596543466e-02
5.896432235636962287e+04	1.090837228881852278e-01	3.873821908205584558e-02
5.926065369816836755e+04	1.096319345994251071e-01	3.887708058877877709e-02
5.955836223747233453e+04	1.101826941204086530e-01	3.901644346519530376e-02
5.985745408577111812e+04	1.107360127573673303e-01	3.915630952693630734e-02
6.015793538085321052e+04	1.112919018651854913e-01	3.929668059622681148e-02
6.045981228691645083e+04	1.118503728476046566e-01	3.943755850190951845e-02
6.076309099468024215e+04	1.124114371574311405e-01	3.957894507946926183e-02
6.106777772149636439e+04	1.129751062967410263e-01	3.972084217105695952e-02
6.137387871146057296e+04	1.135413918170866815e-01	3.986325162551404566e-02
6.168140023552646744e+04	1.141103053197073669e-01	4.000617529839636810e-02
6.199034859161799250e+04	1.146818584557373899e-01	4.014961505199915459e-02
6.230073010474293551e+04	1.152560629264160474e-01	4.029357275538106298e-02
6.261255112710632238e+04	1.158329304832974305e-01	4.043805028438920285e-02
6.292581803822566872e+04	1.164124729284636423e-01	4.058304952168324820e-02
6.324053724504533602e+04	1.169947021147362959e-01	4.072857235676090315e-02
6.355671518205265602e+04	1.175796299458914257e-01	4.087462068598219506e-02
6.387435831139289076e+04	1.181672683768721643e-01	4.102119641259486388e-02
6.419347312298644101e+04	1.187576294140054861e-01	4.116830144675925895e-02
6.451406613464457769e+04	1.193507251152163828e-01	4.131593770557319412e-02
6.483614389218841825e+04	1.199465675902479378e-01	4.146410711309784364e-02
6.515971296956484730e+04	1.205451690008758764e-01	4.161281160038234755e-02
6.548477996896622062e+04	1.211465415611298196e-01	4.176205310548949251e-02
6.581135152094857767e+04	1.217506975375121647e-01	4.191183357352146199e-02
6.613943428455037065e+04	1.223576492492176732e-01	4.206215495664495513e-02
6.646903494741361646e+04	1.229674090683575555e-01	4.221301921411743652e-02
6.680016022590346984e+04	1.235799894201806554e-01	4.236442831231296280e-02
6.713281686522778182e+04	1.241954027832948698e-01	4.251638422474740553e-02
6.746701163956033997e+04	1.248136616898947865e-01	4.266888893210463857e-02
6.780275135216169292e+04	1.254347787259854352e-01	4.282194442226312098e-02
6.814004283550062974e+04	1.260587665316071082e-01	4.297555269032151543e-02
6.847889295137992303e+04	1.266856378010676465e-01	4.312971573862502128e-02
6.881930859105491254e+04	1.273154052831621252e-01	4.328443557679201303e-02
6.916129667536074703e+04	1.279480817814082072e-01	4.343971422174102565e-02
6.950486415483655583e+04	1.285836801542757368e-01	4.359555369771511701e-02
6.985001800984829606e+04	1.292222133154140584e-01	4.375195603631116398e-02
7.019676525071605283e+04	1.298636942338875500e-01	4.390892327650555010e-02
7.054511291783844354e+04	1.305081359344058278e-01	4.406645746467997143e-02
7.089506808182036912e+04	1.311555514975599745e-01	4.422456065465026065e-02
7.124663784359878628e+04	1.318059540600551305e-01	4.438323490769235935e-02
7.159982933457002218e+04	1.324593568149464162e-01	4.454248229256919933e-02
7.195464971671947569e+04	1.331157730118783244e-01	4.470230488555873571e-02
7.231110618274705485e+04	1.337752159573173116e-01	4.486270477048063393e-02
7.266920595619943924e+04	1.344376990147961026e-01	4.502368403872415714e-02
7.302895629159742384e+04	1.351032356051494743e-01	4.518524478927560262e-02
7.339036447456618771e+04	1.357718392067551461e-01	4.534738912874527322e-02
7.375343782196783286e+04	1.364435233557790561e-01	4.551011917139652363e-02
7.411818368203000864e+04	1.371183016464133653e-01	4.567343703917221831e-02
7.448460943447856698e+04	1.377961877311215388e-01	4.583734486172422185e-02
7.485272249067046505e+04	1.384771953208848161e-01	4.600184477643953079e-02
7.522253029372508172e+04	1.391613381854444609e-01	4.616693892846971542e-02
7.559404031865937577e+04	1.398486301535523391e-01	4.633262947075914018e-02
7.596726007252027921e+04	1.405390851132155838e-01	4.649891856407287888e-02
7.634219709452030656e+04	1.412327170119475062e-01	4.666580837702505313e-02
7.671885895617086499e+04	1.419295398570143418e-01	4.683330108610846143e-02
7.709725326141963887e+04	1.426295677156891317e-01	4.700139887572202246e-02
7.747738764678560256e+04	1.433328147155018828e-01	4.717010393819999481e-02
7.785926978149630304e+04	1.440392950444931430e-01	4.733941847383988516e-02
7.824290736762400775e+04	1.447490229514662996e-01	4.750934469093386070e-02
7.862830814022554841e+04	1.454620127462457613e-01	4.767988480579546384e-02
7.901547986747781397e+04	1.461782787999281741e-01	4.785104104279016418e-02
7.940443035081920971e+04	1.468978355451437401e-01	4.802281563436355816e-02
7.979516742508804600e+04	1.476206974763123458e-01	4.819521082107197651e-02
8.018769895866329898e+04	1.483468791499040484e-01	4.836822885161103786e-02
8.058203285360452719e+04	1.490763951846977853e-01	4.854187198284550669e-02
8.097817704579334531e+04	1.498092602620431646e-01	4.871614247983931112e-02
8.137613950507514528e+04	1.505454891261227279e-01	4.889104261588521350e-02
8.177592823540090467e+04	1.512850965842141571e-01	4.906657467253497384e-02
8.217755127497247304e+04	1.520280975069591423e-01	4.924274093962790338e-02
8.258101669638411840e+04	1.527745068286250896e-01	4.941954371532403939e-02
8.298633260676730424e+04	1.535243395473733508e-01	4.959698530613135953e-02
8.339350714793494262e+04	1.542776107255255935e-01	4.977506802693801302e-02
8.380254849652727717e+04	1.550343354898340020e-01	4.995379420104201218e-02
8.421346486415890104e+04	1.557945290317530596e-01	5.013316616018192312e-02
8.462626449756271904e+04	1.565582066077062517e-01	5.031318624456796590e-02
8.504095567873968685e+04	1.573253835393625399e-01	5.049385680291273992e-02
8.545754672510587261e+04	1.580960752139088654e-01	5.067518019246192162e-02
8.587604598964047909e+04	1.588702970843237361e-01	5.085715877902469151e-02
8.629646186103393848e+04	1.596480646696514238e-01	5.103979493700657594e-02
8.671880276383957244e+04	1.604293935552822958e-01	5.122309104943949254e-02
8.714307715862251644e+04	1.612142993932284829e-01	5.140704950801352341e-02
8.756929354211161262e+04	1.620027979024048215e-01	5.159167271310739072e-02
8.799746044734976022e+04	1.627949048689070199e-01	5.177696307382183977e-02
8.842758644384660874e+04	1.635906361462940717e-01	5.196292300801077374e-02
8.885968013773078565e+04	1.643900076558700296e-01	5.214955494231179184e-02
8.929375017190363724e+04	1.651930353869683621e-01	5.233686131218041881e-02
8.972980522619441035e+04	1.659997353972388345e-01	5.252484456192010182e-02
9.016785401751314930e+04	1.668101238129307273e-01	5.271350714471556564e-02
9.060790530000597937e+04	1.676242168291798840e-01	5.290285152266504393e-02
9.104996786521226750e+04	1.684420307102993675e-01	5.309288016681238537e-02
9.149405054222120089e+04	1.692635817900694783e-01	5.328359555717945145e-02
9.194016219782794360e+04	1.700888864720262461e-01	5.347500018279952028e-02
9.238831173669146665e+04	1.709179612297537232e-01	5.366709654174973282e-02
9.283850810149313475e+04	1.717508226071771116e-01	5.385988714118404574e-02
9.329076027309801430e+04	1.725874872188614684e-01	5.405337449736508787e-02
9.374507727071116096e+04	1.734279717503006135e-01	5.424756113569913912e-02
9.420146815204132872e+04	1.742722929582199987e-01	5.444244959076897233e-02
9.465994201345945476e+04	1.751204676708700003e-01	5.463804240636635501e-02
9.512050799016251403e+04	1.759725127883291218e-01	5.483434213552605685e-02
9.558317525633539481e+04	1.768284452828031983e-01	5.503135134056012789e-02
9.604795302531328343e+04	1.776882821989260453e-01	5.522907259308992844e-02
9.651485054974516970e+04	1.785520406540618832e-01	5.542750847408265541e-02
9.698387712176049536e+04	1.794197378386135633e-01	5.562666157388308080e-02
9.745504207313268853e+04	1.802913910163252142e-01	5.582653449224841274e-02
9.792835477544488094e+04	1.811670175245885805e-01	5.602712983838264993e-02
9.840382464025719673e+04	1.820466347747530522e-01	5.622845023097122752e-02
9.888146111927418679e+04	1.829302602524347232e-01	5.643049829821456670e-02
9.936127370451207389e+04	1.838179115178262268e-01	5.663327667786390018e-02
9.984327192846665275e+04	1.847096062060073207e-01	5.683678801725535606e-02
1.003274653642841877e+05	1.856053620272608284e-01	5.704103497334447187e-02
1.008138636259300692e+05	1.865051967673849731e-01	5.724602021274226987e-02
1.013024763683603960e+05	1.874091282880105125e-01	5.745174641174957686e-02
1.017933132876934105e+05	1.883171745269179853e-01	5.765821625639271780e-02
1.022863841213808919e+05	1.892293534983549574e-01	5.786543244245879319e-02
1.027816986483810906e+05	1.901456832933556829e-01	5.807339767553102577e-02
1.032792666893331043e+05	1.910661820800638733e-01	5.828211467102409338e-02
1.037790981067302491e+05	1.919908681040533027e-01	5.849158615422155733e-02
1.042812028050950903e+05	1.929197596886518262e-01	5.870181486030857237e-02
1.047855907311558985e+05	1.938528752352675910e-01	5.891280353441184781e-02
1.052922718740214041e+05	1.947902332237124723e-01	5.912455493163287085e-02
1.058012562653601344e+05	1.957318522125338356e-01	5.933707181708561262e-02
1.063125539795757068e+05	1.966777508393386942e-01	5.955035696593279082e-02
1.068261751339881012e+05	1.976279478211292462e-01	5.976441316342207682e-02
1.073421298890111793e+05	1.985824619546312231e-01	5.997924320492318412e-02
1.078604284483333759e+05	1.995413121166280945e-01	6.019484989596363134e-02
1.083810810590982728e+05	2.005045172642951901e-01	6.041123605226716986e-02
1.089040980120866152e+05	2.014720964355364574e-01	6.062840449979150365e-02
1.094294896418981371e+05	2.024440687493208324e-01	6.084635807476287267e-02
1.099572663271339406e+05	2.034204534060194969e-01	6.106509962371520217e-02
1.104874384905824263e+05	2.044012696877500479e-01	6.128463200352735757e-02
1.110200165994022391e+05	2.053865369587148937e-01	6.150495808146182186e-02
1.115550111653064814e+05	2.063762746655419256e-01	6.172608073519968153e-02
1.120924327447515243e+05	2.073705023376339884e-01	6.194800285288165620e-02
1.126322919391220348e+05	2.083692395875110515e-01	6.217072733314434052e-02
1.131745993949197873e+05	2.093725061111595676e-01	6.239425708515917990e-02
1.137193658039504371e+05	2.103803216883780580e-01	6.261859502867050953e-02
1.142666019035136414e+05	2.113927061831286369e-01	6.284374409403378769e-02
1.148163184765931655e+05	2.124096795438890073e-01	6.306970722225470338e-02
1.153685263520479784e+05	2.134312618040057064e-01	6.329648736502754836e-02
1.159232364048023446e+05	2.144574730820459074e-01	6.352408748477487987e-02
1.164804595560385933e+05	2.154883335821540513e-01	6.375251055468614259e-02
1.170402067733908916e+05	2.165238635944102819e-01	6.398175955875588794e-02
1.176024890711401094e+05	2.175640834951909908e-01	6.421183749182440836e-02
1.181673175104049442e+05	2.186090137475223405e-01	6.444274735961726119e-02
1.187347031993407727e+05	2.196586749014481921e-01	6.467449217878362688e-02
1.193046572933345888e+05	2.207130875943907056e-01	6.490707497693712358e-02
1.198771909952026035e+05	2.217722725515158533e-01	6.514049879269585841e-02
1.204523155553872202e+05	2.228362505860980447e-01	6.537476667572178490e-02
1.210300422721563227e+05	2.239050425998884153e-01	6.560988168676122612e-02
1.216103824918034225e+05	2.249786695834855021e-01	6.584584689768525900e-02
1.221933476088478055e+05	2.260571526167052814e-01	6.608266539153029306e-02
1.227789490662339667e+05	2.271405128689501784e-01	6.632034026253808001e-02
1.233671983555358602e+05	2.282287715995869326e-01	6.655887461619781897e-02
1.239581070171588799e+05	2.293219501583202702e-01	6.679827156928558329e-02
1.245516866405428736e+05	2.304200699855684376e-01	6.703853424990692533e-02
1.251479488643679360e+05	2.315231526128439798e-01	6.727966579753660858e-02
1.257469053767585428e+05	2.326312196631313278e-01	6.752166936306122635e-02
1.263485679154912068e+05	2.337442928512710461e-01	6.776454810881962776e-02
1.269529482681993541e+05	2.348623939843386965e-01	6.800830520864599438e-02
1.275600582725830754e+05	2.359855449620331391e-01	6.825294384791018298e-02
1.281699098166179610e+05	2.371137677770625285e-01	6.849846722356130180e-02
1.287825148387626541e+05	2.382470845155285621e-01	6.874487854416848343e-02
1.293978853281713527e+05	2.393855173573196105e-01	6.899218102996325375e-02
1.300160333249047690e+05	2.405290885765006270e-01	6.924037791288371879e-02
1.306369709201415390e+05	2.416778205417048908e-01	6.948947243661500461e-02
1.312607102563921362e+05	2.428317357165291068e-01	6.973946785663330539e-02
1.318872635277126683e+05	2.439908566599292561e-01	6.999036744024859924e-02
1.325166429799181060e+05	2.451552060266151412e-01	7.024217446664662856e-02
1.331488609107993252e+05	2.463248065674516762e-01	7.049489222693502977e-02
1.337839296703417785e+05	2.474996811298635913e-01	7.074852402418264907e-02
1.344218616609402234e+05	2.486798526582325031e-01	7.100307317346693514e-02
1.350626693376180774e+05	2.498653441943030906e-01	7.125854300191578061e-02
1.357063652082440967e+05	2.510561788775834691e-01	7.151493684875061263e-02
1.363529618337577267e+05	2.522523799457625504e-01	7.177225806533203689e-02
1.370024718283865077e+05	2.534539707351116666e-01	7.203051001520389962e-02
1.376549078598691849e+05	2.546609746808981001e-01	7.228969607413615606e-02
1.383102826496748312e+05	2.558734153177897319e-01	7.254981963017105573e-02
1.389686089732351247e+05	2.570913162802852536e-01	7.281088408366712117e-02
1.396298996601633262e+05	2.583147013031188433e-01	7.307289284734445889e-02
1.402941675944778835e+05	2.595435942216741676e-01	7.333584934632839114e-02
1.409614257148337201e+05	2.607780189724124287e-01	7.359975701819614080e-02
1.416316870147493901e+05	2.620179995932918615e-01	7.386461931302171213e-02
1.423049645428310323e+05	2.632635602241827910e-01	7.413043969342072992e-02
1.429812714030059869e+05	2.645147251072996752e-01	7.439722163459731863e-02
1.436606207547513768e+05	2.657715185876236008e-01	7.466496862438938564e-02
1.443430258133288880e+05	2.670339651133368797e-01	7.493368416331391835e-02
1.450284998500094225e+05	2.683020892362389387e-01	7.520337176461378004e-02
1.457170561923148925e+05	2.695759156121930178e-01	7.547403495430470011e-02
1.464087082242452016e+05	2.708554690015467781e-01	7.574567727122066829e-02
1.471034693865188165e+05	2.721407742695766685e-01	7.601830226706100813e-02
1.478013531768048706e+05	2.734318563869178043e-01	7.629191350643740877e-02
1.485023731499635905e+05	2.747287404300086666e-01	7.656651456692106783e-02
1.492065429182817752e+05	2.760314515815264769e-01	7.684210903908882118e-02
1.499138761517133680e+05	2.773400151308326733e-01	7.711870052657215924e-02
1.506243865781149070e+05	2.786544564744081187e-01	7.739629264610349557e-02
1.513380879834947118e+05	2.799748011163143979e-01	7.767488902756464197e-02
1.520549942122474895e+05	2.813010746686275265e-01	7.795449331403397908e-02
1.527751191674013389e+05	2.826333028518951962e-01	7.823510916183457065e-02
1.534984768108599819e+05	2.839715114955846387e-01	7.851674024058388768e-02
1.542250811636496510e+05	2.853157265385396490e-01	7.879939023323960512e-02
1.549549463061607094e+05	2.866659740294273395e-01	7.908306283615054721e-02
1.556880863783991081e+05	2.880222801272034339e-01	7.936776175910385811e-02
1.564245155802316731e+05	2.893846711015661821e-01	7.965349072537482311e-02
1.571642481716361362e+05	2.907531733334186019e-01	7.994025347177652341e-02
1.579072984729519521e+05	2.921278133153326628e-01	8.022805374870690953e-02
1.586536808651302126e+05	2.935086176520118606e-01	8.051689532020077367e-02
1.594034097899858025e+05	2.948956130607571224e-01	8.080678196397832191e-02
1.601564997504504572e+05	2.962888263719356541e-01	8.109771747149482901e-02
1.609129653108250350e+05	2.976882845294470670e-01	8.138970564799050122e-02
1.616728210970393557e+05	2.990940145912045489e-01	8.168275031254181029e-02
1.624360817969035415e+05	3.005060437295993259e-01	8.197685529811012117e-02
1.632027621603701846e+05	3.019243992319861625e-01	8.227202445159464972e-02
1.639728769997862983e+05	3.033491085011491561e-01	8.256826163388091000e-02
1.647464411901602289e+05	3.047801990557956198e-01	8.286557071989296419e-02
1.655234696694148588e+05	3.062176985310247068e-01	8.316395559864352138e-02
1.663039774386543722e+05	3.076616346788205170e-01	8.346342017328628460e-02
1.670879795624228718e+05	3.091120353685307687e-01	8.376396836116650757e-02
1.678754911689720466e+05	3.105689285873621808e-01	8.406560409387546506e-02
1.686665274505237467e+05	3.120323424408657509e-01	8.436833131729744306e-02
1.694611036635355267e+05	3.135023051534285288e-01	8.467215399166626300e-02
1.702592351289674698e+05	3.149788450687668329e-01	8.497707609161328501e-02
1.710609372325499135e+05	3.164619906504217428e-01	8.528310160622422365e-02
1.718662254250568221e+05	3.179517704822646951e-01	8.559023453909062051e-02
1.726751152225690312e+05	3.194482132689848708e-01	8.589847890836023458e-02
1.734876222067507915e+05	3.209513478366002315e-01	8.620783874679263659e-02
1.743037620251197950e+05	3.224612031329576189e-01	8.651831810181012661e-02
1.751235503913225257e+05	3.239778082282415150e-01	8.682992103555445262e-02
1.759470030854073993e+05	3.255011923154800813e-01	8.714265162493796402e-02
1.767741359540997364e+05	3.270313847110534189e-01	8.745651396169606961e-02
1.776049649110814498e+05	3.285684148552108219e-01	8.777151215244663462e-02
1.784395059372663090e+05	3.301123123125805359e-01	8.808765031873697082e-02
1.792777750810810830e+05	3.316631067726895643e-01	8.840493259710359431e-02
1.801197884587466833e+05	3.332208280504835307e-01	8.872336313912575212e-02
1.809655622545548540e+05	3.347855060868393795e-01	8.904294611147886562e-02
1.818151127211574640e+05	3.363571709490995043e-01	8.936368569598965306e-02
1.826684561798443901e+05	3.379358528315866139e-01	8.968558608969276480e-02
1.835256090208338574e+05	3.395215820561404696e-01	9.000865150488501776e-02
1.843865877035529411e+05	3.411143890726371364e-01	9.033288616918104530e-02
1.852514087569294497e+05	3.427143044595285515e-01	9.065829432556921086e-02
1.861200887796786847e+05	3.443213589243733219e-01	9.098488023246883993e-02
1.869926444405943039e+05	3.459355833043747386e-01	9.131264816378341365e-02
1.878690924788340926e+05	3.475570085669096310e-01	9.164160240896053466e-02
1.887494497042189469e+05	3.491856658100810362e-01	9.197174727304495423e-02
1.896337329975241446e+05	3.508215862632573789e-01	9.230308707673910706e-02
1.905219593107680266e+05	3.524648012876067660e-01	9.263562615645759557e-02
1.914141456675176451e+05	3.541153423766617570e-01	9.296936886438504632e-02
1.923103091631784919e+05	3.557732411568559350e-01	9.330431956853385556e-02
1.932104669652927550e+05	3.574385293880755210e-01	9.364048265280115746e-02
1.941146363138419110e+05	3.591112389642191483e-01	9.397786251702820726e-02
1.950228345215447771e+05	3.607914019137491435e-01	9.431646357705576744e-02
1.959350789741607732e+05	3.624790504002526892e-01	9.465629026478571129e-02
1.968513871307909722e+05	3.641742167229988225e-01	9.499734702823695032e-02
1.977717765241856687e+05	3.658769333175074245e-01	9.533963833160469248e-02
1.986962647610462154e+05	3.675872327561073294e-01	9.568316865532057458e-02
1.996248695223340183e+05	3.693051477485083667e-01	9.602794249611008859e-02
2.005576085635774944e+05	3.710307111423689630e-01	9.637396436705360225e-02
2.014944997151792049e+05	3.727639559238645206e-01	9.672123879764418786e-02
2.024355608827316319e+05	3.745049152182713392e-01	9.706977033385053022e-02
2.033808100473269878e+05	3.762536222905399907e-01	9.741956353817113334e-02
2.043302652658668812e+05	3.780101105458683053e-01	9.777062298970133625e-02
2.052839446713800717e+05	3.797744135302889568e-01	9.812295328418794982e-02
2.062418664733369078e+05	3.815465649312510532e-01	9.847655903409538447e-02
2.072040489579656569e+05	3.833265985782059460e-01	9.883144486866100864e-02
2.081705104885734327e+05	3.851145484432001442e-01	9.918761543396126257e-02
2.091412695058630197e+05	3.869104486414622346e-01	9.954507539296930663e-02
2.101163445282531029e+05	3.887143334319946297e-01	9.990382942561840118e-02
2.110957541522041429e+05	3.905262372181769748e-01	1.002638822288634129e-01
2.120795170525372378e+05	3.923461945483555091e-01	1.006252385167417385e-01
2.130676519827615411e+05	3.941742401164493592e-01	1.009879030204374473e-01
2.140601777754011273e+05	3.960104087625547775e-01	1.013518804883414975e-01
2.150571133423194697e+05	3.978547354735455510e-01	1.017171756861179888e-01
2.160584776750529709e+05	3.997072553836903963e-01	1.020837933967628092e-01
2.170642898451342480e+05	4.015680037752503151e-01	1.024517384206687226e-01
2.180745690044307266e+05	4.034370160791055926e-01	1.028210155756904276e-01
2.190893343854701961e+05	4.053143278753579826e-01	1.031916296972045233e-01
2.201086053017837694e+05	4.071999748939649222e-01	1.035635856381761644e-01
2.211324011482326896e+05	4.090939930153442150e-01	1.039368882692225105e-01
2.221607414013520174e+05	4.109964182710101888e-01	1.043115424786764389e-01
2.231936456196842482e+05	4.129072868441903688e-01	1.046875531726526171e-01
2.242311334441225335e+05	4.148266350704608030e-01	1.050649252751091473e-01
2.252732245982473833e+05	4.167544994383686197e-01	1.054436637279155681e-01
2.263199388886745146e+05	4.186909165900760676e-01	1.058237734909172750e-01
2.273712962053951051e+05	4.206359233219895688e-01	1.062052595420015372e-01
2.284273165221223026e+05	4.225895565854007052e-01	1.065881268771614043e-01
