0.000000000000000000e+00	0.000000000000000000e+00	0.000000000000000000e+00
2.557238630354080300e+01	4.728520246578750853e-05	1.277009420046541777e-02
5.127026892631858601e+01	9.482616841330355616e-05	1.278574480563874488e-02
7.709541075826891188e+01	1.426025622837488326e-04	1.280203243531087207e-02
1.030495393647355229e+02	1.906175801047818867e-04	1.281893671911708138e-02
1.291343489043132138e+02	2.388743560998494270e-04	1.283643828156303714e-02
1.553515019452097192e+02	2.873759660485471798e-04	1.285451868939697755e-02
1.817026311859023906e+02	3.361254304699205580e-04	1.287316040195696405e-02
2.081893410855142292e+02	3.851257176387414514e-04	1.289234672431729609e-02
2.348132094090195778e+02	4.343797464442153400e-04	1.291206176306884494e-02
2.615757886920807778e+02	4.838903891000011378e-04	1.293229038457875506e-02
2.884786076300416653e+02	5.336604737139176305e-04	1.295301817558394686e-02
3.155231723953403957e+02	5.836927867252211235e-04	1.297423140598057828e-02
3.427109678873243865e+02	6.339900752168241629e-04	1.299591699368249538e-02
3.700434589182665377e+02	6.845550491094828591e-04	1.301806247142683892e-02
3.975220913391210615e+02	7.353903832444988985e-04	1.304065595541435696e-02
4.251482931083636458e+02	7.864987193611256300e-04	1.306368611567715679e-02
4.529234753070609827e+02	8.378826679744945903e-04	1.308714214807400571e-02
4.808490331031510436e+02	8.895448101595801894e-04	1.311101374781922443e-02
5.089263466677040810e+02	9.414876992463248710e-04	1.313529108445647166e-02
5.371567820458353708e+02	9.937138624308693591e-04	1.315996477819464210e-02
5.655416919847007193e+02	1.046225802307382009e-03	1.318502587752684065e-02
5.940824167209640336e+02	1.099025998324912106e-03	1.321046583806052312e-02
6.227802847299126370e+02	1.152116908173284309e-03	1.323627650248740406e-02
6.516366134383009694e+02	1.205500969101896361e-03	1.326245008163040064e-02
6.806527099028802468e+02	1.259180599175026369e-03	1.328897913650464377e-02
7.098298714564846250e+02	1.313158198467123195e-03	1.331585656133616423e-02
7.391693863233874708e+02	1.367436150201242154e-03	1.334307556748376769e-02
7.686725342055761985e+02	1.422016821833681525e-03	1.337062966821261044e-02
7.983405868415356963e+02	1.476902566087753485e-03	1.339851266427232596e-02
8.281748085389331209e+02	1.532095721939278135e-03	1.342671863023411211e-02
8.581764566826645932e+02	1.587598615556488988e-03	1.345524190154458698e-02
8.883467822195011649e+02	1.643413561196649950e-03	1.348407706225593881e-02
9.186870301205999567e+02	1.699542862061722637e-03	1.351321893339520880e-02
9.491984398230276838e+02	1.755988811115201473e-03	1.354266256193689504e-02
9.798822456514400301e+02	1.812753691862239221e-03	1.357240321034582954e-02
1.010739677220867975e+03	1.869839779094819134e-03	1.360243634665827053e-02
1.041771959821646988e+03	1.927249339603889517e-03	1.363275763507221586e-02
1.072980314787426096e+03	1.984984632860196073e-03	1.366336292701834411e-02
1.104365959847102886e+03	2.043047911665375228e-03	1.369424825268630679e-02
1.135930109461493657e+03	2.101441422774809852e-03	1.372540981298008000e-02
1.167673975145596387e+03	2.160167407493825738e-03	1.375684397187996316e-02
1.199598765777060407e+03	2.219228102248375304e-03	1.378854724918969141e-02
1.231705687891698744e+03	2.278625739131745660e-03	1.382051631364612093e-02
1.263995945966614954e+03	2.338362546428356635e-03	1.385274797637353790e-02
1.296470742691569285e+03	2.398440749115794950e-03	1.388523918466362528e-02
1.329131279229244228e+03	2.458862569346318815e-03	1.391798701606280358e-02
1.361978755464884443e+03	2.519630226908701164e-03	1.395098867275201826e-02
1.395014370245889040e+03	2.580745939671481425e-03	1.398424147620214338e-02
1.428239321611864852e+03	2.642211924008576896e-03	1.401774286209079949e-02
1.461654807015581355e+03	2.704030395208053411e-03	1.405149037546710167e-02
1.495262023535284015e+03	2.766203567864917046e-03	1.408548166615057433e-02
1.529062168078835612e+03	2.828733656258779466e-03	1.411971448435281676e-02
1.563056437580037482e+03	2.891622874717060445e-03	1.415418667650895045e-02
1.597246029187468594e+03	2.954873437964346435e-03	1.418889618130952761e-02
1.631632140446362200e+03	3.018487561458871402e-03	1.422384102592090527e-02
1.666215969473721771e+03	3.082467461716483382e-03	1.425901932238585017e-02
1.700998715127026799e+03	3.146815356622758089e-03	1.429442926419328963e-02
1.735981577166871830e+03	3.211533465733887576e-03	1.433006912300994855e-02
1.771165756413845884e+03	3.276624010566909443e-03	1.436593724556553542e-02
1.806552454899805070e+03	3.342089214879568910e-03	1.440203205068216717e-02
1.842142876014014064e+03	3.407931304940684143e-03	1.443835202644241401e-02
1.877938224644209185e+03	3.474152509791117623e-03	1.447489572748797935e-02
1.913939707312911196e+03	3.540755061495958096e-03	1.451166177244262931e-02
1.950148532309190387e+03	3.607741195388293898e-03	1.454864884145294288e-02
1.986565909816153862e+03	3.675113150305061617e-03	1.458585567384138373e-02
2.023193052034232323e+03	3.742873168815137510e-03	1.462328106586583722e-02
2.060031173300635601e+03	3.811023497440327833e-03	1.466092386858014116e-02
2.097081490204945567e+03	3.879566386869225982e-03	1.469878298579072561e-02
2.134345221701219089e+03	3.948504092164595650e-03	1.473685737210456842e-02
2.171823589216716300e+03	4.017838872964534132e-03	1.477514603106447853e-02
2.209517816757236687e+03	4.087572993677335113e-03	1.481364801336649238e-02
2.247429131009474986e+03	4.157708723670859759e-03	1.485236241515601116e-02
2.285558761440380749e+03	4.228248337456347143e-03	1.489128837639891283e-02
2.323907940393691206e+03	4.299194114867005770e-03	1.493042507932311816e-02
2.362477903183771559e+03	4.370548341231622093e-03	1.496977174692891085e-02
2.401269888186928711e+03	4.442313307543488757e-03	1.500932764156289768e-02
2.440285136930123826e+03	4.514491310624530254e-03	1.504909206355321653e-02
2.479524894177551232e+03	4.587084653285472546e-03	1.508906434990392280e-02
2.518990408014782133e+03	4.660095644481511076e-03	1.512924387304429366e-02
2.558682929930861974e+03	4.733526599464194483e-03	1.516963003963150459e-02
2.598603714898419639e+03	4.807379839929626364e-03	1.521022228940382449e-02
2.638754021451658446e+03	4.881657694162755239e-03	1.525102009408186091e-02
2.679135111762617726e+03	4.956362497178453536e-03	1.529202295631572860e-02
2.719748251715675906e+03	5.031496590859353517e-03	1.533323040867600774e-02
2.760594710980202308e+03	5.107062324090252785e-03	1.537464201268616201e-02
2.801675763081687819e+03	5.183062052889711273e-03	1.541625735789543122e-02
2.842992685471308960e+03	5.259498140538743441e-03	1.545807606098898758e-02
2.884546759594015384e+03	5.336372957706779149e-03	1.550009776493490449e-02
2.926339270955109896e+03	5.413688882574842903e-03	1.554232213816511207e-02
2.968371509185582909e+03	5.491448300956423313e-03	1.558474887378994388e-02
3.010644768106073116e+03	5.569653606415793379e-03	1.562737768884427808e-02
3.053160345789608982e+03	5.648307200384093847e-03	1.567020832356286544e-02
3.095919544623149250e+03	5.727411492273184850e-03	1.571324054068559684e-02
3.138923671367976567e+03	5.806968899587360358e-03	1.575647412478969195e-02
3.182174037219108413e+03	5.886981848033278480e-03	1.579990888164825233e-02
3.225671957863446096e+03	5.967452771627520386e-03	1.584354463761364004e-02
3.269418753537173870e+03	6.048384112802796149e-03	1.588738123902560737e-02
3.313415749082041657e+03	6.129778322512055046e-03	1.593141855164155463e-02
3.357664274000828300e+03	6.211637860331103989e-03	1.597565646008925269e-02
3.402165662511849405e+03	6.293965194559437461e-03	1.602009486734053134e-02
3.446921253602756678e+03	6.376762802319775082e-03	1.606473369420461164e-02
3.491932391083371840e+03	6.460033169655803736e-03	1.610957287884181438e-02
3.537200423637926178e+03	6.543778791628818148e-03	1.615461237629425145e-02
3.582726704876493841e+03	6.628002172412873934e-03	1.619985215803506143e-02
3.628512593385716173e+03	6.712705825388632676e-03	1.624529221153451358e-02
3.674559452778883497e+03	6.797892273236009163e-03	1.629093253984181117e-02
3.720868651745376155e+03	6.883564048025638156e-03	1.633677316118289577e-02
3.767441564099546213e+03	6.969723691309306392e-03	1.638281410857306275e-02
3.814279568828893844e+03	7.056373754209084408e-03	1.642905542944332262e-02
3.861384050141828993e+03	7.143516797505679479e-03	1.647549718528088653e-02
3.908756397514803211e+03	7.231155391725629759e-03	1.652213945128268649e-02
3.956398005738988104e+03	7.319292117227668357e-03	1.656898231602122601e-02
4.004310274966451743e+03	7.407929564288140249e-03	1.661602588112319132e-02
4.052494610755883059e+03	7.497070333185596076e-03	1.666327026095815525e-02
4.100952424117836017e+03	7.586717034284498618e-03	1.671071558233987869e-02
4.149685131559586807e+03	7.676872288118203290e-03	1.675836198423784340e-02
4.198694155129653154e+03	7.767538725471321084e-03	1.680620961749837092e-02
4.247980922461752925e+03	7.858718987461042402e-03	1.685425864457599718e-02
4.297546866818555827e+03	7.950415725618085322e-03	1.690250923927468299e-02
4.347393427135107231e+03	8.042631601967008964e-03	1.695096158649764956e-02
4.397522048061703572e+03	8.135369289105558871e-03	1.699961588200564130e-02
4.447934180006765018e+03	8.228631470283969893e-03	1.704847233218403230e-02
4.498631279179109697e+03	8.322420839483165786e-03	1.709753115381786731e-02
4.549614807630115138e+03	8.416740101492773199e-03	1.714679257387467098e-02
4.600886233295581405e+03	8.511591971988559727e-03	1.719625682929443525e-02
4.652447030037353215e+03	8.606979177609434817e-03	1.724592416678710077e-02
4.704298677684590075e+03	8.702904456033807093e-03	1.729579484263655056e-02
4.756442662074907275e+03	8.799370556055691878e-03	1.734586912251138632e-02
4.808880475095320435e+03	8.896380237660447485e-03	1.739614728128248411e-02
4.861613614722837156e+03	8.993936272099887011e-03	1.744662960284600745e-02
4.914643585065020488e+03	9.092041441967315535e-03	1.749731637995256134e-02
4.967971896400275909e+03	9.190698541272053837e-03	1.754820791404240396e-02
5.021600065217906376e+03	9.289910375513550991e-03	1.759930451508561963e-02
5.075529614258243782e+03	9.389679761755616652e-03	1.765060650142769375e-02
5.129762072552228346e+03	9.490009528699659344e-03	1.770211419964044797e-02
5.184298975461178998e+03	9.590902516758240473e-03	1.775382794437772166e-02
5.239141864716317286e+03	9.692361578128210267e-03	1.780574807823551153e-02
5.294292288458196708e+03	9.794389576863645960e-03	1.785787495161719404e-02
5.349751801275905564e+03	9.896989388948378846e-03	1.791020892260248437e-02
5.405521964246225252e+03	1.000016390236843286e-02	1.796275035682134980e-02
5.461604344972655781e+03	1.010391601718423418e-02	1.801549962733135779e-02
5.518000517624503118e+03	1.020824864560289716e-02	1.806845711449943728e-02
5.574712062975622757e+03	1.031316471204993604e-02	1.812162320588719955e-02
5.631740568443246048e+03	1.041866715324106345e-02	1.817499829614004081e-02
5.689087628126701020e+03	1.052475891825383446e-02	1.822858278687971081e-02
5.746754842846028623e+03	1.063144296859909466e-02	1.828237708660035432e-02
5.804743820180534385e+03	1.073872227829228594e-02	1.833638161056764734e-02
5.863056174507519245e+03	1.084659983392510969e-02	1.839059678072172549e-02
5.921693527040510162e+03	1.095507863473625144e-02	1.844502302558254786e-02
5.980657505867729014e+03	1.106416169268254097e-02	1.849966078015848753e-02
6.039949745990575138e+03	1.117385203251015924e-02	1.855451048585777390e-02
6.099571889361985086e+03	1.128415269182558855e-02	1.860957259040292230e-02
6.159525584924754185e+03	1.139506672116651770e-02	1.866484754774763027e-02
6.219812488649829902e+03	1.150659718407267933e-02	1.872033581799613031e-02
6.280434263574557008e+03	1.161874715715660762e-02	1.877603786732560953e-02
6.341392579841034603e+03	1.173151973017460062e-02	1.883195416791048557e-02
6.402689114734437680e+03	1.184491800609759754e-02	1.888808519784936080e-02
6.464325552721258646e+03	1.195894510118195898e-02	1.894443144109408256e-02
6.526303585487538840e+03	1.207360414504016037e-02	1.900099338738133956e-02
6.588624911977118245e+03	1.218889828071157387e-02	1.905777153216588887e-02
6.651291238430094381e+03	1.230483066473361461e-02	1.911476637655619079e-02
6.714304278420991068e+03	1.242140446721235088e-02	1.917197842725225018e-02
6.777665752897140919e+03	1.253862287189350805e-02	1.922940819648471036e-02
6.841377390217060565e+03	1.265648907623347086e-02	1.928705620195659415e-02
6.905440926188766753e+03	1.277500629147016072e-02	1.934492296678629736e-02
6.969858104108203406e+03	1.289417774269412814e-02	1.940300901945270912e-02
7.034630674797773281e+03	1.301400666891984470e-02	1.946131489374197318e-02
7.099760396644713182e+03	1.313449632315667574e-02	1.951984112869543583e-02
7.165249035639626527e+03	1.325564997248018795e-02	1.957858826856016116e-02
7.231098365415160515e+03	1.337747089810369626e-02	1.963755686274002224e-02
7.297310167284458657e+03	1.349996239544938928e-02	1.969674746574902324e-02
7.363886230279850679e+03	1.362312777421992131e-02	1.975616063716580800e-02
7.430828351191777074e+03	1.374697035847041379e-02	1.981579694158909152e-02
7.498138334607300749e+03	1.387149348667970038e-02	1.987565694859568313e-02
7.565817992949070685e+03	1.399670051182242032e-02	1.993574123269869700e-02
7.633869146514144632e+03	1.412259480144082389e-02	1.999605037330763613e-02
7.702293623513113744e+03	1.424917973771716757e-02	2.005658495468953459e-02
7.771093260108897994e+03	1.437645871754548131e-02	2.011734556593144582e-02
7.840269900456076357e+03	1.450443515260432456e-02	2.017833280090406550e-02
7.909825396739887765e+03	1.463311246942894557e-02	2.023954725822655135e-02
7.979761609215549470e+03	1.476249410948400793e-02	2.030098954123259192e-02
8.050080406247519022e+03	1.489258352923624254e-02	2.036266025793683973e-02
8.120783664349055471e+03	1.502338420022762341e-02	2.042456002100390480e-02
8.191873268221611397e+03	1.515489960914824519e-02	2.048668944771656064e-02
8.263351110794312262e+03	1.528713325790935669e-02	2.054904915994638231e-02
8.335219093263822288e+03	1.542008866371712660e-02	2.061163978412467943e-02
8.407479125133897469e+03	1.555376935914579324e-02	2.067446195121462604e-02
8.480133124255517032e+03	1.568817889221194029e-02	2.073751629668391799e-02
8.553183016866452817e+03	1.582332082644765867e-02	2.080080346047917181e-02
8.626630737631632655e+03	1.595919874097526114e-02	2.086432408700000796e-02
8.700478229682976234e+03	1.609581623058093866e-02	2.092807882507500064e-02
8.774727444659927642e+03	1.623317690578977845e-02	2.099206832793848454e-02
8.849380342749642296e+03	1.637128439294009696e-02	2.105629325320648726e-02
8.924438892727293933e+03	1.651014233425799477e-02	2.112075426285625612e-02
8.999905071997132836e+03	1.664975438793334095e-02	2.118545202320397738e-02
9.075780866632452671e+03	1.679012422819369660e-02	2.125038720488462221e-02
9.152068271416772404e+03	1.693125554538047611e-02	2.131556048283244492e-02
9.228769289884829050e+03	1.707315204602484829e-02	2.138097253626123836e-02
9.305885934363279375e+03	1.721581745292296781e-02	2.144662404864668484e-02
9.383420226011892737e+03	1.735925550521221980e-02	2.151251570770812069e-02
9.461374194864780293e+03	1.750346995844748177e-02	2.157864820539175804e-02
9.539749879871882513e+03	1.764846458467787815e-02	2.164502223785427434e-02
9.618549328940271153e+03	1.779424317252319143e-02	2.171163850544655105e-02
9.697774598975840490e+03	1.794080952725097058e-02	2.177849771269927542e-02
9.777427755924893063e+03	1.808816747085350771e-02	2.184560056830775129e-02
9.857510874816252908e+03	1.823632084212569587e-02	2.191294778511792760e-02
9.938026039802945888e+03	1.838527349674217923e-02	2.198054008011317978e-02
1.001897534420436750e+04	1.853502930733534615e-02	2.204837817440138958e-02
1.010036089054859440e+04	1.868559216357358957e-02	2.211646279320198666e-02
1.018218479061478320e+04	1.883696597223977545e-02	2.218479466583494000e-02
1.026444916547546927e+04	1.898915465730947882e-02	2.225337452570867042e-02
1.034715614553945124e+04	1.914216216003032309e-02	2.232220311030986074e-02
1.043030787059437353e+04	1.929599243900075728e-02	2.239128116119247502e-02
1.051390648984967447e+04	1.945064947024950294e-02	2.246060942396851945e-02
1.059795416197962913e+04	1.960613724731519875e-02	2.253018864829748821e-02
1.068245305516659209e+04	1.976245978132637818e-02	2.260001958787883833e-02
1.076740534714436399e+04	1.991962110108172479e-02	2.267010300044230292e-02
1.085281322524144889e+04	2.007762525313007071e-02	2.274043964774068519e-02
1.093867888642495200e+04	2.023647630185162333e-02	2.281103029554133396e-02
1.102500453734401526e+04	2.039617832953832810e-02	2.288187571361945810e-02
1.111179239437412798e+04	2.055673543647581689e-02	2.295297667575101758e-02
1.119904468366088986e+04	2.071815174102439178e-02	2.302433395970648541e-02
1.128676364116440891e+04	2.088043137970115731e-02	2.309594834724446044e-02
1.137495151270344832e+04	2.104357850726167739e-02	2.316782062410598780e-02
1.146361055400018631e+04	2.120759729678279790e-02	2.323995158000960806e-02
1.155274303072469229e+04	2.137249193974493852e-02	2.331234200864603159e-02
1.164235121853998680e+04	2.153826664611541847e-02	2.338499270767381913e-02
1.173243740314666138e+04	2.170492564443102235e-02	2.345790447871463208e-02
1.182300388032858973e+04	2.187247318188257836e-02	2.353107812734970064e-02
1.191405295599759120e+04	2.204091352439754847e-02	2.360451446311651047e-02
1.200558694623941119e+04	2.221025095672513050e-02	2.367821429950452833e-02
1.209760817735898854e+04	2.238048978252000012e-02	2.375217845395349511e-02
1.219011898592651960e+04	2.255163432442749971e-02	2.382640774784966844e-02
1.228312171882322582e+04	2.272368892416832750e-02	2.390090300652427183e-02
1.237661873328758702e+04	2.289665794262406295e-02	2.397566505925123256e-02
1.247061239696156190e+04	2.307054575992269554e-02	2.405069473924531520e-02
1.256510508793721601e+04	2.324535677552485441e-02	2.412599288366062272e-02
1.266009919480307690e+04	2.342109540830958000e-02	2.420156033358998940e-02
1.275559711669106036e+04	2.359776609666115049e-02	2.427739793406338831e-02
1.285160126332359505e+04	2.377537329855623424e-02	2.435350653404763990e-02
1.294811405506050505e+04	2.395392149165065723e-02	2.442988698644607201e-02
1.304513792294648010e+04	2.413341517336716965e-02	2.450654014809843656e-02
1.314267530875859120e+04	2.431385886098342067e-02	2.458346687978130510e-02
1.324072866505394086e+04	2.449525709172004767e-02	2.466066804620759695e-02
1.333930045521730972e+04	2.467761442282886269e-02	2.473814451602844577e-02
1.343839315350949619e+04	2.486093543168224965e-02	2.481589716183316488e-02
1.353800924511548328e+04	2.504522471586231175e-02	2.489392686015117623e-02
1.363815122619252725e+04	2.523048689324980040e-02	2.497223449145269045e-02
1.373882160391898833e+04	2.541672660211444917e-02	2.505082094015083014e-02
1.384002289654317974e+04	2.560394850120539800e-02	2.512968709460321887e-02
1.394175763343201834e+04	2.579215726984111778e-02	2.520883384711413572e-02
1.404402835512026104e+04	2.598135760800056315e-02	2.528826209393660387e-02
1.414683761335999952e+04	2.617155423641470691e-02	2.536797273527539170e-02
1.425018797116990390e+04	2.636275189665764421e-02	2.544796667528937892e-02
1.435408200288511034e+04	2.655495535123887987e-02	2.552824482209425580e-02
1.445852229420686854e+04	2.674816938369519240e-02	2.560880808776569081e-02
1.456351144225286225e+04	2.694239879868371573e-02	2.568965738834334128e-02
1.466905205560736613e+04	2.713764842207472619e-02	2.577079364383354915e-02
1.477514675437160986e+04	2.733392310104482484e-02	2.585221777821349737e-02
1.488179817021459712e+04	2.753122770417093870e-02	2.593393071943481815e-02
1.498900894642391177e+04	2.772956712152433237e-02	2.601593339942825586e-02
1.509678173795671682e+04	2.792894626476493530e-02	2.609822675410712611e-02
1.520511921149089903e+04	2.812937006723597450e-02	2.618081172337244356e-02
1.531402404547676633e+04	2.833084348405960975e-02	2.626368925111707484e-02
1.542349893018851435e+04	2.853337149223213534e-02	2.634686028523123766e-02
1.553354656777604578e+04	2.873695909071987201e-02	2.643032577760686883e-02
1.564416967231716262e+04	2.894161130055568007e-02	2.651408668414270350e-02
1.575537096986955657e+04	2.914733316493520188e-02	2.659814396475007614e-02
1.586715319852354514e+04	2.935412974931436020e-02	2.668249858335835015e-02
1.597951910845475504e+04	2.956200614150686010e-02	2.676715150792019493e-02
1.609247146197653819e+04	2.977096745178115303e-02	2.685210371041796273e-02
1.620601303359353005e+04	2.998101881295951385e-02	2.693735616686930914e-02
1.632014661005478774e+04	3.019216538051635104e-02	2.702290985733337564e-02
1.643487499040716284e+04	3.040441233267692639e-02	2.710876576591724971e-02
1.655020098604909435e+04	3.061776487051692114e-02	2.719492488078187678e-02
1.666612742078481460e+04	3.083222821806265446e-02	2.728138819414962363e-02
1.678265713087768745e+04	3.104780762238979960e-02	2.736815670231017295e-02
1.689979296510537097e+04	3.126450835372542036e-02	2.745523140562781267e-02
1.701753778481401605e+04	3.148233570554824501e-02	2.754261330854873221e-02
1.713589446397317079e+04	3.170129499469023782e-02	2.763030341960729871e-02
1.725486588923057570e+04	3.192139156143797285e-02	2.771830275143429695e-02
1.737445495996730460e+04	3.214263076963462529e-02	2.780661232076432621e-02
1.749466458835370213e+04	3.236501800678346502e-02	2.789523314844290225e-02
1.761549769940464103e+04	3.258855868415012902e-02	2.798416625943457928e-02
1.773695723103531782e+04	3.281325823686575410e-02	2.807341268283071109e-02
1.785904613411739410e+04	3.303912212403090076e-02	2.816297345185725387e-02
1.798176737253589090e+04	3.326615582882080230e-02	2.825284960388374511e-02
1.810512392324479879e+04	3.349436485858822005e-02	2.834304218043062762e-02
1.822911877632454707e+04	3.372375474496978193e-02	2.843355222717811048e-02
1.835375493503880352e+04	3.395433104399105118e-02	2.852438079397478024e-02
1.847903541589158704e+04	3.418609933617219876e-02	2.861552893484548693e-02
1.860496324868476950e+04	3.441906522663434886e-02	2.870699770800192938e-02
1.873154147657590147e+04	3.465323434520659746e-02	2.879878817584931999e-02
1.885877315613604151e+04	3.488861234653295451e-02	2.889090140499701170e-02
1.898666135740785467e+04	3.512520491017987606e-02	2.898333846626706400e-02
1.911520916396399844e+04	3.536301774074422644e-02	2.907610043470366251e-02
1.924441967296584335e+04	3.560205656796196216e-02	2.916918838958245525e-02
1.937429599522234275e+04	3.584232714681698240e-02	2.926260341442004156e-02
1.950484125524932097e+04	3.608383525765084671e-02	2.935634659698374560e-02
1.963605859132816840e+04	3.632658670627138264e-02	2.945041902930118846e-02
1.976795115556594101e+04	3.657058732406381213e-02	2.954482180767023861e-02
1.990052211395487393e+04	3.681584296810092027e-02	2.963955603266886160e-02
2.003377464643314306e+04	3.706235952125539607e-02	2.973462280916574010e-02
2.016771194694420774e+04	3.731014289230964037e-02	2.983002324632955463e-02
2.030233722349771051e+04	3.755919901606846745e-02	2.992575845764020720e-02
2.043765369823068613e+04	3.780953385347230605e-02	3.002182956089845950e-02
2.057366460746803932e+04	3.806115339170904749e-02	3.011823767823729875e-02
2.071037320178399023e+04	3.831406364432781569e-02	3.021498393613162095e-02
2.084778274606375635e+04	3.856827065135298716e-02	3.031206946540966271e-02
2.098589651956536181e+04	3.882378047939859245e-02	3.040949540126402367e-02
2.112471781598132657e+04	3.908059922178239859e-02	3.050726288326184935e-02
2.126424994350114503e+04	3.933873299864153184e-02	3.060537305535618313e-02
2.140449622487406305e+04	3.959818795704861394e-02	3.070382706589778327e-02
2.154545999747161841e+04	3.985897027112742658e-02	3.080262606764557626e-02
2.168714461335041415e+04	4.012108614216907537e-02	3.090177121777816852e-02
2.182955343931600510e+04	4.038454179875015926e-02	3.100126367790575696e-02
2.197268985698621691e+04	4.064934349684993370e-02	3.110110461408120350e-02
2.211655726285485071e+04	4.091549751996813311e-02	3.120129519681218502e-02
2.226115906835589703e+04	4.118301017924379248e-02	3.130183660107241361e-02
2.240649869992782624e+04	4.145188781357417307e-02	3.140273000631371020e-02
2.255257959907796976e+04	4.172213678973386852e-02	3.150397659647862642e-02
2.269940522244794556e+04	4.199376350249584000e-02	3.160557756001130397e-02
2.284697904187825770e+04	4.226677437475093863e-02	3.170753408987068978e-02
2.299530454447410375e+04	4.254117585762962755e-02	3.180984738354233898e-02
2.314438523267062556e+04	4.281697443062270486e-02	3.191251864305073155e-02
2.329422462429921143e+04	4.309417660170397624e-02	3.201554907497188712e-02
2.344482625265312163e+04	4.337278890745163706e-02	3.211893989044595221e-02
2.359619366655507474e+04	4.365281791317329740e-02	3.222269230518951671e-02
2.374833043042268400e+04	4.393427021302711427e-02	3.232680753950894353e-02
2.390124012433661846e+04	4.421715243014780888e-02	3.243128681831260185e-02
2.405492634410680694e+04	4.450147121676915202e-02	3.253613137112409959e-02
2.420939270134121034e+04	4.478723325435122332e-02	3.264134243209529385e-02
2.436464282351246220e+04	4.507444525370370159e-02	3.274692124001926663e-02
2.452068035402660462e+04	4.536311395511299221e-02	3.285286903834358507e-02
2.467750895229204980e+04	4.565324612846981961e-02	3.295918707518367269e-02
2.483513229378694450e+04	4.594484857339385664e-02	3.306587660333616674e-02
2.499355407012911019e+04	4.623792811936312114e-02	3.317293888029238663e-02
2.515277798914490995e+04	4.653249162584135318e-02	3.328037516825195496e-02
2.531280777493926507e+04	4.682854598240757116e-02	3.338818673413627286e-02
2.547364716796468201e+04	4.712609810888375439e-02	3.349637484960232836e-02
2.563529992509219301e+04	4.742515495546609922e-02	3.360494079105692811e-02
2.579776981968079417e+04	4.772572350285345100e-02	3.371388583966979796e-02
2.596106064164908457e+04	4.802781076237988556e-02	3.382321128138827959e-02
2.612517619754560292e+04	4.833142377614477875e-02	3.393291840695142336e-02
2.629012031062057213e+04	4.863656961714554749e-02	3.404300851190383143e-02
2.645589682089681446e+04	4.894325538940888509e-02	3.415348289660995185e-02
2.662250958524187809e+04	4.925148822812411287e-02	3.426434286626885845e-02
2.678996247744067659e+04	4.956127529977766982e-02	3.437558973092815634e-02
2.695825938826727361e+04	4.987262380228581204e-02	3.448722480549883118e-02
2.712740422555779151e+04	5.018554096512953949e-02	3.459924940977018859e-02
2.729740091428379674e+04	5.050003404949039015e-02	3.471166486842381521e-02
2.746825339662520491e+04	5.081611034838523500e-02	3.482447251104888591e-02
2.763996563204370250e+04	5.113377718680218315e-02	3.493767367215711017e-02
2.781254159735767462e+04	5.145304192183915160e-02	3.505126969119714414e-02
2.798598528681537937e+04	5.177391194283927078e-02	3.516526191257070277e-02
2.816030071217006116e+04	5.209639467152981512e-02	3.527965168564620863e-02
2.833549190275472574e+04	5.242049756216052986e-02	3.539444036477558397e-02
2.851156290555721353e+04	5.274622810164257547e-02	3.550962930930835065e-02
2.868851778529572039e+04	5.307359380968817292e-02	3.562521988360766584e-02
2.886636062449477322e+04	5.340260223895119951e-02	3.574121345706570557e-02
2.904509552356100176e+04	5.373326097516733374e-02	3.585761140411899278e-02
2.922472660085944153e+04	5.406557763729523403e-02	3.597441510426447470e-02
2.940525799279084094e+04	5.439955987765958401e-02	3.609162594207487862e-02
2.958669385386832073e+04	5.473521538209286108e-02	3.620924530721460199e-02
2.976903835679475378e+04	5.507255187007852049e-02	3.632727459445588003e-02
2.995229569254049420e+04	5.541157709489478306e-02	3.644571520369438433e-02
3.013647007042124096e+04	5.575229884375867973e-02	3.656456853996543216e-02
3.032156571817660370e+04	5.609472493797142134e-02	3.668383601346055650e-02
3.050758688204845021e+04	5.643886323306330360e-02	3.680351903954285492e-02
3.069453782686027262e+04	5.678472161894057568e-02	3.692361903876444779e-02
3.088242283609585866e+04	5.713230802003092801e-02	3.704413743688189653e-02
3.107124621197940724e+04	5.748163039543176950e-02	3.716507566487311370e-02
3.126101227555568767e+04	5.783269673905846314e-02	3.728643515895419674e-02
3.145172536676957679e+04	5.818551507979153464e-02	3.740821736059528335e-02
3.164338984454740785e+04	5.854009348162707987e-02	3.753042371653828729e-02
3.183601008687721333e+04	5.889644004382532660e-02	3.765305567881305909e-02
3.202959049089057589e+04	5.925456290106190932e-02	3.777611470475462918e-02
3.222413547294394448e+04	5.961447022357847098e-02	3.789960225701979185e-02
3.241964946870078711e+04	5.997617021733451376e-02	3.802351980360452882e-02
3.261613693321348183e+04	6.033967112415897921e-02	3.814786881786112055e-02
3.281360234100630623e+04	6.070498122190370882e-02	3.827265077851550734e-02
3.301205018615841254e+04	6.107210882459703644e-02	3.839786716968416475e-02
3.321148498238677712e+04	6.144106228259715169e-02	3.852351948089197120e-02
3.341191126313050336e+04	6.181184998274809328e-02	3.864960920708924996e-02
3.361333358163358935e+04	6.218448034853293199e-02	3.877613784867013635e-02
3.381575651103107521e+04	6.255896184023304607e-02	3.890310691148954336e-02
3.401918464443217817e+04	6.293530295508194261e-02	3.903051790688050193e-02
3.422362259500562504e+04	6.331351222742322149e-02	3.915837235167341640e-02
3.442907499606602505e+04	6.369359822887020461e-02	3.928667176821253049e-02
3.463554650115801633e+04	6.407556956846172103e-02	3.941541768437475945e-02
3.484304178414431954e+04	6.445943489282497663e-02	3.954461163358734266e-02
3.505156553929010261e+04	6.484520288633159601e-02	3.967425515484637039e-02
3.526112248135128175e+04	6.523288227126107508e-02	3.980434979273458213e-02
3.547171734566139639e+04	6.562248180796134700e-02	3.993489709744004607e-02
3.568335488821848412e+04	6.601401029500963968e-02	4.006589862477442227e-02
3.589603988577325072e+04	6.640747656937552590e-02	4.019735593619137154e-02
3.610977713591844804e+04	6.680288950658629099e-02	4.032927059880542925e-02
3.632457145717531239e+04	6.720025802088676337e-02	4.046164418541015051e-02
3.654042768908476864e+04	6.759959106540824880e-02	4.059447827449759461e-02
3.675735069229541114e+04	6.800089763233103934e-02	4.072777445027610937e-02
3.697534534865370370e+04	6.840418675305144636e-02	4.086153430269036380e-02
3.719441656129376497e+04	6.880946749834784826e-02	4.099575942743984014e-02
3.741456925472791772e+04	6.921674897854823705e-02	4.113045142599736775e-02
3.763580837493795843e+04	6.962604034369902772e-02	4.126561190562932913e-02
3.785813888946601946e+04	7.003735078373320155e-02	4.140124247941426305e-02
3.808156578750602785e+04	7.045068952863943468e-02	4.153734476626206457e-02
3.830609407999571704e+04	7.086606584863236469e-02	4.167392039093374689e-02
3.853172879970958456e+04	7.128348905432459193e-02	4.181097098406062751e-02
3.875847500135004520e+04	7.170296849689525298e-02	4.194849818216463133e-02
3.898633776164270239e+04	7.212451356826631022e-02	4.208650362767702574e-02
3.921532217942826537e+04	7.254813370127254080e-02	4.222498896895900133e-02
3.944543337575698388e+04	7.297383836983636907e-02	4.236395586032033755e-02
3.967667649398284993e+04	7.340163708914194951e-02	4.250340596204076060e-02
3.990905669985811983e+04	7.383153941581023505e-02	4.264334094038924050e-02
4.014257918162889837e+04	7.426355494807565516e-02	4.278376246764328816e-02
4.037724915012932615e+04	7.469769332596043476e-02	4.292467222211088923e-02
4.061307183887887368e+04	7.513396423145456138e-02	4.306607188814932929e-02
4.085005250417791103e+04	7.557237738869260202e-02	4.320796315618605915e-02
4.108819642520436173e+04	7.601294256413250461e-02	4.335034772273942127e-02
4.132750890411080763e+04	7.645566956673527370e-02	4.349322729043842567e-02
4.156799526612175396e+04	7.690056824814485437e-02	4.363660356804394125e-02
4.180966085963114892e+04	7.734764850286854343e-02	4.378047827046909618e-02
4.205251105630194797e+04	7.779692026846125874e-02	4.392485311880040683e-02
4.229655125116298586e+04	7.824839352570465978e-02	4.406972984031819890e-02
4.254178686270950857e+04	7.870207829879324879e-02	4.421511016851810416e-02
4.278822333300165337e+04	7.915798465551639185e-02	4.436099584313128730e-02
4.303586612776467518e+04	7.961612270744390651e-02	4.450738861014592873e-02
4.328472073648931837e+04	8.007650261011160786e-02	4.465429022182959562e-02
4.353479267253219587e+04	8.053913456320713204e-02	4.480170243674824748e-02
4.378608747321788542e+04	8.100402881075872974e-02	4.494962701978925945e-02
4.403861069993857382e+04	8.147119564131963254e-02	4.509806574218280795e-02
4.429236793825848872e+04	8.194064538816123178e-02	4.524702038152304817e-02
4.454736479801344103e+04	8.241238842945730614e-02	4.539649272178927081e-02
4.480360691341575875e+04	8.288643518847807479e-02	4.554648455336864077e-02
4.506109994315705990e+04	8.336279613378030917e-02	4.569699767307805471e-02
4.531984957051165838e+04	8.384148177939872160e-02	4.584803388418487446e-02
4.557986150344007183e+04	8.432250268503739543e-02	4.599959499642967964e-02
4.584114147469480667e+04	8.480586945626546191e-02	4.615168282604813210e-02
4.610369524192395329e+04	8.529159274470883567e-02	4.630429919579399922e-02
4.636752858777788060e+04	8.577968324824750135e-02	4.645744593496015096e-02
4.663264732001373341e+04	8.627015171120891446e-02	4.661112487940194393e-02
4.689905727160264360e+04	8.676300892456631497e-02	4.676533787155912752e-02
4.716676430083601736e+04	8.725826572613529231e-02	4.692008676047807608e-02
4.743577429143258632e+04	8.775593300077197401e-02	4.707537340183563096e-02
4.770609315264609904e+04	8.825602168057210262e-02	4.723119965796040293e-02
4.797772681937328889e+04	8.875854274507086195e-02	4.738756739785623257e-02
4.825068125226211851e+04	8.926350722144311967e-02	4.754447849722533148e-02
4.852496243782179954e+04	8.977092618470694507e-02	4.770193483849053534e-02
4.880057638852990203e+04	9.028081075792174226e-02	4.785993831081955530e-02
4.907752914294486982e+04	9.079317211239652796e-02	4.801849081014696735e-02
4.935582676581379201e+04	9.130802146788907780e-02	4.817759423919785317e-02
4.963547534818487475e+04	9.182537009281420415e-02	4.833725050751166291e-02
4.991648100751747552e+04	9.234522930444724609e-02	4.849746153146460015e-02
5.019884988779501145e+04	9.286761046913294404e-02	4.865822923429493491e-02
5.048258815963572852e+04	9.339252500249037303e-02	4.881955554612409792e-02
5.076770202040552977e+04	9.391998436962162300e-02	4.898144240398213251e-02
5.105419769433188048e+04	9.445000008532263014e-02	4.914389175183273006e-02
5.134208143261636724e+04	9.498258371429132985e-02	4.930690554059379699e-02
5.163135951354858844e+04	9.551774687133836317e-02	4.947048572816400980e-02
5.192203824262149283e+04	9.605550122160046167e-02	4.963463427944576206e-02
5.221412395264534280e+04	9.659585848075130654e-02	4.979935316637035952e-02
5.250762300386375136e+04	9.713883041521613471e-02	4.996464436792115438e-02
5.280254178406926076e+04	9.768442884238562329e-02	5.013050987015929549e-02
5.309888670871915383e+04	9.823266563083010716e-02	5.029695166624569003e-02
5.339666422105304810e+04	9.878355270051709935e-02	5.046397175646932798e-02
5.369588079220987856e+04	9.933710202302778458e-02	5.063157214826878583e-02
5.399654292134595744e+04	9.989332562177540009e-02	5.079975485625772696e-02
5.429865713575232803e+04	1.004522355722222565e-01	5.096852190225137358e-02
5.460222999097465072e+04	1.010138440021016298e-01	5.113787531528874580e-02
5.490726807093138632e+04	1.015781630916363920e-01	5.130781713165995239e-02
5.521377798803462792e+04	1.021452050737625128e-01	5.147834939493101808e-02
5.552176638330935384e+04	1.027149822343496749e-01	5.164947415596706642e-02
5.583123992651495792e+04	1.032875069124260942e-01	5.182119347296073458e-02
5.614220531626523734e+04	1.038627915004005919e-01	5.199350941145580024e-02
5.645466928015169833e+04	1.044408484442905516e-01	5.216642404437275143e-02
5.676863857486492634e+04	1.050216902439466138e-01	5.233993945203453679e-02
5.708411998631720780e+04	1.056053294532793840e-01	5.251405772219301660e-02
5.740112032976558112e+04	1.061917786804872504e-01	5.268878095005293666e-02
5.771964644993661204e+04	1.067810505882869770e-01	5.286411123830104392e-02
5.803970522114944470e+04	1.073731578941415632e-01	5.304005069712865172e-02
5.836130354744187207e+04	1.079681133704933904e-01	5.321660144426000605e-02
5.868444836269343068e+04	1.085659298449919430e-01	5.339376560497761243e-02
5.900914663075378485e+04	1.091666202007313263e-01	5.357154531214882581e-02
5.933540534556767670e+04	1.097701973764814015e-01	5.374994270625236409e-02
5.966323153130123683e+04	1.103766743669215011e-01	5.392895993540439137e-02
5.999263224247094331e+04	1.109860642228789607e-01	5.410859915538502457e-02
6.032361456407012156e+04	1.115983800515632091e-01	5.428886252966676207e-02
6.065618561169805616e+04	1.122136350168045360e-01	5.446975222943842981e-02
6.099035253168837517e+04	1.128318423392916658e-01	5.465127043363436632e-02
6.132612250123911508e+04	1.134530152968123567e-01	5.483341932896106108e-02
6.166350272854257491e+04	1.140771672244936114e-01	5.501620110992381379e-02
6.200250045291552669e+04	1.147043115150426645e-01	5.519961797885380994e-02
6.234312294493066292e+04	1.153344616189899835e-01	5.538367214593623022e-02
6.268537750654835691e+04	1.159676310449331699e-01	5.556836582923677798e-02
6.302927147124823387e+04	1.166038333597802928e-01	5.575370125472983024e-02
6.337481220416180440e+04	1.172430821889953595e-01	5.593968065632614478e-02
6.372200710220719338e+04	1.178853912168473933e-01	5.612630627589988708e-02
6.407086359422114765e+04	1.185307741866548081e-01	5.631358036331800959e-02
6.442138914109433972e+04	1.191792449010356109e-01	5.650150517646599507e-02
6.477359123590651143e+04	1.198308172221575207e-01	5.669008298127854728e-02
6.512747740406102093e+04	1.204855050719867843e-01	5.687931605176493183e-02
6.548305520342090313e+04	1.211433224325399044e-01	5.706920667003890363e-02
6.584033222444744024e+04	1.218042833461400465e-01	5.725975712634761433e-02
6.619931609033388668e+04	1.224684019156643822e-01	5.745096971909911115e-02
6.656001445714676811e+04	1.231356923048055468e-01	5.764284675489014798e-02
6.692243501396175998e+04	1.238061687383228970e-01	5.783539054853694544e-02
6.728658548300323309e+04	1.244798455023008593e-01	5.802860342310302982e-02
6.765247361978491244e+04	1.251567369444088473e-01	5.822248770992732164e-02
6.802010721324713086e+04	1.258368574741556278e-01	5.841704574865433375e-02
6.838949408589974337e+04	1.265202215631532345e-01	5.861227988726242649e-02
6.876064209396195656e+04	1.272068437453759693e-01	5.880819248209440825e-02
6.913355912750569405e+04	1.278967386174255094e-01	5.900478589788491629e-02
6.950825311059688102e+04	1.285899208387923098e-01	5.920206250779182222e-02
6.988473200143738359e+04	1.292864051321181984e-01	5.940002469342395286e-02
7.026300379250964033e+04	1.299862062834639120e-01	5.959867484487239159e-02
7.064307651072189037e+04	1.306893391425777429e-01	5.979801536073931639e-02
7.102495821755102952e+04	1.313958186231599379e-01	5.999804864816877387e-02
7.140865700918715447e+04	1.321056597031299573e-01	6.019877712287503152e-02
7.179418101668305462e+04	1.328188774249032256e-01	6.040020320917449670e-02
7.218153840609615145e+04	1.335354868956534213e-01	6.060232934001481137e-02
7.257073737863998394e+04	1.342555032875930865e-01	6.080515795700600079e-02
7.296178617082819983e+04	1.349789418382396911e-01	6.100869151045033856e-02
7.335469305462545890e+04	1.357058178506950763e-01	6.121293245937309974e-02
7.374946633759455290e+04	1.364361466939173206e-01	6.141788327155308508e-02
7.414611436304678500e+04	1.371699438029992391e-01	6.162354642355401951e-02
7.454464551019326609e+04	1.379072246794481316e-01	6.182992440075475021e-02
7.494506819429315510e+04	1.386480048914599805e-01	6.203701969738051325e-02
7.534739086680617766e+04	1.393923000742017804e-01	6.224483481653390882e-02
7.575162201554585772e+04	1.401401259300947832e-01	6.245337227022687565e-02
7.615777016483030457e+04	1.408914982290936924e-01	6.266263457941129156e-02
7.656584387563684140e+04	1.416464328089725999e-01	6.287262427401084375e-02
7.697585174575482961e+04	1.424049455756076499e-01	6.308334389295212896e-02
7.738780240994185442e+04	1.431670525032661401e-01	6.329479598419747444e-02
7.780170454007548688e+04	1.439327696348871310e-01	6.350698310477538577e-02
7.821756684531379142e+04	1.447021130823785418e-01	6.371990782081322913e-02
7.863539807224829565e+04	1.454750990268999511e-01	6.393357270756963584e-02
7.905520700506198045e+04	1.462517437191550584e-01	6.414798034946575522e-02
7.947700246568712464e+04	1.470320634796835613e-01	6.436313334011922738e-02
7.990079331396467751e+04	1.478160746991561414e-01	6.457903428237407595e-02
8.032658844780075015e+04	1.486037938386637336e-01	6.479568578833555526e-02
8.075439680332942226e+04	1.493952374300189789e-01	6.501309047940172225e-02
8.118422735507003381e+04	1.501904220760471309e-01	6.523125098629641017e-02
8.161608911609090865e+04	1.509893644508887856e-01	6.545016994910245189e-02
8.204999113817058969e+04	1.517920813002983649e-01	6.566985001729384874e-02
8.248594251195788092e+04	1.525985894419402134e-01	6.589029384977032611e-02
8.292395236713693885e+04	1.534089057656937427e-01	6.611150411488860013e-02
8.336402987259071961e+04	1.542230472339561342e-01	6.633348349049814074e-02
8.380618423656528466e+04	1.550410308819460681e-01	6.655623466397277144e-02
8.425042470683362626e+04	1.558628738180070361e-01	6.677976033224534980e-02
8.469676057086352375e+04	1.566885932239175661e-01	6.700406320184140729e-02
8.514520115598200937e+04	1.575182063551956724e-01	6.722914598891223392e-02
8.559575582954364654e+04	1.583517305414103016e-01	6.745501141927053024e-02
8.604843399909786240e+04	1.591891831864905571e-01	6.768166222842243729e-02
8.650324511255753168e+04	1.600305817690378940e-01	6.790910116160314702e-02
8.696019865836722602e+04	1.608759438426371480e-01	6.813733097381161063e-02
8.741930416567514476e+04	1.617252870361748085e-01	6.836635442984342892e-02
8.788057120450085495e+04	1.625786290541491874e-01	6.859617430432782270e-02
8.834400938590973965e+04	1.634359876769931330e-01	6.882679338175996808e-02
8.880962836218185839e+04	1.642973807613866133e-01	6.905821445653806401e-02
8.927743782698613359e+04	1.651628262405787639e-01	6.929044033299631977e-02
8.974744751555385301e+04	1.660323421247089370e-01	6.952347382544196708e-02
9.021966720485266706e+04	1.669059465011285825e-01	6.975731775818849734e-02
9.069410671376119717e+04	1.677836575347243231e-01	6.999197496559303455e-02
9.117077590324408084e+04	1.686654934682416951e-01	7.022744829209162654e-02
9.164968467652925756e+04	1.695514726226132474e-01	7.046374059223328712e-02
9.213084297928356682e+04	1.704416133972832537e-01	7.070085473071774373e-02
9.261426079979258066e+04	1.713359342705405575e-01	7.093879358242989597e-02
9.309994816913611430e+04	1.722344537998431735e-01	7.117756003247682761e-02
9.358791516137051804e+04	1.731371906221554346e-01	7.141715697622269543e-02
9.407817189370575943e+04	1.740441634542758131e-01	7.165758731932739267e-02
9.457072852668700216e+04	1.749553910931727074e-01	7.189885397778106313e-02
9.506559526437801833e+04	1.758708924163237819e-01	7.214095987794091891e-02
9.556278235453988600e+04	1.767906863820464525e-01	7.238390795656803045e-02
9.606230008881562389e+04	1.777147920298397243e-01	7.262770116086535166e-02
9.656415880291454960e+04	1.786432284807248638e-01	7.287234244851308052e-02
9.706836887679609936e+04	1.795760149375859593e-01	7.311783478770685074e-02
9.757494073485353147e+04	1.805131706855092333e-01	7.336418115719421651e-02
9.808388484610209707e+04	1.814547150921315966e-01	7.361138454631283023e-02
9.859521172436345660e+04	1.824006676079815703e-01	7.385944795502724647e-02
9.910893192845475278e+04	1.833510477668291450e-01	7.410837439396739112e-02
9.962505606237672328e+04	1.843058751860338629e-01	7.435816688446521272e-02
1.001435947755010857e+05	1.852651695668912080e-01	7.460882845859406753e-02
1.006645587627628411e+05	1.862289506949889317e-01	7.486036215920581494e-02
1.011879587648480374e+05	1.871972384405535539e-01	7.511277103996909232e-02
1.017138055683879938e+05	1.881700527588106298e-01	7.536605816540767333e-02
1.022421100061483739e+05	1.891474136903337488e-01	7.562022661093970033e-02
1.027728829572245158e+05	1.901293413614064398e-01	7.587527946291494629e-02
1.033061353472331248e+05	1.911158559843764149e-01	7.613121981865580978e-02
1.038418781485093787e+05	1.921069778580204446e-01	7.638805078649346658e-02
1.043801223802989844e+05	1.931027273678996570e-01	7.664577548580868427e-02
1.049208791089558508e+05	1.941031249867250508e-01	7.690439704707106860e-02
1.054641594481406792e+05	1.951081912747251179e-01	7.716391861187753276e-02
1.060099745590148959e+05	1.961179468800044734e-01	7.742434333299283433e-02
1.065583356504423136e+05	1.971324125389169180e-01	7.768567437438778089e-02
1.071092539791867603e+05	1.981516090764312010e-01	7.794791491128011396e-02
1.076627408501139580e+05	1.991755574065042222e-01	7.821106813017408843e-02
1.082188076163896039e+05	2.002042785324478213e-01	7.847513722890119003e-02
1.087774656796839263e+05	2.012377935473069479e-01	7.874012541665929843e-02
1.093387264903734322e+05	2.022761236342330016e-01	7.900603591405334913e-02
1.099026015477433539e+05	2.033192900668583103e-01	7.927287195313650892e-02
1.104691024001929618e+05	2.043673142096759654e-01	7.954063677744939442e-02
1.110382406454407464e+05	2.054202175184195456e-01	7.980933364206277414e-02
1.116100279307302844e+05	2.064780215404436736e-01	8.007896581361677313e-02
1.121844759530356532e+05	2.075407479151043788e-01	8.034953657036322805e-02
1.127615964592713281e+05	2.086084183741470643e-01	8.062104920220662663e-02
1.133414012464994012e+05	2.096810547420902004e-01	8.089350701074385364e-02
1.139239021621393913e+05	2.107586789366131252e-01	8.116691330930911330e-02
1.145091111041770200e+05	2.118413129689426244e-01	8.144127142301212097e-02
1.150970400213783723e+05	2.129289789442488645e-01	8.171658468878224835e-02
1.156877009134987311e+05	2.140216990620318338e-01	8.199285645540972667e-02
1.162811058314975380e+05	2.151194956165190797e-01	8.227009008358787678e-02
1.168772668777498475e+05	2.162223909970567848e-01	8.254828894595500621e-02
1.174761962062625680e+05	2.173304076885098635e-01	8.282745642713762457e-02
1.180779060228918679e+05	2.184435682716641403e-01	8.310759592379249328e-02
1.186824085855545272e+05	2.195618954236174258e-01	8.338871084464929972e-02
1.192897162044490688e+05	2.206854119181885510e-01	8.367080461055467766e-02
1.198998412422723923e+05	2.218141406263180737e-01	8.395388065451316051e-02
1.205127961144400324e+05	2.229481045164758979e-01	8.423794242173285318e-02
1.211285932893030404e+05	2.240873266550623688e-01	8.452299336966689891e-02
1.217472452883723599e+05	2.252318302068234690e-01	8.480903696805865144e-02
1.223687646865399729e+05	2.263816384352599353e-01	8.509607669898344717e-02
1.229931641122984292e+05	2.275367747030332122e-01	8.538411605689386064e-02
1.236204562479685992e+05	2.286972624723870862e-01	8.567315854866391911e-02
1.242506538299210224e+05	2.298631253055569423e-01	8.596320769363138825e-02
1.248837696488024812e+05	2.310343868651889843e-01	8.625426702364438758e-02
1.255198165497626469e+05	2.322110709147596208e-01	8.654634008310604920e-02
1.261588074326805654e+05	2.333932013189943255e-01	8.683943042901628995e-02
1.268007552523930208e+05	2.345808020442902431e-01	8.713354163101902361e-02
1.274456730189233058e+05	2.357738971591392396e-01	8.742867727144618128e-02
1.280935737977125536e+05	2.369725108345561715e-01	8.772484094536454891e-02
1.287444707098495128e+05	2.381766673445035176e-01	8.802203626061784469e-02
1.293983769323038287e+05	2.393863910663234229e-01	8.832026683787534693e-02
1.300553056981554691e+05	2.406017064811616923e-01	8.861953631067596981e-02
1.307152702968337981e+05	2.418226381744105480e-01	8.891984832547498996e-02
1.313782840743484558e+05	2.430492108361352599e-01	8.922120654168742837e-02
1.320443604335254058e+05	2.442814492615113520e-01	8.952361463173763578e-02
1.327135128342456883e+05	2.455193783512657213e-01	8.982707628110501996e-02
1.333857547936798073e+05	2.467630231121107909e-01	9.013159518836762196e-02
1.340610998865327274e+05	2.480124086571973141e-01	9.043717506525275618e-02
1.347395617452749866e+05	2.492675602065423657e-01	9.074381963667971229e-02
1.354211540603906906e+05	2.505285030874876417e-01	9.105153264080967368e-02
1.361058905806134862e+05	2.517952627351364159e-01	9.136031782909327659e-02
1.367937851131735079e+05	2.530678646928103404e-01	9.167017896631290963e-02
1.374848515240384731e+05	2.543463346124951729e-01	9.198111983063821107e-02
1.381791037381601636e+05	2.556306982552969953e-01	9.229314421366728582e-02
1.388765557397186349e+05	2.569209814918939627e-01	9.260625592047604104e-02
1.395772215723670088e+05	2.582172103029894417e-01	9.292045876966782691e-02
1.402811153394846187e+05	2.595194107797795802e-01	9.323575659342241140e-02
1.409882512044188625e+05	2.608276091244016714e-01	9.355215323753870993e-02
1.416986433907388709e+05	2.621418316504026680e-01	9.386965256148988024e-02
1.424123061824882461e+05	2.634621047832073071e-01	9.418825843846821699e-02
1.431292539244323852e+05	2.647884550605750786e-01	9.450797475543568082e-02
1.438495010223108693e+05	2.661209091330678511e-01	9.482880541317134648e-02
1.445730619430949737e+05	2.674594937645257131e-01	9.515075432632340291e-02
1.452999512152409879e+05	2.688042358325357650e-01	9.547382542345393686e-02
1.460301834289459803e+05	2.701551623289054072e-01	9.579802264709434689e-02
1.467637732364030962e+05	2.715123003601344620e-01	9.612334995379025193e-02
1.475007353520618053e+05	2.728756771478967336e-01	9.644981131415385212e-02
1.482410845528849750e+05	2.742453200295155158e-01	9.677741071291307007e-02
1.489848356786137738e+05	2.756212564584538671e-01	9.710615214896382852e-02
1.497320036320193904e+05	2.770035140047801270e-01	9.743603963541697111e-02
1.504826033791744558e+05	2.783921203556698476e-01	9.776707719965210819e-02
1.512366499497111363e+05	2.797871033158836895e-01	9.809926888336742423e-02
1.519941584370883356e+05	2.811884908082614709e-01	9.843261874262931865e-02
1.527551439988564525e+05	2.825963108742120533e-01	9.876713084792730635e-02
1.535196218569196644e+05	2.840105916741983982e-01	9.910280928422010582e-02
1.542876072978118900e+05	2.854313614882484917e-01	9.943965815099164995e-02
1.550591156729575014e+05	2.868586487164371257e-01	9.977768156230187868e-02
1.558341623989456857e+05	2.882924818793939914e-01	1.001168836468370738e-01
1.566127629577994812e+05	2.897328896188010594e-01	1.004572685479643429e-01
1.573949328972482181e+05	2.911799006978966209e-01	1.007988404237810387e-01
1.581806878310030152e+05	2.926335440019851020e-01	1.011416034471704917e-01
1.589700434390256996e+05	2.940938485389344992e-01	1.014855618058531361e-01
1.597630154678092513e+05	2.955608434396951867e-01	1.018307197024375943e-01
1.605596197306523391e+05	2.970345579588077323e-01	1.021770813544777001e-01
1.613598721079358947e+05	2.985150214749148212e-01	1.025246509945232642e-01
1.621637885474056820e+05	3.000022634912834496e-01	1.028734328701733924e-01
1.629713850644461636e+05	3.014963136363121854e-01	1.032234312441311225e-01
1.637826777423667081e+05	3.029972016640606336e-01	1.035746503942578112e-01
1.645976827326825005e+05	3.045049574547684657e-01	1.039270946136250928e-01
1.654164162553964125e+05	3.060196110153775018e-01	1.042807682105708345e-01
1.662388945992849185e+05	3.075411924800606767e-01	1.046356755087525792e-01
1.670651341221816256e+05	3.090697321107458984e-01	1.049918208472042924e-01
1.678951512512686022e+05	3.106052602976558941e-01	1.053492085803895556e-01
1.687289624833614507e+05	3.121478075598349000e-01	1.057078430782549261e-01
1.695665843851965037e+05	3.136974045456804028e-01	1.060677287262888624e-01
1.704080335937263444e+05	3.152540820334894800e-01	1.064288699255728499e-01
1.712533268164068286e+05	3.168178709319900976e-01	1.067912710928432263e-01
1.721024808314910042e+05	3.183888022808849527e-01	1.071549366605396847e-01
1.729555124883250101e+05	3.199669072513982582e-01	1.075198710768672378e-01
1.738124387076406856e+05	3.215522171468180312e-01	1.078860788058487175e-01
1.746732764818533615e+05	3.231447634030459315e-01	1.082535643273843384e-01
1.755380428753593587e+05	3.247445775891486530e-01	1.086223321373037121e-01
1.764067550248347106e+05	3.263516914079096498e-01	1.089923867474295871e-01
1.772794301395352522e+05	3.279661366963851354e-01	1.093637326856275460e-01
1.781560855015972047e+05	3.295879454264594166e-01	1.097363744958676779e-01
1.790367384663406410e+05	3.312171497054067770e-01	1.101103167382827541e-01
1.799214064625722531e+05	3.328537817764516404e-01	1.104855639892219771e-01
1.808101069928912038e+05	3.344978740193340072e-01	1.108621208413123338e-01
1.817028576339941064e+05	3.361494589508738362e-01	1.112399919035147039e-01
1.825996760369836702e+05	3.378085692255421990e-01	1.116191818011828679e-01
1.835005799276780454e+05	3.394752376360334889e-01	1.119996951761244308e-01
1.844055871069197892e+05	3.411494971138368526e-01	1.123815366866538212e-01
1.853147154508844542e+05	3.428313807298072891e-01	1.127647110076569203e-01
1.862279829113994492e+05	3.445209216947552333e-01	1.131492228306465730e-01
1.871454075162516092e+05	3.462181533600160455e-01	1.135350768638230812e-01
1.880670073695055908e+05	3.479231092180385954e-01	1.139222778321364316e-01
1.889928006518188922e+05	3.496358229029683518e-01	1.143108304773406275e-01
1.899228056207617919e+05	3.513563281912388536e-01	1.147007395580584427e-01
1.908570406111321936e+05	3.530846590021547993e-01	1.150920098498390831e-01
1.917955240352795518e+05	3.548208493984907896e-01	1.154846461452198464e-01
1.927382743834261200e+05	3.565649335870857417e-01	1.158786532537874475e-01
1.936853102239871223e+05	3.583169459194353035e-01	1.162740360022362501e-01
1.946366502038980834e+05	3.600769208922975917e-01	1.166707992344316464e-01
1.955923130489379691e+05	3.618448931482903808e-01	1.170689478114702725e-01
1.965523175640587870e+05	3.636208974765016699e-01	1.174684866117425563e-01
1.975166826337091916e+05	3.654049688130877604e-01	1.178694205309928494e-01
1.984854272221688589e+05	3.671971422418919828e-01	1.182717544823835842e-01
1.994585703738758748e+05	3.689974529950504900e-01	1.186754933965566416e-01
2.004361312137620989e+05	3.708059364536127056e-01	1.190806422216938720e-01
2.014181289475852391e+05	3.726226281481554437e-01	1.194872059235822237e-01
2.024045828622630506e+05	3.744475637594013029e-01	1.198951894856761374e-01
2.033955123262093693e+05	3.762807791188402806e-01	1.203045979091592887e-01
2.043909367896732583e+05	3.781223102093573263e-01	1.207154362130097441e-01
2.053908757850781549e+05	3.799721931658597840e-01	1.211277094340628691e-01
2.063953489273608720e+05	3.818304642759041134e-01	1.215414226270741110e-01
2.074043759143154602e+05	3.836971599803324362e-01	1.219565808647839339e-01
2.084179765269334603e+05	3.855723168739021989e-01	1.223731892379825992e-01
2.094361706297524797e+05	3.874559717059303243e-01	1.227912528555737681e-01
2.104589781711969990e+05	3.893481613809245401e-01	1.232107768446394636e-01
2.114864191839320119e+05	3.912489229592368001e-01	1.236317663505053233e-01
2.125185137852062471e+05	3.931582936576991094e-01	1.240542265368047015e-01
2.135552821772065072e+05	3.950763108502779453e-01	1.244781625855459345e-01
2.145967446474076714e+05	3.970030120687231823e-01	1.249035796971762202e-01
2.156429215689283446e+05	3.989384350032246229e-01	1.253304830906482870e-01
2.166938334008786478e+05	4.008826175030563710e-01	1.257588780034863407e-01
2.177495006887224736e+05	4.028355975772465181e-01	1.261887696918527479e-01
2.188099440646344156e+05	4.047974133952377818e-01	1.266201634306144685e-01
2.198751842478578910e+05	4.067681032875496427e-01	1.270530645134106962e-01
2.209452420450636127e+05	4.087477057464420360e-01	1.274874782527179451e-01
2.220201383507136488e+05	4.107362594265883127e-01	1.279234099799194391e-01
2.230998941474263847e+05	4.127338031457506995e-01	1.283608650453700040e-01
2.241845305063383712e+05	4.147403758854500411e-01	1.287998488184679824e-01
2.252740685874694318e+05	4.167560167916403158e-01	1.292403666877201263e-01
2.263685296400947846e+05	4.187807651753981952e-01	1.296824240608100698e-01
2.274679350031118374e+05	4.208146605136006135e-01	1.301260263646681625e-01
2.285723061054142599e+05	4.228577424496176018e-01	1.305711790455404142e-01
2.296816644662551407e+05	4.249100507939834181e-01	1.310178875690559130e-01
2.307960316956343886e+05	4.269716255251139181e-01	1.314661574202969363e-01
2.319154294946640439e+05	4.290425067899819589e-01	1.319159941038685890e-01
2.330398796559454640e+05	4.311227349048152302e-01	1.323674031439688314e-01
2.341694040639568120e+05	4.332123503558130140e-01	1.328203900844582563e-01
2.353040246954244794e+05	4.353113937998338567e-01	1.332749604889306716e-01
2.364437636197029497e+05	4.374199060650976190e-01	1.337311199407826834e-01
2.375886429991657205e+05	4.395379281519089520e-01	1.341888740432859439e-01
2.387386850895881071e+05	4.416655012333657315e-01	1.346482284196563739e-01
2.398939122405264061e+05	4.438026666560601075e-01	1.351091887131279923e-01
2.410543468957166479e+05	4.459494659408164141e-01	1.355717605870215559e-01
2.422200115934544592e+05	4.481059407833940522e-01	1.360359497248185279e-01
2.433909289669927093e+05	4.502721330552227341e-01	1.365017618302329372e-01
2.445671217449294927e+05	4.524480848041205761e-01	1.369692026272823770e-01
2.457486127516044653e+05	4.546338382550271229e-01	1.374382778603629174e-01
2.469354249074934633e+05	4.568294358107335973e-01	1.379089932943192431e-01
2.481275812296108343e+05	4.590349200526270823e-01	1.383813547145197886e-01
2.493251048318992252e+05	4.612503337414116111e-01	1.388553679269289853e-01
2.505280189256397425e+05	4.634757198178670601e-01	1.393310387581819798e-01
2.517363468198475312e+05	4.657111214035808411e-01	1.398083730556586024e-01
2.529501119216793741e+05	4.679565818017020207e-01	1.402873766875550043e-01
2.541693377368374204e+05	4.702121444976881115e-01	1.407680555429619007e-01
2.553940478699775995e+05	4.724778531600610232e-01	1.412504155319364296e-01
2.566242660251178022e+05	4.747537516411616809e-01	1.417344625855786466e-01
2.578600160060484195e+05	4.770398839779098621e-01	1.422202026561060484e-01
2.591013217167462572e+05	4.793362943925698616e-01	1.427076417169294009e-01
2.603482071617831534e+05	4.816430272935061652e-01	1.431967857627282625e-01
2.616006964467504586e+05	4.839601272759692652e-01	1.436876408095278113e-01
2.628588137786678853e+05	4.862876391228516115e-01	1.441802128947747841e-01
2.641225834664060385e+05	4.886256078054693752e-01	1.446745080774147763e-01
2.653920299211078091e+05	4.909740784843420469e-01	1.451705324379665152e-01
2.666671776566131739e+05	4.933330965099785304e-01	1.456682920786029900e-01
2.679480512898748275e+05	4.957027074236455833e-01	1.461677931232246153e-01
2.692346755413877545e+05	4.980829569581631810e-01	1.466690417175400551e-01
2.705270752356273588e+05	5.004738910387142026e-01	1.471720440291447163e-01
2.718252753014623886e+05	5.028755557836092072e-01	1.476768062475961596e-01
2.731293007725957432e+05	5.052879975051013384e-01	1.481833345844951744e-01
2.744391767879950930e+05	5.077112627101830755e-01	1.486916352735633828e-01
2.757549285923254793e+05	5.101453981013871486e-01	1.492017145707233705e-01
2.770765815363886650e+05	5.125904505775980002e-01	1.497135787541765128e-01
2.784041610775644076e+05	5.150464672348697981e-01	1.502272341244839937e-01
2.797376927802431164e+05	5.175134953672253513e-01	1.507426870046461587e-01
2.810772023162674741e+05	5.199915824674740117e-01	1.512599437401833391e-01
2.824227154653852340e+05	5.224807762280492263e-01	1.517790106992176202e-01
2.837742581156828674e+05	5.249811245418106731e-01	1.522998942725510008e-01
2.851318562640441232e+05	5.274926755028920278e-01	1.528226008737477160e-01
2.864955360165869934e+05	5.300154774075106490e-01	1.533471369392167272e-01
2.878653235891257063e+05	5.325495787548211180e-01	1.538735089282922130e-01
2.892412453076138627e+05	5.350950282477355824e-01	1.544017233233147823e-01
2.906233276086101541e+05	5.376518747937847342e-01	1.549317866297182933e-01
2.920115970397187048e+05	5.402201675059338237e-01	1.554637053761055709e-01
2.934060802600654424e+05	5.427999557034620670e-01	1.559974861143375857e-01
2.948068040407460649e+05	5.453912889127928709e-01	1.565331354196135838e-01
2.962137952652882086e+05	5.479942168683480386e-01	1.570706598905548257e-01
2.976270809301234549e+05	5.506087895134215149e-01	1.576100661492885746e-01
2.990466881450416404e+05	5.532350570010192703e-01	1.581513608415332506e-01
3.004726441336662974e+05	5.558730696947394856e-01	1.586945506366805592e-01
3.019049762339285226e+05	5.585228781696485179e-01	1.592396422278834212e-01
3.033437118985248962e+05	5.611845332131287778e-01	1.597866423321388785e-01
3.047888786953997915e+05	5.638580858257704609e-01	1.603355576903734980e-01
3.062405043082208722e+05	5.665435872222517322e-01	1.608863950675300525e-01
3.076986165368517395e+05	5.692410888322123608e-01	1.614391612526527853e-01
3.091632432978330180e+05	5.719506423011442298e-01	1.619938630589726203e-01
3.106344126248677494e+05	5.746722994912895066e-01	1.625505073239964793e-01
3.121121526693023625e+05	5.774061124825302649e-01	1.631091009095920474e-01
3.135964917006005417e+05	5.801521335732644502e-01	1.636696507020749813e-01
3.150874581068471307e+05	5.829104152813391337e-01	1.642321636122986428e-01
3.165850803952279966e+05	5.856810103449381355e-01	1.647966465757389476e-01
3.180893871925250860e+05	5.884639717234967371e-01	1.653631065525841826e-01
3.196004072455992573e+05	5.912593525985962994e-01	1.659315505278241287e-01
3.211181694218982593e+05	5.940672063749037335e-01	1.665019855113361869e-01
3.226427027099469560e+05	5.968875866810776643e-01	1.670744185379776925e-01
3.241740362198477378e+05	5.997205473706945789e-01	1.676488566676737069e-01
3.257121991837811656e+05	6.025661425231756407e-01	1.682253069855077499e-01
3.272572209565085941e+05	6.054244264447155022e-01	1.688037766018101182e-01
3.288091310158783454e+05	6.082954536692196656e-01	1.693842726522500897e-01
3.303679589633286814e+05	6.111792789592342956e-01	1.699668022979219373e-01
3.319337345244076569e+05	6.140759573069081156e-01	1.705513727254464318e-01
3.335064875492686406e+05	6.169855439349097859e-01	1.711379911470517212e-01
3.350862480131973862e+05	6.199080942974014574e-01	1.717266648006691987e-01
3.366730460171237937e+05	6.228436640809873470e-01	1.723174009500291481e-01
3.382669117881349521e+05	6.257923092056614234e-01	1.729102068847438445e-01
3.398678756799955736e+05	6.287540858257709697e-01	1.735050899204111374e-01
3.414759681736754137e+05	6.317290503309922478e-01	1.741020573986981901e-01
3.430912198778700549e+05	6.347172593472937274e-01	1.747011166874412602e-01
3.447136615295211668e+05	6.377187697378986497e-01	1.753022751807339075e-01
3.463433239943584776e+05	6.407336386042873366e-01	1.759055402990283568e-01
3.479802382674131077e+05	6.437619232871477637e-01	1.765109194892229560e-01
3.496244354735628585e+05	6.468036813673834207e-01	1.771184202247612915e-01
3.512759468680609134e+05	6.498589706670921951e-01	1.777280500057246415e-01
3.529348038370721624e+05	6.529278492505571352e-01	1.783398163589293983e-01
3.546010378982184338e+05	6.560103754252573083e-01	1.789537268380197443e-01
3.562746807011141791e+05	6.591066077428567871e-01	1.795697890235674610e-01
3.579557640279057086e+05	6.622166050002037396e-01	1.801880105231674356e-01
3.596443197938268422e+05	6.653404262403570524e-01	1.808083989715320028e-01
3.613403800477396580e+05	6.684781307535878625e-01	1.814309620305911142e-01
3.630439769726860104e+05	6.716297780783991866e-01	1.820557073895887612e-01
3.647551428864402696e+05	6.747954280025488805e-01	1.826826427651797036e-01
3.664739102420651470e+05	6.779751405640773720e-01	1.833117759015291393e-01
3.682003116284644348e+05	6.811689760523306214e-01	1.839431145704109871e-01
3.699343797709466307e+05	6.843769950090033971e-01	1.845766665713057808e-01
3.716761475317840814e+05	6.875992582291721167e-01	1.852124397315037252e-01
3.734256479107744526e+05	6.908358267623352367e-01	1.858504419061979829e-01
3.751829140458077891e+05	6.940867619134613031e-01	1.864906809785880915e-01
3.769479792134379386e+05	6.973521252440464391e-01	1.871331648599827979e-01
3.787208768294511829e+05	7.006319785731659477e-01	1.877779014898954268e-01
3.805016404494368471e+05	7.039263839785309118e-01	1.884248988361487964e-01
3.822903037693599472e+05	7.072354037975461249e-01	1.890741648949791631e-01
3.840869006261492032e+05	7.105591006283994426e-01	1.897257076911290086e-01
3.858914649982636329e+05	7.138975373311086114e-01	1.903795352779579508e-01
3.877040310062831268e+05	7.172507770286146167e-01	1.910356557375375852e-01
3.895246329134927364e+05	7.206188831078627066e-01	1.916940771807658650e-01
3.913533051264629466e+05	7.240019192208754228e-01	1.923548077474567242e-01
3.931900821956457803e+05	7.273999492858556071e-01	1.930178556064561790e-01
3.950349988159654313e+05	7.308130374882789715e-01	1.936832289557343378e-01
3.968880898274102947e+05	7.342412482819899999e-01	1.943509360225028904e-01
3.987493902156289550e+05	7.376846463903031781e-01	1.950209850633055908e-01
4.006189351125300163e+05	7.411432968071139937e-01	1.956933843641341098e-01
4.024967597968832124e+05	7.446172647980104919e-01	1.963681422405322285e-01
4.043828996949219145e+05	7.481066159013873840e-01	1.970452670376967030e-01
4.062773903809527983e+05	7.516114159295749220e-01	1.977247671305879528e-01
4.081802675779634737e+05	7.551317309699624447e-01	1.984066509240362819e-01
4.100915671582286013e+05	7.586676273861197028e-01	1.990909268528447962e-01
4.120113251439292217e+05	7.622191718189426091e-01	1.997776033819010921e-01
4.139395777077669627e+05	7.657864311877894403e-01	2.004666890062870022e-01
4.158763611735812738e+05	7.693694726916235904e-01	2.011581922513827059e-01
4.178217120169749251e+05	7.729683638101692011e-01	2.018521216729738665e-01
4.197756668659296120e+05	7.765831723050512503e-01	2.025484858573654567e-01
4.217382625014404766e+05	7.802139662209687243e-01	2.032472934214884785e-01
4.237095358581410837e+05	7.838608138868515818e-01	2.039485530130096258e-01
4.256895240249315975e+05	7.875237839170218246e-01	2.046522733104421676e-01
4.276782642456156900e+05	7.912029452123729989e-01	2.053584630232582753e-01
4.296757939195425133e+05	7.948983669615568015e-01	2.060671308919944100e-01
4.316821506022335961e+05	7.986101186421432629e-01	2.067782856883708109e-01
4.336973720060331398e+05	8.023382700218236740e-01	2.074919362153964386e-01
4.357214960007524351e+05	8.060828911596030766e-01	2.082080913074822737e-01
4.377545606143070036e+05	8.098440524069785429e-01	2.089267598305583062e-01
4.397966040333799901e+05	8.136218244091669716e-01	2.096479506821817551e-01
4.418476646040605265e+05	8.174162781062851435e-01	2.103716727916509766e-01
4.439077808325110236e+05	8.212274847345856221e-01	2.110979351201247023e-01
4.459769913856137428e+05	8.250555158276512424e-01	2.118267466607278160e-01
4.480553350916379131e+05	8.289004432176304560e-01	2.125581164386698696e-01
4.501428509408974205e+05	8.327623390364539135e-01	2.132920535113641824e-01
4.522395780864205444e+05	8.366412757170731407e-01	2.140285669685363379e-01
4.543455558446155628e+05	8.405373259946919973e-01	2.147676659323443649e-01
4.564608236959408387e+05	8.444505629080063525e-01	2.155093595574943954e-01
4.585854212855793885e+05	8.483810598004521975e-01	2.162536570313556561e-01
4.607193884241179330e+05	8.523288903214611967e-01	2.170005675740798168e-01
4.628627650882147136e+05	8.562941284276979204e-01	2.177501004387179806e-01
4.650155914212965290e+05	8.602768483843468150e-01	2.185022649113363691e-01
4.671779077342344681e+05	8.642771247663644241e-01	2.192570703111386132e-01
4.693497545060299453e+05	8.682950324597474845e-01	2.200145259905806061e-01
4.715311723845096421e+05	8.723306466628188982e-01	2.207746413354943482e-01
4.737222021870149765e+05	8.763840428875031563e-01	2.215374257652029666e-01
4.759228849010998383e+05	8.804552969606169732e-01	2.223028887326422842e-01
4.781332616852234933e+05	8.845444850251519275e-01	2.230710397244828613e-01
4.803533738694609492e+05	8.886516835415875226e-01	2.238418882612539240e-01
4.825832629562019720e+05	8.927769692891849296e-01	2.246154438974502510e-01
4.848229706208570860e+05	8.969204193672937198e-01	2.253917162216775849e-01
4.870725387125690468e+05	9.010821111966667019e-01	2.261707148567517756e-01
4.893320092549228575e+05	9.052621225207742039e-01	2.269524494598385012e-01
4.916014244466654491e+05	9.094605314071358970e-01	2.277369297225661504e-01
4.938808266624196549e+05	9.136774162486412942e-01	2.285241653711549414e-01
4.961702584534151829e+05	9.179128557649011144e-01	2.293141661665373532e-01
4.984697625481978175e+05	9.221669290035612310e-01	2.301069419044853570e-01
5.007793818533713347e+05	9.264397153416731312e-01	2.309025024157349004e-01
5.030991594543167157e+05	9.307312944870261839e-01	2.317008575661083092e-01
5.054291386159302201e+05	9.350417464795122147e-01	2.325020172566452936e-01
5.077693627833636128e+05	9.393711516924944105e-01	2.333059914237263222e-01
5.101198755827512941e+05	9.437195908341542427e-01	2.341127900391970773e-01
5.124807208219657768e+05	9.480871449488870173e-01	2.349224231105023208e-01
5.148519424913550029e+05	9.524738954186672268e-01	2.357349006808062142e-01
5.172335847644915339e+05	9.568799239644347754e-01	2.365502328291247125e-01
5.196256919989233720e+05	9.613053126474825349e-01	2.373684296704542396e-01
5.220283087369322893e+05	9.657501438708607777e-01	2.381895013559004182e-01
5.244414797062876169e+05	9.702145003807703949e-01	2.390134580728039693e-01
5.268652498210063204e+05	9.746984652679705485e-01	2.398403100448755210e-01
5.292996641821168596e+05	9.792021219691908751e-01	2.406700675323256156e-01
5.317447680784246186e+05	9.837255542685462428e-01	2.415027408319915803e-01
5.342006069872782100e+05	9.882688462989577260e-01	2.423383402774731132e-01
5.366672265753610991e+05	9.928320825436139918e-01	2.431768762392618188e-01
5.391446726994398050e+05	9.974153478373570803e-01	2.440183591248761830e-01
5.416329914071594831e+05	1.002018727368152895e+00	2.448627993789926904e-01
5.441322289378225105e+05	1.006642306678534382e+00	2.457102074835772754e-01
5.466424317231830209e+05	1.011286171667067357e+00	2.465605939580243766e-01
5.491636463882124517e+05	1.015950408589769927e+00	2.474139693592835587e-01
5.516959197519161971e+05	1.020635104061622611e+00	2.482703442820012318e-01
5.542392988281111466e+05	1.025340345058006086e+00	2.491297293586538508e-01
5.567938308262245264e+05	1.030066218916179110e+00	2.499921352596826407e-01
5.593595631521139294e+05	1.034812813336796644e+00	2.508575726936291272e-01
5.619365434088500915e+05	1.039580216385356248e+00	2.517260524072741368e-01
5.645248193975415779e+05	1.044368516493725085e+00	2.525975851857727439e-01
5.671244391181257088e+05	1.049177802461603415e+00	2.534721818527954085e-01
5.697354507702046540e+05	1.054008163458069802e+00	2.543498532706608972e-01
5.723579027538448572e+05	1.058859689023061712e+00	2.552306103404794468e-01
5.749918436704156920e+05	1.063732469068925601e+00	2.561144640022924857e-01
5.776373223234001780e+05	1.068626593881917941e+00	2.570014252352072481e-01
5.802943877192263026e+05	1.073542154123742431e+00	2.578915050575439349e-01
5.829630890680989251e+05	1.078479240833088992e+00	2.587847145269697169e-01
5.856434757848330773e+05	1.083437945427175420e+00	2.596810647406418426e-01
5.883355974896958796e+05	1.088418359703306360e+00	2.605805668353524673e-01
5.910395040092443815e+05	1.093420575840420517e+00	2.614832319876690403e-01
5.937552453771649161e+05	1.098444686400645631e+00	2.623890714140760805e-01
5.964828718351298012e+05	1.103490784330883212e+00	2.632980963711185063e-01
5.992224338336472865e+05	1.108558962964379280e+00	2.642103181555490732e-01
6.019739820329090580e+05	1.113649316022294222e+00	2.651257481044665965e-01
6.047375673036499647e+05	1.118761937615292634e+00	2.660443975954648321e-01
6.075132407280298648e+05	1.123896922245174457e+00	2.669662780467775276e-01
6.103010536004654132e+05	1.129054364806413302e+00	2.678914009174225286e-01
6.131010574285254115e+05	1.134234360587814017e+00	2.688197777073509931e-01
6.159133039337910013e+05	1.139437005274103631e+00	2.697514199575918314e-01
6.187378450527382083e+05	1.144662394947563611e+00	2.706863392503993659e-01
6.215747329376065172e+05	1.149910626089636123e+00	2.716245472094034885e-01
6.244240199572937563e+05	1.155181795582582494e+00	2.725660554997562102e-01
6.272857586982260691e+05	1.160476000711088584e+00	2.735108758282802088e-01
6.301600019652636256e+05	1.165793339163943898e+00	2.744590199436184874e-01
6.330468027825980680e+05	1.171133909035699583e+00	2.754104996363886393e-01
6.359462143946313299e+05	1.176497808828294911e+00	2.763653267393288426e-01
6.388582902669016039e+05	1.181885137452770129e+00	2.773235131274495169e-01
6.417830840869495878e+05	1.187295994230870733e+00	2.782850707181860894e-01
6.447206497652655235e+05	1.192730478896796287e+00	2.792500114715538717e-01
6.476710414361790754e+05	1.198188691598849109e+00	2.802183473902961075e-01
6.506343134587842505e+05	1.203670732901145790e+00	2.811900905200390155e-01
6.536105204178558197e+05	1.209176703785309170e+00	2.821652529494475536e-01
6.565997171247754013e+05	1.214706705652186081e+00	2.831438468103793515e-01
6.596019586184404325e+05	1.220260840323525553e+00	2.841258842780385874e-01
6.626173001662202878e+05	1.225839210043749183e+00	2.851113775711320852e-01
6.656457972648807336e+05	1.231441917481661319e+00	2.861003389520266338e-01
6.686875056415151339e+05	1.237069065732170792e+00	2.870927807269021415e-01
6.717424812544879969e+05	1.242720758318037300e+00	2.880887152459138956e-01
6.748107802943929564e+05	1.248397099191644877e+00	2.890881549033493814e-01
6.778924591849831631e+05	1.254098192736719852e+00	2.900911121377813817e-01
6.809875745841432363e+05	1.259824143770132077e+00	2.910975994322361760e-01
6.840961833848345559e+05	1.265575057543641968e+00	2.921076293143439750e-01
6.872183427160567371e+05	1.271351039745680644e+00	2.931212143565042338e-01
6.903541099438143428e+05	1.277152196503136050e+00	2.941383671760478546e-01
6.935035426720881369e+05	1.282978634383152405e+00	2.951591004353926184e-01
6.966666987438045908e+05	1.288830460394922328e+00	2.961834268422106620e-01
6.998436362418152858e+05	1.294707781991498940e+00	2.972113591495898488e-01
7.030344134898699122e+05	1.300610707071595318e+00	2.982429101561942519e-01
7.062390890536145307e+05	1.306539343981433232e+00	2.992780927064291885e-01
7.094577217415723717e+05	1.312493801516554814e+00	3.003169196906089744e-01
7.126903706061280100e+05	1.318474188923645984e+00	3.013594040451141320e-01
7.159370949445383158e+05	1.324480615902404956e+00	3.024055587525650290e-01
7.191979542999183759e+05	1.330513192607366557e+00	3.034553968419835268e-01
7.224730084622695576e+05	1.336572029649804261e+00	3.045089313889580152e-01
7.257623174694530899e+05	1.342657238099532080e+00	3.055661755158151083e-01
7.290659416082376847e+05	1.348768929486841461e+00	3.066271423917845684e-01
7.323839414152976824e+05	1.354907215804347587e+00	3.076918452331708909e-01
7.357163776782302884e+05	1.361072209508873643e+00	3.087602973035164511e-01
7.390633114365881775e+05	1.367264023523357741e+00	3.098325119137790296e-01
7.424248039829158224e+05	1.373482771238773159e+00	3.109085024224947369e-01
