0.000000000000000000e+00	0.000000000000000000e+00	0.000000000000000000e+00
2.027890698456553480e+02	3.749733617167645759e-04	1.003910551926119610e-01
4.031300040562196614e+02	7.456062637901965037e-04	9.884540614641461331e-02
6.012136452239250275e+02	1.112063004637811993e-03	9.739533662081194254e-02
7.972152861221190960e+02	1.474667889553663404e-03	9.603313672448483829e-02
9.912961715709809596e+02	1.833719233805535193e-03	9.475183223379066155e-02
1.183604841522478182e+03	2.189491847480407906e-03	9.354510735493541673e-02
1.374278333182310689e+03	2.542239259532871280e-03	9.240723611253372216e-02
1.563443257901922607e+03	2.892195710144492872e-03	9.133302135877381656e-02
1.751216766740671119e+03	3.239577937110898424e-03	9.031774051841963413e-02
1.937707416985566852e+03	3.584586778989675565e-03	8.935709729100446697e-02
2.123015950496434016e+03	3.927408615115856975e-03	8.844717862463444269e-02
2.307235993494895411e+03	4.268216660280108390e-03	8.758441635747617193e-02
2.490454686314100400e+03	4.607172129826882408e-03	8.676555299467357540e-02
2.672753250655815009e+03	4.944425289134627387e-03	8.598761115138905953e-02
2.854207501045829758e+03	5.280116399857054214e-03	8.524786624792833611e-02
3.034888306423082213e+03	5.614376573906604447e-03	8.454382209151223293e-02
3.214862007131935570e+03	5.947328544929171221e-03	8.387318902197778148e-02
3.394190791998083114e+03	6.279087365929445635e-03	8.323386433623863878e-02
3.572933039648196427e+03	6.609761040743567830e-03	8.262391473943941911e-02
3.751143627774060405e+03	6.939451096205835091e-03	8.204156059980220739e-02
3.928874213634369880e+03	7.268253101102239988e-03	8.148516180982935675e-02
4.106173488728019038e+03	7.596257137338674643e-03	8.095320507910619412e-02
4.283087410253100643e+03	7.923548228160442672e-03	8.044429250385970454e-02
4.459659411683732287e+03	8.250206727737708148e-03	7.995713127599861358e-02
4.635930594546047359e+03	8.576308675967569614e-03	7.949052440985704404e-02
4.811939903252150543e+03	8.901926121931759070e-03	7.904336237855305591e-02
4.987724284654396797e+03	9.227127419085476290e-03	7.861461556395360484e-02
5.163318833805651593e+03	9.551977494925992240e-03	7.820332743492651451e-02
5.338756927256677045e+03	9.876538097603769495e-03	7.780860837800719632e-02
5.514070345082866879e+03	1.020086802168183870e-02	7.742963011295601883e-02
5.689289382708547237e+03	1.052502331501973046e-02	7.706562063309208011e-02
5.864442953488408421e+03	1.084905746855725599e-02	7.671585961683136112e-02
6.039558682906778813e+03	1.117302159059056256e-02	7.637967426266541182e-02
6.214662995169042915e+03	1.149696456697294443e-02	7.605643550497023786e-02
6.389781192880781418e+03	1.182093320852735385e-02	7.574555457259213309e-02
6.564937530441475246e+03	1.214497238683029737e-02	7.544647985621814879e-02
6.740155281717070466e+03	1.246912515941112770e-02	7.515869405414085658e-02
6.915456802500315462e+03	1.279343288530827676e-02	7.488171156922007743e-02
7.090863588217862343e+03	1.311793533183156987e-02	7.461507613269316441e-02
7.266396327299049517e+03	1.344267077329834234e-02	7.435835863302653337e-02
7.442074950581013582e+03	1.376767608243636629e-02	7.411115513023612544e-02
7.617918677089222001e+03	1.409298681508106867e-02	7.387308503813332095e-02
7.793946056500361919e+03	1.441863728873479453e-02	7.364378945873281679e-02
7.970175008565786811e+03	1.474466065550287738e-02	7.342292965465292698e-02
8.146622859747695657e+03	1.507108896987305498e-02	7.321018564677876650e-02
8.323306377297010840e+03	1.539795325176178224e-02	7.300525492571631470e-02
8.500241800981213601e+03	1.572528354521283631e-02	7.280785126671338037e-02
8.677444872650637990e+03	1.605310897309687387e-02	7.261770363874091305e-02
8.854930863816198325e+03	1.638145778813196798e-02	7.243455519933435227e-02
9.032714601394405690e+03	1.671035742051354966e-02	7.225816236761707645e-02
9.210810491763199025e+03	1.703983452241916718e-02	7.208829396865397421e-02
9.389232543258647638e+03	1.736991500962880436e-02	7.192473044294596385e-02
9.567994387231654400e+03	1.770062410048100707e-02	7.176726311545451875e-02
9.747109297773544313e+03	1.803198635236647612e-02	7.161569351908741998e-02
9.926590210209338693e+03	1.836402569594166104e-02	7.146983276804101670e-02
1.010644973845148343e+04	1.869676546723420332e-02	7.132950097682504154e-02
1.028670019129500906e+04	1.903022843778992904e-02	7.119452672118586900e-02
1.046735358773313419e+04	1.936443684300755141e-02	7.106474653748430514e-02
1.064842167136178796e+04	1.969941240878788843e-02	7.094000445739713501e-02
1.082991592393846804e+04	2.003517637661849857e-02	7.082015157509573278e-02
1.101184757815450212e+04	2.037174952720305007e-02	7.070504564430932226e-02
1.119422762967483141e+04	2.070915220273557636e-02	7.059455070290836243e-02
1.137706684849645717e+04	2.104740432791421881e-02	7.048853672285074201e-02
1.156037578967091213e+04	2.138652542977836912e-02	7.038687928352557743e-02
1.174416480343449621e+04	2.172653465645013604e-02	7.028945926669402655e-02
1.192844404478409888e+04	2.206745079485008046e-02	7.019616257138366899e-02
1.211322348253702148e+04	2.240929228745840163e-02	7.010687984723132371e-02
1.229851290790650819e+04	2.275207724818006233e-02	7.002150624490001418e-02
1.248432194262559642e+04	2.309582347737431859e-02	6.993994118230342782e-02
1.267066004664745742e+04	2.344054847610075459e-02	6.986208812548268254e-02
1.285753652544854049e+04	2.378626945963043318e-02	6.978785438307129330e-02
1.304496053696050330e+04	2.413300337027030756e-02	6.971715091337250814e-02
1.323294109815239244e+04	2.448076688954055682e-02	6.964989214315318866e-02
1.342148709128566770e+04	2.482957644974669031e-02	6.958599579732425988e-02
1.361060726986143709e+04	2.517944824498221171e-02	6.952538273875387420e-02
1.380031026427774304e+04	2.553039824159483370e-02	6.946797681750802034e-02
1.399060458721563555e+04	2.588244218815097947e-02	6.941370472887392618e-02
1.418149863876791824e+04	2.623559562492418229e-02	6.936249587957225848e-02
1.437300071132748781e+04	2.658987389293873335e-02	6.931428226160667172e-02
1.456511899424773583e+04	2.694529214259163558e-02	6.926899833324486055e-02
1.475786157828857722e+04	2.730186534187793723e-02	6.922658090665455288e-02
1.495123645986035444e+04	2.765960828424214243e-02	6.918696904176853402e-02
1.514525154507620755e+04	2.801853559607526967e-02	6.915010394596876608e-02
1.533991465362473900e+04	2.837866174387943669e-02	6.911592887922046735e-02
1.553523352247135335e+04	2.874000104111550102e-02	6.908438906430990067e-02
1.573121580939871274e+04	2.910256765475304624e-02	6.905543160186085327e-02
1.592786909639460646e+04	2.946637561153806970e-02	6.902900538983895717e-02
1.612520089289494535e+04	2.983143880399265549e-02	6.900506104725852297e-02
1.632321863889059205e+04	3.019777099616274829e-02	6.898355084184261410e-02
1.652192970790380059e+04	3.056538582912465829e-02	6.896442862138965624e-02
1.672134140984190526e+04	3.093429682626450822e-02	6.894764974862921392e-02
1.692146099373528705e+04	3.130451739834360508e-02	6.893317103935543699e-02
1.712229565036245549e+04	3.167606084835487834e-02	6.892095070364714915e-02
1.732385251477291240e+04	3.204894037619031993e-02	6.891094828999259903e-02
1.752613866870741549e+04	3.242316908311855539e-02	6.890312463214864902e-02
1.772916114292563725e+04	3.279875997609108668e-02	6.889744179858395268e-02
1.793292691944161925e+04	3.317572597187798400e-02	6.889386304434891306e-02
1.813744293367519640e+04	3.355407990104805616e-02	6.889235276524487139e-02
1.834271607652037710e+04	3.393383451179549093e-02	6.889287645415671790e-02
1.854875319633696199e+04	3.431500247362434530e-02	6.889540065943117186e-02
1.875556110086694753e+04	3.469759638089403575e-02	6.889989294519198448e-02
1.896314655908174973e+04	3.508162875623671573e-02	6.890632185347922434e-02
1.917151630296107760e+04	3.546711205384824039e-02	6.891465686811856783e-02
1.938067702920809825e+04	3.585405866266134361e-02	6.892486838022642004e-02
1.959063540090374227e+04	3.624248090940610650e-02	6.893692765526512889e-02
1.980139804910154635e+04	3.663239106156045144e-02	6.895080680156243091e-02
2.001297157436815178e+04	3.702380133020020947e-02	6.896647874022400482e-02
2.022536254826901859e+04	3.741672387274758843e-02	6.898391717636215281e-02
2.043857751480487423e+04	3.781117079562881789e-02	6.900309657157616128e-02
2.065262299179833644e+04	3.820715415683931943e-02	6.902399211761661713e-02
2.086750547223416652e+04	3.860468596842326489e-02	6.904657971117779403e-02
2.108323142555621598e+04	3.900377819887297648e-02	6.907083592975778175e-02
2.129980729892001182e+04	3.940444277544622592e-02	6.909673800853552428e-02
2.151723951840612062e+04	3.980669158641100824e-02	6.912426381821347443e-02
2.173553449019403706e+04	4.021053648321726293e-02	6.915339184377684856e-02
2.195469860169811000e+04	4.061598928259838731e-02	6.918410116412883337e-02
2.217473822266925708e+04	4.102306176860940484e-02	6.921637143255400526e-02
2.239565970626068520e+04	4.143176569459864483e-02	6.925018285797604478e-02
2.261746939006197863e+04	4.184211278512073307e-02	6.928551618696521253e-02
2.284017359710114033e+04	4.225411473779049770e-02	6.932235268646719240e-02
2.306377863681641247e+04	4.266778322508085058e-02	6.936067412721283465e-02
2.328829080599953159e+04	4.308312989606772475e-02	6.940046276778241707e-02
2.351371638971089487e+04	4.350016637812333803e-02	6.944170133929071509e-02
2.374006166216773272e+04	4.391890427855916351e-02	6.948437303066548609e-02
2.396733288760741561e+04	4.433935518622318661e-02	6.952846147449265324e-02
2.419553632112535706e+04	4.476153067304999844e-02	6.957395073340248703e-02
2.442467820948977533e+04	4.518544229556813174e-02	6.962082528697038919e-02
2.465476479193351042e+04	4.561110159636495159e-02	6.966907001911304409e-02
2.488580230092374040e+04	4.603852010551066909e-02	6.971867020595559628e-02
2.511779696291175060e+04	4.646770934194534297e-02	6.976961150414705271e-02
2.535075499906110053e+04	4.689868081482616302e-02	6.982187993961186390e-02
2.558468262595710621e+04	4.733144602483985858e-02	6.987546189670758301e-02
2.581958605629752128e+04	4.776601646548054442e-02	6.993034410778131704e-02
2.605547149956568683e+04	4.820240362429507180e-02	6.998651364310182199e-02
2.629234516268560401e+04	4.864061898409493406e-02	7.004395790115396092e-02
2.653021325066011195e+04	4.908067402413684999e-02	7.010266459927974592e-02
2.676908196719484840e+04	4.952258022127718068e-02	7.016262176464975464e-02
2.700895751530408597e+04	4.996634905109267888e-02	7.022381772555175150e-02
2.724984609790430841e+04	5.041199198897865913e-02	7.028624110298824224e-02
2.749175391839095391e+04	5.085952051121599149e-02	7.034988080256036891e-02
2.773468718120372068e+04	5.130894609601688999e-02	7.041472600663743753e-02
2.797865209237656745e+04	5.176028022454245980e-02	7.048076616679095630e-02
2.822365486007595973e+04	5.221353438189842155e-02	7.054799099648909055e-02
2.846970169512641587e+04	5.266872005810745855e-02	7.061639046403875297e-02
2.871679881152396410e+04	5.312584874905904725e-02	7.068595478576353286e-02
2.896495242693855107e+04	5.358493195743896376e-02	7.075667441941299596e-02
2.921416876320459778e+04	5.404598119363680786e-02	7.082854005778702056e-02
2.946445404680143110e+04	5.450900797663482678e-02	7.090154262257665485e-02
2.971581450932310690e+04	5.497402383487706712e-02	7.097567325840298258e-02
2.996825638793826874e+04	5.544104030712015269e-02	7.105092332705072178e-02
3.022178592584005673e+04	5.591006894326563254e-02	7.112728440189418355e-02
3.047640937268757625e+04	5.638112130517665410e-02	7.120474826249574563e-02
3.073213298503712576e+04	5.685420896747579028e-02	7.128330688938462611e-02
3.098896302676556297e+04	5.732934351832828790e-02	7.136295245899880457e-02
3.124690576948483431e+04	5.780653656020887793e-02	7.144367733878750903e-02
3.150596749294914116e+04	5.828579971065511039e-02	7.152547408246907878e-02
3.176615448545356776e+04	5.876714460300484777e-02	7.160833542543784680e-02
3.202747304422480011e+04	5.925058288711896465e-02	7.169225428031369973e-02
3.228992947580519831e+04	5.973612623009207784e-02	7.177722373263019373e-02
3.255353009643033147e+04	6.022378631695084888e-02	7.186323703665542517e-02
3.281828123239776323e+04	6.071357485133627857e-02	7.195028761134125705e-02
3.308418922043128987e+04	6.120550355617757066e-02	7.203836903639594669e-02
3.335126040803745855e+04	6.169958417435171538e-02	7.212747504847745461e-02
3.361950115385578829e+04	6.219582846933136705e-02	7.221759953749896932e-02
3.388891782800473447e+04	6.269424822582489454e-02	7.230873654304766085e-02
3.415951681241999177e+04	6.319485525040223484e-02	7.240088025090947454e-02
3.443130450118745648e+04	6.369766137211090029e-02	7.249402498969768904e-02
3.470428730087165604e+04	6.420267844308361060e-02	7.258816522758040901e-02
3.497847163083816849e+04	6.470991833913465607e-02	7.268329556910477218e-02
3.525386392357172008e+04	6.521939296034851008e-02	7.277941075211422084e-02
3.553047062498855666e+04	6.573111423165767242e-02	7.287650564475540993e-02
3.580829819474374381e+04	6.624509410341115900e-02	7.297457524257121297e-02
3.608735310653560009e+04	6.676134455193773187e-02	7.307361466567825758e-02
3.636764184840422968e+04	6.727987758009815189e-02	7.317361915602491051e-02
3.664917092302584206e+04	6.780070521782978477e-02	7.327458407472708934e-02
3.693194684800379036e+04	6.832383952268486493e-02	7.337650489948151222e-02
3.721597615615432005e+04	6.884929258035925315e-02	7.347937722204955779e-02
3.750126539578891243e+04	6.937707650521469926e-02	7.358319674581396963e-02
3.778782113099371782e+04	6.990720344079588700e-02	7.368795928340123036e-02
3.807564994190441939e+04	7.043968556033886053e-02	7.379366075437415740e-02
3.836475842497724807e+04	7.097453506727241512e-02	7.390029718298392336e-02
3.865515319325774180e+04	7.151176419571532439e-02	7.400786469598807926e-02
3.894684087664453546e+04	7.205138521096438042e-02	7.411635952052496312e-02
3.923982812215206650e+04	7.259341040998032457e-02	7.422577798204887944e-02
3.953412159416792565e+04	7.313785212186398044e-02	7.433611650231976287e-02
3.982972797470862133e+04	7.368472270832950033e-02	7.444737159744911625e-02
4.012665396367308858e+04	7.423403456417325408e-02	7.455953987599574229e-02
4.042490627909037721e+04	7.478580011773208747e-02	7.467261803711586210e-02
4.072449165736861323e+04	7.534003183134393988e-02	7.478660286875825347e-02
4.102541685353738285e+04	7.589674220179618014e-02	7.490149124591279073e-02
4.132768864149064757e+04	7.645594376077509413e-02	7.501728012890153396e-02
4.163131381422611594e+04	7.701764907530865567e-02	7.513396656171540677e-02
4.193629918408113735e+04	7.758187074820295515e-02	7.525154767039587966e-02
4.224265158296780282e+04	7.814862141847717103e-02	7.537002066145727375e-02
4.255037786260536814e+04	7.871791376179347599e-02	7.548938282035203007e-02
4.285948489474991220e+04	7.928976049088198863e-02	7.560963150997297710e-02
4.316997957142267842e+04	7.986417435596317171e-02	7.573076416919610754e-02
4.348186880513558572e+04	8.044116814516498459e-02	7.585277831146237937e-02
4.379515952911581553e+04	8.102075468493843968e-02	7.597567152339222696e-02
4.410985869752667350e+04	8.160294684046624780e-02	7.609944146343683435e-02
4.442597328568954981e+04	8.218775751607326763e-02	7.622408586056497737e-02
4.474351029030096834e+04	8.277519965562818438e-02	7.634960251298131273e-02
4.506247672964999947e+04	8.336528624294571588e-02	7.647598928687646125e-02
4.538287964383300277e+04	8.395803030218385032e-02	7.660324411521186871e-02
4.570472609496740915e+04	8.455344489823940490e-02	7.673136499653072928e-02
4.602802316740233800e+04	8.515154313713754752e-02	7.686034999380030042e-02
4.635277796793066955e+04	8.575233816642426066e-02	7.699019723328438813e-02
4.667899762599753012e+04	8.635584317555197731e-02	7.712090490344057636e-02
4.700668929390655103e+04	8.696207139626120630e-02	7.725247125384764046e-02
4.733586014702781540e+04	8.757103610296511353e-02	7.738489459415670568e-02
4.766651738400141039e+04	8.818275061312627616e-02	7.751817329306941173e-02
4.799866822694147413e+04	8.879722828763401965e-02	7.765230577734098805e-02
4.833231992163836549e+04	8.941448253117856293e-02	7.778729053080625511e-02
4.866747973776031722e+04	9.003452679262390068e-02	7.792312609343055030e-02
4.900415496905300097e+04	9.065737456537721617e-02	7.805981106038277495e-02
4.934235293353863381e+04	9.128303938775700344e-02	7.819734408113117319e-02
4.968208097371365147e+04	9.191153484335898294e-02	7.833572385855910869e-02
5.002334645674611238e+04	9.254287456142114288e-02	7.847494914810339284e-02
5.036615677467120986e+04	9.317707221718547761e-02	7.861501875691413732e-02
5.071051934458655887e+04	9.381414153225932362e-02	7.875593154303081600e-02
5.105644160884587473e+04	9.445409627497360072e-02	7.889768641458144716e-02
5.140393103525218612e+04	9.509695026074027613e-02	7.904028232899827644e-02
5.175299511725048069e+04	9.574271735240875991e-02	7.918371829225305525e-02
5.210364137411901174e+04	9.639141146061985799e-02	7.932799335810937491e-02
5.245587735116061958e+04	9.704304654415965570e-02	7.947310662739238973e-02
5.280971061989178270e+04	9.769763661030930746e-02	7.961905724727710854e-02
5.316514877823307324e+04	9.835519571519732440e-02	7.976584441058962027e-02
5.352219945069695677e+04	9.901573796414714357e-02	7.991346735512763755e-02
5.388087028857622499e+04	9.967927751202554365e-02	8.006192536299597262e-02
5.424116897013166454e+04	1.003458285635899089e-01	8.021121775995573855e-02
5.460310320077757206e+04	1.010154053738315655e-01	8.036134391479041184e-02
5.496668071326962672e+04	1.016880222483230733e-01	8.051230323868434346e-02
5.533190926788979414e+04	1.023636935435605633e-01	8.066409518461752082e-02
5.569879665263165225e+04	1.030424336673064073e-01	8.081671924677071017e-02
5.606735068338493147e+04	1.037242570789307372e-01	8.097017495994954239e-02
5.643757920411989471e+04	1.044091782897524634e-01	8.112446189901457994e-02
5.680949008707133180e+04	1.050972118633797386e-01	8.127957967832938335e-02
5.718309123292082950e+04	1.057883724160470773e-01	8.143552795121970778e-02
5.755839057098137710e+04	1.064826746169569710e-01	8.159230640944305224e-02
5.793539605937920714e+04	1.071801331886161751e-01	8.174991478267237821e-02
5.831411568523585447e+04	1.078807629071726337e-01	8.190835283798941768e-02
5.869455746485048439e+04	1.085845786027527654e-01	8.206762037938990229e-02
5.907672944388152246e+04	1.092915951597973889e-01	8.222771724730043585e-02
5.946063969752735284e+04	1.100018275173960947e-01	8.238864331810449859e-02
5.984629633070821001e+04	1.107152906696237671e-01	8.255039850368001142e-02
6.023370747824676073e+04	1.114319996658745676e-01	8.271298275094701724e-02
6.062288130504859146e+04	1.121519696111959730e-01	8.287639604142386929e-02
6.101382600628266664e+04	1.128752156666224110e-01	8.304063839079497966e-02
6.140654980756180885e+04	1.136017530495094241e-01	8.320570984848718599e-02
6.180106096512204385e+04	1.143315970338652232e-01	8.337161049725422268e-02
6.219736776600368466e+04	1.150647629506857950e-01	8.353834045277340470e-02
6.259547852822925051e+04	1.158012661882840966e-01	8.370589986324596110e-02
6.299540160098521301e+04	1.165411221926261898e-01	8.387428890901181544e-02
6.339714536479983508e+04	1.172843464676602554e-01	8.404350780216657268e-02
6.380071823172366567e+04	1.180309545756505901e-01	8.421355678619360519e-02
6.420612864550839731e+04	1.187809621375083835e-01	8.438443613559601375e-02
6.461338508178625489e+04	1.195343848331237302e-01	8.455614615554424285e-02
6.502249604824973358e+04	1.202912384016980030e-01	8.472868718152667955e-02
6.543347008482961974e+04	1.210515386420732281e-01	8.490205957900849587e-02
6.584631576387574023e+04	1.218153014130664846e-01	8.507626374309837369e-02
6.626104169033537619e+04	1.225825426338000707e-01	8.525130009822096122e-02
6.667765650193199690e+04	1.233532782840320030e-01	8.542716909779900225e-02
6.709616886934616196e+04	1.241275244044906939e-01	8.560387122393849080e-02
6.751658749639267626e+04	1.249052970972028137e-01	8.578140698712581613e-02
6.793892112020344939e+04	1.256866125258315203e-01	8.595977692592229880e-02
6.836317851140153653e+04	1.264714869159984101e-01	8.613898160667811388e-02
6.878936847428591864e+04	1.272599365556253415e-01	8.631902162323917826e-02
6.921749984700931236e+04	1.280519777952634497e-01	8.649989759666824873e-02
6.964758150175643095e+04	1.288476270484228692e-01	8.668161017496969767e-02
7.007962234492576681e+04	1.296469007919091310e-01	8.686416003281985376e-02
7.051363131730841997e+04	1.304498155661538150e-01	8.704754787130426774e-02
7.094961739426924032e+04	1.312563879755498930e-01	8.723177441765556095e-02
7.138758958592641284e+04	1.320666346887837406e-01	8.741684042500659502e-02
7.182755693733211956e+04	1.328805724391694532e-01	8.760274667213818756e-02
7.226952852865302702e+04	1.336982180249828844e-01	8.778949396323827703e-02
7.271351347535201057e+04	1.345195883097975720e-01	8.797708312766362726e-02
7.315952092836810334e+04	1.353447002228178320e-01	8.816551501971001126e-02
7.360756007429676538e+04	1.361735707592121869e-01	8.835479051838282527e-02
7.405764013557486760e+04	1.370062169804556751e-01	8.854491052717333721e-02
7.450977037065857439e+04	1.378426560146587265e-01	8.873587597384298420e-02
7.496396007420743990e+04	1.386829050569079735e-01	8.892768781020773949e-02
7.542021857726675807e+04	1.395269813696034811e-01	8.912034701193065345e-02
7.587855524744869035e+04	1.403749022827937842e-01	8.931385457831647612e-02
7.633897948911560525e+04	1.412266851945152557e-01	8.950821153210913872e-02
7.680150074356385448e+04	1.420823475711318340e-01	8.970341891929944911e-02
7.726612848920442048e+04	1.429419069476694781e-01	8.989947780892933171e-02
7.773287224175014126e+04	1.438053809281623352e-01	9.009638929290642029e-02
7.820174155439752212e+04	1.446727871859891379e-01	9.029415448581648573e-02
7.867274601801116660e+04	1.455441434642145426e-01	9.049277452474756289e-02
7.914589526130756713e+04	1.464194675759289133e-01	9.069225056910820704e-02
7.962119895104184980e+04	1.472987774045939613e-01	9.089258380045869834e-02
8.009866679219194339e+04	1.481820909043834733e-01	9.109377542233947078e-02
8.057830852814335958e+04	1.490694261005249543e-01	9.129582666010475911e-02
8.106013394087769848e+04	1.499608010896486265e-01	9.149873876076335122e-02
8.154415285115440201e+04	1.508562340401234936e-01	9.170251299281582946e-02
8.203037511870291200e+04	1.517557431924128342e-01	9.190715064610155416e-02
8.251881064240502019e+04	1.526593468594117653e-01	9.211265303164722917e-02
8.300946936048538191e+04	1.535670634267993495e-01	9.231902148151389931e-02
8.350236125069725676e+04	1.544789113533824587e-01	9.252625734865466134e-02
8.399749633051305136e+04	1.553949091714482145e-01	9.273436200676996033e-02
8.449488465731067117e+04	1.563150754871088510e-01	9.294333685016811786e-02
8.499453632856358308e+04	1.572394289806529899e-01	9.315318329362715088e-02
8.549646148203102348e+04	1.581679884068978303e-01	9.336390277226475076e-02
8.600067029594676569e+04	1.591007725955384533e-01	9.357549674140409890e-02
8.650717298920957546e+04	1.600378004514998176e-01	9.378796667644395679e-02
8.701597982157614024e+04	1.609790909552938909e-01	9.400131407273677742e-02
8.752710109384913812e+04	1.619246631633675937e-01	9.421554044546352757e-02
8.804054714807086566e+04	1.628745362084609294e-01	9.443064732951378382e-02
8.855632836771484290e+04	1.638287292999615063e-01	9.464663627936882595e-02
8.907445517788019788e+04	1.647872617242641391e-01	9.486350886898525792e-02
8.959493804548318440e+04	1.657501528451250650e-01	9.508126669168359690e-02
9.011778747944990755e+04	1.667174221040186588e-01	9.529991136003672370e-02
9.064301403091420070e+04	1.676890890205033902e-01	9.551944450576291268e-02
9.117062829340762983e+04	1.686651731925734032e-01	9.573986777961993044e-02
9.170064090305916034e+04	1.696456942970276660e-01	9.596118285130363079e-02
9.223306253878670395e+04	1.706306720898247697e-01	9.618339140934573095e-02
9.276790392249682918e+04	1.716201264064519394e-01	9.640649516101297556e-02
9.330517581928054278e+04	1.726140771622874936e-01	9.663049583221475225e-02
9.384488903760930407e+04	1.736125443529634438e-01	9.685539516740686306e-02
9.438705442953489546e+04	1.746155480547351979e-01	9.708119492949800200e-02
9.493168289088612073e+04	1.756231084248453533e-01	9.730789689976360179e-02
9.547878536146902479e+04	1.766352457018944833e-01	9.753550287775382410e-02
9.602837282526471245e+04	1.776519802062065667e-01	9.776401468120837768e-02
9.658045631063278415e+04	1.786733323402057705e-01	9.799343414597347368e-02
9.713504689050848538e+04	1.796993225887809353e-01	9.822376312592021042e-02
9.769215568260586588e+04	1.807299715196616086e-01	9.845500349286180619e-02
9.825179384961906180e+04	1.817652997837901352e-01	9.868715713647777110e-02
9.881397259942538221e+04	1.828053281156977183e-01	9.892022596423621916e-02
9.937870318528739153e+04	1.838500773338780092e-01	9.915421190131892826e-02
9.994599690605724754e+04	1.848995683411652768e-01	9.938911689054742704e-02
1.005158651063808502e+05	1.859538221251119394e-01	9.962494289231535460e-02
1.010883191769024270e+05	1.870128597583671226e-01	9.986169188451417267e-02
1.016633705544709956e+05	1.880767023990587983e-01	1.000993658624694249e-01
1.022410307223445561e+05	1.891453712911711493e-01	1.003379668388714729e-01
1.028213112103991152e+05	1.902188877649315657e-01	1.005774968437132405e-01
1.034042235953339987e+05	1.912972732371904794e-01	1.008179579242264173e-01
1.039897795008823741e+05	1.923805492118105809e-01	1.010593521448182042e-01
1.045779905980186304e+05	1.934687372800507343e-01	1.013016815870133730e-01
1.051688686051661498e+05	1.945618591209501425e-01	1.015449483493987004e-01
1.057624252884091984e+05	1.956599365017205883e-01	1.017891545475600457e-01
1.063586724617054715e+05	1.967629912781393431e-01	1.020343023140295596e-01
1.069576219870912028e+05	1.978710453949289461e-01	1.022803937982355305e-01
1.075592857748996030e+05	1.989841208861610478e-01	1.025274311664435001e-01
1.081636757839718193e+05	2.001022398756467924e-01	1.027754166017109672e-01
1.087708040218682436e+05	2.012254245773277272e-01	1.030243523038328474e-01
1.093806825450846372e+05	2.023536972956756497e-01	1.032742404892963289e-01
1.099933234592667577e+05	2.034870804260897059e-01	1.035250833912334800e-01
1.106087389194242278e+05	2.046255964552918249e-01	1.037768832593750357e-01
1.112269411301491200e+05	2.057692679617314779e-01	1.040296423600042680e-01
1.118479423458316451e+05	2.069181176159843871e-01	1.042833629759179481e-01
1.124717548708768445e+05	2.080721681811534274e-01	1.045380474063804244e-01
1.130983910599248047e+05	2.092314425132762445e-01	1.047936979670859997e-01
1.137278633180681791e+05	2.103959635617274893e-01	1.050503169901169653e-01
1.143601841010739008e+05	2.115657543696289888e-01	1.053079068239076155e-01
1.149953659156013164e+05	2.127408380742534244e-01	1.055664698332061252e-01
1.156334213194258773e+05	2.139212379074378889e-01	1.058260083990395367e-01
1.162743629216590343e+05	2.151069771959910060e-01	1.060865249186784126e-01
1.169182033829727152e+05	2.162980793621081255e-01	1.063480218056016280e-01
1.175649554158220708e+05	2.174945679237831886e-01	1.066105014894673381e-01
1.182146317846699530e+05	2.186964664952242288e-01	1.068739664160794356e-01
1.188672453062117129e+05	2.199037987872693722e-01	1.071384190473582548e-01
1.195228088496024575e+05	2.211165886078068077e-01	1.074038618613104845e-01
1.201813353366818337e+05	2.223348598621910921e-01	1.076702973520012319e-01
1.208428377422025806e+05	2.235586365536657572e-01	1.079377280295274466e-01
1.215073290940583538e+05	2.247879427837847777e-01	1.082061564199904014e-01
1.221748224735140393e+05	2.260228027528386752e-01	1.084755850654737647e-01
1.228453310154320498e+05	2.272632407602733218e-01	1.087460165240153181e-01
1.235188679085071635e+05	2.285092812051241207e-01	1.090174533695862924e-01
1.241954463954969688e+05	2.297609485864424705e-01	1.092898981920709528e-01
1.248750797734517400e+05	2.310182675037210087e-01	1.095633535972406897e-01
1.255577813939497282e+05	2.322812626573291239e-01	1.098378222067377674e-01
1.262435646633300930e+05	2.335499588489433065e-01	1.101133066580546188e-01
1.269324430429286876e+05	2.348243809819840211e-01	1.103898096045151100e-01
1.276244300493117771e+05	2.361045540620475836e-01	1.106673337152574987e-01
1.283195392545153591e+05	2.373905031973492230e-01	1.109458816752168231e-01
1.290177842862792022e+05	2.386822535991558747e-01	1.112254561851114126e-01
1.297191788282865600e+05	2.399798305822297140e-01	1.115060599614272896e-01
1.304237366204036371e+05	2.412832595652709966e-01	1.117876957364005996e-01
1.311314714589180367e+05	2.425925660713597887e-01	1.120703662580094101e-01
1.318423971967798134e+05	2.439077757284008330e-01	1.123540742899589301e-01
1.325565277438453340e+05	2.452289142695758262e-01	1.126388226116699504e-01
1.332738770671152743e+05	2.465560075337830948e-01	1.129246140182690455e-01
1.339944591909824812e+05	2.478890814660960340e-01	1.132114513205773193e-01
1.347182881974721386e+05	2.492281621182080298e-01	1.134993373451035764e-01
1.354453782264882175e+05	2.505732756488875945e-01	1.137882749340333594e-01
1.361757434760630131e+05	2.519244483244406640e-01	1.140782669452224951e-01
1.369093982025978039e+05	2.532817065191555472e-01	1.143693162521916967e-01
1.376463567211150075e+05	2.546450767157693029e-01	1.146614257441182644e-01
1.383866334055057087e+05	2.560145855059258180e-01	1.149545983258307147e-01
1.391302426887796610e+05	2.573902595906384372e-01	1.152488369178079619e-01
1.398771990633123787e+05	2.587721257807469311e-01	1.155441444561701170e-01
1.406275170811018907e+05	2.601602109973921162e-01	1.158405238926792924e-01
1.413812113540175196e+05	2.615545422724768754e-01	1.161379781947368128e-01
1.421382965540542500e+05	2.629551467491362815e-01	1.164365103453793016e-01
1.428987874135872407e+05	2.643620516822083322e-01	1.167361233432796380e-01
1.436626987256265420e+05	2.657752844387052948e-01	1.170368202027457089e-01
1.444300453440730344e+05	2.671948724982876611e-01	1.173386039537211711e-01
1.452008421839770745e+05	2.686208434537415979e-01	1.176414776417881031e-01
1.459751042217921349e+05	2.700532250114492383e-01	1.179454443281643117e-01
1.467528464956375828e+05	2.714920449918742928e-01	1.182505070897107990e-01
1.475340841055602650e+05	2.729373313300459958e-01	1.185566690189318872e-01
1.483188322137896321e+05	2.743891120760311164e-01	1.188639332239775359e-01
1.491071060450047953e+05	2.758474153954281749e-01	1.191723028286521269e-01
1.498989208865945984e+05	2.773122695698485018e-01	1.194817809724155883e-01
1.506942920889234811e+05	2.787837029974077341e-01	1.197923708103901114e-01
1.514932350655932096e+05	2.802617441932107600e-01	1.201040755133661875e-01
1.522957652937129315e+05	2.817464217898504319e-01	1.204168982678103794e-01
1.531018983141606150e+05	2.832377645378919562e-01	1.207308422758698180e-01
1.539116497318582260e+05	2.847358013063815974e-01	1.210459107553848584e-01
1.547250352160313341e+05	2.862405610833271274e-01	1.213621069398921198e-01
1.555420705004863848e+05	2.877520729762104712e-01	1.216794340786379880e-01
1.563627713838794734e+05	2.892703662124854191e-01	1.219978954365869839e-01
1.571871537299874763e+05	2.907954701400787823e-01	1.223174942944312282e-01
1.580152334679816850e+05	2.923274142278968202e-01	1.226382339486016826e-01
1.588470265927008877e+05	2.938662280663303927e-01	1.229601177112808197e-01
1.596825491649264877e+05	2.954119413677639971e-01	1.232831489104117273e-01
1.605218173116581165e+05	2.969645839670856380e-01	1.236073308897143730e-01
1.613648472263944277e+05	2.985241858222060785e-01	1.239326670086948051e-01
1.622116551694060327e+05	3.000907770145641584e-01	1.242591606426632495e-01
1.630622574680184189e+05	3.016643877496497650e-01	1.245868151827432407e-01
1.639166705168882618e+05	3.032450483575154787e-01	1.249156340358904549e-01
1.647749107782910287e+05	3.048327892933081484e-01	1.252456206249060733e-01
1.656369947823962430e+05	3.064276411377783726e-01	1.255767783884509936e-01
1.665029391275565431e+05	3.080296345978154604e-01	1.259091107810667021e-01
1.673727604805896408e+05	3.096388005069687366e-01	1.262426212731867226e-01
1.682464755770639458e+05	3.112551698259759525e-01	1.265773133511572390e-01
1.691241012215856172e+05	3.128787736432944722e-01	1.269131905172538599e-01
1.700056542880865454e+05	3.145096431756342348e-01	1.272502562897001865e-01
1.708911517201148381e+05	3.161478097684944366e-01	1.275885142026862984e-01
1.717806105311221036e+05	3.177933048966958829e-01	1.279279678063870718e-01
1.726740478047556826e+05	3.194461601649211668e-01	1.282686206669839402e-01
1.735714806951521896e+05	3.211064073082575687e-01	1.286104763666841844e-01
1.744729264272293949e+05	3.227740781927374014e-01	1.289535385037410553e-01
1.753784022969809012e+05	3.244492048158829633e-01	1.292978106924755621e-01
1.762879256717713433e+05	3.261318193072527682e-01	1.296432965632981771e-01
1.772015139906373224e+05	3.278219539289978779e-01	1.299899997627306791e-01
1.781191847645789094e+05	3.295196410764018591e-01	1.303379239534289136e-01
1.790409555768647697e+05	3.312249132784446659e-01	1.306870728142067450e-01
1.799668440833280038e+05	3.329378031983503683e-01	1.310374500400575959e-01
1.808968680126683903e+05	3.346583436341460382e-01	1.313890593421790376e-01
1.818310451667578600e+05	3.363865675192267424e-01	1.317419044479992696e-01
1.827693934209414001e+05	3.381225079229128183e-01	1.320959891011984078e-01
1.837119307243436051e+05	3.398661980510161995e-01	1.324513170617376834e-01
1.846586751001724333e+05	3.416176712464030762e-01	1.328078921058823136e-01
1.856096446460294537e+05	3.433769609895673258e-01	1.331657180262281193e-01
1.865648575342168624e+05	3.451441008991987802e-01	1.335247986317298352e-01
1.875243320120479912e+05	3.469191247327576555e-01	1.338851377477263682e-01
1.884880864021555753e+05	3.487020663870445958e-01	1.342467392159687745e-01
1.894561391028077633e+05	3.504929598987855388e-01	1.346096068946483482e-01
1.904285085882200801e+05	3.522918394452089208e-01	1.349737446584258482e-01
1.914052134088679741e+05	3.540987393446234921e-01	1.353391563984592261e-01
1.923862721918057650e+05	3.559136940570089558e-01	1.357058460224314922e-01
1.933717036409798893e+05	3.577367381845947825e-01	1.360738174545831070e-01
1.943615265375506424e+05	3.595679064724560670e-01	1.364430746357404578e-01
1.953557597402108950e+05	3.614072338091026126e-01	1.368136215233465014e-01
1.963544221855036158e+05	3.632547552270669056e-01	1.371854620914909617e-01
1.973575328881507157e+05	3.651105059035119060e-01	1.375586003309436367e-01
1.983651109413680388e+05	3.669745211608142488e-01	1.379330402491823482e-01
1.993771755171960103e+05	3.688468364671755317e-01	1.383087858704294404e-01
2.003937458668230975e+05	3.707274874372212259e-01	1.386858412356811454e-01
2.014148413209106075e+05	3.726165098326009173e-01	1.390642104027413617e-01
2.024404812899256067e+05	3.745139395626049250e-01	1.394438974462555159e-01
2.034706852644683386e+05	3.764198126847692061e-01	1.398249064577413714e-01
2.045054728156031924e+05	3.783341654054883096e-01	1.402072415456274423e-01
2.055448635951906035e+05	3.802570340806293303e-01	1.405909068352839408e-01
2.065888773362187203e+05	3.821884552161449733e-01	1.409759064690602470e-01
2.076375338531419111e+05	3.841284654687004418e-01	1.413622446063170224e-01
2.086908530422144977e+05	3.860771016462902772e-01	1.417499254234645401e-01
2.097488548818306590e+05	3.880344007088675773e-01	1.421389531139959084e-01
2.108115594328582520e+05	3.900003997689616142e-01	1.425293318885266225e-01
2.118789868389837793e+05	3.919751360923154904e-01	1.429210659748290368e-01
2.129511573270521476e+05	3.939586470985152467e-01	1.433141596178709454e-01
2.140280912074072403e+05	3.959509703616196918e-01	1.437086170798501095e-01
2.151098088742399414e+05	3.979521436108042209e-01	1.441044426402357803e-01
2.161963308059312112e+05	3.999622047309954187e-01	1.445016405958056693e-01
2.172876775653992372e+05	4.019811917635139342e-01	1.449002152606824190e-01
2.183838698004476901e+05	4.040091429067175777e-01	1.453001709663744589e-01
2.194849282441138348e+05	4.060460965166464153e-01	1.457015120618163906e-01
2.205908737150237139e+05	4.080920911076791890e-01	1.461042429134063458e-01
2.217017271177394432e+05	4.101471653531762462e-01	1.465083679050466214e-01
2.228175094431141333e+05	4.122113580861359594e-01	1.469138914381842298e-01
2.239382417686502740e+05	4.142847082998574182e-01	1.473208179318545585e-01
2.250639452588506683e+05	4.163672551485902429e-01	1.477291518227160372e-01
2.261946411655830452e+05	4.184590379482087674e-01	1.481388975650977102e-01
2.273303508284330892e+05	4.205600961768651835e-01	1.485500596310382615e-01
2.284710956750676560e+05	4.226704694756615588e-01	1.489626425103280638e-01
2.296168972215997928e+05	4.247901976493250187e-01	1.493766507105528385e-01
2.307677770729459007e+05	4.269193206668687735e-01	1.497920887571355664e-01
2.319237569231958769e+05	4.290578786622761265e-01	1.502089611933801194e-01
2.330848585559774656e+05	4.312059119351756564e-01	1.506272725805161417e-01
2.342511038448255858e+05	4.333634609515235603e-01	1.510470274977405991e-01
2.354225147535492433e+05	4.355305663442828878e-01	1.514682305422622444e-01
2.365991133366051654e+05	4.377072689141144335e-01	1.518908863293498002e-01
2.377809217394660518e+05	4.398936096300584686e-01	1.523149994923723993e-01
2.389679621989987209e+05	4.420896296302339046e-01	1.527405746828463529e-01
2.401602570438380062e+05	4.442953702225299617e-01	1.531676165704830284e-01
2.413578286947613233e+05	4.465108728852995035e-01	1.535961298432324262e-01
2.425606996650681540e+05	4.487361792680609196e-01	1.540261192073308083e-01
2.437688925609618018e+05	4.509713311922042278e-01	1.544575893873456618e-01
2.449824300819266646e+05	4.532163706516889601e-01	1.548905451262251320e-01
2.462013350211132201e+05	4.554713398137566482e-01	1.553249911853437082e-01
2.474256302657221095e+05	4.577362810196414777e-01	1.557609323445493799e-01
2.486553387973886856e+05	4.600112367852812745e-01	1.561983734022158454e-01
2.498904836925730924e+05	4.622962498020393163e-01	1.566373191752847283e-01
2.511310881229446677e+05	4.645913629374157083e-01	1.570777744993182845e-01
2.523771753557757474e+05	4.668966192357756895e-01	1.575197442285481420e-01
2.536287687543317152e+05	4.692120619190711106e-01	1.579632332359239832e-01
2.548858917782657663e+05	4.715377343875712390e-01	1.584082464131621459e-01
2.561485679840135272e+05	4.738736802205921195e-01	1.588547886707993295e-01
2.574168210251855198e+05	4.762199431772231040e-01	1.593028649382388640e-01
2.586906746529745578e+05	4.785765671970806934e-01	1.597524801638040559e-01
2.599701527165448060e+05	4.809435964010275177e-01	1.602036393147874271e-01
2.612552791634406312e+05	4.833210750919296195e-01	1.606563473775050321e-01
2.625460780399861396e+05	4.857090477553949182e-01	1.611106093573441977e-01
2.638425734916904476e+05	4.881075590605234993e-01	1.615664302788183126e-01
2.651447897636501584e+05	4.905166538606517412e-01	1.620238151856189524e-01
2.664527512009667698e+05	4.929363771941247530e-01	1.624827691406679764e-01
2.677664822491442901e+05	4.953667742850315636e-01	1.629432972261715407e-01
2.690860074545093812e+05	4.978078905439835000e-01	1.634054045436709179e-01
2.704113514646136318e+05	5.002597715688569258e-01	1.638690962141002017e-01
2.717425390286599286e+05	5.027224631455827764e-01	1.643343773778359884e-01
2.730795949979062425e+05	5.051960112488942389e-01	1.648012531947560255e-01
2.744225443260961329e+05	5.076804620431214499e-01	1.652697288442908641e-01
2.757714120698674233e+05	5.101758618829493885e-01	1.657398095254797588e-01
2.771262233891754877e+05	5.126822573141991413e-01	1.662115004570251242e-01
2.784870035477194469e+05	5.151996950746187132e-01	1.666848068773507663e-01
2.798537779133589356e+05	5.177282220946510805e-01	1.671597340446551727e-01
2.812265719585496117e+05	5.202678854982428769e-01	1.676362872369693835e-01
2.826054112607612624e+05	5.228187326036155547e-01	1.681144717522135845e-01
2.839903215029080748e+05	5.253808109240627466e-01	1.685942929082510922e-01
2.853813284737912472e+05	5.279541681687683896e-01	1.690757560429513862e-01
2.867784580685200635e+05	5.305388522435862120e-01	1.695588665142434004e-01
2.881817362889460637e+05	5.331349112518427580e-01	1.700436297001732822e-01
2.895911892441031523e+05	5.357423934951512923e-01	1.705300509989654267e-01
2.910068431506465422e+05	5.383613474742241500e-01	1.710181358290777109e-01
2.924287243332899525e+05	5.409918218896815345e-01	1.715078896292657751e-01
2.938568592252417584e+05	5.436338656428585381e-01	1.719993178586348703e-01
2.952912743686597678e+05	5.462875278366459142e-01	1.724924259967056672e-01
2.967319964150888263e+05	5.489528577763005401e-01	1.729872195434721538e-01
2.981790521259048837e+05	5.516299049702657609e-01	1.734837040194599778e-01
2.996324683727686061e+05	5.543187191310118278e-01	1.739818849657887301e-01
3.010922721380759031e+05	5.570193501758683441e-01	1.744817679442311475e-01
3.025584905154019943e+05	5.597318482278466067e-01	1.749833585372777833e-01
3.040311507099638693e+05	5.624562636164944784e-01	1.754866623481975973e-01
3.055102800390681950e+05	5.651926468787253910e-01	1.759916850010951883e-01
3.069959059325842536e+05	5.679410487596934232e-01	1.764984321409776846e-01
3.084880559333829442e+05	5.707015202136045406e-01	1.770069094338158067e-01
3.099867576978051220e+05	5.734741124045844574e-01	1.775171225666069552e-01
3.114920389961309847e+05	5.762588767075460527e-01	1.780290772474396599e-01
3.130039277130382834e+05	5.790558647090368050e-01	1.785427792055502005e-01
3.145224518480678671e+05	5.818651282081008791e-01	1.790582341913951048e-01
3.160476395160970278e+05	5.846867192171545380e-01	1.795754479767132650e-01
3.175795189478055690e+05	5.875206899628478974e-01	1.800944263545866952e-01
3.191181184901519446e+05	5.903670928869465540e-01	1.806151751395075056e-01
3.206634666068422375e+05	5.932259806471984476e-01	1.811377001674407128e-01
3.222155918788072304e+05	5.960974061182167105e-01	1.816620072958970711e-01
3.237745230046868674e+05	5.989814223923762837e-01	1.821881024039877506e-01
3.253402888012990006e+05	6.018780827806806677e-01	1.827159913924997214e-01
3.269129182041292079e+05	6.047874408136681978e-01	1.832456801839546512e-01
3.284924402678132756e+05	6.077095502423044415e-01	1.837771747226835672e-01
3.300788841666165390e+05	6.106444650388698214e-01	1.843104809748855322e-01
3.316722791949305101e+05	6.135922393978767708e-01	1.848456049287016123e-01
3.332726547677509952e+05	6.165529277369560246e-01	1.853825525942789931e-01
3.348800404211820569e+05	6.195265846977879853e-01	1.859213300038402572e-01
3.364944658129204763e+05	6.225132651469986733e-01	1.864619432117524400e-01
3.381159607227504021e+05	6.255130241770758825e-01	1.870043982945916172e-01
3.397445550530458568e+05	6.285259171072976603e-01	1.875487013512175394e-01
3.413802788292714395e+05	6.315519994846596763e-01	1.880948585028374420e-01
3.430231622004733072e+05	6.345913270847826082e-01	1.886428758930817629e-01
3.446732354397909367e+05	6.376439559128594947e-01	1.891927596880658424e-01
3.463305289449609700e+05	6.407099422045877679e-01	1.897445160764702765e-01
3.479950732388169854e+05	6.437893424270935139e-01	1.902981512696016730e-01
3.496668989698118530e+05	6.468822132798979219e-01	1.908536715014706453e-01
3.513460369125185534e+05	6.499886116958443205e-01	1.914110830288606735e-01
3.530325179681473528e+05	6.531085948420544129e-01	1.919703921313963835e-01
3.547263731650595437e+05	6.562422201208785166e-01	1.925316051116227889e-01
3.564276336592874723e+05	6.593895451708583488e-01	1.930947282950694066e-01
3.581363307350481045e+05	6.625506278676762673e-01	1.936597680303306923e-01
3.598524958052712609e+05	6.657255263251332655e-01	1.942267306891314604e-01
3.615761604121243581e+05	6.689142988961191971e-01	1.947956226664053769e-01
3.633073562275255099e+05	6.721170041735624601e-01	1.953664503803670960e-01
3.650461150536848581e+05	6.753337009914307520e-01	1.959392202725819543e-01
3.667924688236288493e+05	6.785644484257019604e-01	1.965139388080505700e-01
3.685464496017322526e+05	6.818093057953477087e-01	1.970906124752710431e-01
3.703080895842518075e+05	6.850683326633207892e-01	1.976692477863236652e-01
3.720774210998628405e+05	6.883415888375477021e-01	1.982498512769363952e-01
3.738544766102001886e+05	6.916291343719295215e-01	1.988324295065719560e-01
3.756392887103935354e+05	6.949310295673326587e-01	1.994169890584960581e-01
3.774318901296166005e+05	6.982473349726041612e-01	2.000035365398526166e-01
3.792323137316229404e+05	7.015781113855633633e-01	2.005920785817475738e-01
3.810405925153014832e+05	7.049234198540296203e-01	2.011826218393182042e-01
3.828567596152205369e+05	7.082833216768281703e-01	2.017751729918143833e-01
3.846808483021850116e+05	7.116578784048224193e-01	2.023697387426753314e-01
3.865128919837846188e+05	7.150471518419260208e-01	2.029663258196070796e-01
3.883529242049480672e+05	7.184512040461300542e-01	2.035649409746603522e-01
3.902009786485048826e+05	7.218700973305413049e-01	2.041655909843118621e-01
3.920570891357453074e+05	7.253038942644184361e-01	2.047682826495389463e-01
3.939212896269834600e+05	7.287526576742135997e-01	2.053730227959019439e-01
3.957936142221184564e+05	7.322164506446107168e-01	2.059798182736220507e-01
3.976740971612051944e+05	7.356953365195815220e-01	2.065886759576622822e-01
3.995627728250203072e+05	7.391893789034326145e-01	2.071996027478092417e-01
4.014596757356314920e+05	7.426986416618578390e-01	2.078126055687507800e-01
4.033648405569831957e+05	7.462231889230230841e-01	2.084276913701562095e-01
4.052783020954597741e+05	7.497630850786075607e-01	2.090448671267642611e-01
4.072000953004686744e+05	7.533183947848822726e-01	2.096641398384552768e-01
4.091302552650202997e+05	7.568891829637834912e-01	2.102855165303412766e-01
4.110688172263143351e+05	7.604755148039967771e-01	2.109090042528437015e-01
4.130158165663152467e+05	7.640774557620223506e-01	2.115346100817793451e-01
4.149712888123543817e+05	7.676950715632885336e-01	2.121623411184371533e-01
4.169352696377086104e+05	7.713284282032222272e-01	2.127922044896692066e-01
4.189077948621970136e+05	7.749775919483530284e-01	2.134242073479725443e-01
4.208889004527730285e+05	7.786426293374080210e-01	2.140583568715673513e-01
4.228786225241271895e+05	7.823236071824282156e-01	2.146946602644885793e-01
4.248769973392757820e+05	7.860205925698560137e-01	2.153331247566700191e-01
4.268840613101804629e+05	7.897336528616825113e-01	2.159737576040230145e-01
4.288998509983335389e+05	7.934628556965297452e-01	2.166165660885310540e-01
4.309244031153742690e+05	7.972082689907913355e-01	2.172615575183272918e-01
4.329577545236971928e+05	8.009699609397573639e-01	2.179087392277858637e-01
4.349999422370608081e+05	8.047480000187409166e-01	2.185581185776068747e-01
4.370510034212065511e+05	8.085424549842225028e-01	2.192097029549041065e-01
4.391109753944685217e+05	8.123533948749789291e-01	2.198634997732912544e-01
4.411798956284016604e+05	8.161808890132447036e-01	2.205195164729684687e-01
4.432578017483916483e+05	8.200250070058411334e-01	2.211777605208139763e-01
4.453447315342857619e+05	8.238858187453421689e-01	2.218382394104679300e-01
4.474407229210149380e+05	8.277633944112263720e-01	2.225009606624238911e-01
4.495458139992323122e+05	8.316578044710575268e-01	2.231659318241200896e-01
4.516600430159305106e+05	8.355691196816273925e-01	2.238331604700204980e-01
4.537834483750886284e+05	8.394974110901515241e-01	2.245026542017162507e-01
4.559160686382973217e+05	8.434427500354271245e-01	2.251744206480063015e-01
4.580579425254052039e+05	8.474052081490265342e-01	2.258484674649891832e-01
4.602091089151583146e+05	8.513848573564832822e-01	2.265248023361597918e-01
4.623696068458454101e+05	8.553817698784835777e-01	2.272034329724959556e-01
4.645394755159355118e+05	8.593960182320465879e-01	2.278843671125502512e-01
4.667187542847388540e+05	8.634276752317471271e-01	2.285676125225428179e-01
4.689074826730545610e+05	8.674768139909140308e-01	2.292531769964538113e-01
4.711057003638260067e+05	8.715435079228421866e-01	2.299410683561134705e-01
4.733134472027904703e+05	8.756278307419945728e-01	2.306312944512999841e-01
4.755307631991509697e+05	8.797298564652453745e-01	2.313238631598289741e-01
4.777576885262260330e+05	8.838496594130818007e-01	2.320187823876505573e-01
4.799942635221265955e+05	8.879873142108561934e-01	2.327160600689385239e-01
4.822405286904137465e+05	8.921428957900033874e-01	2.334157041661914234e-01
4.844965247007680009e+05	8.963164793892780535e-01	2.341177226703217429e-01
4.867622923896768480e+05	9.005081405560276808e-01	2.348221236007534962e-01
4.890378727610918577e+05	9.047179551474076042e-01	2.355289150055203118e-01
4.913233069871158805e+05	9.089459993316519881e-01	2.362381049613560824e-01
4.936186364086889662e+05	9.131923495893435883e-01	2.369497015737979662e-01
4.959239025362582761e+05	9.174570827146523166e-01	2.376637129772757595e-01
4.982391470504780882e+05	9.217402758166310939e-01	2.383801473352136768e-01
5.005644118028875091e+05	9.260420063204687358e-01	2.390990128401292714e-01
5.028997388166138553e+05	9.303623519687918009e-01	2.398203177137297470e-01
5.052451702870581066e+05	9.347013908229323542e-01	2.405440702070083259e-01
5.076007485825973563e+05	9.390592012642277053e-01	2.412702786003426692e-01
5.099665162452827790e+05	9.434358619953115976e-01	2.419989512036000157e-01
5.123425159915385302e+05	9.478314520414070632e-01	2.427300963562300240e-01
5.147287907128809020e+05	9.522460507516570249e-01	2.434637224273689671e-01
5.171253834766104119e+05	9.566797378004043839e-01	2.441998378159333516e-01
5.195323375265337527e+05	9.611325931885279505e-01	2.449384509507330776e-01
5.219496962836743915e+05	9.656046972447570598e-01	2.456795702905586187e-01
5.243775033469895134e+05	9.700961306269973994e-01	2.464232043242916281e-01
5.268158024940912146e+05	9.746069743236659422e-01	2.471693615710019998e-01
5.292646376819722354e+05	9.791373096550325394e-01	2.479180505800520351e-01
5.317240530477230204e+05	9.836872182745480808e-01	2.486692799312011926e-01
5.341940929092749720e+05	9.882567821702180622e-01	2.494230582347063963e-01
5.366748017661109334e+05	9.928460836659169786e-01	2.501793941314225389e-01
5.391662243000169983e+05	9.974552054227806552e-01	2.509382962929133098e-01
5.416684053758213995e+05	1.002084230440571488e+00	2.516997734215501437e-01
5.441813900421082508e+05	1.006733242058999611e+00	2.524638342506174693e-01
5.467052235319974134e+05	1.011402323959165628e+00	2.532304875444224557e-01
5.492399512638761662e+05	1.016091560164914753e+00	2.539997420983918230e-01
5.517856188421344850e+05	1.020801035044195837e+00	2.547716067391856409e-01
5.543422720579272136e+05	1.025530833310472234e+00	2.555460903247987470e-01
5.569099568899465958e+05	1.030281040024150663e+00	2.563232017446699929e-01
5.594887195051466115e+05	1.035051740593921465e+00	2.571029499197889923e-01
5.620786062595396070e+05	1.039843020778232097e+00	2.578853438027997047e-01
5.646796636989233084e+05	1.044654966686633157e+00	2.586703923781170644e-01
5.672919385596879292e+05	1.049487664781269647e+00	2.594581046620257347e-01
5.699154777695484227e+05	1.054341201878236101e+00	2.602484897027906308e-01
5.725503284483533353e+05	1.059215665149074947e+00	2.610415565807726601e-01
5.751965379088368500e+05	1.064111142122165621e+00	2.618373144085323068e-01
5.778541536574019119e+05	1.069027720684173843e+00	2.626357723309403203e-01
5.805232233949159272e+05	1.073965489081524227e+00	2.634369395252886270e-01
5.832037950174747966e+05	1.078924535921813366e+00	2.642408252014025183e-01
5.858959166172167752e+05	1.083904950175315074e+00	2.650474386017476203e-01
5.885996364831032697e+05	1.088906821176425677e+00	2.658567890015442470e-01
5.913150031017028959e+05	1.093930238625113516e+00	2.666688857088846953e-01
5.940420651580070844e+05	1.098975292588429742e+00	2.674837380648334983e-01
5.967808715362321818e+05	1.104042073501989130e+00	2.683013554435526582e-01
5.995314713205985026e+05	1.109130672171414256e+00	2.691217472524071175e-01
6.022939137961801607e+05	1.114241179773906021e+00	2.699449229320803889e-01
6.050682484496814432e+05	1.119373687859680278e+00	2.707708919566907957e-01
6.078545249702637084e+05	1.124528288353498162e+00	2.715996638339045477e-01
6.106527932503627380e+05	1.129705073556177108e+00	2.724312481050473744e-01
6.134631033865163336e+05	1.134904136146123621e+00	2.732656543452273712e-01
6.162855056801832980e+05	1.140125569180845400e+00	2.741028921634435234e-01
6.191200506385603221e+05	1.145369466098466793e+00	2.749429712027086081e-01
6.219667889754290227e+05	1.150635920719291327e+00	2.757859011401584959e-01
6.248257716119874967e+05	1.155925027247344028e+00	2.766316916871799370e-01
6.276970496776720975e+05	1.161236880271888872e+00	2.774803525895137013e-01
6.305806745110304328e+05	1.166571574769044606e+00	2.783318936273842525e-01
6.334766976605314994e+05	1.171929206103285104e+00	2.791863246156152112e-01
6.363851708854320459e+05	1.177309870029039418e+00	2.800436554037474823e-01
6.393061461566254729e+05	1.182713662692264744e+00	2.809038958761582161e-01
6.422396756574844476e+05	1.188140680632002733e+00	2.817670559521816553e-01
6.451858117847390240e+05	1.193591020782007073e+00	2.826331455862287623e-01
6.481446071493246127e+05	1.199064780472309133e+00	2.835021747679085102e-01
6.511161145772573072e+05	1.204562057430840216e+00	2.843741535221480099e-01
6.541003871104777791e+05	1.210082949784989204e+00	2.852490919093166322e-01
6.570974780077444157e+05	1.215627556063258785e+00	2.861270000253454127e-01
6.601074407455077162e+05	1.221195975196880834e+00	2.870078880018491763e-01
6.631303290187960956e+05	1.226788306521454652e+00	2.878917660062523254e-01
6.661661967420572182e+05	1.232404649778505723e+00	2.887786442419116861e-01
6.692150980500956066e+05	1.238045105117218103e+00	2.896685329482376337e-01
6.722770872989305062e+05	1.243709773096021598e+00	2.905614424008239882e-01
6.753522190666999668e+05	1.249398754684266866e+00	2.914573829115634784e-01
6.784405481545474613e+05	1.255112151263862108e+00	2.923563648287834660e-01
6.815421295875345822e+05	1.260850064630963274e+00	2.932583985373677371e-01
6.846570186155335978e+05	1.266612596997626294e+00	2.941634944588785161e-01
6.877852707141401479e+05	1.272399850993493509e+00	2.950716630516887484e-01
6.909269415855841944e+05	1.278211929667480540e+00	2.959829148111065567e-01
6.940820871596399229e+05	1.284048936489459170e+00	2.968972602695033047e-01
6.972507635945521761e+05	1.289910975351969524e+00	2.978147099964442712e-01
7.004330272779513616e+05	1.295798150571916052e+00	2.987352745988140490e-01
7.036289348277664976e+05	1.301710566892253951e+00	2.996589647209449425e-01
7.068385430931804003e+05	1.307648329483756644e+00	3.005857910447482517e-01
7.100619091555404011e+05	1.313611543946701765e+00	3.015157642898449453e-01
7.132990903293105075e+05	1.319600316312631749e+00	3.024488952136946129e-01
7.165501441630012123e+05	1.325614753046073790e+00	3.033851946117273601e-01
7.198151284401136218e+05	1.331654961046287555e+00	3.043246733174760910e-01
7.230941011800898705e+05	1.337721047649021777e+00	3.052673422027066819e-01
7.263871206392713357e+05	1.343813120628289060e+00	3.062132121775496540e-01
7.296942453118347330e+05	1.349931288198095602e+00	3.071622941906371196e-01
7.330155339307712857e+05	1.356075659014253532e+00	3.081145992292291802e-01
7.363510454688372556e+05	1.362246342176139935e+00	3.090701383193583118e-01
7.397008391395284561e+05	1.368443447228499199e+00	3.100289225259521553e-01
7.430649743980431231e+05	1.374667084163223585e+00	3.109909629529759023e-01
7.464435109422660898e+05	1.380917363421175104e+00	3.119562707435656890e-01
7.498365087137228111e+05	1.387194395893950549e+00	3.129248570801639873e-01
7.532440278985969489e+05	1.393498292925762438e+00	3.138967331846584941e-01
7.566661289286949905e+05	1.399829166315225581e+00	3.148719103185139145e-01
7.601028724824407836e+05	1.406187128317194723e+00	3.158503997829116838e-01
7.635543194858633215e+05	1.412572291644594857e+00	3.168322129188916314e-01
7.670205311136003584e+05	1.418984769470274854e+00	3.178173611074857074e-01
7.705015687898979522e+05	1.425424675428858867e+00	3.188058557698582596e-01
7.739974941896331729e+05	1.431892123618637047e+00	3.197977083674454768e-01
7.775083692392909434e+05	1.438387228603373202e+00	3.207929304020932237e-01
7.810342561180009507e+05	1.444910105414223489e+00	3.217915334162027574e-01
7.845752172585548833e+05	1.451460869551616906e+00	3.227935289928680618e-01
7.881313153484243667e+05	1.458039636987140009e+00	3.237989287560159579e-01
7.917026133307748241e+05	1.464646524165412078e+00	3.248077443705491563e-01
7.952891744055177551e+05	1.471281648006031562e+00	3.258199875424916958e-01
7.988910620303323958e+05	1.477945125905465673e+00	3.268356700191281106e-01
8.025083399217078695e+05	1.484637075738979517e+00	3.278548035891483137e-01
8.061410720559769543e+05	1.491357615862548336e+00	3.288774000827915378e-01
8.097893226703791879e+05	1.498106865114822606e+00	3.299034713719916079e-01
8.134531562640954508e+05	1.504884942819044724e+00	3.309330293705217696e-01
8.171326375993102556e+05	1.511691968785012552e+00	3.319660860341385189e-01
8.208278317022696137e+05	1.518528063311036069e+00	3.330026533607314265e-01
8.245388038643518230e+05	1.525393347185919346e+00	3.340427433904664123e-01
8.282656196431164863e+05	1.532287941690900990e+00	3.350863682059339044e-01
8.320083448634000961e+05	1.539211968601681191e+00	3.361335399322973316e-01
8.357670456183699425e+05	1.546165550190370164e+00	3.371842707374417825e-01
8.395417882706298260e+05	1.553148809227535398e+00	3.382385728321210538e-01
8.433326394532803679e+05	1.560161868984162092e+00	3.392964584701090303e-01
8.471396660710126162e+05	1.567204853233677531e+00	3.403579399483456780e-01
8.509629353012082865e+05	1.574277886253984349e+00	3.414230296070943083e-01
8.548025145950436126e+05	1.581381092829506230e+00	3.424917398300836857e-01
8.586584716785824858e+05	1.588514598253204735e+00	3.435640830446743399e-01
8.625308745538810035e+05	1.595678528328629220e+00	3.446400717219860743e-01
8.664197915001024958e+05	1.602873009371974522e+00	3.457197183770795434e-01
8.703252910746283596e+05	1.610098168214138203e+00	3.468030355690893130e-01
8.742474421141864732e+05	1.617354132202807770e+00	3.478900359013843424e-01
8.781863137359687826e+05	1.624641029204529241e+00	3.489807320217201969e-01
8.821419753387592500e+05	1.631958987606791478e+00	3.500751366223964767e-01
8.861144966040779836e+05	1.639308136320144271e+00	3.511732624404141356e-01
8.901039474973012693e+05	1.646688604780270682e+00	3.522751222576253061e-01
8.941103982688133838e+05	1.654100522950118446e+00	3.533807289008915054e-01
8.981339194551632972e+05	1.661544021322036713e+00	3.544900952422501694e-01
9.021745818801949499e+05	1.669019230919871033e+00	3.556032341990568169e-01
9.062324566562207183e+05	1.676526283301131848e+00	3.567201587341520264e-01
9.103076151851682225e+05	1.684065310559117012e+00	3.578408818560280258e-01
9.144001291597634554e+05	1.691636445325099602e+00	3.589654166189659157e-01
9.185100705646807328e+05	1.699239820770457099e+00	3.600937761232183010e-01
9.226375116777387448e+05	1.706875570608882065e+00	3.612259735151637230e-01
9.267825250710493419e+05	1.714543829098508665e+00	3.623620219874581494e-01
9.309451836122339591e+05	1.722244731044162647e+00	3.635019347792050048e-01
9.351255604655902134e+05	1.729978411799519611e+00	3.646457251761194840e-01
9.393237290932970354e+05	1.737745007269334785e+00	3.657934065106855925e-01
9.435397632566099055e+05	1.745544653911653032e+00	3.669449921623214039e-01
9.477737370170577196e+05	1.753377488740025303e+00	3.681004955575442605e-01
9.520257247376539744e+05	1.761243649325745952e+00	3.692599301701432468e-01
9.562958010841177311e+05	1.769143273800116045e+00	3.704233095213226856e-01
9.605840410260779317e+05	1.777076500856666685e+00	3.715906471798927080e-01
9.648905198382992530e+05	1.785043469753429646e+00	3.727619567624231856e-01
9.692153131019155262e+05	1.793044320315218654e+00	3.739372519334088207e-01
9.735584967056529131e+05	1.801079192935892248e+00	3.751165464054425636e-01
9.779201468470757827e+05	1.809148228580658158e+00	3.762998539393830888e-01
9.823003400338145439e+05	1.817251568788345040e+00	3.774871883445239940e-01
9.866991530848281691e+05	1.825389355673738168e+00	3.786785634787522836e-01
9.911166631316476269e+05	1.833561731929881145e+00	3.798739932487448789e-01
9.955529476196302567e+05	1.841768840830393383e+00	3.810734916101063408e-01
1.000008084309228463e+06	1.850010826231820005e+00	3.822770725675703751e-01
1.004482151277245604e+06	1.858287832575953757e+00	3.834847501751446064e-01
1.008975226918117842e+06	1.866600004892207787e+00	3.846965385363080858e-01
1.013487389945191098e+06	1.874947488799975970e+00	3.859124518041648910e-01
1.018018719391995459e+06	1.883330430510991693e+00	3.871325041816378598e-01
1.022569294613538194e+06	1.891748976831721718e+00	3.883567099216133078e-01
1.027139195287588402e+06	1.900203275165738503e+00	3.895850833271493063e-01
1.031728501415976789e+06	1.908693473516129391e+00	3.908176387516337225e-01
1.036337293325910927e+06	1.917219720487926216e+00	3.920543905989601896e-01
1.040965651671258500e+06	1.925782165290482073e+00	3.932953533237057986e-01
1.045613657433882821e+06	1.934380957739938900e+00	3.945405414313175596e-01
1.050281391924949130e+06	1.943016248261648649e+00	3.957899694782779920e-01
1.054968936786246486e+06	1.951688187892613335e+00	3.970436520722989693e-01
1.059676373991525965e+06	1.960396928283965501e+00	3.983016038724829788e-01
1.064403785847811261e+06	1.969142621703390494e+00	3.995638395895174111e-01
1.069151254996780306e+06	1.977925421037681541e+00	4.008303739858532500e-01
1.073918864416061668e+06	1.986745479795140268e+00	4.021012218758802659e-01
1.078706697420617100e+06	1.995602952108133099e+00	4.033763981261170306e-01
1.083514837664075894e+06	2.004497992735561063e+00	4.046559176553898851e-01
1.088343369140116731e+06	2.013430757065413523e+00	4.059397954350135174e-01
1.093192376183820423e+06	2.022401401117273956e+00	4.072280464889780904e-01
1.098061943473030580e+06	2.031410081544835933e+00	4.085206858941377028e-01
1.102952156029745005e+06	2.040456955638476177e+00	4.098177287803927427e-01
1.107863099221510580e+06	2.049542181327835610e+00	4.111191903308717421e-01
1.112794858762775082e+06	2.058665917184321348e+00	4.124250857821235017e-01
1.117747520716325613e+06	2.067828322423766796e+00	4.137354304243055503e-01
1.122721171494627837e+06	2.077029556908908781e+00	4.150502396013696083e-01
1.127715897861293051e+06	2.086269781152103597e+00	4.163695287112494370e-01
1.132731786932449555e+06	2.095549156317861428e+00	4.176933132060537956e-01
1.137768926178165013e+06	2.104867844225479789e+00	4.190216085922452982e-01
1.142827403423893964e+06	2.114226007351719616e+00	4.203544304308530211e-01
1.147907306851843838e+06	2.123623808833333904e+00	4.216917943376481404e-01
1.153008725002475316e+06	2.133061412469843265e+00	4.230337159833372773e-01
1.158131746775904205e+06	2.142538982726128971e+00	4.243802110937574534e-01
1.163276461433343356e+06	2.152056684735099701e+00	4.257312954500753199e-01
1.168442958598559257e+06	2.161614684300386280e+00	4.270869848889695120e-01
1.173631328259349102e+06	2.171213147899078599e+00	4.284472953028382602e-01
1.178841660768957343e+06	2.180852242684338194e+00	4.298122426399855756e-01
1.184074046847580001e+06	2.190532136488188453e+00	4.311818429048214774e-01
1.189328577583827311e+06	2.200252997824216461e+00	4.325561121580608348e-01
1.194605344436190091e+06	2.210014995890287270e+00	4.339350665169212085e-01
1.199904439234529855e+06	2.219818300571300806e+00	4.353187221553141972e-01
1.205225954181596870e+06	2.229663082442000288e+00	4.367070953040579906e-01
1.210569981854465790e+06	2.239549512769624329e+00	4.381002022510657179e-01
1.215936615206107963e+06	2.249477763516824158e+00	4.394980593415469539e-01
1.221325947566855000e+06	2.259448007344362797e+00	4.409006829782144976e-01
1.226738072645912645e+06	2.269460417613919034e+00	4.423080896214858782e-01
1.232173084532906767e+06	2.279515168390948254e+00	4.437202957896850819e-01
1.237631077699400950e+06	2.289612434447489964e+00	4.451373180592427259e-01
1.243112147000415716e+06	2.299752391264975770e+00	4.465591730649045576e-01
1.248616387675975217e+06	2.309935215037093759e+00	4.479858774999370685e-01
1.254143895352652064e+06	2.320161082672645314e+00	4.494174481163297208e-01
1.259694766045122873e+06	2.330430171798422379e+00	4.508539017250006165e-01
1.265269096157702152e+06	2.340742660762045624e+00	4.522952551960165990e-01
1.270866982485944871e+06	2.351098728634928747e+00	4.537415254587821578e-01
1.276488522218191531e+06	2.361498555215137518e+00	4.551927295022603071e-01
1.282133812937134877e+06	2.371942321030288792e+00	4.566488843751770887e-01
1.287802952621419448e+06	2.382430207340507700e+00	4.581100071862356238e-01
1.293496039647242520e+06	2.392962396141390613e+00	4.595761151043229464e-01
1.299213172789889155e+06	2.403539070166844205e+00	4.610472253587278857e-01
1.304954451225409750e+06	2.414160412892191410e+00	4.625233552393485659e-01
1.310719974532175809e+06	2.424826608537046457e+00	4.640045220969053474e-01
1.316509842692508362e+06	2.435537842068328906e+00	4.654907433431588193e-01
1.322324156094297068e+06	2.446294299203258582e+00	4.669820364511193533e-01
1.328163015532627935e+06	2.457096166412366500e+00	4.684784189552707589e-01
1.334026522211435018e+06	2.467943630922551534e+00	4.699799084517748970e-01
1.339914777745084604e+06	2.478836880720013180e+00	4.714865225986990538e-01
1.345827884160081623e+06	2.489776104553401037e+00	4.729982791162319344e-01
1.351765943896694807e+06	2.500761491936830616e+00	4.745151957869007675e-01
1.357729059810606996e+06	2.511793233152928462e+00	4.760372904557905738e-01
1.363717335174601525e+06	2.522871519255958095e+00	4.775645810307614925e-01
1.369730873680220684e+06	2.533996542074885117e+00	4.790970854826728798e-01
1.375769779439441161e+06	2.545168494216475619e+00	4.806348218456075738e-01
1.381834156986387214e+06	2.556387569068469201e+00	4.821778082170967705e-01
1.387924111278975150e+06	2.567653960802617430e+00	4.837260627583314099e-01
1.394039747700660722e+06	2.578967864377919472e+00	4.852796036943968216e-01
1.400181172062110389e+06	2.590329475543712068e+00	4.868384493144969904e-01
1.406348490602930542e+06	2.601738990842869192e+00	4.884026179721760452e-01
1.412541809993385104e+06	2.613196607614980849e+00	4.899721280855513506e-01
1.418761237336116843e+06	2.624702523999534964e+00	4.915469981375296116e-01
1.425006880167881493e+06	2.636256938939126826e+00	4.931272466760481255e-01
1.431278846461283509e+06	2.647860052182671620e+00	4.947128923142965484e-01
1.437577244626531843e+06	2.659512064288650279e+00	4.963039537309469895e-01
1.443902183513189666e+06	2.671213176628346009e+00	4.979004496703898774e-01
1.450253772411941318e+06	2.682963591389117219e+00	4.995023989429590028e-01
1.456632121056325966e+06	2.694763511577601189e+00	5.011098204251670518e-01
1.463037339624573942e+06	2.706613141023111346e+00	5.027227330599438604e-01
1.469469538741327124e+06	2.718512684380820499e+00	5.043411558568563491e-01
1.475928829479468521e+06	2.730462347135148793e+00	5.059651078923597112e-01
1.482415323361894349e+06	2.742462335603034873e+00	5.075946083100251194e-01
1.488929132363333600e+06	2.754512856937310517e+00	5.092296763207699861e-01
1.495470368912143866e+06	2.766614119130015759e+00	5.108703312031113164e-01
1.502039145892130444e+06	2.778766331015769087e+00	5.125165923033885296e-01
1.508635576644395711e+06	2.790969702275184705e+00	5.141684790360115942e-01
1.515259774969122140e+06	2.803224443438176117e+00	5.158260108837009472e-01
1.521911855127461720e+06	2.815530765887446663e+00	5.174892073977217510e-01
1.528591931843361119e+06	2.827888881861868153e+00	5.191580881981370243e-01
1.535300120305381250e+06	2.840299004459848842e+00	5.208326729740360150e-01
1.542036536168633029e+06	2.852761347642910561e+00	5.225129814837852216e-01
1.548801295556579717e+06	2.865276126239026055e+00	5.241990335552731972e-01
1.555594515062946128e+06	2.877843555946152154e+00	5.258908490861575746e-01
1.562416311753585935e+06	2.890463853335678124e+00	5.275884480441050961e-01
1.569266803168396233e+06	2.903137235855975717e+00	5.292918504670456326e-01
1.576146107323169243e+06	2.915863921835819550e+00	5.310010764634058855e-01
1.583054342711535748e+06	2.928644130487982888e+00	5.327161462123832791e-01
1.589991628306894796e+06	2.941478081912809905e+00	5.344370799641713354e-01
1.596958083564291243e+06	2.954365997101687125e+00	5.361638980402194665e-01
1.603953828422356397e+06	2.967308097940632994e+00	5.378966208334875487e-01
1.610978983305254718e+06	2.980304607213903889e+00	5.396352688086939464e-01
1.618033669124620035e+06	2.993355748607569478e+00	5.413798625025686428e-01
1.625118007281518076e+06	3.006461746713146699e+00	5.431304225241077033e-01
1.632232119668392930e+06	3.019622827031203549e+00	5.448869695548355097e-01
1.639376128671048442e+06	3.032839215975019709e+00	5.466495243490478995e-01
1.646550157170599559e+06	3.046111140874196987e+00	5.484181077340747335e-01
1.653754328545480035e+06	3.059438829978379015e+00	5.501927406105419083e-01
1.660988766673417995e+06	3.072822512460898103e+00	5.519734439526211567e-01
1.668253595933435252e+06	3.086262418422481613e+00	5.537602388083034954e-01
1.675548941207870608e+06	3.099758778894988520e+00	5.555531462996432523e-01
1.682874927884355420e+06	3.113311825845069603e+00	5.573521876230294048e-01
1.690231681857881136e+06	3.126921792177988380e+00	5.591573840494482583e-01
1.697619329532796750e+06	3.140588911741318601e+00	5.609687569247410188e-01
1.705037997824887279e+06	3.154313419328788282e+00	5.627863276698756856e-01
1.712487814163357485e+06	3.168095550683949213e+00	5.646101177812066219e-01
1.719968906492947368e+06	3.181935542504095604e+00	5.664401488307392318e-01
1.727481403275956633e+06	3.195833632443998873e+00	5.682764424664030756e-01
1.735025433494327590e+06	3.209790059119772554e+00	5.701190204123146588e-01
1.742601126651745522e+06	3.223805062112750086e+00	5.719679044690532121e-01
1.750208612775676185e+06	3.237878881973258238e+00	5.738231165139191514e-01
1.757848022419508779e+06	3.252011760224579273e+00	5.756846785012158518e-01
1.765519486664651427e+06	3.266203939366828735e+00	5.775526124625182112e-01
1.773223137122614076e+06	3.280455662880809253e+00	5.794269405069435441e-01
1.780959105937162181e+06	3.294767175231993583e+00	5.813076848214278058e-01
1.788727525786430808e+06	3.309138721874434808e+00	5.831948676709958201e-01
1.796528529885053635e+06	3.323570549254709405e+00	5.850885113990509367e-01
1.804362251986351097e+06	3.338062904815961573e+00	5.869886384276307156e-01
1.812228826384421671e+06	3.352616037001769911e+00	5.888952712577002480e-01
1.820128387916349107e+06	3.367230195260237924e+00	5.908084324694230505e-01
1.828061071964375675e+06	3.381905630048009037e+00	5.927281447224490574e-01
1.836027014458039543e+06	3.396642592834219432e+00	5.946544307561901777e-01
1.844026351876426255e+06	3.411441336104669375e+00	5.965873133900998493e-01
1.852059221250308910e+06	3.426302113365778279e+00	5.985268155239589216e-01
1.860125760164396372e+06	3.441225179148742708e+00	6.004729601381614268e-01
1.868226106759514660e+06	3.456210789013577145e+00	6.024257702939892489e-01
1.876360399734862847e+06	3.471259199553280439e+00	6.043852691339204330e-01
1.884528778350231005e+06	3.486370668397945849e+00	6.063514798818827600e-01
1.892731382428227691e+06	3.501545454218877751e+00	6.083244258435706042e-01
1.900968352356545627e+06	3.516783816732782508e+00	6.103041304067288175e-01
1.909239829090240411e+06	3.532086016705988207e+00	6.122906170414238458e-01
1.917545954153932398e+06	3.547452315958514735e+00	6.142839093003560347e-01
1.925886869644178078e+06	3.562882977368461823e+00	6.162840308191398497e-01
1.934262718231684528e+06	3.578378264876103554e+00	6.182910053166031927e-01
1.942673643163629109e+06	3.593938443488185808e+00	6.203048565950791682e-01
1.951119788265972165e+06	3.609563779282197515e+00	6.223256085407027349e-01
1.959601297945738770e+06	3.625254539410597054e+00	6.243532851236995862e-01
1.968118317193385679e+06	3.641010992105188304e+00	6.263879103986915720e-01
1.976670991585109849e+06	3.656833406681393672e+00	6.284295085049985685e-01
1.985259467285183724e+06	3.672722053542571530e+00	6.304781036669206973e-01
1.993883891048312886e+06	3.688677204184379832e+00	6.325337201940556264e-01
2.002544410222009290e+06	3.704699131199165496e+00	6.345963824815975540e-01
2.011241172748926561e+06	3.720788108280288053e+00	6.366661150106279754e-01
2.019974327169287251e+06	3.736944410226603175e+00	6.387429423484344282e-01
2.028744022623221623e+06	3.753168312946797869e+00	6.408268891488100305e-01
2.037550408853189554e+06	3.769460093463862904e+00	6.429179801523537963e-01
2.046393636206391733e+06	3.785820029919560792e+00	6.450162401867840511e-01
2.055273855637172237e+06	3.802248401578864012e+00	6.471216941672406353e-01
2.064191218709460925e+06	3.818745488834478063e+00	6.492343670966026492e-01
2.073145877599187661e+06	3.835311573211305891e+00	6.513542840657897681e-01
2.082137985096763587e+06	3.851946937371039326e+00	6.534814702540840958e-01
2.091167694609478349e+06	3.868651865116591093e+00	6.556159509294287036e-01
2.100235160164029337e+06	3.885426641396778180e+00	6.577577514487478183e-01
2.109340536408955231e+06	3.902271552310821789e+00	6.599068972582706749e-01
2.118483978617121000e+06	3.919186885112941443e+00	6.620634138938344959e-01
2.127665642688222695e+06	3.936172928216994826e+00	6.642273269812046799e-01
2.136885685151313897e+06	3.953229971201148718e+00	6.663986622363894385e-01
2.146144263167286757e+06	3.970358304812465544e+00	6.685774454659754173e-01
2.155441534531390760e+06	3.987558220971570755e+00	6.707637025674312303e-01
2.164777657675799914e+06	4.004830012777397030e+00	6.729574595294218753e-01
2.174152791672134306e+06	4.022173974511845884e+00	6.751587424321706665e-01
2.183567096234020777e+06	4.039590401644533202e+00	6.773675774477201372e-01
2.193020731719636824e+06	4.057079590837490812e+00	6.795839908403267238e-01
2.202513859134324826e+06	4.074641839950002620e+00	6.818080089667347687e-01
2.212046640133147594e+06	4.092277448043329713e+00	6.840396582765240208e-01
2.221619237023498863e+06	4.109986715385549161e+00	6.862789653124375944e-01
2.231231812767692376e+06	4.127769943456331525e+00	6.885259567107115952e-01
2.240884530985566322e+06	4.145627434951771662e+00	6.907806592013996383e-01
2.250577555957159027e+06	4.163559493789324328e+00	6.930430996087137974e-01
2.260311052625290584e+06	4.181566425112596797e+00	6.953133048513499004e-01
2.270085186598255299e+06	4.199648535296311991e+00	6.975913019428305883e-01
2.279900124152440112e+06	4.217806131951171267e+00	6.998771179918337193e-01
2.289756032235021237e+06	4.236039523928824657e+00	7.021707802025184408e-01
2.299653078466610983e+06	4.254349021326785163e+00	7.044723158748955605e-01
2.309591431143977214e+06	4.272734935493442521e+00	7.067817524051379641e-01
2.319571259242713451e+06	4.291197579033017462e+00	7.090991172859300029e-01
2.329592732420005370e+06	4.309737265810672291e+00	7.114244381068017820e-01
2.339656021017245017e+06	4.328354310957347906e+00	7.137577425545008625e-01
2.349761296062900685e+06	4.347049030875072440e+00	7.160990584132863601e-01
2.359908729275142308e+06	4.365821743241822261e+00	7.184484135653244063e-01
2.370098493064664304e+06	4.384672767016740025e+00	7.208058359909976787e-01
2.380330760537422728e+06	4.403602422445199949e+00	7.231713537692783245e-01
