0.000000000000000000e+00
3.706856885438202880e+03
7.427454558843863197e+03
1.116184395535115618e+04
1.491007619891257491e+04
1.867220260296855122e+04
2.244827467119158246e+04
2.623834409815748222e+04
3.004246277007553726e+04
3.386068276548723225e+04
3.769305635597754735e+04
4.153963600689521991e+04
4.540047437807987444e+04
4.927562432456784882e+04
5.316513889731955715e+04
5.706907134394138120e+04
6.098747510943328962e+04
6.492040383690572344e+04
6.886791136830882169e+04
7.283005174518632703e+04
7.680687920940807089e+04
8.079844820389011875e+04
8.480481337338616140e+04
8.882602956520044245e+04
9.286215182993886992e+04
9.691323542227828875e+04
1.009793358017278370e+05
1.050605086333684158e+05
1.091568097886219621e+05
1.132682953460167628e+05
1.173950215919553302e+05
1.215370450214911252e+05
1.256944223391010892e+05
1.298672104594500270e+05
1.340554665081691928e+05
1.382592478226574603e+05
1.424786119528557174e+05
1.467136166620361619e+05
1.509643199275846127e+05
1.552307799417995848e+05
1.595130551126892678e+05
1.638112040647880640e+05
1.681252856399279553e+05
1.724553588980527129e+05
1.768014831180465408e+05
1.811637177985333838e+05
1.855421226586855482e+05
1.899367576390341856e+05
1.943476829023216851e+05
1.987749588342912029e+05
2.032186460445332341e+05
2.076788053673056420e+05
2.121554978623748757e+05
2.166487848158485722e+05
2.211587277410009410e+05
2.256853883791372646e+05
2.302288287004197482e+05
2.347891109047478531e+05
2.393662974225711077e+05
2.439604509157468565e+05
2.485716342784296721e+05
2.531999106379104778e+05
2.578453433554789517e+05
2.625079960273129400e+05
2.671879324853005819e+05
2.718852167979748920e+05
2.765999132713456638e+05
2.813320864497961011e+05
2.860818011169810779e+05
2.908491222966783680e+05
2.956341152537141461e+05
3.004368454948475119e+05
3.052573787696368527e+05
3.100957810713918880e+05
3.149521186380363069e+05
3.198264579530195333e+05
3.247188657462585252e+05
3.296294089950118214e+05
3.345581549248204101e+05
3.395051710104127415e+05
3.444705249766469933e+05
3.494542847994146869e+05
3.544565187065990176e+05
3.594772951789845247e+05
3.645166829512070399e+05
3.695747510126926936e+05
3.746515686085983180e+05
3.797472052407616284e+05
3.848617306686637457e+05
3.899952149103651755e+05
3.951477282434694935e+05
4.003193412061040290e+05
4.055101245978532825e+05
4.107201494807691779e+05
4.159494871802844573e+05
4.211982092862636782e+05
4.264663876539226621e+05
4.317540944048319943e+05
4.370614019279205240e+05
4.423883828804430086e+05
4.477351101889873389e+05
4.531016570504675619e+05
4.584880969331306405e+05
4.638945035775683355e+05
4.693209509976992849e+05
4.747675134818130173e+05
4.802342655935739167e+05
4.857212821730400901e+05
4.912286383376887534e+05
4.967564094834565185e+05
5.023046712857631501e+05
5.078734997005301993e+05
5.134629709652536549e+05
5.190731616000167560e+05
5.247041484085714910e+05
5.303560084793441929e+05
5.360288191865370609e+05
5.417226581911602989e+05
5.474376034420996439e+05
5.531737331771906465e+05
5.589311259242896922e+05
5.647098605023331475e+05
5.705100160224353895e+05
5.763316718889644835e+05
5.821749078006253112e+05
5.880398037515575998e+05
5.939264400324320886e+05
5.998348972315322608e+05
6.057652562358858995e+05
6.117175982323435601e+05
6.176920047087196726e+05
6.236885574548782315e+05
6.297073385638699401e+05
6.357484304330658633e+05
6.418119157652470749e+05
6.478978775697785895e+05
6.540063991637309082e+05
6.601375641730176285e+05
6.662914565335242078e+05
6.724681604923114646e+05
6.786677606086963788e+05
6.848903417554518674e+05
6.911359891199772246e+05
6.974047882054420188e+05
7.036968248319632839e+05
7.100121851377831772e+05
7.163509555804354604e+05
7.227132229379403871e+05
7.290990743100063410e+05
7.355085971191949211e+05
7.419418791121558752e+05
7.483990083607549313e+05
7.548800732633653097e+05
7.613851625460428186e+05
7.679143652637242340e+05
7.744677708014512900e+05
7.810454688756116666e+05
7.876475495351743884e+05
7.942741031628949568e+05
8.009252204765521456e+05
8.076009925302246120e+05
8.143015107154843863e+05
8.210268667627242394e+05
8.277771527423218358e+05
8.345524610659899190e+05
8.413528844879784156e+05
8.481785161063519772e+05
8.550294493642798625e+05
8.619057780513325706e+05
8.688075963047184050e+05
8.757349986106236465e+05
8.826880798054656480e+05
8.896669350771969184e+05
8.966716599666536786e+05
9.037023503687987104e+05
9.107591025340643246e+05
9.178420130696892738e+05
9.249511789410000201e+05
9.320866974727748893e+05
9.392486663505495526e+05
9.464371836219632532e+05
9.536523476981213316e+05
9.608942573549179360e+05
9.681630117343910970e+05
9.754587103460754734e+05
9.827814530684018973e+05
9.901313401500089094e+05
9.975084722111457959e+05
1.004912950245058630e+06
1.012344875619353727e+06
1.019804350077396957e+06
1.027291475739698391e+06
1.034806355105316499e+06
1.042349091053238371e+06
1.049919786843847251e+06
1.057518546120284591e+06
1.065145472909861244e+06
1.072800671625519637e+06
1.080484247067248914e+06
1.088196304423515452e+06
1.095936949272692436e+06
1.103706287584531587e+06
1.111504425721583422e+06
1.119331470440686680e+06
1.127187528894386254e+06
1.135072708632461727e+06
1.142987117603346240e+06
1.150930864155610092e+06
1.158904057039476000e+06
1.166906805408287793e+06
1.174939218819984701e+06
1.183001407238654327e+06
1.191093481035972014e+06
1.199215550992754288e+06
1.207367728300489485e+06
1.215550124562802259e+06
1.223762851797039155e+06
1.232006022435774095e+06
1.240279749328355305e+06
1.248584145742426626e+06
1.256919325365529396e+06
1.265285402306616306e+06
1.273682491097602993e+06
1.282110706694999710e+06
1.290570164481417276e+06
1.299060980267173611e+06
1.307583270291889086e+06
1.316137151226059534e+06
1.324722740172674879e+06
1.333340154668791685e+06
1.341989512687169015e+06
1.350670932637869846e+06
1.359384533369884826e+06
1.368130434172769543e+06
1.376908754778261762e+06
1.385719615361937322e+06
1.394563136544835754e+06
1.403439439395126421e+06
1.412348645429750439e+06
1.421290876616105437e+06
1.430266255373701453e+06
1.439274904575848952e+06
1.448316947551318910e+06
1.457392508086052723e+06
1.466501710424848367e+06
1.475644679273057729e+06
1.484821539798283484e+06
1.494032417632134631e+06
1.503277438871901948e+06
1.512556730082311202e+06
1.521870418297243305e+06
1.531218631021454930e+06
1.540601496232377365e+06
1.550019142381808255e+06
1.559471698397709522e+06
1.568959293685963843e+06
1.578482058132140897e+06
1.588040122103266418e+06
1.597633616449633148e+06
1.607262672506578732e+06
1.616927422096273862e+06
1.626627997529530898e+06
1.636364531607621815e+06
1.646137157624101266e+06
1.655946009366620332e+06
1.665791221118757967e+06
1.675672927661863621e+06
1.685591264276906848e+06
1.695546366746325511e+06
1.705538371355876792e+06
1.715567414896518458e+06
1.725633634666258004e+06
1.735737168472062331e+06
1.745878154631724581e+06
1.756056731975756120e+06
1.766273039849298075e+06
1.776527218114021234e+06
1.786819407150049228e+06
1.797149747857877519e+06
1.807518381660281215e+06
1.817925450504287612e+06
1.828371096863103099e+06
1.838855463738043327e+06
1.849378694660524838e+06
1.859940933694014326e+06
1.870542325435983483e+06
1.881183015019926243e+06
1.891863148117315955e+06
1.902582870939615183e+06
1.913342330240271054e+06
1.924141673316719476e+06
1.934981048012403771e+06
1.945860602718815673e+06
1.956780486377503257e+06
1.967740848482117523e+06
1.978741839080458041e+06
1.989783608776553534e+06
2.000866308732669335e+06
2.011990090671425685e+06
2.023155106877857819e+06
2.034361510201490484e+06
2.045609454058444593e+06
2.056899092433528975e+06
2.068230579882356338e+06
2.079604071533455979e+06
2.091019723090400919e+06
2.102477690833918285e+06
2.113978131624056958e+06
2.125521202902324498e+06
2.137107062693837564e+06
2.148735869609490037e+06
2.160407782848125789e+06
2.172122962198720779e+06
2.183881568042559549e+06
2.195683761355426628e+06
2.207529703709835652e+06
2.219419557277231943e+06
2.231353484830191359e+06
2.243331649744666182e+06
2.255354216002228204e+06
2.267421348192306701e+06
2.279533211514429189e+06
2.291689971780504566e+06
2.303891795417077839e+06
2.316138849467613734e+06
2.328431301594771445e+06
2.340769320082740858e+06
2.353153073839489836e+06
2.365582732399133500e+06
2.378058465924184304e+06
2.390580445207952522e+06
2.403148841676851735e+06
2.415763827392741106e+06
2.428425575055284426e+06
2.441134258004323579e+06
2.453890050222272519e+06
2.466693126336425543e+06
2.479543661621427163e+06
2.492441832001627423e+06
2.505387814053521026e+06
2.518381785008123610e+06
2.531423922753420193e+06
2.544514405836818274e+06
2.557653413467571139e+06
2.570841125519224908e+06
2.584077722532111220e+06
2.597363385715768207e+06
2.610698296951482072e+06
2.624082638794719707e+06
2.637516594477666542e+06
2.651000347911731340e+06
2.664534083690055180e+06
2.678117987090047449e+06
2.691752244075875264e+06
2.705437041301107034e+06
2.719172566111148801e+06
2.732959006545909215e+06
2.746796551342326682e+06
2.760685389936940745e+06
2.774625712468526792e+06
2.788617709780678153e+06
2.802661573424399830e+06
2.816757495660779532e+06
2.830905669463542290e+06
2.845106288521799725e+06
2.859359547242581844e+06
2.873665640753603540e+06
2.888024764905854594e+06
2.902437116276344750e+06
2.916902892170731444e+06
2.931422290626101196e+06
2.945995510413598269e+06
2.960622751041209325e+06
2.975304212756474968e+06
2.990040096549173351e+06
3.004830604154171888e+06
3.019675938054129947e+06
3.034576301482262556e+06
3.049531898425165564e+06
3.064542933625581674e+06
3.079609612585177645e+06
3.094732141567424405e+06
3.109910727600351442e+06
3.125145578479415737e+06
3.140436902770361397e+06
3.155784909812037367e+06
3.171189809719294310e+06
3.186651813385857735e+06
3.202171132487167604e+06
3.217747979483341798e+06
3.233382567622049712e+06
3.249075110941464081e+06
3.264825824273131788e+06
3.280634923244954087e+06
3.296502624284148216e+06
3.312429144620209001e+06
3.328414702287841588e+06
3.344459516129970551e+06
3.360563805800768547e+06
3.376727791768616997e+06
3.392951695319140330e+06
3.409235738558247685e+06
3.425580144415153190e+06
3.441985136645453982e+06
3.458450939834162593e+06
3.474977779398807324e+06
3.491565881592473947e+06
3.508215473506972194e+06
3.524926783075896092e+06
3.541700039077757858e+06
3.558535471139131114e+06
3.575433309737747535e+06
3.592393786205728538e+06
3.609417132732682861e+06
3.626503582368929870e+06
3.643653369028652087e+06
3.660866727493128739e+06
3.678143893413956277e+06
3.695485103316247463e+06
3.712890594601862133e+06
3.730360605552683584e+06
3.747895375333894044e+06
3.765495143997204490e+06
3.783160152484169230e+06
3.800890642629480921e+06
3.818686857164258137e+06
3.836549039719427004e+06
3.854477434828981757e+06
3.872472287933398969e+06
3.890533845382943749e+06
3.908662354441088624e+06
3.926858063287846744e+06
3.945121221023223363e+06
3.963452077670608647e+06
3.981850884180158377e+06
4.000317892432314344e+06
4.018853355241160840e+06
4.037457526357947849e+06
4.056130660474522971e+06
4.074873013226880692e+06
4.093684841198606417e+06
4.112566401924359612e+06
4.131517953893495724e+06
4.150539756553533487e+06
4.169632070313742384e+06
4.188795156548663974e+06
4.208029277601733804e+06
4.227334696788872592e+06
4.246711678402052261e+06
4.266160487712948583e+06
4.285681390976546332e+06
4.305274655434817076e+06
4.324940549320360646e+06
4.344679341860049404e+06
4.364491303278776817e+06
4.384376704803105444e+06
4.404335818664995953e+06
4.424368918105533347e+06
4.444476277378663421e+06
4.464658171754968353e+06
4.484914877525389194e+06
4.505246672005075030e+06
4.525653833537115715e+06
4.546136641496403143e+06
4.566695376293405890e+06
4.587330319378047250e+06
4.608041753243538551e+06
4.628829961430266500e+06
4.649695228529641405e+06
4.670637840188027360e+06
4.691658083110640757e+06
4.712756245065461844e+06
4.733932614887200296e+06
4.755187482481217012e+06
4.776521138827521354e+06
4.797933875984741375e+06
4.819425987094141543e+06
4.840997766383592971e+06
4.862649509171616286e+06
4.884381511871479452e+06
4.906194071995183825e+06
4.928087488157575950e+06
4.950062060080418363e+06
4.972118088596496731e+06
4.994255875653734431e+06
5.016475724319361150e+06
5.038777938784004189e+06
5.061162824365898967e+06
5.083630687515038997e+06
5.106181835817400366e+06
5.128816577999108471e+06
5.151535223930727690e+06
5.174338084631452337e+06
5.197225472273360007e+06
5.220197700185737573e+06
5.243255082859331742e+06
5.266397935950654559e+06
5.289626576286294498e+06
5.312941321867304854e+06
5.336342491873509251e+06
5.359830406667884439e+06
5.383405387800926343e+06
5.407067758015112951e+06
5.430817841249245219e+06
5.454655962642946281e+06
5.478582448541072197e+06
5.502597626498184167e+06
5.526701825283070095e+06
5.550895374883184209e+06
5.575178606509231031e+06
5.599551852599617094e+06
5.624015446825079620e+06
5.648569724093265831e+06
5.673215020553193986e+06
5.697951673600000329e+06
5.722780021879489534e+06
5.747700405292727053e+06
5.772713165000827983e+06
5.797818643429472111e+06
5.823017184273690917e+06
5.848309132502522320e+06
5.873694834363808855e+06
5.899174637388828211e+06
5.924748890397128649e+06
5.950417943501302972e+06
5.976182148111697286e+06
6.002041856941361912e+06
6.027997424010749906e+06
6.054049204652626067e+06
6.080197555516966619e+06
6.106442834575751796e+06
6.132785401127922349e+06
6.159225615804301575e+06
6.185763840572483838e+06
6.212400438741884194e+06
6.239135774968603626e+06
6.265970215260530822e+06
6.292904126982199959e+06
6.319937878859979101e+06
6.347071840987043455e+06
6.374306384828467853e+06
6.401641883226245642e+06
6.429078710404469632e+06
6.456617241974454373e+06
6.484257854939783923e+06
6.512000927701598965e+06
6.539846840063708834e+06
6.567795973237785511e+06
6.595848709848605096e+06
6.624005433939276263e+06
6.652266530976534821e+06
6.680632387855923735e+06
6.709103392907199450e+06
6.737679935899576172e+06
6.766362408047118224e+06
6.795151202014026232e+06
6.824046711920076981e+06
6.853049333345975727e+06
6.882159463338811882e+06
6.911377500417445786e+06
6.940703844577993266e+06
6.970138897299313918e+06
6.999683061548504047e+06
7.029336741786345840e+06
7.059100343972967938e+06
7.088974275573281571e+06
7.118958945562623441e+06
7.149054764432396740e+06
7.179262144195561297e+06
7.209581498392391019e+06
7.240013242096096277e+06
7.270557791918477044e+06
7.301215566015676595e+06
7.331986984093878418e+06
7.362872467415065505e+06
7.393872438802769408e+06
7.424987322647862136e+06
7.456217544914362952e+06
7.487563533145310357e+06
7.519025716468539089e+06
7.550604525602657348e+06
7.582300392862858251e+06
7.614113752166828141e+06
7.646045039040796459e+06
7.678094690625386313e+06
7.710263145681627095e+06
7.742550844596982002e+06
7.774958229391373694e+06
7.807485743723224849e+06
7.840133832895550877e+06
7.872902943862009794e+06
7.905793525233082473e+06
7.938806027282180265e+06
7.971940901951795444e+06
8.005198602859728038e+06
8.038579585305262357e+06
8.072084306275423616e+06
8.105713224451206625e+06
8.139466800213888288e+06
8.173345495651280507e+06
8.207349774564135820e+06
8.241480102472404018e+06
8.275736946621680632e+06
8.310120775989577174e+06
8.344632061292098835e+06
8.379271274990186095e+06
8.414038891296062618e+06
8.448935386179830879e+06
8.483961237375935540e+06
8.519116924389706925e+06
8.554402928503949195e+06
8.589819732785496861e+06
8.625367822091871873e+06
8.661047683077847585e+06
8.696859804202191532e+06
8.732804675734296441e+06
8.768882789760945365e+06
8.805094640192989260e+06
8.841440722772125155e+06
8.877921535077748820e+06
8.914537576533639804e+06
8.951289348414916545e+06
8.988177353854836896e+06
9.025202097851715982e+06
9.062364087275816128e+06
9.099663830876281485e+06
9.137101839288135991e+06
9.174678625039245933e+06
9.212394702557343990e+06
9.250250588177086785e+06
9.288246800147088245e+06
9.326383858637049794e+06
9.364662285744868219e+06
9.403082605503777042e+06
9.441645343889527023e+06
9.480351028827590868e+06
9.519200190200362355e+06
9.558193359854459763e+06
9.597331071607984602e+06
9.636613861257789657e+06
9.676042266586896032e+06
9.715616827371759340e+06
9.755338085389772430e+06
9.795206584426555783e+06
9.835222870283497497e+06
9.875387490785207599e+06
9.915700995786972344e+06
9.956163937182333320e+06
9.996776868910599500e+06
1.003754034696448781e+07
1.007845492939766124e+07
1.011952117633245327e+07
1.016073964996744506e+07
1.020211091458524577e+07
1.024363553656014986e+07
1.028531408436593041e+07
1.032714712858362123e+07
1.036913524190930836e+07
1.041127899916198850e+07
1.045357897729140706e+07
1.049603575538600795e+07
1.053864991468082741e+07
1.058142203856544755e+07
1.062435271259197779e+07
1.066744252448312938e+07
1.071069206414018758e+07
1.075410192365110852e+07
1.079767269729864225e+07
1.084140498156847805e+07
1.088529937515738234e+07
1.092935647898138687e+07
1.097357689618405513e+07
1.101796123214470409e+07
1.106251009448672459e+07
1.110722409308584407e+07
1.115210384007854387e+07
1.119714994987040758e+07
1.124236303914450482e+07
1.128774372686989047e+07
1.133329263431004435e+07
1.137901038503136113e+07
1.142489760491172597e+07
1.147095492214904912e+07
1.151718296726990305e+07
1.156358237313810922e+07
1.161015377496344037e+07
1.165689781031028926e+07
1.170381511910640635e+07
1.175090634365168586e+07
1.179817212862691469e+07
1.184561312110261992e+07
1.189322997054793872e+07
1.194102332883948088e+07
1.198899385027028248e+07
1.203714219155875593e+07
1.208546901185765490e+07
1.213397497276312299e+07
1.218266073832375370e+07
1.223152697504969686e+07
1.228057435192168318e+07
1.232980354040035233e+07
1.237921521443530172e+07
1.242881005047436990e+07
1.247858872747285105e+07
1.252855192690294050e+07
1.257870033276284114e+07
1.262903463158630580e+07
1.267955551245192997e+07
1.273026366699267551e+07
1.278115978940522671e+07
1.283224457645955682e+07
1.288351872750852630e+07
1.293498294449734688e+07
1.298663793197327852e+07
1.303848439709518664e+07
1.309052304964332096e+07
1.314275460202895664e+07
1.319517976930419356e+07
1.324779926917170174e+07
1.330061382199461944e+07
1.335362415080631338e+07
1.340683098132033460e+07
1.346023504194043018e+07
1.351383706377033517e+07
1.356763778062392958e+07
1.362163792903524637e+07
1.367583824826851487e+07
1.373023948032831587e+07
1.378484236996975914e+07
1.383964766470861807e+07
1.389465611483164504e+07
1.394986847340676002e+07
1.400528549629342556e+07
1.406090794215293787e+07
1.411673657245888375e+07
1.417277215150746889e+07
1.422901544642808288e+07
1.428546722719371878e+07
1.434212826663158461e+07
1.439899934043363668e+07
1.445608122716718167e+07
1.451337470828559063e+07
1.457088056813898496e+07
1.462859959398491867e+07
1.468653257599924877e+07
1.474468030728684179e+07
1.480304358389253728e+07
1.486162320481196046e+07
1.492041997200253792e+07
1.497943469039440900e+07
1.503866816790149920e+07
1.509812121543252841e+07
1.515779464690215513e+07
1.521768927924209274e+07
1.527780593241232261e+07
1.533814542941228300e+07
1.539870859629217163e+07
1.545949626216421090e+07
1.552050925921402313e+07
1.558174842271207273e+07
1.564321459102497250e+07
1.570490860562711768e+07
1.576683131111208349e+07
1.582898355520422757e+07
1.589136618877033144e+07
1.595398006583119556e+07
1.601682604357336834e+07
1.607990498236085474e+07
1.614321774574691057e+07
1.620676520048586279e+07
1.627054821654495224e+07
1.633456766711629555e+07
1.639882442862878367e+07
1.646331938076012209e+07
1.652805340644884482e+07
1.659302739190641791e+07
1.665824222662934288e+07
1.672369880341138691e+07
1.678939801835577562e+07
1.685534077088745683e+07
1.692152796376539394e+07
1.698796050309498981e+07
1.705463929834040999e+07
1.712156526233710721e+07
1.718873931130423769e+07
1.725616236485731602e+07
1.732383534602068365e+07
1.739175918124022707e+07
1.745993480039603636e+07
1.752836313681513071e+07
1.759704512728424743e+07
1.766598171206262708e+07
1.773517383489496633e+07
1.780462244302423671e+07
1.787432848720473424e+07
1.794429292171505839e+07
1.801451670437118784e+07
1.808500079653955624e+07
1.815574616315029189e+07
1.822675377271036431e+07
1.829802459731684625e+07
1.836955961267024279e+07
1.844135979808786139e+07
1.851342613651717082e+07
1.858575961454929784e+07
1.865836122243250161e+07
1.873123195408581197e+07
1.880437280711245909e+07
1.887778478281376883e+07
1.895146888620266691e+07
1.902542612601755932e+07
1.909965751473608986e+07
1.917416406858900189e+07
1.924894680757408217e+07
1.932400675547005981e+07
1.939934493985072523e+07
1.947496239209889248e+07
1.955086014742058888e+07
1.962703924485918134e+07
1.970350072730962932e+07
1.978024564153277501e+07
1.985727503816964105e+07
1.993458997175580263e+07
2.001219150073586032e+07
2.009008068747796118e+07
2.016825859828822315e+07
2.024672630342546105e+07
2.032548487711576745e+07
2.040453539756723493e+07
2.048387894698473439e+07
2.056351661158470064e+07
2.064344948161002249e+07
2.072367865134498477e+07
2.080420521913018450e+07
2.088503028737762943e+07
2.096615496258582175e+07
2.104758035535489023e+07
2.112930758040178940e+07
2.121133775657558814e+07
2.129367200687275082e+07
2.137631145845252648e+07
2.145925724265238643e+07
2.154251049500354007e+07
2.162607235524639860e+07
2.170994396734624356e+07
2.179412647950890288e+07
2.187862104419640824e+07
2.196342881814279035e+07
2.204855096236997098e+07
2.213398864220358431e+07
2.221974302728894725e+07
2.230581529160712287e+07
2.239220661349093169e+07
2.247891817564110830e+07
2.256595116514248773e+07
2.265330677348024398e+07
2.274098619655625895e+07
2.282899063470539451e+07
2.291732129271204397e+07
2.300597937982651964e+07
2.309496610978166014e+07
2.318428270080944896e+07
2.327393037565767020e+07
2.336391036160666123e+07
2.345422389048611373e+07
2.354487219869193807e+07
2.363585652720317990e+07
2.372717812159903347e+07
2.381883823207585514e+07
2.391083811346432194e+07
2.400317902524655312e+07
2.409586223157344759e+07
2.418888900128187239e+07
2.428226060791210830e+07
2.437597832972528413e+07
2.447004344972084090e+07
2.456445725565415621e+07
2.465922104005406424e+07
2.475433610024065524e+07
2.484980373834300414e+07
2.494562526131698862e+07
2.504180198096318915e+07
2.513833521394482255e+07
2.523522628180579096e+07
2.533247651098880917e+07
2.543008723285346106e+07
2.552805978369455040e+07
2.562639550476032495e+07
2.572509574227080122e+07
2.582416184743629396e+07
2.592359517647581175e+07
2.602339709063572809e+07
2.612356895620832965e+07
2.622411214455055073e+07
2.632502803210276738e+07
2.642631800040758029e+07
2.652798343612886593e+07
2.663002573107052967e+07
2.673244628219581395e+07
2.683524649164625257e+07
2.693842776676090434e+07
2.704199152009566501e+07
2.714593916944256425e+07
2.725027213784914836e+07
2.735499185363804549e+07
2.746009975042645261e+07
2.756559726714577898e+07
2.767148584806134924e+07
2.777776694279217720e+07
2.788444200633077323e+07
2.799151249906314537e+07
2.809897988678874448e+07
2.820684564074047655e+07
2.831511123760497198e+07
2.842377815954265743e+07
2.853284789420811832e+07
2.864232193477049842e+07
2.875220177993395180e+07
2.886248893395800516e+07
2.897318490667829663e+07
2.908429121352728456e+07
2.919580937555482984e+07
2.930774091944913566e+07
2.942008737755761296e+07
2.953285028790788352e+07
2.964603119422879070e+07
2.975963164597160369e+07
2.987365319833115116e+07
2.998809741226715595e+07
3.010296585452557355e+07
3.021826009766007215e+07
3.033398172005360574e+07
3.045013230593989789e+07
3.056671344542523101e+07
3.068372673451015353e+07
3.080117377511142567e+07
3.091905617508382350e+07
3.103737554824221507e+07
3.115613351438367367e+07
3.127533169930963591e+07
3.139497173484810069e+07
3.151505525887605920e+07
3.163558391534190252e+07
3.175655935428786278e+07
3.187798323187262565e+07
3.199985721039406583e+07
3.212218295831196755e+07
3.224496215027077869e+07
3.236819646712267026e+07
3.249188759595052525e+07
3.261603723009092361e+07
3.274064706915746629e+07
3.286571881906395406e+07
3.299125419204774499e+07
3.311725490669323504e+07
3.324372268795540184e+07
3.337065926718330383e+07
3.349806638214392215e+07
3.362594577704590559e+07
3.375429920256336033e+07
3.388312841585995257e+07
3.401243518061289936e+07
3.414222126703711599e+07
3.427248845190941542e+07
3.440323851859290898e+07
3.453447325706133991e+07
3.466619446392364800e+07
3.479840394244860858e+07
3.493110350258933753e+07
3.506429496100826561e+07
3.519798014110190421e+07
3.533216087302584201e+07
3.546683899371981621e+07
3.560201634693280607e+07
3.573769478324828297e+07
3.587387616010962427e+07
3.601056234184543043e+07
3.614775519969515502e+07
3.628545661183464527e+07
3.642366846340183169e+07
3.656239264652264863e+07
3.670163106033683568e+07
3.684138561102399230e+07
3.698165821182963997e+07
3.712245078309142590e+07
3.726376525226537883e+07
3.740560355395244807e+07
3.754796762992469221e+07
3.769085942915220559e+07
3.783428090782953799e+07
3.797823402940264344e+07
3.812272076459564269e+07
3.826774309143780917e+07
3.841330299529077858e+07
3.855940246887559444e+07
3.870604351230001450e+07
3.885322813308592886e+07
3.900095834619680792e+07
3.914923617406537384e+07
3.929806364662109315e+07
