0.000000000000000000e+00	0.000000000000000000e+00	0.000000000000000000e+00
1.019118340366607924e+02	1.884427311548102354e-04	5.070974041095396151e-02
2.036181264806569970e+02	3.765995283363952266e-04	5.043717285535051498e-02
3.051887935269801346e+02	5.645053586392915265e-04	5.019723079783065117e-02
4.066840424882133220e+02	7.522716137293481526e-04	4.998540416818338106e-02
5.081560722253088898e+02	9.399948682287823662e-04	4.979795885512013770e-02
6.096504429120303712e+02	1.127759414051901585e-03	4.963178741291507379e-02
7.112071838342752699e+02	1.315639310049296091e-03	4.948429055483796052e-02
8.128616929925949535e+02	1.503700046444015909e-03	4.935328277872241820e-02
9.146454706971433097e+02	1.691999902119218973e-03	4.923691695817734859e-02
1.016586720347086725e+03	1.880591056169882798e-03	4.913362387966182382e-02
1.118710842579724613e+03	2.069520502166989021e-03	4.904206359082467770e-02
1.221040843505889825e+03	2.258830803464305804e-03	4.896108611010633466e-02
1.323597673469884967e+03	2.448560719962030331e-03	4.888969957806305056e-02
1.426400509416557952e+03	2.638745730532854761e-03	4.882704434275111222e-02
1.529466991310462163e+03	2.829418470435762171e-03	4.877237179197158046e-02
1.632813420972270478e+03	3.020609099194826452e-03	4.872502699503742513e-02
1.736454930054264423e+03	3.212345611379729092e-03	4.868443441199511029e-02
1.840405622573968458e+03	3.404654100314348855e-03	4.865008608116559025e-02
1.944678696390020150e+03	3.597558982824839574e-03	4.862153181593998480e-02
2.049286547178872297e+03	3.791083191611288681e-03	4.859837103627090427e-02
2.154240857811311798e+03	3.985248340606611754e-03	4.858024593485253673e-02
2.259552675499074212e+03	4.180074867708142086e-03	4.856683573696135570e-02
2.365232478655647810e+03	4.375582158478850091e-03	4.855785185971049633e-02
2.471290235072860924e+03	4.571788653781408591e-03	4.855303381365995430e-02
2.577735452736166280e+03	4.768711943792740271e-03	4.855214571940018320e-02
2.684577224376522736e+03	4.966368850430346454e-03	4.855497333544116917e-02
2.791824266672219437e+03	5.164775499880255166e-03	4.856132151277170461e-02
2.899484954864085466e+03	5.363947386639087919e-03	4.857101200675414954e-02
3.007567353424309204e+03	5.563899430254763863e-03	4.858388158936520484e-02
3.116079243317242799e+03	5.764646025761921248e-03	4.859978041478979494e-02
3.225028146307185580e+03	5.966201088653853325e-03	4.861857059947715526e-02
3.334421346698444268e+03	6.168578095103841551e-03	4.864012498437459558e-02
3.444265910835565592e+03	6.371790118042519775e-03	4.866432605244257886e-02
3.554568704643371802e+03	6.575849859608635939e-03	4.869106497897211783e-02
3.665336409446066682e+03	6.780769680415890156e-03	4.872024079585875189e-02
3.776575536271151577e+03	6.986561626016498695e-03	4.875175965396822547e-02
3.888292438815328296e+03	7.193237450889270260e-03	4.878553417021420230e-02
4.000493325225384524e+03	7.400808640235286701e-03	4.882148284801845345e-02
4.113184268826948937e+03	7.609286429827006280e-03	4.885952956152030818e-02
4.226371217916264868e+03	7.818681824123870777e-03	4.889960309533859795e-02
4.340060004715978721e+03	8.029005612841238343e-03	4.894163673288142585e-02
4.454256353582690281e+03	8.240268386135016568e-03	4.898556788718957250e-02
4.568965888543506480e+03	8.452480548544860639e-03	4.903133776915853670e-02
4.684194140229180448e+03	8.665652331821024901e-03	4.907889108867768274e-02
4.799946552264310412e+03	8.879793806746695897e-03	4.912817578485189490e-02
4.916228487166523337e+03	9.094914894051923590e-03	4.917914278195739675e-02
5.033045231802169837e+03	9.311025374507038779e-03	4.923174576824194959e-02
5.150402002439622265e+03	9.528134898271607006e-03	4.928594099503995352e-02
5.268303949437265146e+03	9.746252993567549802e-03	4.934168709399873454e-02
5.386756161599212646e+03	9.965389074737495551e-03	4.939894491048020531e-02
5.505763670228102455e+03	1.018555244974272793e-02	4.945767735144560029e-02
5.625331452901350531e+03	1.040675232714949328e-02	4.951784924633080565e-02
5.745464436994575408e+03	1.062899782264757446e-02	4.957942721959605198e-02
5.866167502973388764e+03	1.085229796514027879e-02	4.964237957378889177e-02
5.987445487472755303e+03	1.107666170244147978e-02	4.970667618208947369e-02
6.109303186181215096e+03	1.130209790661157281e-02	4.977228838942716199e-02
6.231745356545501636e+03	1.152861537896119129e-02	4.983918892135372203e-02
6.354776720309821030e+03	1.175622285474901482e-02	4.990735179995189202e-02
6.478401965902517986e+03	1.198492900759723888e-02	4.997675226613271932e-02
6.602625750681766476e+03	1.221474245364622888e-02	5.004736670774287410e-02
6.727452703050981654e+03	1.244567175546814480e-02	5.011917259296978094e-02
6.852887424453599124e+03	1.267772542575739368e-02	5.019214840857281340e-02
6.978934491255820831e+03	1.291091193081380685e-02	5.026627360253013016e-02
7.105598456525574875e+03	1.314523969383381459e-02	5.034152853072379474e-02
7.232883851715188030e+03	1.338071709802346292e-02	5.041789440732095257e-02
7.360795188253982815e+03	1.361735248954481017e-02	5.049535325855241535e-02
7.489336959057637614e+03	1.385515418030831142e-02	5.057388787960408194e-02
7.618513639959420289e+03	1.409413045062067431e-02	5.065348179437823006e-02
7.748329691069123328e+03	1.433428955169895741e-02	5.073411921789124090e-02
7.878789558063739605e+03	1.457563970805836849e-02	5.081578502110443291e-02
8.009897673414985547e+03	1.481818911978324479e-02	5.089846469800280576e-02
8.141658457557628935e+03	1.506194596468852370e-02	5.098214433474377444e-02
8.274076320001844579e+03	1.530691840037763478e-02	5.106681058072620738e-02
8.407155660394173537e+03	1.555311456620532204e-02	5.115245062143704280e-02
8.540900869528846670e+03	1.580054258514865945e-02	5.123905215294070892e-02
8.675316330313980870e+03	1.604921056559451345e-02	5.132660335789769601e-02
8.810406418694767126e+03	1.629912660304751876e-02	5.141509288299948854e-02
8.946175504535562141e+03	1.655029878176196220e-02	5.150450981772342063e-02
9.082627952464432383e+03	1.680273517630423430e-02	5.159484367431102503e-02
9.219768122681713066e+03	1.705644385304868824e-02	5.168608436888864899e-02
9.357600371734946748e+03	1.731143287161130556e-02	5.177822220365451561e-02
9.496129053261849549e+03	1.756771028622421821e-02	5.187124785005367555e-02
9.635358518703385926e+03	1.782528414705491712e-02	5.196515233288272889e-02
9.775293117988163431e+03	1.808416250147243040e-02	5.205992701525838373e-02
9.915937200190659496e+03	1.834435339526501937e-02	5.215556358439583928e-02
1.005729511416380228e+04	1.860586487381053755e-02	5.225205403814423000e-02
1.019937120914740080e+04	1.886870498320198514e-02	5.234939067223144671e-02
1.034216983535469626e+04	1.913288177133270346e-02	5.244756606817158745e-02
1.048569534453654887e+04	1.939840328894009563e-02	5.254657308180031572e-02
1.062995209052597420e+04	1.966527759061308112e-02	5.264640483238850616e-02
1.077494442976340179e+04	1.993351273576380103e-02	5.274705469231055072e-02
1.092067672180343106e+04	2.020311678956515297e-02	5.284851627722678830e-02
1.106715332980439598e+04	2.047409782385650398e-02	5.295078343675101162e-02
1.121437862100161328e+04	2.074646391801919856e-02	5.305385024557512930e-02
1.136235696716482744e+04	2.102022315982287476e-02	5.315771099502415026e-02
1.151109274504120185e+04	2.129538364624496138e-02	5.326236018501583069e-02
1.166059033678372907e+04	2.157195348426332177e-02	5.336779251640322297e-02
1.181085413036675345e+04	2.184994079162489930e-02	5.347400288367666621e-02
1.196188851998844257e+04	2.212935369759037527e-02	5.358098636800612269e-02
1.211369790646104411e+04	2.241020034365611910e-02	5.368873823060526379e-02
1.226628669758993419e+04	2.269248888425542954e-02	5.379725390639912563e-02
1.241965930854153885e+04	2.297622748743921584e-02	5.390652899797758468e-02
1.257382016220057994e+04	2.326142433553692046e-02	5.401655926982208006e-02
1.272877368951763128e+04	2.354808762579947354e-02	5.412734064278659774e-02
1.288452432984695770e+04	2.383622557102435535e-02	5.423886918882576957e-02
1.304107653127534832e+04	2.412584640016388754e-02	5.435114112594974234e-02
1.319843475094241330e+04	2.441695835891782851e-02	5.446415281340097336e-02
1.335660345535207307e+04	2.470956971030963123e-02	5.457790074703460642e-02
1.351558712067701890e+04	2.500368873524968713e-02	5.469238155489852815e-02
1.367539023305493174e+04	2.529932373308336688e-02	5.480759199299908152e-02
1.383601728887766330e+04	2.559648302212596399e-02	5.492352894124388069e-02
1.399747279507368694e+04	2.589517494018529070e-02	5.504018939955202666e-02
1.415976126938373091e+04	2.619540784507155828e-02	5.515757048412730373e-02
1.432288724063051086e+04	2.649719011509643271e-02	5.527566942388174864e-02
1.448685524898200856e+04	2.680053014956004440e-02	5.539448355700234833e-02
1.465166984620900439e+04	2.710543636922750632e-02	5.551401032766081767e-02
1.481733559593757673e+04	2.741191721679596752e-02	5.563424728284755566e-02
1.498385707389578420e+04	2.771998115735103616e-02	5.575519206933809979e-02
1.515123886815566766e+04	2.802963667881446311e-02	5.587684243077328805e-02
1.531948557937016085e+04	2.834089229238242330e-02	5.599919620485591804e-02
1.548860182100544444e+04	2.865375653295539754e-02	5.612225132065432748e-02
1.565859221956906731e+04	2.896823795956018563e-02	5.624600579601118922e-02
1.582946141483352949e+04	2.928434515576353037e-02	5.637045773504846535e-02
1.600121406005585777e+04	2.960208673007836896e-02	5.649560532576766020e-02
1.617385482219373807e+04	2.992147131636363824e-02	5.662144683774294335e-02
1.634738838211673283e+04	3.024250757421507313e-02	5.674798061989552028e-02
1.652181943481543203e+04	3.056520418935210898e-02	5.687520509835329585e-02
1.669715268960573667e+04	3.088956987399580148e-02	5.700311877438850316e-02
1.687339287033153232e+04	3.121561336724382532e-02	5.713172022242986314e-02
1.705054471556223143e+04	3.154334343543587632e-02	5.726100808814835186e-02
1.722861297878853293e+04	3.187276887251585394e-02	5.739098108660959513e-02
1.740760242861489678e+04	3.220389850038794799e-02	5.752163800049408388e-02
1.758751784894981029e+04	3.253674116926860704e-02	5.765297767838014481e-02
1.776836403919244549e+04	3.287130575803189070e-02	5.778499903308605135e-02
1.795014581441714108e+04	3.320760117455073823e-02	5.791770104007238490e-02
1.813286800555562149e+04	3.354563635603409477e-02	5.805108273589866530e-02
1.831653545957688766e+04	3.388542026935967982e-02	5.818514321673324413e-02
1.850115303966433567e+04	3.422696191140171817e-02	5.831988163691410876e-02
1.868672562539100181e+04	3.457027030935506950e-02	5.845529720756090231e-02
1.887325811289302874e+04	3.491535452105620080e-02	5.859138919523104033e-02
1.906075541504064677e+04	3.526222363529948889e-02	5.872815692062308135e-02
1.924922246160740906e+04	3.561088677215028253e-02	5.886559975732330585e-02
1.943866419943784058e+04	3.596135308325509178e-02	5.900371713059249928e-02
1.962908559261257687e+04	3.631363175214707278e-02	5.914250851619554800e-02
1.982049162261300444e+04	3.666773199455061749e-02	5.928197343926742968e-02
2.001288728848264873e+04	3.702366305867992730e-02	5.942211147321665998e-02
2.020627760698895145e+04	3.738143422553830836e-02	5.956292223866539032e-02
2.040066761278198464e+04	3.774105480921177702e-02	5.970440540242193811e-02
2.059606235855218620e+04	3.810253415716086806e-02	5.984656067648860128e-02
2.079246691518709849e+04	3.846588165051065267e-02	5.998938781710028839e-02
2.098988637192657552e+04	3.883110670433780054e-02	6.013288662379145944e-02
2.118832583651627647e+04	3.919821876795460264e-02	6.027705693849721991e-02
2.138779043536072641e+04	3.956722732519208502e-02	6.042189864467816668e-02
2.158828531367443065e+04	3.993814189467962544e-02	6.056741166647579971e-02
2.178981563563266900e+04	4.031097203012388303e-02	6.071359596789275420e-02
2.199238658452080563e+04	4.068572732058503560e-02	6.086045155199685391e-02
2.219600336288262406e+04	4.106241739075119218e-02	6.100797846015441894e-02
2.240067119266733789e+04	4.144105190121039756e-02	6.115617677128215579e-02
2.260639531537657240e+04	4.182164054872248432e-02	6.130504660112449239e-02
2.281318099220921431e+04	4.220419306648711538e-02	6.145458810155106366e-02
2.302103350420738207e+04	4.258871922441378327e-02	6.160480145987877465e-02
2.322995815239863805e+04	4.297522882938494687e-02	6.175568689821005208e-02
2.343996025794075831e+04	4.336373172552377558e-02	6.190724467279294652e-02
2.365104516226303167e+04	4.375423779445565542e-02	6.205947507340171115e-02
2.386321822720866476e+04	4.414675695557156859e-02	6.221237842273242419e-02
2.407648483517517525e+04	4.454129916628783714e-02	6.236595507582016334e-02
2.429085038925525805e+04	4.493787442230674778e-02	6.252020541946938514e-02
2.450632031337657827e+04	4.533649275787513672e-02	6.267512987170426042e-02
2.472290005244115309e+04	4.573716424604227365e-02	6.283072888123351907e-02
2.494059507246338762e+04	4.613989899891522695e-02	6.298700292693140690e-02
2.515941086070895108e+04	4.654470716791573454e-02	6.314395251733199987e-02
2.537935292583261617e+04	4.695159894403530543e-02	6.330157819014155252e-02
2.560042679801461782e+04	4.736058455808738604e-02	6.345988051176038036e-02
2.582263802909854348e+04	4.777167428096251722e-02	6.361886007682199251e-02
2.604599219272683331e+04	4.818487842387897402e-02	6.377851750774424233e-02
2.627049488447731346e+04	4.860020733863540388e-02	6.393885345429189959e-02
2.649615172199899826e+04	4.901767141786198684e-02	6.409986859315332242e-02
2.672296834514716102e+04	4.943728109527037451e-02	6.426156362752880047e-02
2.695095041611829583e+04	4.985904684590337227e-02	6.442393928672891790e-02
2.718010361958525755e+04	5.028297918638488517e-02	6.458699632578634997e-02
2.741043366283119394e+04	5.070908867516777524e-02	6.475073552507662478e-02
2.764194627588426738e+04	5.113738591278303713e-02	6.491515768994986224e-02
2.787464721165132505e+04	5.156788154208711422e-02	6.508026365037548888e-02
2.810854224605172567e+04	5.200058624850947137e-02	6.524605426059022772e-02
2.834363717815124619e+04	5.243551076030032038e-02	6.541253039876328279e-02
2.857993783029521001e+04	5.287266584877692993e-02	6.557969296666524284e-02
2.881745004824166244e+04	5.331206232856994243e-02	6.574754288934936408e-02
2.905617970129461537e+04	5.375371105786994758e-02	6.591608111483893140e-02
2.929613268243709535e+04	5.419762293867358416e-02	6.608530861382706789e-02
2.953731490846404631e+04	5.464380891702941279e-02	6.625522637937818204e-02
2.977973232011545770e+04	5.509227998328419112e-02	6.642583542664429186e-02
3.002339088220823760e+04	5.554304717232688704e-02	6.659713679258551233e-02
3.026829658376943189e+04	5.599612156383505790e-02	6.676913153569843939e-02
3.051445543816926511e+04	5.645151428252104253e-02	6.694182073575147274e-02
3.076187348325275525e+04	5.690923649837543313e-02	6.711520549352911758e-02
3.101055678147299477e+04	5.736929942691364193e-02	6.728928693058203181e-02
3.126051142002395136e+04	5.783171432942152412e-02	6.746406618898126428e-02
3.151174351097227554e+04	5.829649251319934944e-02	6.763954443108438630e-02
3.176425919139049438e+04	5.876364533180807731e-02	6.781572283930339951e-02
3.201806462348952482e+04	5.923318418531460516e-02	6.799260261588011001e-02
3.227316599475099429e+04	5.970512052053650320e-02	6.817018498266876059e-02
3.252956951806096185e+04	6.017946583128942067e-02	6.834847118092218787e-02
3.278728143184159853e+04	6.065623165863068961e-02	6.852746247108547351e-02
3.304630800018481386e+04	6.113542959110652986e-02	6.870716013259473010e-02
3.330665551298528590e+04	6.161707126499817860e-02	6.888756546368071665e-02
3.356833028607303277e+04	6.210116836456711087e-02	6.906867978117650630e-02
3.383133866134695563e+04	6.258773262230211964e-02	6.925050442033360565e-02
3.409568700690857077e+04	6.307677581916672216e-02	6.943304073464003079e-02
3.436138171719471575e+04	6.356830978484462324e-02	6.961629009564400394e-02
3.462842921311240934e+04	6.406234639798928654e-02	6.980025389278249337e-02
3.489683594217075733e+04	6.455889758646785048e-02	6.998493353321406929e-02
3.516660837861714390e+04	6.505797532761323221e-02	7.017033044165654765e-02
3.543775302356902830e+04	6.555959164846776599e-02	7.035644606022814496e-02
3.571027640515068197e+04	6.606375862603633409e-02	7.054328184829383730e-02
3.598418507862533443e+04	6.657048838753076847e-02	7.073083928231509165e-02
3.625948562653196132e+04	6.707979311062284289e-02	7.091911985570439891e-02
3.653618465881879820e+04	6.759168502369139464e-02	7.110812507868098653e-02
3.681428881297916087e+04	6.810617640607351253e-02	7.129785647813523253e-02
3.709380475418642891e+04	6.862327958831426766e-02	7.148831559749162234e-02
3.737473917542988056e+04	6.914300695241805406e-02	7.167950399657872784e-02
3.765709879765094956e+04	6.966537093210062315e-02	7.187142325150180922e-02
3.794089036987855070e+04	7.019038401303935581e-02	7.206407495451649936e-02
3.822612066936559859e+04	7.071805873312604629e-02	7.225746071390931613e-02
3.851279650172610127e+04	7.124840768272026892e-02	7.245158215388089462e-02
3.880092470107157715e+04	7.178144350490194003e-02	7.264644091442973295e-02
3.909051213014849782e+04	7.231717889572544800e-02	7.284203865124086463e-02
3.938156568047571636e+04	7.285562660447401917e-02	7.303837703557775063e-02
3.967409227248218667e+04	7.339679943391440309e-02	7.323545775417694692e-02
3.996809885564535216e+04	7.394071024055293151e-02	7.343328250914468724e-02
4.026359240862831211e+04	7.448737193488927377e-02	7.363185301785797610e-02
4.056057993942038593e+04	7.503679748167649266e-02	7.383117101286630624e-02
4.085906848547476693e+04	7.558899990017568793e-02	7.403123824179710932e-02
4.115906511384819896e+04	7.614399226441435908e-02	7.423205646726559193e-02
4.146057692134033277e+04	7.670178770344429631e-02	7.443362746678272579e-02
4.176361103463514883e+04	7.726239940160316289e-02	7.463595303267031578e-02
4.206817461043891672e+04	7.782584059876970772e-02	7.483903497197585963e-02
4.237427483562312409e+04	7.839212459062820659e-02	7.504287510639004455e-02
4.268191892736483715e+04	7.896126472892817105e-02	7.524747527216740783e-02
4.299111413328762137e+04	7.953327442174493167e-02	7.545283732004889887e-02
4.330186773160377197e+04	8.010816713374291353e-02	7.565896311518584272e-02
4.361418703125639877e+04	8.068595638643832890e-02	7.586585453706672089e-02
4.392807937206228962e+04	8.126665575846366008e-02	7.607351347944708853e-02
4.424355212485421362e+04	8.185027888583074063e-02	7.628194185027951935e-02
4.456061269162542158e+04	8.243683946219819425e-02	7.649114157164671468e-02
4.487926850567237852e+04	8.302635123913547355e-02	7.670111457969767954e-02
4.519952703173898772e+04	8.361882802638964662e-02	7.691186282458223333e-02
4.552139576616142585e+04	8.421428369215332166e-02	7.712338827039212641e-02
4.584488223701309471e+04	8.481273216333290454e-02	7.733569289510000555e-02
4.616999400425036583e+04	8.541418742581811940e-02	7.754877869050268158e-02
4.649673865985777229e+04	8.601866352475064093e-02	7.776264766216522961e-02
4.682512382799463376e+04	8.662617456479537736e-02	7.797730182936561671e-02
4.715515716514143423e+04	8.723673471041129557e-02	7.819274322504490837e-02
4.748684636024732754e+04	8.785035818612417502e-02	7.840897389575350596e-02
4.782019913487806480e+04	8.846705927680047210e-02	7.862599590160418428e-02
4.815522324336298334e+04	8.908685232791903330e-02	7.884381131622346384e-02
4.849192647294407652e+04	8.970975174584706890e-02	7.906242222670566144e-02
4.883031664392545645e+04	9.033577199811652914e-02	7.928183073356907806e-02
4.917040160982115776e+04	9.096492761369757984e-02	7.950203895071203397e-02
4.951218925750720518e+04	9.159723318327993302e-02	7.972304900537220684e-02
4.985568750737013761e+04	9.223270335954764088e-02	7.994486303808547023e-02
5.020090431345901743e+04	9.287135285746025981e-02	8.016748320264846517e-02
5.054784766363566450e+04	9.351319645453076701e-02	8.039091166608029748e-02
5.089652557972788782e+04	9.415824899110916690e-02	8.061515060858724657e-02
5.124694611767959577e+04	9.480652537066004693e-02	8.084020222352678031e-02
5.159911736770592688e+04	9.545804056004965343e-02	8.106606871737577491e-02
5.195304745444555010e+04	9.611280958982759692e-02	8.129275230969706945e-02
5.230874453711404931e+04	9.677084755451063891e-02	8.152025523311007271e-02
5.266621680965871928e+04	9.743216961286910172e-02	8.174857973325969085e-02
5.302547250091381284e+04	9.809679098821399990e-02	8.197772806878786400e-02
5.338651987475446367e+04	9.876472696868184020e-02	8.220770251130721240e-02
5.374936723025398533e+04	9.943599290752566655e-02	8.243850534537414121e-02
5.411402290183966397e+04	1.001106042234030935e-01	8.267013886846492909e-02
5.448049525944941706e+04	1.007885764006664214e-01	8.290260539094966574e-02
5.484879270868960884e+04	1.014699249896543476e-01	8.313590723607139354e-02
5.521892369099340431e+04	1.021546656069850095e-01	8.337004673992380599e-02
5.559089668377842463e+04	1.028428139358476129e-01	8.360502625142998689e-02
5.596472020060613431e+04	1.035343857262974177e-01	8.384084813232292599e-02
5.634040279134194861e+04	1.042293967955517514e-01	8.407751475712729738e-02
5.671795304231447517e+04	1.049278630282847458e-01	8.431502851314141844e-02
5.709737957647781877e+04	1.056298003769275407e-01	8.455339180042106828e-02
5.747869105357122316e+04	1.063352248619636037e-01	8.479260703176107195e-02
5.786189617028190696e+04	1.070441525722301140e-01	8.503267663268622434e-02
5.824700366040669178e+04	1.077565996652167235e-01	8.527360304143007108e-02
5.863402229501613328e+04	1.084725823673694384e-01	8.551538870892749777e-02
5.902296088261755358e+04	1.091921169743920728e-01	8.575803609880069955e-02
5.941382826931884483e+04	1.099152198515493950e-01	8.600154768734712130e-02
5.980663333899385907e+04	1.106419074339729941e-01	8.624592596353052032e-02
6.020138501344767428e+04	1.113721962269671600e-01	8.649117342896986416e-02
6.059809225258190418e+04	1.121061028063144865e-01	8.673729259793194757e-02
6.099676405456265638e+04	1.128436438185868307e-01	8.698428599732377364e-02
6.139740945598574035e+04	1.135848359814508324e-01	8.723215616668381078e-02
6.180003753204621171e+04	1.143296960839815801e-01	8.748090565817591424e-02
6.220465739670546463e+04	1.150782409869716555e-01	8.773053703658577340e-02
6.261127820286101633e+04	1.158304876232454095e-01	8.798105287931595742e-02
6.301990914251637150e+04	1.165864529979730585e-01	8.823245577637792159e-02
6.343055944694974460e+04	1.173461541889829068e-01	8.848474833039481069e-02
6.384323838688642718e+04	1.181096083470801750e-01	8.873793315659364578e-02
6.425795527266964928e+04	1.188768326963630939e-01	8.899201288280468580e-02
6.467471945443307777e+04	1.196478445345420805e-01	8.924699014946398112e-02
6.509354032227318385e+04	1.204226612332585655e-01	8.950286760960804444e-02
6.551442730642209790e+04	1.212013002384047800e-01	8.975964792887781984e-02
6.593738987742294557e+04	1.219837790704480784e-01	9.001733378551754483e-02
6.636243754630374315e+04	1.227701153247528487e-01	9.027592787037599931e-02
6.678957986475199868e+04	1.235603266719032950e-01	9.053543288691123792e-02
6.721882642529229634e+04	1.243544308580319391e-01	9.079585155119032636e-02
6.765018686146310938e+04	1.251524457051470252e-01	9.105718659189555864e-02
6.808367084799130680e+04	1.259543891114550673e-01	9.131944075032606689e-02
6.851928810097280075e+04	1.267602790516951516e-01	9.158261678040656439e-02
6.895704837805074931e+04	1.275701335774685474e-01	9.184671744868809495e-02
6.939696147859470511e+04	1.283839708175703032e-01	9.211174553435667878e-02
6.983903724387945840e+04	1.292018089783199541e-01	9.237770382923841950e-02
7.028328555726638297e+04	1.300236663438970042e-01	9.264459513780999578e-02
7.072971634438670299e+04	1.308495612766800154e-01	9.291242227720193647e-02
7.117833957332052523e+04	1.316795122175778709e-01	9.318118807720895957e-02
7.162916525478140102e+04	1.325135376863710579e-01	9.345089538029925647e-02
7.208220344229982584e+04	1.333516562820513396e-01	9.372154704162426186e-02
7.253746423240622971e+04	1.341938866831602073e-01	9.399314592902642540e-02
7.299495776481673238e+04	1.350402476481324110e-01	9.426569492305282572e-02
7.345469422261870932e+04	1.358907580156393513e-01	9.453919691696274774e-02
7.391668383245621226e+04	1.367454367049321662e-01	9.481365481674197682e-02
7.438093686471803812e+04	1.376043027161895915e-01	9.508907154111240212e-02
7.484746363372421183e+04	1.384673751308629908e-01	9.536545002154755979e-02
7.531627449791504478e+04	1.393346731120259641e-01	9.564279320228301351e-02
7.578737986004180857e+04	1.402062159047272882e-01	9.592110404033160620e-02
7.626079016735372716e+04	1.410820228363368622e-01	9.620038550549615819e-02
7.673651591178974195e+04	1.419621133169002292e-01	9.648064058038598179e-02
7.721456763017024787e+04	1.428465068394935700e-01	9.676187226043095335e-02
7.769495590439021180e+04	1.437352229805807513e-01	9.704408355389468332e-02
7.817769136160833295e+04	1.446282814003633788e-01	9.732727748189401451e-02
7.866278467444478883e+04	1.455257018431467264e-01	9.761145707841402397e-02
7.915024656117330596e+04	1.464275041376948139e-01	9.789662539032482902e-02
7.964008778591708688e+04	1.473337081975930329e-01	9.818278547739875406e-02
8.013231915884347109e+04	1.482443340216083594e-01	9.846994041232767780e-02
8.062695153636140458e+04	1.491594016940543943e-01	9.875809328074330873e-02
8.112399582131896750e+04	1.500789313851571272e-01	9.904724718123422700e-02
8.162346296320084366e+04	1.510029433514199215e-01	9.933740522536370354e-02
8.212536395832807466e+04	1.519314579359933304e-01	9.962857053769254290e-02
8.262970985005692637e+04	1.528644955690427742e-01	9.992074625579687452e-02
8.313651172897903598e+04	1.538020767681191059e-01	1.002139355302872625e-01
8.364578073312487686e+04	1.547442221385346428e-01	1.005081415248336579e-01
8.415752804816213029e+04	1.556909523737304846e-01	1.008033674161816218e-01
8.467176490760203160e+04	1.566422882556580132e-01	1.010996163941776521e-01
8.518850259300148173e+04	1.575982506551530382e-01	1.013968916617893901e-01
8.570775243416671583e+04	1.585588605323123013e-01	1.016951964351288096e-01
8.622952580935911101e+04	1.595241389368744489e-01	1.019945339434748660e-01
8.675383414550237649e+04	1.604941070086033095e-01	1.022949074292958671e-01
8.728068891838777927e+04	1.614687859776673118e-01	1.025963201482737175e-01
8.781010165288190183e+04	1.624481971650241774e-01	1.028987753693281909e-01
8.834208392313639342e+04	1.634323619828088048e-01	1.032022763746401894e-01
8.887664735279649904e+04	1.644213019347190163e-01	1.035068264596785415e-01
8.941380361520967563e+04	1.654150386164015274e-01	1.038124289332220257e-01
8.995356443364062579e+04	1.664135937158497114e-01	1.041190871173885563e-01
9.049594158147799317e+04	1.674169890137861827e-01	1.044268043476567071e-01
9.104094688245082216e+04	1.684252463840629488e-01	1.047355839728948274e-01
9.158859221083924058e+04	1.694383877940514593e-01	1.050454293553880758e-01
9.213888949169237458e+04	1.704564353050454228e-01	1.053563438708625538e-01
9.269185070103993348e+04	1.714794110726526599e-01	1.056683309085154343e-01
9.324748786610830575e+04	1.725073373471944782e-01	1.059813938710389841e-01
9.380581306554017647e+04	1.735402364741121806e-01	1.062955361746539262e-01
9.436683842961146729e+04	1.745781308943684107e-01	1.066107612491325601e-01
9.493057614044706861e+04	1.756210431448460285e-01	1.069270725378305142e-01
9.549703843224386219e+04	1.766689958587611409e-01	1.072444734977132247e-01
9.606623759148838872e+04	1.777220117660653076e-01	1.075629675993873130e-01
9.663818595718020515e+04	1.787801136938590718e-01	1.078825583271301597e-01
9.721289592105300108e+04	1.798433245668007996e-01	1.082032491789197970e-01
9.779037992779676279e+04	1.809116674075179343e-01	1.085250436664637746e-01
9.837065047528267314e+04	1.819851653370228584e-01	1.088479453152301074e-01
9.895372011478849163e+04	1.830638415751299486e-01	1.091719576644808315e-01
9.953960145122096583e+04	1.841477194408669416e-01	1.094970842673009537e-01
1.001283071433472069e+05	1.852368223529030911e-01	1.098233286906285938e-01
1.007198499040177994e+05	1.863311738299617826e-01	1.101506945152915667e-01
1.013142425003975368e+05	1.874307974912476082e-01	1.104791853360357345e-01
1.019114977541941917e+05	1.885357170568693896e-01	1.108088047615583549e-01
1.025116285418884654e+05	1.896459563482656152e-01	1.111395564145418180e-01
1.031146477949650289e+05	1.907615392886319594e-01	1.114714439316864258e-01
1.037205685001445236e+05	1.918824899033504117e-01	1.118044709637448786e-01
1.043294036996170616e+05	1.930088323204212641e-01	1.121386411755537216e-01
1.049411664912757551e+05	1.941405907708950718e-01	1.124739582460696496e-01
1.055558700289507397e+05	1.952777895893058613e-01	1.128104258684023004e-01
1.061735275226463564e+05	1.964204532141094750e-01	1.131480477498515436e-01
1.067941522387759178e+05	1.975686061881183619e-01	1.134868276119390812e-01
1.074177575004029641e+05	1.987222731589474434e-01	1.138267691904458895e-01
1.080443566874749085e+05	1.998814788794467667e-01	1.141678762354489673e-01
1.086739632370666077e+05	2.010462482081518953e-01	1.145101525113541574e-01
1.093065906436192745e+05	2.022166061097258605e-01	1.148536017969340461e-01
1.099422524591804686e+05	2.033925776554032505e-01	1.151982278853649205e-01
1.105809622936504456e+05	2.045741880234459298e-01	1.155440345842633915e-01
1.112227338150218711e+05	2.057614624995864061e-01	1.158910257157223372e-01
1.118675807496256311e+05	2.069544264774828279e-01	1.162392051163500667e-01
1.125155168823764398e+05	2.081531054591730934e-01	1.165885766373059851e-01
1.131665560570189991e+05	2.093575250555303746e-01	1.169391441443395213e-01
1.138207121763753385e+05	2.105677109867206687e-01	1.172909115178297906e-01
1.144779992025935790e+05	2.117836890826629848e-01	1.176438826528234116e-01
1.151384311573946907e+05	2.130054852834858681e-01	1.179980614590711990e-01
1.158020221223272092e+05	2.142331256399986894e-01	1.183534518610686037e-01
1.164687862390150549e+05	2.154666363141500007e-01	1.187100577980959720e-01
1.171387377094121912e+05	2.167060435794987971e-01	1.190678832242572788e-01
1.178118907960530487e+05	2.179513738216774799e-01	1.194269321085199842e-01
1.184882598223107052e+05	2.192026535388699737e-01	1.197872084347575278e-01
1.191678591726500163e+05	2.204599093422795475e-01	1.201487162017855770e-01
1.198507032928838598e+05	2.217231679566031843e-01	1.205114594234059505e-01
1.205368066904315929e+05	2.229924562205096161e-01	1.208754421284470026e-01
1.212261839345769404e+05	2.242678010871163585e-01	1.212406683608051178e-01
1.219188496567274269e+05	2.255492296244697714e-01	1.216071421794850393e-01
1.226148185506764130e+05	2.268367690160297268e-01	1.219748676586427938e-01
1.233141053728630504e+05	2.281304465611505849e-01	1.223438488876293084e-01
1.240167249426353665e+05	2.294302896755678889e-01	1.227140899710288530e-01
1.247226921425146720e+05	2.307363258918874727e-01	1.230855950287056827e-01
1.254320219184598536e+05	2.320485828600745704e-01	1.234583681958447976e-01
1.261447292801335716e+05	2.333670883479459224e-01	1.238324136229962680e-01
1.268608293011689821e+05	2.346918702416637414e-01	1.242077354761167152e-01
1.275803371194365900e+05	2.360229565462287071e-01	1.245843379366161768e-01
1.283032679373171995e+05	2.373603753859856724e-01	1.249622252014006146e-01
1.290296370219678211e+05	2.387041550051150207e-01	1.253414014829150602e-01
1.297594597055955674e+05	2.400543237681396214e-01	1.257218710091896341e-01
1.304927513857281447e+05	2.414109101604250962e-01	1.261036380238839683e-01
1.312295275254899752e+05	2.427739427886909662e-01	1.264867067863319483e-01
1.319698036538737942e+05	2.441434503815126111e-01	1.268710815715874407e-01
1.327135953660184168e+05	2.455194617898356080e-01	1.272567666704710054e-01
1.334609183234848315e+05	2.469020059874862116e-01	1.276437663896135555e-01
1.342117882545353496e+05	2.482911120716877751e-01	1.280320850515034858e-01
1.349662209544101788e+05	2.496868092635727010e-01	1.284217269945329976e-01
1.357242322856091196e+05	2.510891269087032196e-01	1.288126965730454765e-01
1.364858381781734934e+05	2.524980944775931935e-01	1.292049981573818451e-01
1.372510546299695270e+05	2.539137415662323649e-01	1.295986361339272475e-01
1.380198977069663524e+05	2.553360978966002781e-01	1.299936149051596490e-01
1.387923835435295769e+05	2.567651933172100942e-01	1.303899388896961609e-01
1.395685283426980313e+05	2.582010578036199044e-01	1.307876125223426944e-01
1.403483483764759731e+05	2.596437214589737419e-01	1.311866402541401744e-01
1.411318599861238035e+05	2.610932145145391514e-01	1.315870265524149985e-01
1.419190795824412198e+05	2.625495673302309929e-01	1.319887759008261108e-01
1.427100236460614542e+05	2.640128103951560612e-01	1.323918927994141570e-01
1.435047087277423416e+05	2.654829743281514332e-01	1.327963817646536648e-01
1.443031514486601518e+05	2.669600898783279219e-01	1.332022473294979525e-01
1.451053685007009190e+05	2.684441879256090346e-01	1.336094940434314482e-01
1.459113766467592504e+05	2.699352994812840856e-01	1.340181264725217591e-01
1.467211927210318681e+05	2.714334556885508731e-01	1.344281491994646360e-01
1.475348336293174070e+05	2.729386878230704583e-01	1.348395668236392342e-01
1.483523163493131287e+05	2.744510272935162254e-01	1.352523839611571854e-01
1.491736579309183580e+05	2.759705056421349889e-01	1.356666052449128912e-01
1.499988754965319531e+05	2.774971545452974420e-01	1.360822353246363137e-01
1.508279862413574883e+05	2.790310058140625382e-01	1.364992788669438795e-01
1.516610074337057013e+05	2.805720913947375994e-01	1.369177405553897720e-01
1.524979564153010433e+05	2.821204433694447511e-01	1.373376250905203322e-01
1.533388506015857565e+05	2.836760939566836948e-01	1.377589371899227144e-01
1.541837074820283451e+05	2.852390755119026400e-01	1.381816815882802585e-01
1.550325446204331238e+05	2.868094205280707354e-01	1.386058630374251699e-01
1.558853796552492422e+05	2.883871616362496115e-01	1.390314863063899786e-01
1.567422302998817759e+05	2.899723316061691425e-01	1.394585561814622454e-01
1.576031143430047377e+05	2.915649633468065938e-01	1.398870774662385463e-01
1.584680496488730423e+05	2.931650899069634941e-01	1.403170549816771251e-01
1.593370541576425312e+05	2.947727444758577731e-01	1.407484935661530989e-01
1.602101458856792888e+05	2.963879603836959697e-01	1.411813980755129982e-01
1.610873429258833930e+05	2.980107711022723649e-01	1.416157733831265864e-01
1.619686634480032080e+05	2.996412102455501825e-01	1.420516243799456180e-01
1.628541256989582034e+05	3.012793115702589453e-01	1.424889559745582401e-01
1.637437480031599989e+05	3.029251089764882776e-01	1.429277730932434209e-01
1.646375487628347473e+05	3.045786365082844283e-01	1.433680806800254337e-01
1.655355464583454304e+05	3.062399283542464046e-01	1.438098836967318939e-01
1.664377596485224785e+05	3.079090188481380386e-01	1.442531871230504914e-01
1.673442069709831558e+05	3.095859424694780149e-01	1.446979959565828366e-01
1.682549071424664580e+05	3.112707338441600968e-01	1.451443152129034131e-01
1.691698789591568639e+05	3.129634277450520918e-01	1.455921499256144502e-01
1.700891412970190868e+05	3.146640590926146896e-01	1.460415051464061809e-01
1.710127131121304410e+05	3.163726629555166925e-01	1.464923859451136290e-01
1.719406134410084924e+05	3.180892745512409747e-01	1.469447974097705945e-01
1.728728614009518351e+05	3.198139292467151451e-01	1.473987446466720197e-01
1.738094761903740582e+05	3.215466625589291083e-01	1.478542327804298617e-01
1.747504770891410590e+05	3.232875101555592323e-01	1.483112669540339046e-01
1.756958834589101316e+05	3.250365078555957910e-01	1.487698523289080477e-01
1.766457147434695216e+05	3.267936916299709060e-01	1.492299940849712292e-01
1.775999904690803960e+05	3.285590976021911525e-01	1.496916974206957407e-01
1.785587302448190458e+05	3.303327620489709959e-01	1.501549675531660688e-01
1.795219537629235710e+05	3.321147214008738913e-01	1.506198097181407625e-01
1.804896807991362002e+05	3.339050122429454426e-01	1.510862291701114690e-01
1.814619312130555918e+05	3.357036713153655483e-01	1.515542311823626087e-01
1.824387249484785716e+05	3.375107355140802845e-01	1.520238210470337969e-01
1.834200820337547048e+05	3.393262418914579359e-01	1.524950040751796021e-01
1.844060225821359199e+05	3.411502276569358116e-01	1.529677855968287203e-01
1.853965667921333516e+05	3.429827301776806059e-01	1.534421709610501727e-01
1.863917349478639371e+05	3.448237869792291632e-01	1.539181655360101486e-01
1.873915474194120616e+05	3.466734357461580540e-01	1.543957747090378974e-01
1.883960246631864575e+05	3.485317143227433800e-01	1.548750038866847090e-01
1.894051872222745733e+05	3.503986607136165277e-01	1.553558584947870858e-01
1.904190557268072153e+05	3.522743130844387394e-01	1.558383439785310243e-01
1.914376508943187946e+05	3.541587097625678582e-01	1.563224658025146041e-01
1.924609935301051592e+05	3.560518892377196876e-01	1.568082294508106322e-01
1.934891045275978686e+05	3.579538901626610481e-01	1.572956404270290931e-01
1.945220048687223752e+05	3.598647513538718035e-01	1.577847042543844280e-01
1.955597156242670899e+05	3.617845117922284248e-01	1.582754264757532947e-01
1.966022579542534950e+05	3.637132106236877216e-01	1.587678126537483414e-01
1.976496531083053269e+05	3.656508871599706278e-01	1.592618683707719973e-01
1.987019224260229385e+05	3.675975808792543709e-01	1.597575992290903857e-01
1.997590873373537033e+05	3.695533314268578673e-01	1.602550108508943028e-01
2.008211693629665533e+05	3.715181786159345578e-01	1.607541088783638883e-01
2.018881901146316086e+05	3.734921624281746788e-01	1.612548989737357663e-01
2.029601712955939583e+05	3.754753230144969312e-01	1.617573868193696585e-01
2.040371347009593155e+05	3.774677006957617431e-01	1.622615781178124716e-01
2.051191022180689324e+05	3.794693359634648266e-01	1.627674785918671874e-01
2.062060958268850227e+05	3.814802694804504957e-01	1.632750939846579485e-01
2.072981376003731275e+05	3.835005420816187116e-01	1.637844300596974223e-01
2.083952497048913792e+05	3.855301947746456737e-01	1.642954926009547456e-01
2.094974544005722855e+05	3.875692687406893655e-01	1.648082874129220832e-01
2.106047740417165041e+05	3.896178053351188053e-01	1.653228203206833224e-01
2.117172310771803022e+05	3.916758460882304171e-01	1.658390971699818806e-01
2.128348480507697386e+05	3.937434327059775030e-01	1.663571238272879838e-01
2.139576476016336528e+05	3.958206070706968838e-01	1.668769061798716369e-01
2.150856524646565376e+05	3.979074112418362619e-01	1.673984501358656007e-01
2.162188854708568833e+05	4.000038874566906877e-01	1.679217616243369182e-01
2.173573695477867732e+05	4.021100781311420791e-01	1.684468465953607996e-01
2.185011277199306351e+05	4.042260258603966872e-01	1.689737110200808246e-01
2.196501831091059430e+05	4.063517734197267250e-01	1.695023608907902934e-01
2.208045589348695648e+05	4.084873637652217115e-01	1.700328022209939838e-01
2.219642785149168631e+05	4.106328400345271024e-01	1.705650410454826738e-01
2.231293652654950274e+05	4.127882455476089008e-01	1.710990834204035305e-01
2.242998427018079383e+05	4.149536238075025030e-01	1.716349354233293878e-01
2.254757344384251628e+05	4.171290185010696483e-01	1.721726031533309942e-01
2.266570641896939196e+05	4.193144734997600320e-01	1.727120927310556164e-01
2.278438557701536629e+05	4.215100328603788582e-01	1.732534102987864644e-01
2.290361330949506082e+05	4.237157408258533930e-01	1.737965620205233763e-01
2.302339201802531024e+05	4.259316418260014059e-01	1.743415540820544007e-01
2.314372411436700204e+05	4.281577804783052721e-01	1.748883926910287656e-01
2.326461202046701219e+05	4.303942015886877970e-01	1.754370840770264894e-01
2.338605816850074043e+05	4.326409501522991419e-01	1.759876344916368185e-01
2.350806500091393827e+05	4.348980713542902610e-01	1.765400502085270051e-01
2.363063497046547709e+05	4.371656105706050455e-01	1.770943375235223827e-01
2.375377054026980768e+05	4.394436133687645296e-01	1.776505027546740889e-01
2.387747418384045013e+05	4.417321255086728016e-01	1.782085522423394464e-01
2.400174838513206341e+05	4.440311929433938265e-01	1.787684923492532940e-01
2.412659563858439215e+05	4.463408618199660172e-01	1.793303294606033993e-01
2.425201844916526461e+05	4.486611784801964875e-01	1.798940699841075908e-01
2.437801933241413208e+05	4.509921894614672411e-01	1.804597203500886149e-01
2.450460081448616693e+05	4.533339414975502413e-01	1.810272870115501309e-01
2.463176543219587475e+05	4.556864815194153762e-01	1.815967764442529830e-01
2.475951573306100909e+05	4.580498566560416984e-01	1.821681951467932770e-01
2.488785427534724004e+05	4.604241142352445415e-01	1.827415496406760431e-01
2.501678362811225234e+05	4.628093017844910340e-01	1.833168464703938960e-01
2.514630637125041394e+05	4.652054670317264939e-01	1.838940922035101067e-01
2.527642509553788987e+05	4.676126579062092614e-01	1.844732934307279359e-01
2.540714240267724672e+05	4.700309225393353163e-01	1.850544567659708206e-01
2.553846090534290706e+05	4.724603092654799386e-01	1.856375888464658064e-01
2.567038322722583544e+05	4.749008666228238251e-01	1.862226963328169338e-01
2.580291200308028201e+05	4.773526433542179537e-01	1.868097859090886159e-01
2.593604987876841042e+05	4.798156884080095885e-01	1.873988642828793849e-01
2.606979951130671252e+05	4.822900509389003165e-01	1.879899381854070461e-01
2.620416356891184114e+05	4.847757803087943684e-01	1.885830143715857554e-01
2.633914473104732460e+05	4.872729260876628721e-01	1.891780996201069820e-01
2.647474568846919574e+05	4.897815380543875108e-01	1.897752007335168078e-01
2.661096914327350096e+05	4.923016661976403752e-01	1.903743245383046068e-01
2.674781780894299736e+05	4.948333607167468839e-01	1.909754778849788726e-01
2.688529441039337544e+05	4.973766720225410998e-01	1.915786676481467943e-01
2.702340168402164127e+05	4.999316507382613461e-01	1.921839007265993549e-01
2.716214237775284564e+05	5.024983477004142385e-01	1.927911840433946533e-01
2.730151925108774449e+05	5.050768139596565343e-01	1.934005245459346212e-01
2.744153507515084930e+05	5.076671007816836445e-01	1.940119292060561995e-01
2.758219263273788965e+05	5.102692596481087639e-01	1.946254050201059738e-01
2.772349471836438170e+05	5.128833422573602085e-01	1.952409590090276037e-01
2.786544413831456914e+05	5.155094005255872469e-01	1.958585982184467833e-01
2.800804371068872279e+05	5.181474865875353997e-01	1.964783297187526478e-01
2.815129626545280335e+05	5.207976527974651493e-01	1.971001606051797361e-01
2.829520464448743733e+05	5.234599517300573268e-01	1.977240979979013047e-01
2.843977170163644478e+05	5.261344361813120596e-01	1.983501490421061275e-01
2.858500030275707832e+05	5.288211591694768066e-01	1.989783209080834836e-01
2.873089332576896413e+05	5.315201739359534105e-01	1.996086207913159161e-01
2.887745366070399759e+05	5.342315339462189172e-01	2.002410559125565592e-01
2.902468420975629706e+05	5.369552928907523892e-01	2.008756335179242847e-01
2.917258788733255351e+05	5.396915046859641629e-01	2.015123608789810006e-01
2.932116762010288076e+05	5.424402234751376506e-01	2.021512452928229120e-01
2.947042634704966331e+05	5.452015036293330619e-01	2.027922940821733910e-01
2.962036701952049625e+05	5.479753997483659544e-01	2.034355145954571953e-01
2.977099260127771995e+05	5.507619666617247223e-01	2.040809142069001381e-01
2.992230606855016667e+05	5.535612594295272748e-01	2.047285003166108841e-01
3.007431041008461034e+05	5.563733333434728312e-01	2.053782803506749854e-01
3.022700862719693687e+05	5.591982439277888295e-01	2.060302617612363441e-01
3.038040373382507241e+05	5.620360469402098103e-01	2.066844520265915808e-01
3.053449875657935045e+05	5.648867983729095599e-01	2.073408586512769658e-01
3.068929673479600460e+05	5.677505544534904303e-01	2.079994891661598178e-01
3.084480072058889782e+05	5.706273716459404621e-01	2.086603511285287094e-01
3.100101377890340518e+05	5.735173066516299212e-01	2.093234521221835065e-01
3.115793898756759590e+05	5.764204164102590955e-01	2.099887997575254073e-01
3.131557943734672735e+05	5.793367581008651568e-01	2.106564016716491738e-01
3.147393823199563194e+05	5.822663891427920513e-01	2.113262655284322555e-01
3.163301848831325187e+05	5.852093671966992483e-01	2.119983990186293799e-01
3.179282333619483979e+05	5.881657501655277454e-01	2.126728098599647288e-01
3.195335591868730262e+05	5.911355961955231386e-01	2.133495057972210340e-01
3.211461939204309601e+05	5.941189636772334914e-01	2.140284946023381374e-01
3.227661692577420617e+05	5.971159112465079799e-01	2.147097840744997821e-01
3.243935170270710951e+05	6.001264977855127469e-01	2.153933820402323118e-01
3.260282691903738887e+05	6.031507824237420934e-01	2.160792963534941824e-01
3.276704578438528697e+05	6.061888245390462115e-01	2.167675348957737447e-01
3.293201152185033425e+05	6.092406837586414881e-01	2.174581055761815596e-01
3.309772736806689063e+05	6.123064199601380153e-01	2.181510163315452944e-01
3.326419657326061861e+05	6.153860932725847555e-01	2.188462751265089490e-01
3.343142240130377468e+05	6.184797640774917227e-01	2.195438899536218680e-01
3.359940812977169990e+05	6.215874930098759243e-01	2.202438688334397709e-01
3.376815704999887384e+05	6.247093409592975322e-01	2.209462198146182610e-01
3.393767246713635977e+05	6.278453690709231427e-01	2.216509509740104134e-01
3.410795770020752680e+05	6.309956387465566197e-01	2.223580704167661126e-01
3.427901608216607710e+05	6.341602116457124572e-01	2.230675862764235073e-01
3.445085095995322336e+05	6.373391496866731565e-01	2.237795067150125661e-01
3.462346569455441204e+05	6.405325150475394969e-01	2.244938399231514725e-01
3.479686366105864290e+05	6.437403701673269918e-01	2.252105941201442418e-01
3.497104824871534947e+05	6.469627777470192687e-01	2.259297775540788089e-01
3.514602286099325866e+05	6.501998007506556432e-01	2.266513985019275590e-01
3.532179091563783586e+05	6.534515024063951572e-01	2.273754652696469425e-01
3.549835584473156487e+05	6.567179462076306873e-01	2.281019861922764791e-01
3.567572109475203324e+05	6.599991959140643072e-01	2.288309696340388444e-01
3.585389012663107715e+05	6.632953155528009681e-01	2.295624239884420381e-01
3.603286641581496806e+05	6.666063694194622746e-01	2.302963576783798039e-01
3.621265345232301042e+05	6.699324220792699514e-01	2.310327791562293842e-01
3.639325474080809508e+05	6.732735383681669461e-01	2.317716969039597952e-01
3.657467380061749136e+05	6.766297833939418638e-01	2.325131194332285822e-01
3.675691416585212573e+05	6.800012225373247565e-01	2.332570552854858481e-01
3.693997938542790944e+05	6.833879214531228818e-01	2.340035130320786416e-01
3.712387302313692053e+05	6.867899460713515758e-01	2.347525012743527095e-01
3.730859865770714823e+05	6.902073625983402572e-01	2.355040286437541097e-01
3.749415988286593929e+05	6.936402375179058222e-01	2.362581038019406221e-01
3.768056030740048154e+05	6.970886375924718603e-01	2.370147354408730922e-01
3.786780355521966121e+05	7.005526298642124061e-01	2.377739322829319490e-01
3.805589326541607152e+05	7.040322816561996877e-01	2.385357030810180967e-01
3.824483309232947649e+05	7.075276605735780766e-01	2.393000566186579692e-01
3.843462670560842962e+05	7.110388345047037317e-01	2.400670017101088072e-01
3.862527779027367942e+05	7.145658716223184381e-01	2.408365472004698749e-01
3.881679004678103374e+05	7.181088403847111223e-01	2.416087019657799373e-01
3.900916719108531834e+05	7.216678095369027934e-01	2.423834749131302257e-01
3.920241295470340992e+05	7.252428481118109449e-01	2.431608749807719627e-01
3.939653108477860224e+05	7.288340254314421562e-01	2.439409111382253859e-01
3.959152534414443653e+05	7.324414111080712608e-01	2.447235923863818885e-01
3.978739951139001641e+05	7.360650750454508229e-01	2.455089277576174289e-01
3.998415738092329702e+05	7.397050874399808684e-01	2.462969263159009159e-01
4.018180276303748251e+05	7.433615187819392345e-01	2.470875971569041762e-01
4.038033948397531058e+05	7.470344398566679534e-01	2.478809494081107290e-01
4.057977138599528116e+05	7.507239217458014924e-01	2.486769922289211454e-01
4.078010232743691886e+05	7.544300358284714569e-01	2.494757348107716766e-01
4.098133618278698414e+05	7.581528537825334979e-01	2.502771863772424443e-01
4.118347684274581261e+05	7.618924475857936640e-01	2.510813561841697683e-01
4.138652821429363685e+05	7.656488895172351983e-01	2.518882535197500272e-01
4.159049422075783950e+05	7.694222521582630980e-01	2.526978877046620053e-01
4.179537880187988048e+05	7.732126083939423467e-01	2.535102680921765272e-01
4.200118591388253262e+05	7.770200314142414744e-01	2.543254040682654260e-01
4.220791952953775763e+05	7.808445947152883315e-01	2.551433050517196155e-01
4.241558363823482068e+05	7.846863721006301917e-01	2.559639804942593355e-01
4.262418224604760180e+05	7.885454376824795331e-01	2.567874398806537783e-01
4.283371937580436934e+05	7.924218658830036732e-01	2.576136927288238954e-01
4.304419906715548132e+05	7.963157314355784333e-01	2.584427485899748467e-01
4.325562537664304255e+05	8.002271093860763296e-01	2.592746170486953106e-01
4.346800237776980503e+05	8.041560750941407765e-01	2.601093077230838269e-01
4.368133416106899967e+05	8.081027042344789413e-01	2.609468302648587090e-01
4.389562483417445910e+05	8.120670727981580406e-01	2.617871943594785034e-01
4.411087852189026307e+05	8.160492570938945311e-01	2.626304097262563420e-01
4.432709936626164708e+05	8.200493337493652835e-01	2.634764861184805684e-01
4.454429152664458961e+05	8.240673797124956623e-01	2.643254333235300346e-01
4.476245917977872887e+05	8.281034722528080039e-01	2.651772611629931165e-01
4.498160651985770673e+05	8.321576889627225748e-01	2.660319794927899495e-01
4.520173775860004243e+05	8.362301077588693010e-01	2.668895982032834513e-01
4.542285712532224134e+05	8.403208068834410183e-01	2.677501272194067194e-01
4.564496886701031472e+05	8.444298649055147488e-01	2.686135765007796050e-01
4.586807724839182920e+05	8.485573607223863002e-01	2.694799560418297268e-01
4.609218655201013316e+05	8.527033735609425014e-01	2.703492758719160949e-01
4.631730107829565532e+05	8.568679829789801472e-01	2.712215460554426305e-01
4.654342514564021840e+05	8.610512688665815650e-01	2.720967766919912822e-01
4.677056309047067771e+05	8.652533114474765252e-01	2.729749779164351020e-01
4.699871926732286811e+05	8.694741912804103690e-01	2.738561598990644774e-01
4.722789804891484673e+05	8.737139892604980362e-01	2.747403328457084237e-01
4.745810382622313919e+05	8.779727866206366027e-01	2.756275069978640913e-01
4.768934100855616853e+05	8.822506649328617501e-01	2.765176926328108409e-01
4.792161402362979134e+05	8.865477061097460920e-01	2.774109000637463018e-01
4.815492731764319469e+05	8.908639924058033843e-01	2.783071396398978381e-01
4.838928535535445553e+05	8.951996064188858515e-01	2.792064217466618259e-01
4.862469262015575659e+05	8.995546310915765176e-01	2.801087568057175625e-01
4.886115361415112275e+05	9.039291497126261676e-01	2.810141552751606597e-01
4.909867285823149723e+05	9.083232459183429031e-01	2.819226276496290540e-01
4.933725489215383423e+05	9.127370036940560816e-01	2.828341844604285726e-01
4.957690427461605868e+05	9.171705073755012094e-01	2.837488362756581672e-01
4.981762558333625202e+05	9.216238416502868791e-01	2.846665937003438063e-01
5.005942341513007414e+05	9.260970915593254027e-01	2.855874673765638194e-01
5.030230238598899450e+05	9.305903424982814309e-01	2.865114679835735201e-01
5.054626713115879102e+05	9.351036802190235697e-01	2.874386062379434836e-01
5.079132230521827005e+05	9.396371908310802157e-01	2.883688928936832263e-01
5.103747258215909242e+05	9.441909608031174850e-01	2.893023387423750425e-01
5.128472265546490089e+05	9.487650769644018212e-01	2.902389546133007370e-01
5.153307723819057574e+05	9.533596265062671549e-01	2.911787513735757393e-01
5.178254106304306770e+05	9.579746969836100412e-01	2.921217399282804439e-01
5.203311888246159651e+05	9.626103763163731397e-01	2.930679312205926590e-01
5.228481546869857120e+05	9.672667527910421281e-01	2.940173362319217776e-01
5.253763561390087707e+05	9.719439150621503876e-01	2.949699659820372855e-01
5.279158413019039435e+05	9.766419521537671455e-01	2.959258315292077612e-01
5.304666584974753205e+05	9.813609534610444607e-01	2.968849439703311610e-01
5.330288562489120523e+05	9.861010087516952627e-01	2.978473144410714868e-01
5.356024832816327689e+05	9.908622081675565463e-01	2.988129541159925684e-01
5.381875885241021169e+05	9.956446422260998297e-01	2.997818742086971189e-01
5.407842211086495081e+05	1.000448401821945721e+00	3.007540859719567417e-01
5.433924303723401390e+05	1.005273578228475184e+00	3.017296006978538170e-01
5.460122658577727852e+05	1.010120263099304694e+00	3.027084297179143402e-01
5.486437773139465135e+05	1.014988548469891949e+00	3.036905844032509738e-01
5.512870146970939822e+05	1.019878526759075088e+00	3.046760761646957194e-01
5.539420281715325546e+05	1.024790290770648538e+00	3.056649164529395279e-01
5.566088681105219293e+05	1.029723933694948634e+00	3.066571167586751301e-01
5.592875850970998872e+05	1.034679549110401053e+00	3.076526886127312621e-01
5.619782299249600619e+05	1.039657230985143510e+00	3.086516435862169949e-01
5.646808535993113182e+05	1.044657073678616932e+00	3.096539932906587356e-01
5.673955073377239751e+05	1.049679171943129097e+00	3.106597493781430575e-01
5.701222425710250391e+05	1.054723620925512417e+00	3.116689235414588643e-01
5.728611109441599110e+05	1.059790516168718000e+00	3.126815275142367234e-01
5.756121643170509487e+05	1.064879953613401931e+00	3.136975730710960253e-01
5.783754547655078350e+05	1.069992029599612371e+00	3.147170720277818745e-01
5.811510345820904477e+05	1.075126840868384503e+00	3.157400362413141925e-01
5.839389562770002522e+05	1.080284484563388991e+00	3.167664776101282720e-01
5.867392725789610995e+05	1.085465058232562674e+00	3.177964080742209929e-01
5.895520364361207467e+05	1.090668659829775455e+00	3.188298396152962622e-01
5.923773010169665795e+05	1.095895387716524727e+00	3.198667842569091202e-01
5.952151197111762594e+05	1.101145340663508776e+00	3.209072540646113469e-01
5.980655461305836216e+05	1.106418617852415132e+00	3.219512611461003981e-01
6.009286341100389836e+05	1.111715318877509295e+00	3.229988176513656217e-01
6.038044377083419822e+05	1.117035543747363580e+00	3.240499357728350849e-01
6.066930112091567134e+05	1.122379392886547755e+00	3.251046277455238442e-01
6.095944091219246620e+05	1.127746967137319478e+00	3.261629058471868792e-01
6.125086861827890389e+05	1.133138367761333809e+00	3.272247823984602566e-01
6.154358973555244738e+05	1.138553696441362728e+00	3.282902697630182831e-01
6.183760978324653115e+05	1.143993055283012428e+00	3.293593803477189996e-01
6.213293430354326265e+05	1.149456546816439495e+00	3.304321266027585025e-01
6.242956886166852200e+05	1.154944273998109505e+00	3.315085210218209344e-01
6.272751904598559486e+05	1.160456340212528303e+00	3.325885761422294196e-01
6.302679046808863059e+05	1.165992849273972620e+00	3.336723045450991076e-01
6.332738876289943000e+05	1.171553905428279085e+00	3.347597188554917169e-01
6.362931958876064746e+05	1.177139613354570402e+00	3.358508317425677459e-01
6.393258862753374269e+05	1.182750078167065233e+00	3.369456559197392953e-01
6.423720158469242742e+05	1.188385405416807927e+00	3.380442041448306623e-01
6.454316418942204909e+05	1.194045701093508383e+00	3.391464892202253889e-01
6.485048219471437624e+05	1.199731071627293311e+00	3.402525239930214718e-01
6.515916137746514287e+05	1.205441623890512570e+00	3.413623213552027247e-01
6.546920753857201198e+05	1.211177465199549941e+00	3.424758942437778897e-01
6.578062650303217815e+05	1.216938703316630344e+00	3.435932556409453387e-01
6.609342412004222861e+05	1.222725446451666587e+00	3.447144185742506695e-01
6.640760626309433719e+05	1.228537803264038164e+00	3.458393961167443020e-01
6.672317883007739438e+05	1.234375882864463980e+00	3.469682013871490112e-01
6.704014774337628623e+05	1.240239794816836660e+00	3.481008475500067534e-01
6.735851894997135969e+05	1.246129649140065521e+00	3.492373478158450895e-01
6.767829842154019279e+05	1.252045556309956842e+00	3.503777154413343364e-01
6.799949215455636149e+05	1.257987627261040853e+00	3.515219637294559329e-01
6.832210617039118661e+05	1.263955973388457110e+00	3.526701060296593693e-01
6.864614651541778585e+05	1.269950706549876518e+00	3.538221557380254456e-01
6.897161926110960776e+05	1.275971939067324978e+00	3.549781262974324170e-01
6.929853050414534518e+05	1.282019783729124729e+00	3.561380311977161983e-01
6.962688636650986737e+05	1.288094353791761293e+00	3.573018839758325127e-01
6.995669299559899373e+05	1.294195762981821929e+00	3.584696982160297529e-01
7.028795656432275428e+05	1.300324125497905658e+00	3.596414875500046904e-01
7.062068327120970935e+05	1.306479556012553278e+00	3.608172656570735604e-01
7.095487934051102493e+05	1.312662169674173152e+00	3.619970462643409825e-01
7.129055102230566554e+05	1.318872082108986321e+00	3.631808431468643850e-01
7.162770459260565694e+05	1.325109409422975393e+00	3.643686701278212037e-01
7.196634635346124414e+05	1.331374268203828093e+00	3.655605410786785248e-01
7.230648263306851732e+05	1.337666775522930118e+00	3.667564699193635036e-01
7.264811978587501217e+05	1.343987048937317574e+00	3.679564706184275669e-01
7.299126419268725440e+05	1.350335206491666717e+00	3.691605571932232155e-01
7.333592226077775704e+05	1.356711366720273260e+00	3.703687437100716129e-01
7.368210042399386875e+05	1.363115648649067646e+00	3.715810442844369454e-01
7.402980514286468970e+05	1.369548171797590586e+00	3.727974730810899584e-01
7.437904290471079294e+05	1.376009056181024093e+00	3.740180443142882560e-01
7.472982022375501692e+05	1.382498422312241848e+00	3.752427722479503291e-01
7.508214364122822881e+05	1.389016391203764522e+00	3.764716711958248085e-01
7.543601972548317863e+05	1.395563084369866091e+00	3.777047555216695440e-01
7.579145507210355718e+05	1.402138623828592889e+00	3.789420396394219126e-01
7.614845630401445087e+05	1.408743132103805085e+00	3.801835380133791187e-01
7.650703007159543922e+05	1.415376732227271006e+00	3.814292651583719440e-01
7.686718305279059568e+05	1.422039547740700183e+00	3.826792356399384420e-01
7.722892195322228363e+05	1.428731702697849881e+00	3.839334640745074578e-01
7.759225350630383473e+05	1.435453321666609217e+00	3.851919651295797054e-01
7.795718447335116798e+05	1.442204529731064166e+00	3.864547535238958553e-01
7.832372164369948441e+05	1.448985452493655846e+00	3.877218440276211653e-01
7.869187183481379179e+05	1.455796216077226646e+00	3.889932514625318305e-01
7.906164189240728738e+05	1.462636947127208265e+00	3.902689907021854587e-01
7.943303869055367541e+05	1.469507772813702040e+00	3.915490766721104188e-01
7.980606913180435076e+05	1.476408820833644331e+00	3.928335243499793683e-01
8.018074014730324270e+05	1.483340219412933259e+00	3.941223487658063740e-01
8.055705869690413820e+05	1.490302097308597196e+00	3.954155650021150548e-01
8.093503176928699249e+05	1.497294583810949042e+00	3.967131881941294846e-01
8.131466638207674259e+05	1.504317808745780694e+00	3.980152335299559918e-01
8.169596958195945481e+05	1.511371902476515761e+00	3.993217162507784468e-01
8.207894844480098691e+05	1.518456995906402485e+00	4.006326516510297364e-01
8.246361007576734992e+05	1.525573220480739289e+00	4.019480550785905493e-01
8.284996160944259027e+05	1.532720708189059255e+00	4.032679419349623484e-01
8.323801020994882565e+05	1.539899591567347903e+00	4.045923276754759823e-01
8.362776307106681634e+05	1.547110003700273628e+00	4.059212278094638804e-01
8.401922741635760758e+05	1.554352078223440348e+00	4.072546579004499012e-01
8.441241049928127322e+05	1.561625949325582186e+00	4.085926335663522813e-01
8.480731960332150338e+05	1.568931751750868964e+00	4.099351704796552198e-01
8.520396204210569849e+05	1.576269620801128424e+00	4.112822843676210982e-01
8.560234515952914953e+05	1.583639692338142835e+00	4.126339910124638410e-01
8.600247632987842662e+05	1.591042102785932055e+00	4.139903062515605248e-01
8.640436295795259066e+05	1.598476989132995518e+00	4.153512459776205756e-01
8.680801247919073794e+05	1.605944488934673231e+00	4.167168261389023187e-01
8.721343235979505116e+05	1.613444740315419734e+00	4.180870627393986627e-01
8.762063009685574798e+05	1.620977881971118473e+00	4.194619718390289465e-01
8.802961321847679792e+05	1.628544053171404826e+00	4.208415695538418877e-01
8.844038928390418878e+05	1.636143393762041098e+00	4.222258720562064305e-01
8.885296588364962954e+05	1.643776044167204020e+00	4.236148955750127509e-01
8.926735063961963169e+05	1.651442145391873506e+00	4.250086563958729857e-01
8.968355120524294907e+05	1.659141839024188769e+00	4.264071708613161316e-01
9.010157526559851831e+05	1.666875267237816871e+00	4.278104553709888291e-01
9.052143053754516877e+05	1.674642572794351691e+00	4.292185263818543151e-01
9.094312476984962123e+05	1.682443899045682034e+00	4.306314004083951485e-01
9.136666574331735028e+05	1.690279389936412135e+00	4.320490940228119414e-01
9.179206127092214301e+05	1.698149190006258635e+00	4.334716238552344114e-01
9.221931919793837005e+05	1.706053444392498175e+00	4.348990065939138949e-01
9.264844740206963615e+05	1.713992298832346828e+00	4.363312589854364543e-01
9.307945379358448554e+05	1.721965899665470978e+00	4.377683978349192206e-01
9.351234631544509903e+05	1.729974393836367641e+00	4.392104400062205594e-01
9.394713294344296446e+05	1.738017928896875341e+00	4.406574024221495134e-01
9.438382168633065885e+05	1.746096653008611499e+00	4.421093020646613136e-01
9.482242058595815906e+05	1.754210714945493077e+00	4.435661559750781469e-01
9.526293771740430966e+05	1.762360264096171081e+00	4.450279812542891622e-01
9.570538118911499623e+05	1.770545450466585402e+00	4.464947950629596374e-01
9.614975914303589379e+05	1.778766424682420411e+00	4.479666146217466949e-01
9.659607975475172279e+05	1.787023337991681560e+00	4.494434572115086901e-01
9.704435123362115119e+05	1.795316342267190945e+00	4.509253401735046629e-01
9.749458182291392004e+05	1.803645590009125055e+00	4.524122809096262077e-01
9.794677979994978523e+05	1.812011234347583377e+00	4.539042968825938162e-01
9.840095347623667913e+05	1.820413429045145470e+00	4.554014056161740376e-01
9.885711119760890724e+05	1.828852328499428470e+00	4.569036246954019109e-01
9.931526134436801076e+05	1.837328087745691008e+00	4.584109717667883555e-01
9.977541233142142883e+05	1.845840862459400045e+00	4.599234645385344988e-01
1.002375726084240363e+06	1.854390808958848558e+00	4.614411207807554982e-01
1.007017506599195069e+06	1.862978084207771889e+00	4.629639583256902058e-01
1.011679550054812920e+06	1.871602845817953220e+00	4.644919950679281540e-01
1.016361941998558585e+06	1.880265252051876335e+00	4.660252489646189433e-01
1.021064768331050640e+06	1.888965461825358849e+00	4.675637380356982287e-01
1.025788115307505010e+06	1.897703634710221188e+00	4.691074803641080426e-01
1.030532069539161399e+06	1.906479930936926692e+00	4.706564940960133447e-01
1.035296717994744773e+06	1.915294511397285016e+00	4.722107974410265641e-01
1.040082148001903901e+06	1.924147537647114659e+00	4.737704086724298658e-01
1.044888447248677257e+06	1.933039171908951692e+00	4.753353461274066882e-01
1.049715703784967773e+06	1.941969577074782238e+00	4.769056282072509645e-01
1.054564006023990223e+06	1.950938916708715665e+00	4.784812733776042659e-01
1.059433442743764026e+06	1.959947355049750817e+00	4.800623001686780134e-01
1.064324103088594042e+06	1.968995057014510941e+00	4.816487271754819055e-01
1.069236076570539270e+06	1.978082188199965730e+00	4.832405730580456860e-01
1.074169453070949763e+06	1.987208914886269051e+00	4.848378565416567310e-01
1.079124322841895977e+06	1.996375404039409718e+00	4.864405964170759322e-01
1.084100776507754344e+06	2.005581823314137146e+00	4.880488115407847216e-01
1.089098905066672480e+06	2.014828341056678074e+00	4.896625208352026193e-01
1.094118799892086536e+06	2.024115126307542312e+00	4.912817432889242664e-01
1.099160552734262077e+06	2.033442348804371580e+00	4.929064979569503513e-01
1.104224255721819354e+06	2.042810178984763247e+00	4.945368039609221444e-01
1.109310001363256946e+06	2.052218787989086746e+00	4.961726804893593634e-01
1.114417882548514521e+06	2.061668347663377254e+00	4.978141467978871582e-01
1.119547992550509982e+06	2.071159030562177872e+00	4.994612222094731990e-01
1.124700425026705721e+06	2.080691009951437742e+00	5.011139261146699830e-01
1.129875274020627141e+06	2.090264459811320918e+00	5.027722779718478696e-01
1.135072633963497356e+06	2.099879554839230167e+00	5.044362973074343337e-01
1.140292599675761070e+06	2.109536470452629153e+00	5.061060037161561054e-01
1.145535266368676443e+06	2.119235382791980982e+00	5.077814168612716506e-01
1.150800729645913932e+06	2.128976468723714266e+00	5.094625564748210822e-01
1.156089085505138850e+06	2.138759905843143461e+00	5.111494423578635260e-01
1.161400430339594604e+06	2.148585872477402958e+00	5.128420943807132648e-01
1.166734860939739505e+06	2.158454547688471781e+00	5.145405324831967553e-01
1.172092474494841183e+06	2.168366111276124997e+00	5.162447766748842204e-01
1.177473368594599888e+06	2.178320743780938873e+00	5.179548470353487755e-01
1.182877641230772017e+06	2.188318626487288032e+00	5.196707637143939129e-01
1.188305390798783163e+06	2.198359941426337727e+00	5.213925469323170692e-01
1.193756716099413345e+06	2.208444871379152463e+00	5.231202169801510982e-01
1.199231716340384679e+06	2.218573599879643421e+00	5.248537942199055228e-01
1.204730491138044512e+06	2.228746311217673082e+00	5.265932990848297690e-01
1.210253140519026434e+06	2.238963190442134543e+00	5.283387520796524184e-01
1.215799764921893366e+06	2.249224423363985981e+00	5.300901737808453307e-01
1.221370465198833961e+06	2.259530196559393911e+00	5.318475848368564574e-01
1.226965342617325950e+06	2.269880697372806733e+00	5.336110059683799589e-01
1.232584498861799482e+06	2.280276113920034486e+00	5.353804579686055609e-01
1.238228036035382422e+06	2.290716635091475162e+00	5.371559617034711298e-01
1.243896056661552284e+06	2.301202450555172696e+00	5.389375381119162478e-01
1.249588663685848471e+06	2.311733750759983330e+00	5.407252082061433374e-01
1.255305960477607325e+06	2.322310726938786818e+00	5.425189930718762321e-01
1.261048050831647590e+06	2.332933571111603488e+00	5.443189138686136408e-01
1.266815038970011286e+06	2.343602476088815667e+00	5.461249918298973771e-01
1.272607029543714831e+06	2.354317635474404646e+00	5.479372482635542774e-01
1.278424127634458477e+06	2.365079243669117925e+00	5.497557045519800845e-01
1.284266438756374875e+06	2.375887495873700406e+00	5.515803821523930228e-01
1.290134068857823964e+06	2.386742588092213957e+00	5.534113025970884836e-01
1.296027124323083553e+06	2.397644717135169579e+00	5.552484874937121395e-01
1.301945711974168662e+06	2.408594080622889599e+00	5.570919585255211803e-01
1.307889939072594279e+06	2.419590876988768624e+00	5.589417374516583159e-01
1.313859913321156753e+06	2.430635305482571340e+00	5.607978461074032417e-01
1.319855742865712149e+06	2.441727566173720998e+00	5.626603064044563007e-01
1.325877536296976497e+06	2.452867859954629193e+00	5.645291403311974987e-01
1.331925402652331162e+06	2.464056388544038079e+00	5.664043699529615061e-01
1.337999451417649398e+06	2.475293354490396336e+00	5.682860174123000041e-01
1.344099792529080762e+06	2.486578961175165414e+00	5.701741049292630148e-01
1.350226536374887684e+06	2.497913412816210599e+00	5.720686548016672424e-01
1.356379793797302991e+06	2.509296914471240925e+00	5.739696894053715193e-01
1.362559676094341325e+06	2.520729672041162495e+00	5.758772311945460354e-01
1.368766295021641068e+06	2.532211892273481535e+00	5.777913027019576653e-01
1.374999762794342823e+06	2.543743782765782058e+00	5.797119265392345344e-01
1.381260192088949494e+06	2.555325551969167108e+00	5.816391253971550102e-01
1.387547696045161923e+06	2.566957409191654271e+00	5.835729220459148214e-01
1.393862388267781120e+06	2.578639564601693301e+00	5.855133393354141624e-01
1.400204382828605827e+06	2.590372229231679757e+00	5.874604001955413546e-01
1.406573794268287253e+06	2.602155614981384257e+00	5.894141276364440740e-01
1.412970737598272506e+06	2.613989934621546940e+00	5.913745447488113482e-01
1.419395328302668175e+06	2.625875401797326703e+00	5.933416747041748707e-01
1.425847682340187952e+06	2.637812231031904542e+00	5.953155407551731226e-01
1.432327916146040196e+06	2.649800637729974095e+00	5.972961662358470258e-01
1.438836146633900469e+06	2.661840838181390723e+00	5.992835745619222720e-01
1.445372491197819589e+06	2.673933049564705122e+00	6.012777892310978700e-01
1.451937067714168457e+06	2.686077489950754238e+00	6.032788338233375791e-01
1.458529994543609442e+06	2.698274378306317001e+00	6.052867320011622310e-01
1.465151390533034690e+06	2.710523934497691023e+00	6.073015075099258420e-01
1.471801375017557526e+06	2.722826379294384758e+00	6.093231841781192593e-01
1.478480067822484765e+06	2.735181934372760804e+00	6.113517859176618163e-01
1.485187589265276911e+06	2.747590822319665005e+00	6.133873367241932106e-01
1.491924060157569125e+06	2.760053266636164793e+00	6.154298606773680458e-01
1.498689601807148429e+06	2.772569491741206260e+00	6.174793819411463769e-01
1.505484336019990034e+06	2.785139722975380927e+00	6.195359247641065714e-01
1.512308385102257133e+06	2.797764186604628112e+00	6.215995134797224209e-01
1.519161871862312546e+06	2.810443109823953289e+00	6.236701725066763347e-01
1.526044919612794882e+06	2.823176720761269909e+00	6.257479263491525501e-01
1.532957652172594797e+06	2.835965248481056022e+00	6.278327995971380027e-01
1.539900193868960952e+06	2.848808922988252501e+00	6.299248169267375186e-01
1.546872669539520051e+06	2.861707975231995160e+00	6.320240031004584758e-01
1.553875204534380231e+06	2.874662637109508090e+00	6.341303829675193349e-01
1.560907924718168098e+06	2.887673141469873084e+00	6.362439814641638325e-01
1.567970956472106744e+06	2.900739722117875896e+00	6.383648236139600751e-01
1.575064426696173614e+06	2.913862613817992386e+00	6.404929345281101805e-01
1.582188462811090285e+06	2.927042052298075347e+00	6.426283394057566989e-01
1.589343192760538077e+06	2.940278274253450785e+00	6.447710635342984720e-01
1.596528745013193460e+06	2.953571517350683351e+00	6.469211322896905036e-01
1.603745248564899201e+06	2.966922020231594015e+00	6.490785711367668132e-01
1.610992832940767752e+06	2.980330022517149402e+00	6.512434056295464124e-01
1.618271628197351936e+06	2.993795764811480353e+00	6.534156614115483874e-01
1.625581764924765099e+06	3.007319488705801014e+00	6.555953642161160833e-01
1.632923374248848530e+06	3.020901436782422955e+00	6.577825398667126455e-01
1.640296587833352387e+06	3.034541852618783508e+00	6.599772142772595274e-01
1.647701537882091012e+06	3.048240980791439902e+00	6.621794134524461306e-01
1.655138357141142245e+06	3.061999066880133569e+00	6.643891634880522146e-01
1.662607178901040461e+06	3.075816357471847340e+00	6.666064905712620892e-01
1.670108136998956092e+06	3.089693100164840889e+00	6.688314209809943511e-01
1.677641365820933133e+06	3.103629543572786975e+00	6.710639810882198519e-01
1.685207000304090325e+06	3.117625937328843300e+00	6.733041973562899907e-01
1.692805175938867498e+06	3.131682532089811843e+00	6.755520963412509072e-01
1.700436028771246085e+06	3.145799579540242696e+00	6.778077046921973103e-01
1.708099695404987549e+06	3.159977332396578742e+00	6.800710491515665757e-01
1.715796313003927469e+06	3.174216044411394932e+00	6.823421565554809165e-01
1.723526019294196740e+06	3.188515970377513220e+00	6.846210538340931073e-01
1.731288952566517051e+06	3.202877366132245829e+00	6.869077680118934603e-01
1.739085251678480068e+06	3.217300488561611438e+00	6.892023262080493318e-01
1.746915056056832662e+06	3.231785595604563355e+00	6.915047556367567294e-01
1.754778505699775880e+06	3.246332946257244778e+00	6.938150836075417383e-01
1.762675741179297678e+06	3.260942800577302680e+00	6.961333375256272271e-01
1.770606903643452795e+06	3.275615419688102214e+00	6.984595448922632510e-01
1.778572134818737395e+06	3.290351065783125861e+00	7.007937333050435758e-01
1.786571577012368478e+06	3.305150002130188280e+00	7.031359304582613934e-01
1.794605373114691814e+06	3.320012493075886972e+00	7.054861641432659258e-01
1.802673666601502802e+06	3.334938804049901506e+00	7.078444622487776172e-01
1.810776601536419708e+06	3.349929201569380233e+00	7.102108527612367439e-01
1.818914322573256213e+06	3.364983953243332326e+00	7.125853637651634598e-01
1.827086974958419334e+06	3.380103327777060684e+00	7.149680234434894199e-01
1.835294704533261014e+06	3.395287594976514889e+00	7.173588600779013946e-01
1.843537657736555440e+06	3.410537025752875540e+00	7.197579020492076429e-01
1.851815981606844114e+06	3.425851892126885900e+00	7.221651778376599884e-01
1.860129823784892913e+06	3.441232467233405146e+00	7.245807160233304067e-01
1.868479332516121445e+06	3.456679025325900323e+00	7.270045452864517532e-01
1.876864656653031241e+06	3.472191841780935651e+00	7.294366944077689263e-01
1.885285945657679811e+06	3.487771193102753298e+00	7.318771922688931397e-01
1.893743349604116287e+06	3.503417356927775561e+00	7.343260678526504215e-01
1.902237019180876901e+06	3.519130612029226057e+00	7.367833502434674164e-01
1.910767105693465564e+06	3.534911238321715388e+00	7.392490686276906864e-01
1.919333761066819075e+06	3.550759516865801491e+00	7.417232522939807282e-01
1.927937137847836595e+06	3.566675729872671230e+00	7.442059306336377134e-01
1.936577389207889093e+06	3.582660160708784236e+00	7.466971331409967272e-01
1.945254668945322977e+06	3.598713093900497650e+00	7.491968894137678303e-01
1.953969131487996317e+06	3.614834815138767254e+00	7.517052291534118691e-01
1.962720931895845803e+06	3.631025611283888566e+00	7.542221821654971903e-01
1.971510225863392465e+06	3.647285770370138458e+00	7.567477783600826680e-01
1.980337169722355204e+06	3.663615581610605521e+00	7.592820477520593192e-01
1.989201920444194693e+06	3.680015335401899623e+00	7.618250204615479859e-01
1.998104635642686393e+06	3.696485323328910333e+00	7.643767267142611566e-01
2.007045473576553166e+06	3.713025838169675907e+00	7.669371968418627894e-01
2.016024593152000336e+06	3.729637173900077318e+00	7.695064612823615535e-01
2.025042153925395571e+06	3.746319625698792066e+00	7.720845505804548869e-01
2.034098316105877049e+06	3.763073489952119210e+00	7.746714953879531018e-01
2.043193240557987476e+06	3.779899064258857688e+00	7.772673264641140056e-01
2.052327088804279454e+06	3.796796647435117578e+00	7.798720746760305911e-01
2.061500023028029595e+06	3.813766539519349408e+00	7.824857709990310495e-01
2.070712206075852504e+06	3.830809041777175850e+00	7.851084465170448112e-01
2.079963801460429560e+06	3.847924456706439233e+00	7.877401324229855728e-01
2.089254973363173893e+06	3.865113088042134493e+00	7.903808600191348788e-01
2.098585886636905372e+06	3.882375240761356316e+00	7.930306607175301448e-01
2.107956706808603834e+06	3.899711221088391078e+00	7.956895660403650039e-01
2.117367600082061719e+06	3.917121336499628903e+00	7.983576076203511285e-01
2.126818733340718318e+06	3.934605895728803038e+00	8.010348172011233503e-01
2.136310274150302634e+06	3.952165208771877492e+00	8.037212266376272396e-01
2.145842390761645511e+06	3.969799586892256205e+00	8.064168678965166759e-01
2.155415252113402355e+06	3.987509342625813691e+00	8.091217730565535282e-01
2.165029027834863402e+06	4.005294789786097098e+00	8.118359743089779146e-01
2.174683888248743489e+06	4.023156243469485638e+00	8.145595039579297536e-01
2.184380004373899661e+06	4.041094020060219449e+00	8.172923944208334568e-01
2.194117547928269953e+06	4.059108437235837918e+00	8.200346782288084890e-01
2.203896691331572365e+06	4.077199813972164577e+00	8.227863880270640529e-01
2.213717607708251569e+06	4.095368470548773843e+00	8.255475565752834477e-01
2.223580470890178811e+06	4.113614728553968369e+00	8.283182167480667157e-01
