0.000000000000000000e+00
3.706856885399436578e+03
7.427454558766214177e+03
1.116184395523485728e+04
1.491007619875692762e+04
1.867220260277343914e+04
2.244827467095665634e+04
2.623834409788262565e+04
3.004246276976051740e+04
3.386068276513146702e+04
3.769305635558126960e+04
4.153963600645854603e+04
4.540047437760257162e+04
4.927562432404910214e+04
5.316513889675936662e+04
5.706907134333951399e+04
6.098747510878974572e+04
6.492040383622027002e+04
6.886791136758099310e+04
7.283005174441612326e+04
7.680687920859525912e+04
8.079844820303400047e+04
8.480481337248720229e+04
8.882602956425817683e+04
9.286215182895306498e+04
9.691323542124824598e+04
1.009793358006535564e+05
1.050605086322496645e+05
1.091568097874585073e+05
1.132682953448086046e+05
1.173950215907022357e+05
1.215370450201926287e+05
1.256944223377564922e+05
1.298672104580595624e+05
1.340554665067323949e+05
1.382592478211738635e+05
1.424786119513250887e+05
1.467136166604587343e+05
1.509643199259596877e+05
1.552307799401269294e+05
1.595130551109688822e+05
1.638112040630197152e+05
1.681252856381111778e+05
1.724553588961868081e+05
1.768014831161319744e+05
1.811637177965692244e+05
1.855421226566717960e+05
1.899367576369708404e+05
1.943476829002082814e+05
1.987749588321275078e+05
2.032186460423192475e+05
2.076788053650401998e+05
2.121554978600582108e+05
2.166487848134806845e+05
2.211587277385818306e+05
2.256853883766669314e+05
2.302288286978967953e+05
2.347891109021720476e+05
2.393662974199424498e+05
2.439604509130651131e+05
2.485716342756946106e+05
2.531999106351211667e+05
2.578453433526351582e+05
2.625079960244151298e+05
2.671879324823475908e+05
2.718852167949671857e+05
2.765999132682830095e+05
2.813320864466778003e+05
2.860818011138061993e+05
2.908491222934469115e+05
2.956341152504258789e+05
3.004368454915019684e+05
3.052573787662340328e+05
3.100957810679310933e+05
3.149521186345180031e+05
3.198264579494425561e+05
3.247188657426228747e+05
3.296294089913172647e+05
3.345581549210664816e+05
3.395051710065989755e+05
3.444705249727731571e+05
3.494542847954800818e+05
3.544565187026036438e+05
3.594772951749274507e+05
3.645166829470889643e+05
3.695747510085119866e+05
3.746515686043559108e+05
3.797472052364563569e+05
3.848617306642963085e+05
3.899952149059344083e+05
3.951477282389753964e+05
4.003193412015459035e+05
4.055101245932308957e+05
4.107201494760822970e+05
4.159494871755314525e+05
4.211982092814459465e+05
4.264663876490397379e+05
4.317540943998829462e+05
4.370614019229051191e+05
4.423883828753605485e+05
4.477351101838371251e+05
4.531016570452493615e+05
4.584880969278444536e+05
4.638945035722132307e+05
4.693209509922757279e+05
4.747675134763203096e+05
4.802342655880115926e+05
4.857212821674074512e+05
4.912286383319853339e+05
4.967564094776820857e+05
5.023046712799179368e+05
5.078734996946139727e+05
5.134629709592657164e+05
5.190731615939561743e+05
5.247041484024387319e+05
5.303560084731380921e+05
5.360288191802576184e+05
5.417226581848075148e+05
5.474376034356728196e+05
5.531737331706888508e+05
5.589311259177131578e+05
5.647098604956811760e+05
5.705100160157075152e+05
5.763316718821600080e+05
5.821749077937440015e+05
5.880398037445985246e+05
5.939264400253950153e+05
5.998348972244176548e+05
6.057652562286925968e+05
6.117175982250713278e+05
6.176920047013680451e+05
6.236885574474467430e+05
6.297073385563578922e+05
6.357484304254737217e+05
6.418119157575746067e+05
6.478978775620253291e+05
6.540063991558959242e+05
6.601375641651004553e+05
6.662914565255236812e+05
6.724681604842287488e+05
6.786677606005291454e+05
6.848903417472003493e+05
6.911359891116404906e+05
6.974047881970210001e+05
7.036968248234577477e+05
7.100121851291919593e+05
7.163509555717585608e+05
7.227132229291768745e+05
7.290990743011552840e+05
7.355085971102558542e+05
7.419418791031290311e+05
7.483990083516398445e+05
7.548800732541605830e+05
7.613851625367491506e+05
7.679143652543392964e+05
7.744677707919762470e+05
7.810454688660444226e+05
7.876475495255154092e+05
7.942741031531444751e+05
8.009252204667085316e+05
8.076009925202880986e+05
8.143015107054535765e+05
8.210268667525991332e+05
8.277771527320996393e+05
8.345524610556724947e+05
8.413528844775641337e+05
8.481785160958406050e+05
8.550294493536720984e+05
8.619057780406272504e+05
8.688075962939155288e+05
8.757349985997232143e+05
8.826880797944669612e+05
8.896669350660992786e+05
8.966716599554566201e+05
9.037023503575015347e+05
9.107591025226665661e+05
9.178420130581900012e+05
9.249511789294001646e+05
9.320866974610728212e+05
9.392486663387450390e+05
9.464371836100548971e+05
9.536523476861075033e+05
9.608942573427997995e+05
9.681630117221670225e+05
9.754587103337447625e+05
9.827814530559650157e+05
9.901313401374663226e+05
9.975084721984963398e+05
1.004912950232300675e+06
1.012344875606487505e+06
1.019804350064421771e+06
1.027291475726613542e+06
1.034806355092121288e+06
1.042349091039931169e+06
1.049919786830426659e+06
1.057518546106752707e+06
1.065145472896215739e+06
1.072800671611759346e+06
1.080484247053374536e+06
1.088196304409526521e+06
1.095936949258588720e+06
1.103706287570312154e+06
1.111504425707248040e+06
1.119331470426235348e+06
1.127187528879816178e+06
1.135072708617774770e+06
1.142987117588541005e+06
1.150930864140685648e+06
1.158904057024431415e+06
1.166906805393122137e+06
1.174939218804697040e+06
1.183001407223244663e+06
1.191093481020441279e+06
1.199215550977098290e+06
1.207367728284709156e+06
1.215550124546897598e+06
1.223762851781008765e+06
1.232006022419617977e+06
1.240279749312073924e+06
1.248584145726017654e+06
1.256919325348993298e+06
1.265285402289953083e+06
1.273682491080810782e+06
1.282110706678077579e+06
1.290570164464364760e+06
1.299060980249989312e+06
1.307583270274572540e+06
1.316137151208610740e+06
1.324722740155094303e+06
1.333340154651077930e+06
1.341989512669322081e+06
1.350670932619888335e+06
1.359384533351766877e+06
1.368130434154515155e+06
1.376908754759869538e+06
1.385719615343407262e+06
1.394563136526166461e+06
1.403439439376319293e+06
1.412348645410803612e+06
1.421290876597017050e+06
1.430266255354470573e+06
1.439274904556476045e+06
1.448316947531802114e+06
1.457392508066392969e+06
1.466501710405044723e+06
1.475644679253108799e+06
1.484821539778187871e+06
1.494032417611892801e+06
1.503277438851512037e+06
1.512556730061772745e+06
1.521870418276557233e+06
1.531218631000618916e+06
1.540601496211391408e+06
1.550019142360670958e+06
1.559471698376420420e+06
1.568959293664521072e+06
1.578482058110544458e+06
1.588040122081514914e+06
1.597633616427724715e+06
1.607262672484513372e+06
1.616927422074052971e+06
1.626627997507153079e+06
1.636364531585086137e+06
1.646137157601405401e+06
1.655946009343766142e+06
1.665791221095744055e+06
1.675672927638688125e+06
1.685591264253569301e+06
1.695546366722824518e+06
1.705538371332212817e+06
1.715567414872690570e+06
1.725633634642263874e+06
1.735737168447902892e+06
1.745878154607397038e+06
1.756056731951260939e+06
1.766273039824633859e+06
1.776527218089187052e+06
1.786819407125046011e+06
1.797149747832703870e+06
1.807518381634933408e+06
1.817925450478762854e+06
1.828371096837404650e+06
1.838855463712170720e+06
1.849378694634475745e+06
1.859940933667791076e+06
1.870542325409581885e+06
1.881183014993348159e+06
1.891863148090557195e+06
1.902582870912675280e+06
1.913342330213150010e+06
1.924141673289416358e+06
1.934981047984916251e+06
1.945860602691144682e+06
1.956780486349646468e+06
1.967740848454074003e+06
1.978741839052229188e+06
1.989783608748136088e+06
2.000866308704062831e+06
2.011990090642630123e+06
2.023155106848870404e+06
2.034361510172311217e+06
2.045609454029073939e+06
2.056899092403963674e+06
2.068230579852595460e+06
2.079604071503497660e+06
2.091019723060247023e+06
2.102477690803568345e+06
2.113978131593510043e+06
2.125521202871579211e+06
2.137107062662893441e+06
2.148735869578344282e+06
2.160407782816777471e+06
2.172122962167167570e+06
2.183881568010802846e+06
2.195683761323464103e+06
2.207529703677667305e+06
2.219419557244858705e+06
2.231353484797609504e+06
2.243331649711874779e+06
2.255354215969225857e+06
2.267421348159093410e+06
2.279533211481004488e+06
2.291689971746863797e+06
2.303891795383223332e+06
2.316138849433545955e+06
2.328431301560484804e+06
2.340769320048233960e+06
2.353153073804761749e+06
2.365582732364185620e+06
2.378058465889015701e+06
2.390580445172562730e+06
2.403148841641236562e+06
2.415763827356900554e+06
2.428425575019220822e+06
2.441134257968031801e+06
2.453890050185755827e+06
2.466693126299679279e+06
2.479543661584452260e+06
2.492441831964422483e+06
2.505387814016081393e+06
2.518381784970452543e+06
2.531423922715514898e+06
2.544514405798675958e+06
2.557653413429193199e+06
2.570841125480606221e+06
2.584077722493253648e+06
2.597363385676669888e+06
2.610698296912143473e+06
2.624082638755138963e+06
2.637516594437843654e+06
2.651000347871663980e+06
2.664534083649742417e+06
2.678117987049489748e+06
2.691752244035068434e+06
2.705437041260054801e+06
2.719172566069843248e+06
2.732959006504353601e+06
2.746796551300518680e+06
2.760685389894875698e+06
2.774625712426204700e+06
2.788617709738099482e+06
2.802661573381561786e+06
2.816757495617683046e+06
2.830905669420185965e+06
2.845106288478183094e+06
2.859359547198703978e+06
2.873665640709462110e+06
2.888024764861449599e+06
2.902437116231675260e+06
2.916902892125794664e+06
2.931422290580895729e+06
2.945995510368122719e+06
2.960622750995457638e+06
2.975304212710449472e+06
2.990040096502872184e+06
3.004830604107595980e+06
3.019675938007276040e+06
3.034576301435128320e+06
3.049531898377751000e+06
3.064542933577883989e+06
3.079609612537195906e+06
3.094732141519156285e+06
3.109910727551799268e+06
3.125145578430572059e+06
3.140436902721230406e+06
3.155784909762616269e+06
3.171189809669581708e+06
3.186651813335857354e+06
3.202171132436874323e+06
3.217747979432751425e+06
3.233382567571164109e+06
3.249075110890277661e+06
3.264825824221648276e+06
3.280634923193170689e+06
3.296502624232063070e+06
3.312429144567820244e+06
3.328414702235144563e+06
3.344459516076964326e+06
3.360563805747454055e+06
3.376727791714990512e+06
3.392951695265201852e+06
3.409235738503998145e+06
3.425580144360589795e+06
3.441985136590570211e+06
3.458450939778962173e+06
3.474977779343290254e+06
3.491565881536635570e+06
3.508215473450811580e+06
3.524926783019410446e+06
3.541700039020947181e+06
3.558535471081995405e+06
3.575433309680280276e+06
3.592393786147931591e+06
3.609417132674555294e+06
3.626503582310474478e+06
3.643653368969862349e+06
3.660866727434000000e+06
3.678143893354490399e+06
3.695485103256444447e+06
3.712890594541713595e+06
3.730360605492189527e+06
3.747895375273053534e+06
3.765495143936019391e+06
3.783160152422633022e+06
3.800890642567598261e+06
3.818686857102023438e+06
3.836549039656837471e+06
3.854477434766041115e+06
3.872472287870103493e+06
3.890533845319294371e+06
3.908662354377081618e+06
3.926858063223475590e+06
3.945121220958487131e+06
3.963452077605510131e+06
3.981850884114691988e+06
4.000317892366484739e+06
4.018853355174956843e+06
4.037457526291371323e+06
4.056130660407568328e+06
4.074873013159551658e+06
4.093684841130902991e+06
4.112566401856277138e+06
4.131517953825036995e+06
4.150539756484689191e+06
4.169632070244519971e+06
4.188795156479054131e+06
4.208029277531734668e+06
4.227334696718481369e+06
4.246711678331264295e+06
4.266160487641771324e+06
4.285681390904974192e+06
4.305274655362850055e+06
4.324940549247996882e+06
4.344679341787283309e+06
4.364491303205610253e+06
4.384376704729536548e+06
4.404335818591021001e+06
4.424368918031150475e+06
4.444476277303870767e+06
4.464658171679763123e+06
4.484914877449769527e+06
4.505246671929039992e+06
4.525653833460666239e+06
4.546136641419532709e+06
4.566695376216117293e+06
4.587330319300338626e+06
4.608041753165401518e+06
4.628829961351700127e+06
4.649695228450645693e+06
4.670637840108600445e+06
4.691658083030781709e+06
4.712756244985166006e+06
4.733932614806464873e+06
4.755187482400042936e+06
4.776521138745903037e+06
4.797933875902679749e+06
4.819425987011638470e+06
4.840997766300644726e+06
4.862649509088218212e+06
4.884381511787627824e+06
4.906194071910877712e+06
4.928087488072811626e+06
4.950062059995199554e+06
4.972118088510818779e+06
4.994255875567589886e+06
5.016475724232751876e+06
5.038777938696932979e+06
5.061162824278355576e+06
5.083630687427024357e+06
5.106181835728913546e+06
5.128816577910145745e+06
5.151535223841289990e+06
5.174338084541538730e+06
5.197225472182963043e+06
5.220197700094854459e+06
5.243255082767965272e+06
5.266397935858793557e+06
5.289626576193942688e+06
5.312941321774458513e+06
5.336342491780166514e+06
5.359830406574045308e+06
5.383405387706582434e+06
5.407067757920266129e+06
5.430817841153893620e+06
5.454655962547088042e+06
5.478582448444706388e+06
5.502597626401307061e+06
5.526701825185677968e+06
5.550895374785276130e+06
5.575178606410806067e+06
5.599551852500675246e+06
5.624015446725618094e+06
5.648569723993277177e+06
5.673215020452678204e+06
5.697951673498958349e+06
5.722780021777913906e+06
5.747700405190612189e+06
5.772713164898172021e+06
5.797818643326285295e+06
5.823017184169967659e+06
5.848309132398250513e+06
5.873694834258990362e+06
5.899174637283459306e+06
5.924748890291208401e+06
5.950417943394836038e+06
5.976182148004674353e+06
6.002041856833780184e+06
6.027997423902608454e+06
6.054049204543919303e+06
6.080197555407692678e+06
6.106442834465898573e+06
6.132785401017494500e+06
6.159225615693296306e+06
6.185763840460894629e+06
6.212400438629706390e+06
6.239135774855840951e+06
6.265970215147184208e+06
6.292904126868258230e+06
6.319937878745442256e+06
6.347071840871914290e+06
6.374306384712746367e+06
6.401641883109933697e+06
6.429078710287557915e+06
6.456617241856934503e+06
6.484257854821658693e+06
6.512000927582866512e+06
6.539846839944357052e+06
6.567795973117815331e+06
6.595848709728013724e+06
6.624005433818059042e+06
6.652266530854691751e+06
6.680632387733445503e+06
6.709103392784082331e+06
6.737679935775826685e+06
6.766362407922731712e+06
6.795151201889001764e+06
6.824046711794422008e+06
6.853049333219669759e+06
6.882159463211864233e+06
6.911377500289845280e+06
6.940703844449736178e+06
6.970138897170402110e+06
6.999683061418923549e+06
7.029336741656104103e+06
7.059100343842063099e+06
7.088974275441698730e+06
7.118958945430366322e+06
7.149054764299460687e+06
7.179262144061937928e+06
7.209581498258079402e+06
7.240013241961092688e+06
7.270557791782788932e+06
7.301215565879293717e+06
7.331986983956806362e+06
7.362872467277289368e+06
7.393872438664294779e+06
7.424987322508689016e+06
7.456217544774485752e+06
7.487563533004719764e+06
7.519025716327238828e+06
7.550604525460634381e+06
7.582300392720110714e+06
7.614113752023357898e+06
7.646045038896597922e+06
7.678094690480459481e+06
7.710263145535968244e+06
7.742550844450594857e+06
7.774958229244248942e+06
7.807485743575353175e+06
7.840133832746932283e+06
7.872902943712640554e+06
7.905793525082964450e+06
7.938806027131304145e+06
7.971940901800159365e+06
8.005198602707328275e+06
8.038579585152098909e+06
8.072084306121481583e+06
8.105713224296491593e+06
8.139466800058396533e+06
8.173345495495002717e+06
8.207349774407068267e+06
8.241480102314550430e+06
8.275736946463027969e+06
8.310120775830132887e+06
8.344632061131848022e+06
8.379271274829130620e+06
8.414038891134198755e+06
8.448935386017156765e+06
8.483961237212443724e+06
8.519116924225399271e+06
8.554402928338818252e+06
8.589819732619538903e+06
8.625367821925083175e+06
8.661047682910228148e+06
8.696859804033730179e+06
8.732804675564991310e+06
8.768882789590790868e+06
8.805094640021994710e+06
8.841440722600284964e+06
8.877921534905057400e+06
8.914537576360089704e+06
8.951289348240513355e+06
8.988177353679575026e+06
9.025202097675578669e+06
9.062364087098797783e+06
9.099663830698393285e+06
9.137101839109372348e+06
9.174678624859591946e+06
9.212394702376795933e+06
9.250250587995642796e+06
9.288246799964752048e+06
9.326383858453806490e+06
9.364662285560725257e+06
9.403082605318721384e+06
9.441645343703547493e+06
9.480351028640696779e+06
9.519200190012549981e+06
9.558193359665716067e+06
9.597331071418309584e+06
9.636613861067174003e+06
9.676042266395339742e+06
9.715616827179260552e+06
9.755338085196318105e+06
9.795206584232147783e+06
9.835222870088132098e+06
9.875387490588875487e+06
9.915700995589673519e+06
9.956163936984073371e+06
9.996776868711357936e+06
1.003754034676426090e+07
1.007845492919645458e+07
1.011952117613025755e+07
1.016073964976425655e+07
1.020211091438106261e+07
1.024363553635495529e+07
1.028531408415972628e+07
1.032714712837640382e+07
1.036913524170107953e+07
1.041127899895273708e+07
1.045357897708114237e+07
1.049603575517470948e+07
1.053864991446849331e+07
1.058142203835207969e+07
1.062435271237756684e+07
1.066744252426766790e+07
1.071069206392368115e+07
1.075410192343354411e+07
1.079767269708002731e+07
1.084140498134880327e+07
1.088529937493663654e+07
1.092935647875956818e+07
1.097357689596115425e+07
1.101796123192072287e+07
1.106251009426165186e+07
1.110722409285967983e+07
1.115210383985127509e+07
1.119714994964203238e+07
1.124236303891501762e+07
1.128774372663929313e+07
1.133329263407832943e+07
1.137901038479852490e+07
1.142489760467775911e+07
1.147095492191394977e+07
1.151718296703367308e+07
1.156358237290073559e+07
1.161015377472492494e+07
1.165689781007062271e+07
1.170381511886558123e+07
1.175090634340969846e+07
1.179817212838375755e+07
1.184561312085829675e+07
1.189322997030243464e+07
1.194102332859279215e+07
1.198899385002239607e+07
1.203714219130967930e+07
1.208546901160737872e+07
1.213397497251164541e+07
1.218266073807107098e+07
1.223152697479578853e+07
1.228057435166655667e+07
1.232980354014399834e+07
1.237921521417771652e+07
1.242881005021554790e+07
1.247858872721278667e+07
1.252855192664161138e+07
1.257870033250026777e+07
1.262903463132247515e+07
1.267955551218683459e+07
1.273026366672630794e+07
1.278115978913758881e+07
1.283224457619065046e+07
1.288351872723833285e+07
1.293498294422586076e+07
1.298663793170048483e+07
1.303848439682109840e+07
1.309052304936791956e+07
1.314275460175224021e+07
1.319517976902616583e+07
1.324779926889235154e+07
1.330061382171393000e+07
1.335362415052427910e+07
1.340683098103695177e+07
1.346023504165569320e+07
1.351383706348422915e+07
1.356763778033646196e+07
1.362163792874640599e+07
1.367583824797829799e+07
1.373023948003670201e+07
1.378484236967677437e+07
1.383964766441425867e+07
1.389465611453588679e+07
1.394986847310958430e+07
1.400528549599482678e+07
1.406090794185293280e+07
1.411673657215745188e+07
1.417277215120460838e+07
1.422901544612379931e+07
1.428546722688799165e+07
1.434212826632440835e+07
1.439899934012500942e+07
1.445608122685707919e+07
1.451337470797401667e+07
1.457088056782595254e+07
1.462859959367040172e+07
1.468653257568325289e+07
1.474468030696933717e+07
1.480304358357352950e+07
1.486162320449143276e+07
1.492041997168048471e+07
1.497943469007083587e+07
1.503866816757640988e+07
1.509812121510592103e+07
1.515779464657401294e+07
1.521768927891241200e+07
1.527780593208108284e+07
1.533814542907947488e+07
1.539870859595778771e+07
1.545949626182826050e+07
1.552050925887649693e+07
1.558174842237295769e+07
1.564321459068426862e+07
1.570490860528479703e+07
1.576683131076814979e+07
1.582898355485866964e+07
1.589136618842316046e+07
1.595398006548239663e+07
1.601682604322293773e+07
1.607990498200875893e+07
1.614321774539316446e+07
1.620676520013044029e+07
1.627054821618787572e+07
1.633456766675756127e+07
1.639882442826837301e+07
1.646331938039801642e+07
1.652805340608504787e+07
1.659302739154091850e+07
1.665824222626214102e+07
1.672369880304246396e+07
1.678939801798512042e+07
1.685534077051508054e+07
1.692152796339128911e+07
1.698796050271914154e+07
1.705463929796279222e+07
1.712156526195773110e+07
1.718873931092309952e+07
1.725616236447438970e+07
1.732383534563595429e+07
1.739175918085372075e+07
1.745993480000773072e+07
1.752836313642501086e+07
1.759704512689231709e+07
1.766598171166887507e+07
1.773517383449937776e+07
1.780462244262681156e+07
1.787432848680545390e+07
1.794429292131390795e+07
1.801451670396817103e+07
1.808500079613468051e+07
1.815574616274353862e+07
1.822675377230170369e+07
1.829802459690629318e+07
1.836955961225778982e+07
1.844135979767350107e+07
1.851342613610088453e+07
1.858575961413106322e+07
1.865836122201233357e+07
1.873123195366368815e+07
1.880437280668837577e+07
1.887778478238772601e+07
1.895146888577465340e+07
1.902542612558756396e+07
1.909965751430410892e+07
1.917416406815500557e+07
1.924894680713807419e+07
1.932400675503202900e+07
1.939934493941067904e+07
1.947496239165679738e+07
1.955086014697644860e+07
1.962703924441298842e+07
1.970350072686136141e+07
1.978024564108242840e+07
1.985727503771719709e+07
1.993458997130126879e+07
2.001219150027922541e+07
2.009008068701921403e+07
2.016825859782734513e+07
2.024672630296245962e+07
2.032548487665063515e+07
2.040453539709996432e+07
2.048387894651530683e+07
2.056351661111310869e+07
2.064344948113625869e+07
2.072367865086903051e+07
2.080420521865203232e+07
2.088503028689728305e+07
2.096615496210327744e+07
2.104758035487013310e+07
2.112930757991480082e+07
2.121133775608637556e+07
2.129367200638128072e+07
2.137631145795879513e+07
2.145925724215637892e+07
2.154251049450526014e+07
2.162607235474582016e+07
2.170994396684337035e+07
2.179412647900370508e+07
2.187862104368888959e+07
2.196342881763294339e+07
2.204855096185779199e+07
2.213398864168905094e+07
2.221974302677206323e+07
2.230581529108786955e+07
2.239220661296930537e+07
2.247891817511708662e+07
2.256595116461606696e+07
2.265330677295143157e+07
2.274098619602502510e+07
2.282899063417174295e+07
2.291732129217595607e+07
2.300597937928798050e+07
2.309496610924065858e+07
2.318428270026597753e+07
2.327393037511169910e+07
2.336391036105819792e+07
2.345422388993513212e+07
2.354487219813844934e+07
2.363585652664717659e+07
2.372717812104050070e+07
2.381883823151477426e+07
2.391083811290067807e+07
2.400317902468034998e+07
2.409586223100465909e+07
2.418888900071049109e+07
2.428226060733815283e+07
2.437597832914872840e+07
2.447004344914166629e+07
2.456445725507233292e+07
2.465922103946959972e+07
2.475433609965353832e+07
2.484980373775321990e+07
2.494562526072451845e+07
2.504180198036802560e+07
2.513833521334696189e+07
2.523522628120520338e+07
2.533247651038549095e+07
2.543008723224741220e+07
2.552805978308576345e+07
2.562639550414878502e+07
2.572509574165647849e+07
2.582416184681916982e+07
2.592359517585588619e+07
2.602339709001298994e+07
2.612356895558275655e+07
2.622411214392215014e+07
2.632502803147149459e+07
2.642631799977345392e+07
2.652798343549185246e+07
2.663002573043063655e+07
2.673244628155303746e+07
2.683524649100055173e+07
2.693842776611227915e+07
2.704199151944411546e+07
2.714593916878804564e+07
2.725027213719165325e+07
2.735499185297755897e+07
2.746009974976296350e+07
2.756559726647928730e+07
2.767148584739187732e+07
2.777776694211965427e+07
2.788444200565523282e+07
2.799151249838456884e+07
2.809897988610710204e+07
2.820684564005577564e+07
2.831511123691716418e+07
2.842377815885172784e+07
2.853284789351408556e+07
2.864232193407335877e+07
2.875220177923365310e+07
2.886248893325454369e+07
2.897318490597170964e+07
2.908429121281750128e+07
2.919580937484184653e+07
2.930774091873294488e+07
2.942008737683820352e+07
2.953285028718526289e+07
2.964603119350292906e+07
2.975963164524247125e+07
2.987365319759872556e+07
2.998809741153142601e+07
3.010296585378652811e+07
3.021826009691772610e+07
3.033398171930792183e+07
3.045013230519088730e+07
3.056671344467283785e+07
3.068372673375441507e+07
3.080117377435230464e+07
3.091905617432125658e+07
3.103737554747622833e+07
3.115613351361425966e+07
3.127533169853674993e+07
3.139497173407176882e+07
3.151505525809624791e+07
3.163558391455859691e+07
3.175655935350102559e+07
3.187798323108227178e+07
3.199985720960018411e+07
3.212218295751451701e+07
3.224496214946976677e+07
3.236819646631806344e+07
3.249188759514232725e+07
3.261603722927911580e+07
3.274064706834203005e+07
3.286571881824488193e+07
3.299125419122504443e+07
3.311725490586684644e+07
3.324372268712528050e+07
3.337065926634947211e+07
3.349806638130637258e+07
3.362594577620459348e+07
3.375429920171827823e+07
3.388312841501108557e+07
3.401243517976024747e+07
3.414222126618064195e+07
3.427248845104910433e+07
3.440323851772875339e+07
3.453447325619334728e+07
3.466619446305180341e+07
3.479840394157285988e+07
3.493110350170967728e+07
3.506429496012467891e+07
3.519798014021439105e+07
3.533216087213437259e+07
3.546683899282437563e+07
3.560201634603337198e+07
3.573769478234485537e+07
3.587387615920215845e+07
3.601056234093395621e+07
3.614775519877966493e+07
3.628545661091507971e+07
3.642366846247821301e+07
3.656239264559494704e+07
3.670163105940503627e+07
3.684138561008804291e+07
3.698165821088955551e+07
3.712245078214713931e+07
3.726376525131687522e+07
3.740560355299969763e+07
3.754796762896767259e+07
3.769085942819090933e+07
3.783428090686399490e+07
3.797823402843280137e+07
3.812272076362148672e+07
3.826774309045933932e+07
3.841330299430795014e+07
3.855940246788838506e+07
3.870604351130843163e+07
3.885322813208996505e+07
3.900095834519644827e+07
3.914923617306057364e+07
3.929806364561185986e+07
