0.000000000000000000e+00
3.706856885401182808e+03
7.427454558769706637e+03
1.116184395523963030e+04
1.491007619876367971e+04
1.867220260278193746e+04
2.244827467096655164e+04
2.623834409789415076e+04
3.004246276977378875e+04
3.386068276514636818e+04
3.769305635559745133e+04
4.153963600647577550e+04
4.540047437762131449e+04
4.927562432406935841e+04
5.316513889678032137e+04
5.706907134336163290e+04
6.098747510881279595e+04
6.492040383624448441e+04
6.886791136760613881e+04
7.283005174444243312e+04
7.680687920862180181e+04
8.079844820306194015e+04
8.480481337251560763e+04
8.882602956428658217e+04
9.286215182898147032e+04
9.691323542127781548e+04
1.009793358006838243e+05
1.050605086322803982e+05
1.091568097874894738e+05
1.132682953448400367e+05
1.173950215907336678e+05
1.215370450202245265e+05
1.256944223377888557e+05
1.298672104580916930e+05
1.340554665067642927e+05
1.382592478212064598e+05
1.424786119513579179e+05
1.467136166604913305e+05
1.509643199259915855e+05
1.552307799401592929e+05
1.595130551110012457e+05
1.638112040630511474e+05
1.681252856381416786e+05
1.724553588962170761e+05
1.768014831161617767e+05
1.811637177965990268e+05
1.855421226567006670e+05
1.899367576369990129e+05
1.943476829002359882e+05
1.987749588321545161e+05
2.032186460423450917e+05
2.076788053650655784e+05
2.121554978600826580e+05
2.166487848135037348e+05
2.211587277386037167e+05
2.256853883766871877e+05
2.302288286979168188e+05
2.347891109021909069e+05
2.393662974199592136e+05
2.439604509130804799e+05
2.485716342757090461e+05
2.531999106351349037e+05
2.578453433526484296e+05
2.625079960244256072e+05
2.671879324823573697e+05
2.718852167949751019e+05
2.765999132682885975e+05
2.813320864466817584e+05
2.860818011138087604e+05
2.908491222934485413e+05
2.956341152504263446e+05
3.004368454915003385e+05
3.052573787662307732e+05
3.100957810679259710e+05
3.149521186345100868e+05
3.198264579494337086e+05
3.247188657426119316e+05
3.296294089913042262e+05
3.345581549210513476e+05
3.395051710065824445e+05
3.444705249727535993e+05
3.494542847954586614e+05
3.544565187025796622e+05
3.594772951749016065e+05
3.645166829470603261e+05
3.695747510084817186e+05
3.746515686043223832e+05
3.797472052364207339e+05
3.848617306642576586e+05
3.899952149058929645e+05
3.951477282389320899e+05
4.003193412014995702e+05
4.055101245931822341e+05
4.107201494760299101e+05
4.159494871754776686e+05
4.211982092813882045e+05
4.264663876489782706e+05
4.317540943998184521e+05
4.370614019228373654e+05
4.423883828752897680e+05
4.477351101837630849e+05
4.531016570451729931e+05
4.584880969277648255e+05
4.638945035721303429e+05
4.693209509921888821e+05
4.747675134762302041e+05
4.802342655879177619e+05
4.857212821673094295e+05
4.912286383318842854e+05
4.967564094775782432e+05
5.023046712798094377e+05
5.078734996945017483e+05
5.134629709591486026e+05
5.190731615938351024e+05
5.247041484023127705e+05
5.303560084730077069e+05
5.360288191801218782e+05
5.417226581846666522e+05
5.474376034355268348e+05
5.531737331705386750e+05
5.589311259175585583e+05
5.647098604955216870e+05
5.705100160155429039e+05
5.763316718819907401e+05
5.821749077935698442e+05
5.880398037444199435e+05
5.939264400252120104e+05
5.998348972242290620e+05
6.057652562284986489e+05
6.117175982248727232e+05
6.176920047011638526e+05
6.236885574472369626e+05
6.297073385561427567e+05
6.357484304252516013e+05
6.418119157573457342e+05
6.478978775617906358e+05
6.540063991556556430e+05
6.601375641648536548e+05
6.662914565252724569e+05
6.724681604839696083e+05
6.786677606002641842e+05
6.848903417469295673e+05
6.911359891113638878e+05
6.974047881967378780e+05
7.036968248231669422e+05
7.100121851288932376e+05
7.163509555714512244e+05
7.227132229288632516e+05
7.290990743008339778e+05
7.355085971099282615e+05
7.419418791027923580e+05
7.483990083512964193e+05
7.548800732538113371e+05
7.613851625363917556e+05
7.679143652539735194e+05
7.744677707916020881e+05
7.810454688656637445e+05
7.876475495251261164e+05
7.942741031527458690e+05
8.009252204663031735e+05
8.076009925198731944e+05
8.143015107050314546e+05
8.210268667521681637e+05
8.277771527316633146e+05
8.345524610552289523e+05
8.413528844771110453e+05
8.481785160953779705e+05
8.550294493531999178e+05
8.619057780401448254e+05
8.688075962934247218e+05
8.757349985992216971e+05
8.826880797939554323e+05
8.896669350655793678e+05
8.966716599549264647e+05
9.037023503569611348e+05
9.107591025221170858e+05
9.178420130576300435e+05
9.249511789288299624e+05
9.320866974604902789e+05
9.392486663381494582e+05
9.464371836094502360e+05
9.536523476854935288e+05
9.608942573421746492e+05
9.681630117215309292e+05
9.754587103330993559e+05
9.827814530553070363e+05
9.901313401367950719e+05
9.975084721978136804e+05
1.004912950231606141e+06
1.012344875605782261e+06
1.019804350063705584e+06
1.027291475725885481e+06
1.034806355091381352e+06
1.042349091039181920e+06
1.049919786829667632e+06
1.057518546105981572e+06
1.065145472895433893e+06
1.072800671610967489e+06
1.080484247052571271e+06
1.088196304408709751e+06
1.095936949257757980e+06
1.103706287569467444e+06
1.111504425706389360e+06
1.119331470425362233e+06
1.127187528878931422e+06
1.135072708616875112e+06
1.142987117587626446e+06
1.150930864139758516e+06
1.158904057023491710e+06
1.166906805392168462e+06
1.174939218803733122e+06
1.183001407222265378e+06
1.191093481019446626e+06
1.199215550976091996e+06
1.207367728283688892e+06
1.215550124545863830e+06
1.223762851779961027e+06
1.232006022418557201e+06
1.240279749310996849e+06
1.248584145724925213e+06
1.256919325347885489e+06
1.265285402288828045e+06
1.273682491079671308e+06
1.282110706676922739e+06
1.290570164463192690e+06
1.299060980248801410e+06
1.307583270273368340e+06
1.316137151207391173e+06
1.324722740153855644e+06
1.333340154649822041e+06
1.341989512668047100e+06
1.350670932618594263e+06
1.359384533350456972e+06
1.368130434153189417e+06
1.376908754758527968e+06
1.385719615342049394e+06
1.394563136524791364e+06
1.403439439374923706e+06
1.412348645409389399e+06
1.421290876595585141e+06
1.430266255353021901e+06
1.439274904555008747e+06
1.448316947530316655e+06
1.457392508064888418e+06
1.466501710403520614e+06
1.475644679251563735e+06
1.484821539776623715e+06
1.494032417610309087e+06
1.503277438849909697e+06
1.512556730060150847e+06
1.521870418274912052e+06
1.531218630998953711e+06
1.540601496209704317e+06
1.550019142358962912e+06
1.559471698374692816e+06
1.568959293662773911e+06
1.578482058108776342e+06
1.588040122079726309e+06
1.597633616425916087e+06
1.607262672482683323e+06
1.616927422072198242e+06
1.626627997505273670e+06
1.636364531583184376e+06
1.646137157599481754e+06
1.655946009341818281e+06
1.665791221093773842e+06
1.675672927636693697e+06
1.685591264251551125e+06
1.695546366720784456e+06
1.705538371330149472e+06
1.715567414870603476e+06
1.725633634640152566e+06
1.735737168445765972e+06
1.745878154605235439e+06
1.756056731949075125e+06
1.766273039822422434e+06
1.776527218086951412e+06
1.786819407122785226e+06
1.797149747830416542e+06
1.807518381632622331e+06
1.817925450476429891e+06
1.828371096835044678e+06
1.838855463709783740e+06
1.849378694632062223e+06
1.859940933665346354e+06
1.870542325407110155e+06
1.881183014990846626e+06
1.891863148088029120e+06
1.902582870910119731e+06
1.913342330210565589e+06
1.924141673286803067e+06
1.934981047982277349e+06
1.945860602688476909e+06
1.956780486346949823e+06
1.967740848451348022e+06
1.978741839049475268e+06
1.989783608745351434e+06
2.000866308701250702e+06
2.011990090639788192e+06
2.023155106845997274e+06
2.034361510169407818e+06
2.045609454026137013e+06
2.056899092400996480e+06
2.068230579849597067e+06
2.079604071500470396e+06
2.091019723057186231e+06
2.102477690800474957e+06
2.113978131590384059e+06
2.125521202868418302e+06
2.137107062659699004e+06
2.148735869575117715e+06
2.160407782813519705e+06
2.172122962163876742e+06
2.183881568007476162e+06
2.195683761320103891e+06
2.207529703674274031e+06
2.219419557241429109e+06
2.231353484794145450e+06
2.243331649708375335e+06
2.255354215965691954e+06
2.267421348155522719e+06
2.279533211477396078e+06
2.291689971743219066e+06
2.303891795379540417e+06
2.316138849429823924e+06
2.328431301556732040e+06
2.340769320044444874e+06
2.353153073800940998e+06
2.365582732360325288e+06
2.378058465885114856e+06
2.390580445168623701e+06
2.403148841637261212e+06
2.415763827352887951e+06
2.428425575015165377e+06
2.441134257963940967e+06
2.453890050181621220e+06
2.466693126295505092e+06
2.479543661580237094e+06
2.492441831960166804e+06
2.505387814011785667e+06
2.518381784966113046e+06
2.531423922711132560e+06
2.544514405794253573e+06
2.557653413424729835e+06
2.570841125476103276e+06
2.584077722488706466e+06
2.597363385672078468e+06
2.610698296907501295e+06
2.624082638750451151e+06
2.637516594433112536e+06
2.651000347866891883e+06
2.664534083644927945e+06
2.678117987044627778e+06
2.691752244030163623e+06
2.705437041255096905e+06
2.719172566064838320e+06
2.732959006499298848e+06
2.746796551295414101e+06
2.760685389889725950e+06
2.774625712421008851e+06
2.788617709732854739e+06
2.802661573376271408e+06
2.816757495612343308e+06
2.830905669414799195e+06
2.845106288472741377e+06
2.859359547193210572e+06
2.873665640703915153e+06
2.888024764855848625e+06
2.902437116226020269e+06
2.916902892120088916e+06
2.931422290575137828e+06
2.945995510362313595e+06
2.960622750989601947e+06
2.975304212704537902e+06
2.990040096496908460e+06
3.004830604101578239e+06
3.019675938001201488e+06
3.034576301429002080e+06
3.049531898371571209e+06
3.064542933571649250e+06
3.079609612530905753e+06
3.094732141512806527e+06
3.109910727545390837e+06
3.125145578424110543e+06
3.140436902714710683e+06
3.155784909756041132e+06
3.171189809662949760e+06
3.186651813329160679e+06
3.202171132430119440e+06
3.217747979425938800e+06
3.233382567564292811e+06
3.249075110883345827e+06
3.264825824214654975e+06
3.280634923186114058e+06
3.296502624224946834e+06
3.312429144560641609e+06
3.328414702227900736e+06
3.344459516069659032e+06
3.360563805740082636e+06
3.376727791707552969e+06
3.392951695257701911e+06
3.409235738496432081e+06
3.425580144352965057e+06
3.441985136582885869e+06
3.458450939771209843e+06
3.474977779335463420e+06
3.491565881528744474e+06
3.508215473442854360e+06
3.524926783011387102e+06
3.541700039012857713e+06
3.558535471073834226e+06
3.575433309672056697e+06
3.592393786139635369e+06
3.609417132666189224e+06
3.626503582302032970e+06
3.643653368961348198e+06
3.660866727425419725e+06
3.678143893345838413e+06
3.695485103247717954e+06
3.712890594532918185e+06
3.730360605483325198e+06
3.747895375264114700e+06
3.765495143927005120e+06
3.783160152413544245e+06
3.800890642558428459e+06
3.818686857092775404e+06
3.836549039647511207e+06
3.854477434756635688e+06
3.872472287860617042e+06
3.890533845309728757e+06
3.908662354367433116e+06
3.926858063213750720e+06
3.945121220948684961e+06
3.963452077595626935e+06
3.981850884104731493e+06
4.000317892356438562e+06
4.018853355164835230e+06
4.037457526281168684e+06
4.056130660397291183e+06
4.074873013149190694e+06
4.093684841120447963e+06
4.112566401845736429e+06
4.131517953814407811e+06
4.150539756473977119e+06
4.169632070233715698e+06
4.188795156468168832e+06
4.208029277520767413e+06
4.227334696707429364e+06
4.246711678320126608e+06
4.266160487630539574e+06
4.285681390893652104e+06
4.305274655351437628e+06
4.324940549236491323e+06
4.344679341775692068e+06
4.364491303193926811e+06
4.384376704717762768e+06
4.404335818579150364e+06
4.424368918019186705e+06
4.444476277291816659e+06
4.464658171667614020e+06
4.484914877437531017e+06
4.505246671916705556e+06
4.525653833448235877e+06
4.546136641407005489e+06
4.566695376203492284e+06
4.587330319287613034e+06
4.608041753152580932e+06
4.628829961338779889e+06
4.649695228437625803e+06
4.670637840095483698e+06
4.691658083017560653e+06
4.712756244971848093e+06
4.733932614793043584e+06
4.755187482386519201e+06
4.776521138732273132e+06
4.797933875888948329e+06
4.819425986997795291e+06
4.840997766286687925e+06
4.862649509074156173e+06
4.884381511773460545e+06
4.906194071896603331e+06
4.928087488058431074e+06
4.950062059980703518e+06
4.972118088496210985e+06
4.994255875552874058e+06
5.016475724217920564e+06
5.038777938681986183e+06
5.061162824263298884e+06
5.083630687411853112e+06
5.106181835713624023e+06
5.128816577894743532e+06
5.151535223825771362e+06
5.174338084525897168e+06
5.197225472167206928e+06
5.220197700078984722e+06
5.243255082751973532e+06
5.266397935842685401e+06
5.289626576177714393e+06
5.312941321758111939e+06
5.336342491763695143e+06
5.359830406557446346e+06
5.383405387689861469e+06
5.407067757903417572e+06
5.430817841136919335e+06
5.454655962529985234e+06
5.478582448427475058e+06
5.502597626383951865e+06
5.526701825168193318e+06
5.550895374767662026e+06
5.575178606393053196e+06
5.599551852482791990e+06
5.624015446707609110e+06
5.648569723975124769e+06
5.673215020434395410e+06
5.697951673480540514e+06
5.722780021759355441e+06
5.747700405171931721e+06
5.772713164879355580e+06
5.797818643307319842e+06
5.823017184150855988e+06
5.848309132379008457e+06
5.873694834239600226e+06
5.899174637263930403e+06
5.924748890271535143e+06
5.950417943375005387e+06
5.976182147984696552e+06
6.002041856813649647e+06
6.027997423882322386e+06
6.054049204523491673e+06
6.080197555387116037e+06
6.106442834445178509e+06
6.132785400996622629e+06
6.159225615672271699e+06
6.185763840439731255e+06
6.212400438608399592e+06
6.239135774834385142e+06
6.265970215125563554e+06
6.292904126846494153e+06
6.319937878723531961e+06
6.347071840849858709e+06
6.374306384690522216e+06
6.401641883087540977e+06
6.429078710265002213e+06
6.456617241834211163e+06
6.484257854798775166e+06
6.512000927559820004e+06
6.539846839921151288e+06
6.567795973094453104e+06
6.595848709704488516e+06
6.624005433794370852e+06
6.652266530830831267e+06
6.680632387709422037e+06
6.709103392759885639e+06
6.737679935751455836e+06
6.766362407898187637e+06
6.795151201864279807e+06
6.824046711769516580e+06
6.853049333194591105e+06
6.882159463186593726e+06
6.911377500264394097e+06
6.940703844424110837e+06
6.970138897144589573e+06
6.999683061392928474e+06
7.029336741629925556e+06
7.059100343815699220e+06
7.088974275415156968e+06
7.118958945403652266e+06
7.149054764272556640e+06
7.179262144034855068e+06
7.209581498230810277e+06
7.240013241933638230e+06
7.270557791755145416e+06
7.301215565851459280e+06
7.331986983928780071e+06
7.362872467249071226e+06
7.393872438635874540e+06
7.424987322480058298e+06
7.456217544745652005e+06
7.487563532975684851e+06
7.519025716298006475e+06
7.550604525431206450e+06
7.582300392690481618e+06
7.614113751993535087e+06
7.646045038866570219e+06
7.678094690450223163e+06
7.710263145505513996e+06
7.742550844419926405e+06
7.774958229213375598e+06
7.807485743544278666e+06
7.840133832715645432e+06
7.872902943681143224e+06
7.905793525051249191e+06
7.938806027099372819e+06
7.971940901768013835e+06
8.005198602674970403e+06
8.038579585119521245e+06
8.072084306088691577e+06
8.105713224263483658e+06
8.139466800025166944e+06
8.173345495461560786e+06
8.207349774373397231e+06
8.241480102280650288e+06
8.275736946428908035e+06
8.310120775795767084e+06
8.344632061097258702e+06
8.379271274794299155e+06
8.414038891099130735e+06
8.448935385981850326e+06
8.483961237176897004e+06
8.519116924189619720e+06
8.554402928302807733e+06
8.589819732583301142e+06
8.625367821888595819e+06
8.661047682873491198e+06
8.696859803996747360e+06
8.732804675527762622e+06
8.768882789553310722e+06
8.805094639984255657e+06
8.841440722562300041e+06
8.877921534866811708e+06
8.914537576321586967e+06
8.951289348201747984e+06
8.988177353640550748e+06
9.025202097636304796e+06
9.062364087059268728e+06
9.099663830658599734e+06
9.137101839069310576e+06
9.174678624819274992e+06
9.212394702336227521e+06
9.250250587954809889e+06
9.288246799923654646e+06
9.326383858412457630e+06
9.364662285519098863e+06
9.403082605276828632e+06
9.441645343661392108e+06
9.480351028598252684e+06
9.519200189969828352e+06
9.558193359622720629e+06
9.597331071375025436e+06
9.636613861023612320e+06
9.676042266351493075e+06
9.715616827135130763e+06
9.755338085151899606e+06
9.795206584187438712e+06
9.835222870043134317e+06
9.875387490543585271e+06
9.915700995544092730e+06
9.956163936938183382e+06
9.996776868665179238e+06
1.003754034671779163e+07
1.007845492914968170e+07
1.011952117608318664e+07
1.016073964971688949e+07
1.020211091433338635e+07
1.024363553630698286e+07
1.028531408411145769e+07
1.032714712832782604e+07
1.036913524165218696e+07
1.041127899890352599e+07
1.045357897703161649e+07
1.049603575512487628e+07
1.053864991441834345e+07
1.058142203830160387e+07
1.062435271232677996e+07
1.066744252421656251e+07
1.071069206387224793e+07
1.075410192338178493e+07
1.079767269702793658e+07
1.084140498129637726e+07
1.088529937488387711e+07
1.092935647870647348e+07
1.097357689590772800e+07
1.101796123186695017e+07
1.106251009420754015e+07
1.110722409280523099e+07
1.115210383979648724e+07
1.119714994958689436e+07
1.124236303885953128e+07
1.128774372658345476e+07
1.133329263402213529e+07
1.137901038474196941e+07
1.142489760462084599e+07
1.147095492185667902e+07
1.151718296697602980e+07
1.156358237284272909e+07
1.161015377466654219e+07
1.165689781001186930e+07
1.170381511880646646e+07
1.175090634335021302e+07
1.179817212832390517e+07
1.184561312079806067e+07
1.189322997024182044e+07
1.194102332853180170e+07
1.198899384996102937e+07
1.203714219124791399e+07
1.208546901154521480e+07
1.213397497244909406e+07
1.218266073800813220e+07
1.223152697473244928e+07
1.228057435160281509e+07
1.232980354007985070e+07
1.237921521411316656e+07
1.242881005015058257e+07
1.247858872714744136e+07
1.252855192657586746e+07
1.257870033243410476e+07
1.262903463125590235e+07
1.267955551211985573e+07
1.273026366665889882e+07
1.278115978906973638e+07
1.283224457612236962e+07
1.288351872716961801e+07
1.293498294415671378e+07
1.298663793163090758e+07
1.303848439675108157e+07
1.309052304929747432e+07
1.314275460168136843e+07
1.319517976895484887e+07
1.324779926882058755e+07
1.330061382164171897e+07
1.335362415045161918e+07
1.340683098096386343e+07
1.346023504158214666e+07
1.351383706341024488e+07
1.356763778026202694e+07
1.362163792867151834e+07
1.367583824790294096e+07
1.373023947996089607e+07
1.378484236960048042e+07
1.383964766433748417e+07
1.389465611445864104e+07
1.394986847303188778e+07
1.400528549591666646e+07
1.406090794177428074e+07
1.411673657207831554e+07
1.417277215112498030e+07
1.422901544604366645e+07
1.428546722680737637e+07
1.434212826624329947e+07
1.439899934004340135e+07
1.445608122677498870e+07
1.451337470789143816e+07
1.457088056774286181e+07
1.462859959358680993e+07
1.468653257559913024e+07
1.474468030688472651e+07
1.480304358348839544e+07
1.486162320440581068e+07
1.492041997159435414e+07
1.497943468998420052e+07
1.503866816748925298e+07
1.509812121501821466e+07
1.515779464648577198e+07
1.521768927882364020e+07
1.527780593199178763e+07
1.533814542898965254e+07
1.539870859586742148e+07
1.545949626173733175e+07
1.552050925878502801e+07
1.558174842228092253e+07
1.564321459059168026e+07
1.570490860519164987e+07
1.576683131067443639e+07
1.582898355476439744e+07
1.589136618832829222e+07
1.595398006538696215e+07
1.601682604312691092e+07
1.607990498191216215e+07
1.614321774529597908e+07
1.620676520003267005e+07
1.627054821608950943e+07
1.633456766665859893e+07
1.639882442816880718e+07
1.646331938029785082e+07
1.652805340598427132e+07
1.659302739143953100e+07
1.665824222616013885e+07
1.672369880293986574e+07
1.678939801788191870e+07
1.685534077041124552e+07
1.692152796328682452e+07
1.698796050261403620e+07
1.705463929785706848e+07
1.712156526185135171e+07
1.718873931081607193e+07
1.725616236436673254e+07
1.732383534552766010e+07
1.739175918074477091e+07
1.745993479989812896e+07
1.752836313631476834e+07
1.759704512678140402e+07
1.766598171155731007e+07
1.773517383438714221e+07
1.780462244251390547e+07
1.787432848669187725e+07
1.794429292119965702e+07
1.801451670385323465e+07
1.808500079601905867e+07
1.815574616262724996e+07
1.822675377218474075e+07
1.829802459678864107e+07
1.836955961213943735e+07
1.844135979755445570e+07
1.851342613598114252e+07
1.858575961401062459e+07
1.865836122189117968e+07
1.873123195354181156e+07
1.880437280656579137e+07
1.887778478226440400e+07
1.895146888565060869e+07
1.902542612546279281e+07
1.909965751417858526e+07
1.917416406802877411e+07
1.924894680701108649e+07
1.932400675490429625e+07
1.939934493928216025e+07
1.947496239152753726e+07
1.955086014684644714e+07
1.962703924428224191e+07
1.970350072672986984e+07
1.978024564095016569e+07
1.985727503758416697e+07
1.993458997116745263e+07
2.001219150014464557e+07
2.009008068688384444e+07
2.016825859769119322e+07
2.024672630282551423e+07
2.032548487651287764e+07
2.040453539696139470e+07
2.048387894637594745e+07
2.056351661097294092e+07
2.064344948099528253e+07
2.072367865072723851e+07
2.080420521850941330e+07
2.088503028675383702e+07
2.096615496195900068e+07
2.104758035472501069e+07
2.112930757976884395e+07
2.121133775593956187e+07
2.129367200623362511e+07
2.137631145781027153e+07
2.145925724200701714e+07
2.154251049435501173e+07
2.162607235459471121e+07
2.170994396669138595e+07
2.179412647885084897e+07
2.187862104353514314e+07
2.196342881747829914e+07
2.204855096170224994e+07
2.213398864153261110e+07
2.221974302661471069e+07
2.230581529092961177e+07
2.239220661281014234e+07
2.247891817495700717e+07
2.256595116445506364e+07
2.265330677278949320e+07
2.274098619586214423e+07
2.282899063400792703e+07
2.291732129201118648e+07
2.300597937912225351e+07
2.309496610907398164e+07
2.318428270009834692e+07
2.327393037494310737e+07
2.336391036088863760e+07
2.345422388976459950e+07
2.354487219796692580e+07
2.363585652647465095e+07
2.372717812086698040e+07
2.381883823134025559e+07
2.391083811272515729e+07
2.400317902450384200e+07
2.409586223082713410e+07
2.418888900053195655e+07
2.428226060715857521e+07
2.437597832896812633e+07
2.447004344896002859e+07
2.456445725488967076e+07
2.465922103928588703e+07
2.475433609946875647e+07
2.484980373756740242e+07
2.494562526053764671e+07
2.504180198018009588e+07
2.513833521315797418e+07
2.523522628101516515e+07
2.533247651019436121e+07
2.543008723205519468e+07
2.552805978289244696e+07
2.562639550395434350e+07
2.572509574146095663e+07
2.582416184662254900e+07
2.592359517565817013e+07
2.602339708981415629e+07
2.612356895538280532e+07
2.622411214372106269e+07
2.632502803126929700e+07
2.642631799957013130e+07
2.652798343528737873e+07
2.663002573022502288e+07
2.673244628134624660e+07
2.683524649079260230e+07
2.693842776590317115e+07
2.704199151923380420e+07
2.714593916857655719e+07
2.725027213697899505e+07
2.735499185276373848e+07
2.746009974954795092e+07
2.756559726626305282e+07
2.767148584717437625e+07
2.777776694190096110e+07
2.788444200543530658e+07
2.799151249816340953e+07
2.809897988588470966e+07
2.820684563983214274e+07
2.831511123669226840e+07
2.842377815862559155e+07
2.853284789328671619e+07
2.864232193384472281e+07
2.875220177900373563e+07
2.886248893302337825e+07
2.897318490573923290e+07
2.908429121258373559e+07
2.919580937460676581e+07
2.930774091849654540e+07
2.942008737660049647e+07
2.953285028694619238e+07
2.964603119326252490e+07
2.975963164500072598e+07
2.987365319735562429e+07
2.998809741128693521e+07
3.010296585354068503e+07
3.021826009667048603e+07
3.033398171905929595e+07
3.045013230494084582e+07
3.056671344442138821e+07
3.068372673350154608e+07
3.080117377409798279e+07
3.091905617406552285e+07
3.103737554721906409e+07
3.115613351335566491e+07
3.127533169827670604e+07
3.139497173381026834e+07
3.151505525783331692e+07
3.163558391429419443e+07
3.175655935323515162e+07
3.187798323081489652e+07
3.199985720933129266e+07
3.212218295724412054e+07
3.224496214919788018e+07
3.236819646604470909e+07
3.249188759486743063e+07
3.261603722900270671e+07
3.274064706806410849e+07
3.286571881796537340e+07
3.299125419094394147e+07
3.311725490558420122e+07
3.324372268684107810e+07
3.337065926606367528e+07
3.349806638101899624e+07
3.362594577591564506e+07
3.375429920142772794e+07
3.388312841471894085e+07
3.401243517946647108e+07
3.414222126588526368e+07
3.427248845075210184e+07
3.440323851743008196e+07
3.453447325589299947e+07
3.466619446274978667e+07
3.479840394126918912e+07
3.493110350140436739e+07
3.506429495981767774e+07
3.519798013990568370e+07
3.533216087182397395e+07
3.546683899251226336e+07
3.560201634571953863e+07
3.573769478202927113e+07
3.587387615888487548e+07
3.601056234061492980e+07
3.614775519845885783e+07
3.628545661059249192e+07
3.642366846215383708e+07
3.656239264526876062e+07
3.670163105907705426e+07
3.684138560975826532e+07
3.698165821055793762e+07
3.712245078181372583e+07
3.726376525098168850e+07
3.740560355266267806e+07
3.754796762862887979e+07
3.769085942785029858e+07
3.783428090652151406e+07
3.797823402808845788e+07
3.812272076327523589e+07
3.826774309011120349e+07
3.841330299395795166e+07
3.855940246753649414e+07
3.870604351095462590e+07
3.885322813173423707e+07
3.900095834483877569e+07
3.914923617270094156e+07
3.929806364525026828e+07
