0.000000000000000000e+00
3.706871096477028914e+03
7.427511573655647226e+03
1.116197264717530925e+04
1.491030572597123682e+04
1.867256241280096583e+04
2.244879450486530550e+04
2.623905399436305743e+04
3.004339306912117172e+04
3.386186411320429761e+04
3.769451970754435752e+04
4.154141263059084304e+04
4.540259585897275247e+04
4.927812256814888678e+04
5.316804613308492117e+04
5.707242012893175706e+04
6.099129833173216321e+04
6.492473471910692751e+04
6.887278347095078789e+04
7.283549897016328759e+04
7.681293580335588194e+04
8.080514876155788079e+04
8.481219284098688513e+04
8.883412324375147000e+04
9.287099537858995609e+04
9.692286486163339578e+04
1.009897875171578489e+05
1.050718193783201277e+05
1.091690166879261378e+05
1.132814358991927002e+05
1.174091336765184533e+05
1.215521668962582480e+05
1.257105926475042943e+05
1.298844682328500785e+05
1.340738511691773310e+05
1.382787991884623189e+05
1.424993702385572251e+05
1.467356224839896895e+05
1.509876143067521043e+05
1.552554043071118649e+05
1.595390513044183608e+05
1.638386143379313871e+05
1.681541526676053181e+05
1.724857257749133278e+05
1.768333933636923321e+05
1.811972153609530069e+05
1.855772519177058712e+05
1.899735634097852744e+05
1.943862104387145955e+05
1.988152538325155620e+05
2.032607546465683263e+05
2.077227741644482594e+05
2.122013738987867255e+05
2.166966155921171885e+05
2.212085612177203875e+05
2.257372729805060662e+05
2.302828133178579155e+05
2.348452449005320668e+05
2.394246306334908586e+05
2.440210336567764170e+05
2.486345173464224208e+05
2.532651453153109178e+05
2.579129814140580129e+05
2.625780897319202777e+05
2.672605345976420213e+05
2.719603805804054718e+05
2.766776924906878266e+05
2.814125353811774403e+05
2.861649745476949029e+05
2.909350755300675519e+05
2.957229041130729020e+05
3.005285263273494784e+05
3.053520084502859972e+05
3.101934170069929678e+05
3.150528187711923383e+05
3.199302807661499828e+05
3.248258702656410169e+05
3.297396547948513180e+05
3.346717021313358564e+05
3.396220803059558384e+05
3.445908576038372703e+05
3.495781025653067045e+05
3.545838839868688956e+05
3.596082709221432451e+05
3.646513326828419231e+05
3.697131388397275005e+05
3.747937592235873453e+05
3.798932639262031298e+05
3.850117233013426885e+05
3.901492079657211434e+05
3.953057887999915984e+05
4.004815369497502688e+05
4.056765238265022635e+05
4.108908211086909287e+05
4.161245007426459342e+05
4.213776349436577875e+05
4.266502961969245225e+05
4.319425572585854679e+05
4.372544911567510571e+05
4.425861711924984120e+05
4.479376709409086034e+05
4.533090642520873807e+05
4.587004252522001043e+05
4.641118283445115667e+05
4.695433482104022987e+05
4.749950598104370292e+05
4.804670383853984531e+05
4.859593594573379960e+05
4.914720988306319341e+05
4.970053325930479914e+05
5.025591371168030892e+05
5.081335890596103854e+05
5.137287653657840565e+05
5.193447432672816794e+05
5.249816002848187927e+05
5.306394142289040610e+05
5.363182632009743247e+05
5.420182255944553763e+05
5.477393800958648790e+05
5.534818056859157514e+05
5.592455816406225786e+05
5.650307875323912594e+05
5.708375032311507966e+05
5.766658089054599404e+05
5.825157850236273371e+05
5.883875123548391275e+05
5.942810719702919014e+05
6.001965452443049289e+05
6.061340138554878067e+05
6.120935597878540866e+05
6.180752653319945093e+05
6.240792130861978512e+05
6.301054859576250892e+05
6.361541671634756494e+05
6.422253402321136091e+05
6.483190890042753890e+05
6.544354976342306472e+05
6.605746505909506232e+05
6.667366326592797413e+05
6.729215289411668200e+05
6.791294248567915056e+05
6.853604061457966454e+05
6.916145588684936520e+05
6.978919694070478436e+05
7.041927244666900951e+05
7.105169110769322142e+05
7.168646165927750990e+05
7.232359286959373858e+05
7.296309353960982990e+05
7.360497250320988242e+05
7.424923862732166890e+05
7.489590081203368027e+05
7.554496799072748981e+05
7.619644913019980304e+05
7.685035323078571819e+05
7.750668932648636401e+05
7.816546648509537335e+05
7.882669380832749885e+05
7.949038043194294441e+05
8.015653552587511949e+05
8.082516829436244443e+05
8.149628797607209999e+05
8.216990384423632640e+05
8.284602520677349530e+05
8.352466140642738901e+05
8.420582182089125272e+05
8.488951586294050794e+05
8.557575298056530301e+05
8.626454265710490290e+05
8.695589441137551330e+05
8.764981779780883808e+05
8.834632240658164956e+05
8.904541786375057418e+05
8.974711383139158133e+05
9.045142000772880856e+05
9.115834612727304921e+05
9.186790196096000727e+05
9.258009731628336012e+05
9.329494203743503895e+05
9.401244600544150453e+05
9.473261913830174599e+05
9.545547139112893492e+05
9.618101275628744625e+05
9.690925326353267301e+05
9.764020298015123699e+05
9.837387201110559981e+05
9.911027049917038530e+05
9.984940862507720012e+05
1.005912966076577548e+06
1.013359447039861465e+06
1.020833632095224224e+06
1.028335624582565622e+06
1.035865528228543932e+06
1.043423447147999424e+06
1.051009485845471499e+06
1.058623749216616387e+06
1.066266342549663270e+06
1.073937371526931645e+06
1.081636942226299550e+06
1.089365161122678081e+06
1.097122135089502903e+06
1.104907971400250681e+06
1.112722777729915455e+06
1.120566662156551611e+06
1.128439733162740245e+06
1.136342099637179170e+06
1.144273870876146015e+06
1.152235156585044693e+06
1.160226066879970022e+06
1.168246712289232761e+06
1.176297203754889313e+06
1.184377652634348720e+06
1.192488170701871626e+06
1.200628870150171686e+06
1.208799863592011388e+06
1.217001264061721507e+06
1.225233185016835574e+06
1.233495740339662880e+06
1.241789044338890817e+06
1.250113211751156487e+06
1.258468357742719818e+06
1.266854597911024932e+06
1.275272048286316916e+06
1.283720825333327521e+06
1.292201045952849556e+06
1.300712827483392321e+06
1.309256287702847738e+06
1.317831544830116909e+06
1.326438717526793014e+06
1.335077924898793921e+06
1.343749286498060450e+06
1.352452922324221581e+06
1.361188952826278284e+06
1.369957498904302716e+06
1.378758681911119260e+06
1.387592623654028866e+06
1.396459446396492422e+06
1.405359272859864403e+06
1.414292226225095335e+06
1.423258430134487804e+06
1.432258008693415206e+06
1.441291086472071242e+06
1.450357788507201243e+06
1.459458240303878672e+06
1.468592567837256473e+06
1.477760897554327734e+06
1.486963356375698932e+06
1.496200071697408333e+06
1.505471171392668504e+06
1.514776783813689370e+06
1.524117037793468684e+06
1.533492062647584826e+06
1.542901988176058047e+06
1.552346944665121380e+06
1.561827062889082357e+06
1.571342474112152588e+06
1.580893310090290383e+06
1.590479703073036391e+06
1.600101785805395339e+06
1.609759691529695410e+06
1.619453553987437859e+06
1.629183507421189919e+06
1.638949686576469801e+06
1.648752226703648455e+06
1.658591263559835497e+06
1.668466933410784230e+06
1.678379373032818548e+06
1.688328719714749139e+06
1.698315111259800848e+06
1.708338685987545177e+06
1.718399582735853270e+06
1.728497940862827469e+06
1.738633900248785503e+06
1.748807601298207417e+06
1.759019184941710904e+06
1.769268792638033628e+06
1.779556566376023460e+06
1.789882648676634766e+06
1.800247182594930753e+06
1.810650311722072307e+06
1.821092180187374819e+06
1.831572932660316117e+06
1.842092714352550916e+06
1.852651671019977424e+06
1.863249948964784853e+06
1.873887695037479047e+06
1.884565056638998445e+06
1.895282181722734589e+06
1.906039218796653673e+06
1.916836316925359424e+06
1.927673625732195564e+06
1.938551295401342679e+06
1.949469476679950487e+06
1.960428320880235638e+06
1.971427979881613515e+06
1.982468606132841203e+06
1.993550352654171176e+06
2.004673373039467726e+06
2.015837821458402090e+06
2.027043852658610791e+06
2.038291621967863757e+06
2.049581285296255257e+06
2.060912999138392042e+06
2.072286920575607568e+06
2.083703207278160844e+06
2.095162017507459037e+06
2.106663510118272156e+06
2.118207844560978934e+06
2.129795180883815978e+06
2.141425679735117592e+06
2.153099502365574241e+06
2.164816810630521271e+06
2.176577766992197838e+06
2.188382534522037022e+06
2.200231276902948972e+06
2.212124158431654796e+06
2.224061344020981807e+06
2.236042999202170875e+06
2.248069290127218701e+06
2.260140383571229409e+06
2.272256446934745181e+06
2.284417648246098775e+06
2.296624156163793523e+06
2.308876139978874009e+06
2.321173769617297221e+06
2.333517215642326511e+06
2.345906649256964214e+06
2.358342242306321394e+06
2.370824167280071881e+06
2.383352597314823885e+06
2.395927706196634565e+06
2.408549668363410048e+06
2.421218658907364123e+06
2.433934853577489965e+06
2.446698428782040253e+06
2.459509561591034289e+06
2.472368429738677572e+06
2.485275211625947151e+06
2.498230086323057301e+06
2.511233233572009951e+06
2.524284833789096214e+06
2.537385068067451008e+06
2.550534118179618381e+06
2.563732166580102872e+06
2.576979396407925524e+06
2.590275991489235777e+06
2.603622136339856312e+06
2.617018016167936381e+06
2.630463816876507364e+06
2.643959725066144951e+06
2.657505928037581965e+06
2.671102613794351928e+06
2.684749971045450307e+06
2.698448189207938965e+06
2.712197458409702405e+06
2.725997969492035918e+06
2.739849914012425113e+06
2.753753484247178771e+06
2.767708873194155283e+06
2.781716274575512856e+06
2.795775882840413600e+06
2.809887893167754170e+06
2.824052501468972303e+06
2.838269904390714597e+06
2.852540299317721743e+06
2.866863884375507012e+06
2.881240858433235902e+06
2.895671421106464230e+06
2.910155772760007530e+06
2.924694114510699641e+06
2.939286648230325896e+06
2.953933576548371464e+06
2.968635102854947560e+06
2.983391431303646881e+06
2.998202766814361326e+06
3.013069315076271072e+06
3.027991282550682779e+06
3.042968876473948359e+06
3.058002304860417265e+06
3.073091776505351532e+06
3.088237500987845939e+06
3.103439688673849218e+06
3.118698550719065126e+06
3.134014299071965739e+06
3.149387146476801485e+06
3.164817306476556696e+06
3.180304993416002020e+06
3.195850422444717027e+06
3.211453809520066716e+06
3.227115371410335414e+06
3.242835325697736815e+06
3.258613890781517141e+06
3.274451285880991258e+06
3.290347731038663536e+06
3.306303447123354301e+06
3.322318655833303928e+06
3.338393579699270427e+06
3.354528442087702453e+06
3.370723467203909531e+06
3.386978880095193163e+06
3.403294906654038467e+06
3.419671773621315137e+06
3.436109708589456044e+06
3.452608940005698241e+06
3.469169697175296023e+06
3.485792210264749825e+06
3.502476710305053741e+06
3.519223429194995202e+06
3.536032599704401568e+06
3.552904455477432348e+06
3.569839231035890058e+06
3.586837161782495677e+06
3.603898484004280530e+06
3.621023434875871055e+06
3.638212252462857403e+06
3.655465175725148991e+06
3.672782444520363584e+06
3.690164299607233144e+06
3.707610982648963109e+06
3.725122736216663383e+06
3.742699803792788647e+06
3.760342429774592631e+06
3.778050859477544203e+06
3.795825339138815179e+06
3.813666115920773707e+06
3.831573437914427370e+06
3.849547554143019021e+06
3.867588714565451257e+06
3.885697170079894364e+06
3.903873172527282499e+06
3.922116974694916978e+06
3.940428830319987610e+06
3.958808994093220681e+06
3.977257721662452444e+06
3.995775269636214711e+06
4.014361895587437786e+06
4.033017858057007194e+06
4.051743416557482444e+06
4.070538831576720811e+06
4.089404364581641741e+06
4.108340278021831997e+06
4.127346835333278403e+06
4.146424300942150876e+06
4.165572940268482082e+06
4.184793019729971886e+06
4.204084806745696813e+06
4.223448569739946164e+06
4.242884578146014363e+06
4.262393102409976535e+06
4.281974413994558156e+06
4.301628785382934846e+06
4.321356490082635544e+06
4.341157802629380487e+06
4.361032998590959236e+06
4.380982354571175762e+06
4.401006148213720880e+06
4.421104658206110820e+06
4.441278164283649065e+06
4.461526947233358398e+06
4.481851288898000494e+06
4.502251472180000506e+06
4.522727781045527197e+06
4.543280500528451055e+06
4.563909916734426282e+06
4.584616316844902933e+06
4.605399989121220075e+06
4.626261222908664495e+06
4.647200308640611358e+06
4.668217537842583843e+06
4.689313203136426397e+06
4.710487598244421184e+06
4.731741017993457615e+06
4.753073758319217712e+06
4.774486116270341910e+06
4.795978390012669377e+06
4.817550878833443858e+06
4.839203883145570755e+06
4.860937704491835088e+06
4.882752645549190231e+06
4.904649010133093223e+06
4.926627103201745078e+06
4.948687230860458687e+06
4.970829700365964323e+06
4.993054820130768232e+06
5.015362899727534503e+06
5.037754249893489294e+06
5.060229182534790598e+06
5.082788010730966926e+06
5.105431048739357851e+06
5.128158611999560148e+06
5.150971017137896270e+06
5.173868581971930340e+06
5.196851625514945015e+06
5.219920467980450951e+06
5.243075430786780082e+06
5.266316836561617441e+06
5.289645009146551602e+06
5.313060273601680994e+06
5.336562956210252829e+06
5.360153384483263828e+06
5.383831887164106593e+06
5.407598794233205728e+06
5.431454436912775971e+06
5.455399147671436891e+06
5.479433260228989646e+06
5.503557109561108984e+06
5.527771031904101372e+06
5.552075364759722725e+06
5.576470446899898350e+06
5.600956618371579796e+06
5.625534220501534641e+06
5.650203595901216380e+06
5.674965088471639901e+06
5.699819043408190832e+06
5.724765807205610909e+06
5.749805727662874386e+06
5.774939153888090514e+06
5.800166436303562485e+06
5.825487926650639623e+06
5.850903977994781919e+06
5.876414944730541669e+06
5.902021182586654089e+06
5.927723048631006852e+06
5.953520901275744662e+06
5.979415100282395259e+06
6.005406006766876206e+06
6.031493983204744756e+06
6.057679393436262384e+06
6.083962602671585977e+06
6.110343977495998144e+06
6.136823885875014588e+06
6.163402697159701958e+06
6.190080782091889530e+06
6.216858512809404172e+06
6.243736262851438485e+06
6.270714407163769007e+06
6.297793322104170918e+06
6.324973385447624139e+06
6.352254976391850971e+06
6.379638475562606007e+06
6.407124265019118786e+06
6.434712728259461001e+06
6.462404250226067379e+06
6.490199217311206274e+06
6.518098017362408340e+06
6.546101039688033983e+06
6.574208675062795170e+06
6.602421315733306110e+06
6.630739355423646979e+06
6.659163189340971410e+06
6.687693214181153104e+06
6.716329828134354204e+06
6.745073430890758522e+06
6.773924423646215349e+06
6.802883209107966162e+06
6.831950191500346176e+06
6.861125776570552960e+06
6.890410371594389901e+06
6.919804385382119566e+06
6.949308228284188546e+06
6.978922312197125517e+06
7.008647050569407642e+06
7.038482858407313004e+06
7.068430152280798182e+06
7.098489350329506211e+06
7.128660872268612497e+06
7.158945139394885860e+06
7.189342574592663907e+06
7.219853602339791134e+06
7.250478648713772185e+06
7.281218141397770494e+06
7.312072509686687961e+06
7.343042184493308887e+06
7.374127598354423419e+06
7.405329185436967760e+06
7.436647381544217467e+06
7.468082624121982604e+06
7.499635352264823392e+06
7.531306006722344086e+06
7.563095029905412346e+06
7.595002865892523900e+06
7.627029960436062887e+06
7.659176760968646035e+06
7.691443716609569266e+06
7.723831278171138838e+06
7.756339898165084422e+06
7.788970030809039250e+06
7.821722132032984868e+06
7.854596659485757351e+06
7.887594072541583329e+06
7.920714832306575030e+06
7.953959401625338942e+06
7.987328245087550953e+06
8.020821829034587368e+06
8.054440621566154063e+06
8.088185092546965927e+06
8.122055713613443077e+06
8.156052958180429414e+06
8.190177301447931677e+06
8.224429220407875255e+06
8.258809193850951269e+06
8.293317702373405918e+06
8.327955228383878246e+06
8.362722256110323593e+06
8.397619271606845781e+06
8.432646762760696933e+06
8.467805219299187884e+06
8.503095132796680555e+06
8.538516996681606397e+06
8.574071306243484840e+06
8.609758558639992028e+06
8.645579252904061228e+06
8.681533889950994402e+06
8.717622972585571930e+06
8.753847005509272218e+06
8.790206495327441022e+06
8.826701950556546450e+06
8.863333881631376222e+06
8.900102800912359729e+06
8.937009222692897543e+06
8.974053663206638768e+06
9.011236640634886920e+06
9.048558675113981590e+06
9.086020288742724806e+06
9.123622005589822307e+06
9.161364351701369509e+06
9.199247855108356103e+06
9.237273045834189281e+06
9.275440455902263522e+06
9.313750619343580678e+06
9.352204072204343975e+06
9.390801352553583682e+06
9.429543000490924343e+06
9.468429558154186234e+06
9.507461569727202877e+06
9.546639581447565928e+06
9.585964141614409164e+06
9.625435800596257672e+06
9.665055110838897526e+06
9.704822626873208210e+06
9.744738905323155224e+06
9.784804504913663492e+06
9.825019986478695646e+06
9.865385912969145924e+06
9.905902849460963160e+06
9.946571363163208589e+06
9.987392023426121101e+06
1.002836540174930356e+07
1.006949207178981788e+07
1.011077260937046632e+07
1.015220759248795360e+07
1.019379760132118501e+07
1.023554321823951043e+07
1.027744502781110257e+07
1.031950361681126058e+07
1.036171957423082925e+07
1.040409349128460884e+07
1.044662596141980030e+07
1.048931758032447658e+07
1.053216894593612663e+07
1.057518065845018066e+07
1.061835332032860816e+07
1.066168753630850464e+07
1.070518391341074184e+07
1.074884306094868854e+07
1.079266559053689428e+07
1.083665211609979346e+07
1.088080325388055108e+07
1.092511962244985066e+07
1.096960184271473810e+07
1.101425053792751022e+07
1.105906633369461074e+07
1.110404985798559524e+07
1.114920174114211649e+07
1.119452261588693224e+07
1.124001311733295210e+07
1.128567388299235702e+07
1.133150555278566480e+07
1.137750876905096136e+07
1.142368417655301653e+07
1.147003242249255069e+07
1.151655415651549399e+07
1.156325003072228469e+07
1.161012069967719913e+07
1.165716682041771710e+07
1.170438905246393010e+07
1.175178805782797560e+07
1.179936450102352537e+07
1.184711904907530360e+07
1.189505237152861804e+07
1.194316514045896940e+07
1.199145803048164025e+07
1.203993171876139380e+07
1.208858688502214663e+07
1.213742421155672893e+07
1.218644438323661126e+07
1.223564808752175048e+07
1.228503601447044127e+07
1.233460885674917884e+07
1.238436730964256451e+07
1.243431207106332481e+07
1.248444384156227857e+07
1.253476332433835417e+07
1.258527122524864413e+07
1.263596825281864777e+07
1.268685511825227737e+07
1.273793253544212505e+07
1.278920122097966820e+07
1.284066189416555129e+07
1.289231527701989189e+07
1.294416209429259785e+07
1.299620307347385027e+07
1.304843894480443560e+07
1.310087044128627703e+07
1.315349829869285971e+07
1.320632325557990372e+07
1.325934605329585262e+07
1.331256743599253148e+07
1.336598815063584037e+07
1.341960894701646268e+07
1.347343057776058465e+07
1.352745379834069312e+07
1.358167936708651483e+07
1.363610804519571178e+07
1.369074059674495459e+07
1.374557778870083019e+07
1.380062039093080722e+07
1.385586917621434666e+07
1.391132492025396042e+07
1.396698840168631636e+07
1.402286040209346637e+07
1.407894170601402409e+07
1.413523310095442832e+07
1.419173537740026228e+07
1.424844932882759534e+07
1.430537575171432830e+07
1.436251544555170834e+07
1.441986921285572089e+07
1.447743785917866975e+07
1.453522219312075153e+07
1.459322302634157985e+07
1.465144117357194424e+07
1.470987745262546092e+07
1.476853268441029452e+07
1.482740769294098578e+07
1.488650330535027385e+07
1.494582035190098360e+07
1.500535966599789634e+07
1.506512208419982344e+07
1.512510844623154029e+07
1.518531959499589540e+07
1.524575637658587657e+07
1.530641964029680192e+07
1.536731023863850534e+07
1.542842902734762058e+07
1.548977686539982446e+07
1.555135461502223648e+07
1.561316314170577377e+07
1.567520331421758048e+07
1.573747600461358204e+07
1.579998208825090900e+07
1.586272244380059838e+07
1.592569795326014981e+07
1.598890950196622312e+07
1.605235797860739008e+07
1.611604427523688227e+07
1.617996928728542849e+07
1.624413391357413679e+07
1.630853905632743984e+07
1.637318562118602917e+07
1.643807451721987501e+07
1.650320665694136918e+07
1.656858295631838962e+07
1.663420433478748053e+07
1.670007171526712924e+07
1.676618602417097613e+07
1.683254819142118469e+07
1.689915915046184137e+07
1.696601983827232569e+07
1.703313119538084790e+07
1.710049416587794945e+07
1.716810969743012637e+07
1.723597874129341543e+07
1.730410225232716277e+07
1.737248118900769204e+07
1.744111651344211027e+07
1.751000919138225541e+07
1.757916019223846495e+07
1.764857048909361660e+07
1.771824105871714279e+07
1.778817288157903031e+07
1.785836694186399877e+07
1.792882422748567536e+07
1.799954573010075465e+07
1.807053244512338191e+07
1.814178537173941359e+07
1.821330551292086393e+07
1.828509387544030324e+07
1.835715146988536417e+07
1.842947931067336351e+07
1.850207841606585309e+07
1.857494980818332732e+07
1.864809451301995665e+07
1.872151356045830622e+07
1.879520798428426683e+07
1.886917882220190391e+07
1.894342711584844813e+07
1.901795391080922633e+07
1.909276025663290545e+07
1.916784720684640110e+07
1.924321581897023693e+07
1.931886715453372896e+07
1.939480227909027040e+07
1.947102226223275065e+07
1.954752817760890722e+07
1.962432110293694586e+07
1.970140212002084777e+07
1.977877231476625055e+07
1.985643277719589323e+07
1.993438460146541893e+07
2.001262888587921858e+07
2.009116673290615156e+07
2.016999924919557199e+07
2.024912754559319839e+07
2.032855273715722188e+07
2.040827594317432493e+07
2.048829828717587888e+07
2.056862089695416018e+07
2.064924490457860380e+07
2.073017144641214982e+07
2.081140166312766075e+07
2.089293669972436875e+07
2.097477770554443449e+07
2.105692583428947628e+07
2.113938224403729290e+07
2.122214809725858271e+07
2.130522456083368510e+07
2.138861280606944859e+07
2.147231400871617347e+07
2.155632934898455441e+07
2.164066001156273112e+07
2.172530718563345820e+07
2.181027206489119306e+07
2.189555584755938500e+07
2.198115973640780523e+07
2.206708493876990303e+07
2.215333266656025127e+07
2.223990413629201800e+07
2.232680056909463927e+07
2.241402319073139504e+07
2.250157323161712661e+07
2.258945192683602497e+07
2.267766051615953818e+07
2.276620024406420439e+07
2.285507235974968597e+07
2.294427811715684459e+07
2.303381877498585358e+07
2.312369559671436623e+07
2.321390985061585903e+07
2.330446280977788568e+07
2.339535575212055072e+07
2.348658996041495726e+07
2.357816672230178863e+07
2.367008733030990139e+07
2.376235308187502623e+07
2.385496527935857698e+07
2.394792523006644100e+07
2.404123424626791105e+07
2.413489364521466941e+07
2.422890474915988371e+07
2.432326888537727296e+07
2.441798738618035242e+07
2.451306158894174919e+07
2.460849283611249179e+07
2.470428247524147481e+07
2.480043185899495706e+07
2.489694234517619386e+07
2.499381529674498364e+07
2.509105208183748648e+07
2.518865407378603518e+07
2.528662265113897994e+07
2.538495919768065587e+07
2.548366510245145485e+07
2.558274175976787508e+07
2.568219056924283877e+07
2.578201293580582365e+07
2.588221026972328499e+07
2.598278398661910370e+07
2.608373550749506429e+07
2.618506625875140727e+07
2.628677767220756412e+07
2.638887118512288481e+07
2.649134824021743983e+07
2.659421028569298610e+07
2.669745877525382861e+07
2.680109516812805459e+07
2.690512092908854038e+07
2.700953752847424895e+07
2.711434644221162051e+07
2.721954915183580294e+07
2.732514714451226220e+07
2.743114191305833310e+07
2.753753495596475527e+07
2.764432777741752565e+07
2.775152188731969520e+07
2.785911880131322518e+07
2.796712004080097750e+07
2.807552713296877965e+07
2.818434161080761254e+07
2.829356501313583180e+07
2.840319888462144881e+07
2.851324477580464259e+07
2.862370424312018231e+07
2.873457884891997650e+07
2.884587016149583459e+07
2.895757975510216877e+07
2.906970920997890830e+07
2.918226011237432808e+07
2.929523405456812307e+07
2.940863263489460945e+07
2.952245745776580647e+07
2.963671013369474933e+07
2.975139227931896597e+07
2.986650551742380857e+07
2.998205147696616128e+07
3.009803179309798777e+07
3.021444810719012469e+07
3.033130206685612351e+07
3.044859532597620413e+07
3.056632954472120106e+07
3.068450638957672939e+07
3.080312753336742148e+07
3.092219465528119728e+07
3.104170944089366496e+07
3.116167358219260722e+07
3.128208877760263905e+07
3.140295673200974986e+07
3.152427915678626671e+07
3.164605776981552318e+07
3.176829429551698267e+07
3.189099046487130225e+07
3.201414801544531807e+07
3.213776869141760096e+07
3.226185424360356107e+07
3.238640642948102951e+07
3.251142701321576908e+07
3.263691776568717510e+07
3.276288046451397240e+07
3.288931689408013225e+07
3.301622884556077421e+07
3.314361811694824696e+07
3.327148651307830960e+07
3.339983584565629065e+07
3.352866793328358233e+07
3.365798460148400068e+07
3.378778768273042142e+07
3.391807901647137851e+07
3.404886044915789366e+07
3.418013383427030593e+07
3.431190103234525025e+07
3.444416391100280732e+07
3.457692434497360140e+07
3.471018421612615883e+07
3.484394541349422932e+07
3.497820983330444992e+07
3.511297937900376320e+07
3.524825596128726006e+07
3.538404149812597036e+07
3.552033791479472816e+07
3.565714714390039444e+07
3.579447112540982664e+07
3.593231180667822808e+07
3.607067114247751236e+07
3.620955109502473474e+07
3.634895363401074708e+07
3.648888073662883788e+07
3.662933438760364801e+07
3.677031657921993732e+07
3.691182931135178357e+07
3.705387459149158746e+07
3.719645443477944285e+07
3.733957086403244734e+07
3.748322590977425128e+07
3.762742161026462913e+07
3.777216001152914762e+07
3.791744316738905758e+07
3.806327313949129730e+07
3.820965199733848125e+07
3.835658181831905246e+07
3.850406468773764372e+07
3.865210269884551316e+07
3.880069795287106931e+07
3.894985255905039608e+07
3.909956863465820253e+07
3.924984830503872782e+07
3.940069370363650471e+07
3.955210697202777117e+07
3.970409025995159149e+07
3.985664572534125298e+07
4.000977553435577452e+07
