0.000000000000000000e+00	0.000000000000000000e+00	0.000000000000000000e+00
4.017587620247519453e+02	9.657541768375754905e-04	1.968075048771340263e-01
7.914446116656411050e+02	1.902962532006067901e-03	1.900961806149495392e-01
1.170073875011990594e+03	2.813578634285541363e-03	1.838949612271824907e-01
1.538567742756727739e+03	3.699818055488337566e-03	1.781566433699446617e-01
1.897762202536414179e+03	4.563691442824867849e-03	1.728389069376993215e-01
2.248416865062142278e+03	5.407025746997921184e-03	1.679037742925814369e-01
2.591222812841338509e+03	6.231483099482938715e-03	1.633171322043700802e-01
2.926809584802168956e+03	7.038577611526304276e-03	1.590483089826638385e-01
3.255751396552390815e+03	7.829690334732030549e-03	1.550697002071672326e-01
3.578572684093703629e+03	8.606082594459853879e-03	1.513564372704813976e-01
3.895753048361441415e+03	9.368907882121002215e-03	1.478860936551037175e-01
4.207731668785645525e+03	1.011922247039342623e-02	1.446384244853927137e-01
4.514911246013596610e+03	1.085799489600245381e-02	1.415951354371897120e-01
4.817661526856118144e+03	1.158611443768971412e-02	1.387396775624548662e-01
5.116322458300321159e+03	1.230439870203393730e-02	1.360570650020715422e-01
5.411207011962008437e+03	1.301360041663240930e-02	1.335337129244430765e-01
5.702603715539750738e+03	1.371441351858014406e-02	1.311572933469970781e-01
5.990778923599481459e+03	1.440747861600238933e-02	1.289166067779407010e-01
6.275978856290367730e+03	1.509338789142952199e-02	1.268014678615166646e-01
6.558431431309359141e+03	1.577268950790641083e-02	1.248026034257798816e-01
6.838347911538191511e+03	1.644589157176861577e-02	1.229115615214449453e-01
7.115924388226036172e+03	1.711346569988340949e-02	1.211206302068118107e-01
7.391343117339332821e+03	1.777585023373794496e-02	1.194227649800473912e-01
7.664773724715641947e+03	1.843345313798332163e-02	1.178115238887260663e-01
7.936374293903560101e+03	1.908665461682298656e-02	1.162810094596477550e-01
8.206292349022032795e+03	1.973580947790874035e-02	1.148258166914584572e-01
8.474665743602598013e+03	2.038124927011333506e-02	1.134409864402449036e-01
8.741623465167238464e+03	2.102328421863607077e-02	1.121219636054126279e-01
9.007286364222947668e+03	2.166220497832086270e-02	1.108645595911555565e-01
9.271767815404853536e+03	2.229828422378265715e-02	1.096649185787391817e-01
9.535174317660341330e+03	2.293177809291977939e-02	1.085194871976914582e-01
9.797606039619910007e+03	2.356292749859331681e-02	1.074249872306020370e-01
1.005915731564257840e+04	2.419195932167259033e-02	1.063783910274130190e-01
1.031991709743472711e+04	2.481908749722911561e-02	1.053768993414293392e-01
1.057996936562279188e+04	2.544451400441470612e-02	1.044179213314035543e-01
1.083939350519657819e+04	2.606842976944386339e-02	1.034990565024497267e-01
1.109826464833000864e+04	2.669101549011497487e-02	1.026180783836530414e-01
1.135665398771955188e+04	2.731244238942290986e-02	1.017729197624915038e-01
1.161462906325620315e+04	2.793287290503564807e-02	1.009616593158510489e-01
1.187225402455606491e+04	2.855246132070791976e-02	1.001825094948580741e-01
1.212958987161670666e+04	2.917135434508480799e-02	9.943380553622699347e-02
1.238669467563724720e+04	2.978969164279676382e-02	9.871399548650486300e-02
1.264362378183225337e+04	3.040760632224763851e-02	9.802163113778637749e-02
1.290042999588839666e+04	3.102522538406170260e-02	9.735535978425789716e-02
1.315716375554770093e+04	3.164267013375842569e-02	9.671391671852772043e-02
1.341387328865477502e+04	3.226005656187154458e-02	9.609611839524798138e-02
1.367060475887375833e+04	3.287749569441254793e-02	9.550085619708913176e-02
1.392740240016511962e+04	3.349509391630020594e-02	9.492709074492390597e-02
1.418430864100440886e+04	3.411295327011850537e-02	9.437384670004404785e-02
1.444136421923329726e+04	3.473117173234413491e-02	9.384020801163917014e-02
1.469860828834704989e+04	3.534984346897772356e-02	9.332531356750528584e-02
1.495607851594700878e+04	3.596905907233104854e-02	9.282835321024016095e-02
1.521381117501902190e+04	3.658890578055994103e-02	9.234856408497535418e-02
1.547184122863572520e+04	3.720946768138083671e-02	9.188522728810476214e-02
1.573020240862729952e+04	3.783082590128085398e-02	9.143766478948739396e-02
1.598892728871434520e+04	3.845305878140880401e-02	9.100523660335244069e-02
1.624804735255160813e+04	3.907624204122619321e-02	9.058733818554151607e-02
1.650759305709168257e+04	3.970044893090229204e-02	9.018339803690847423e-02
1.676759389164076129e+04	4.032575037334821394e-02	8.979287549465943263e-02
1.702807843294542545e+04	4.095221509670523424e-02	8.941525869515613845e-02
1.728907439662037359e+04	4.157990975803268346e-02	8.905006269328541446e-02
1.755060868519897485e+04	4.220889905887346277e-02	8.869682772490125600e-02
1.781270743306511213e+04	4.283924585331865681e-02	8.835511760012366989e-02
1.807539604850301112e+04	4.347101124914080211e-02	8.802451821641635310e-02
1.833869925307906669e+04	4.410425470251018443e-02	8.770463618138331363e-02
1.860264111855586816e+04	4.473903410677599474e-02	8.739509753616593601e-02
1.886724510151843060e+04	4.537540587574497714e-02	8.709554657114092213e-02
1.913253407587838228e+04	4.601342502185654104e-02	8.680564472637861129e-02
1.939853036341158440e+04	4.665314522962796251e-02	8.652506956998984311e-02
1.966525576246478158e+04	4.729461892469603856e-02	8.625351384812360300e-02
1.993273157496583372e+04	4.793789733877862336e-02	8.599068460089961952e-02
2.020097863185155438e+04	4.858303057083043774e-02	8.573630233908899334e-02
2.047001731702531833e+04	4.923006764466281160e-02	8.549010027679471158e-02
2.073986758994386400e+04	4.987905656326657028e-02	8.525182361579115853e-02
2.101054900692721640e+04	5.053004436006379441e-02	8.502122887757047887e-02
2.128208074127653526e+04	5.118307714729272012e-02	8.479808327945516366e-02
2.155448160227933113e+04	5.183820016171655082e-02	8.458216415147302991e-02
2.182777005317654766e+04	5.249545780783548832e-02	8.437325839093628987e-02
2.210196422815695041e+04	5.315489369875932985e-02	8.417116195194719597e-02
2.237708194844377067e+04	5.381655069489697796e-02	8.397567936726570148e-02
2.265314073753040793e+04	5.448047094059923351e-02	8.378662330018463167e-02
2.293015783561955323e+04	5.514669589888589185e-02	8.360381412426071135e-02
2.320815021331544995e+04	5.581526638437636634e-02	8.342707952890794643e-02
2.348713458461592745e+04	5.648622259453646433e-02	8.325625414902845800e-02
2.376712741924769944e+04	5.715960413934553092e-02	8.309117921699432641e-02
2.404814495438328595e+04	5.783545006947631018e-02	8.293170223543219755e-02
2.433020320577974417e+04	5.851379890308430060e-02	8.277767666937786706e-02
2.461331797837047270e+04	5.919468865128168361e-02	8.262896165647906632e-02
2.489750487634558158e+04	5.987815684238120828e-02	8.248542173402891031e-02
2.518277931274871298e+04	6.056424054497711040e-02	8.234692658170233992e-02
2.546915651861988954e+04	6.125297638993418281e-02	8.221335077895179644e-02
2.575665155170907383e+04	6.194440059134437987e-02	8.208457357610128569e-02
2.604527930478627604e+04	6.263854896651314952e-02	8.196047867824070299e-02
2.633505451357089623e+04	6.333545695502985906e-02	8.184095404109677230e-02
2.662599176430078660e+04	6.403515963697190005e-02	8.172589167811181166e-02
2.691810550096226143e+04	6.473769175029318867e-02	8.161518747802065654e-02
2.721141003219887716e+04	6.544308770744020065e-02	8.150874103225856648e-02
2.750591953791684500e+04	6.615138161123834681e-02	8.140645547159482132e-02
2.780164807560338522e+04	6.686260727008790095e-02	8.130823731141505195e-02
2.809860958637455769e+04	6.757679821250939245e-02	8.121399630512415868e-02
2.839681790076451580e+04	6.829398770106705208e-02	8.112364530517364447e-02
2.869628674427212172e+04	6.901420874570871056e-02	8.103710013125782485e-02
2.899702974267762329e+04	6.973749411655266739e-02	8.095427944524598296e-02
2.929906042713928036e+04	7.046387635614534406e-02	8.087510463245099757e-02
2.960239223908302301e+04	7.119338779122114103e-02	8.079949968886571132e-02
2.990703853489597532e+04	7.192606054399063031e-02	8.072739111401237844e-02
3.021301259043246682e+04	7.266192654297765063e-02	8.065870780909113746e-02
3.052032760534270346e+04	7.340101753343007684e-02	8.059338098010827844e-02
3.082899670723289455e+04	7.414336508732499720e-02	8.053134404571675453e-02
3.113903295566531597e+04	7.488900061298921218e-02	8.047253254948978640e-02
3.145044934600572378e+04	7.563795536435229117e-02	8.041688407638986069e-02
3.176325881312667843e+04	7.639026044985330888e-02	8.036433817319131589e-02
3.207747423497161435e+04	7.714594684101259980e-02	8.031483627264622560e-02
3.239310843598854262e+04	7.790504538068993012e-02	8.026832162118274772e-02
3.271017419043867631e+04	7.866758679104195184e-02	8.022473920994840912e-02
3.302868422558614111e+04	7.943360168119351084e-02	8.018403570901484756e-02
3.334865122477358818e+04	8.020312055463472978e-02	8.014615940458084953e-02
3.367008783038982074e+04	8.097617381635811851e-02	8.011106013900837208e-02
3.399300664673381107e+04	8.175279177974689726e-02	8.007868925354513778e-02
3.431742024278276949e+04	8.253300467323208822e-02	8.004899953359567721e-02
3.464334115486187511e+04	8.331684264671340712e-02	8.002194515640730088e-02
3.497078188922808476e+04	8.410433577777348679e-02	7.999748164104338033e-02
3.529975492456665961e+04	8.489551407768208824e-02	7.997556580053534481e-02
3.563027271440665936e+04	8.569040749720542582e-02	7.995615569609421103e-02
3.596234768945648830e+04	8.648904593222329906e-02	7.993921059328336354e-02
3.629599225986739475e+04	8.729145922917277978e-02	7.992469092005489995e-02
3.663121881742360711e+04	8.809767719031581790e-02	7.991255822655558838e-02
3.696803973766409035e+04	8.890772957884186811e-02	7.990277514661375813e-02
3.730646738194093632e+04	8.972164612381856863e-02	7.989530536083051804e-02
3.764651409941272868e+04	9.053945652498578134e-02	7.989011356118944085e-02
3.798819222897941654e+04	9.136119045740911937e-02	7.988716541712174990e-02
3.833151410116043553e+04	9.218687757599676458e-02	7.988642754294864035e-02
3.867649203991518152e+04	9.301654751987788183e-02	7.988786746663927019e-02
3.902313836441469175e+04	9.385022991666355785e-02	7.989145359982229022e-02
3.937146539076045156e+04	9.468795438658050845e-02	7.989715520899304257e-02
3.972148543365509249e+04	9.552975054648926712e-02	7.990494238785725289e-02
4.007321080802776851e+04	9.637564801379323864e-02	7.991478603076471177e-02
4.042665383061552711e+04	9.722567641024187912e-02	7.992665780717650437e-02
4.078182682149852917e+04	9.807986536562310342e-02	7.994053013712373867e-02
4.113874210560020583e+04	9.893824452137099656e-02	7.995637616761011590e-02
4.149741201414303941e+04	9.980084353406724895e-02	7.997416974991745919e-02
4.185784888607013272e+04	1.006676920788598523e-01	7.999388541777378847e-02
4.222006506942809938e+04	1.015388198527891472e-01	8.001549836634376522e-02
4.258407292271844926e+04	1.024142565780379321e-01	8.003898443200731239e-02
4.294988481621249957e+04	1.032940320050937805e-01	8.006432007289321362e-02
4.331751313323609793e+04	1.041781759158388748e-01	8.009148235013077710e-02
4.368697027142319712e+04	1.050667181265649425e-01	8.012044890979194700e-02
4.405826864393986762e+04	1.059596884909169978e-01	8.015119796549323439e-02
4.443142068068089429e+04	1.068571169027711376e-01	8.018370828162879604e-02
4.480643882943734206e+04	1.077590332990426836e-01	8.021795915720882075e-02
4.518333555703938327e+04	1.086654676624346366e-01	8.025393041027754915e-02
4.556212335047373926e+04	1.095764500241251660e-01	8.029160236288508667e-02
4.594281471797601262e+04	1.104920104663946606e-01	8.033095582659424694e-02
4.632542219010130793e+04	1.114121791252006971e-01	8.037197208849407304e-02
4.670995832077127852e+04	1.123369861926961366e-01	8.041463289770438283e-02
4.709643568829940341e+04	1.132664619196949718e-01	8.045892045235006340e-02
4.748486689639672113e+04	1.142006366180910587e-01	8.050481738698454792e-02
4.787526457515669608e+04	1.151395406632269164e-01	8.055230676044414229e-02
4.826764138202154572e+04	1.160832044962176179e-01	8.060137204412122502e-02
4.866201000272917736e+04	1.170316586262282188e-01	8.065199711063017474e-02
4.905838315224398684e+04	1.179849336327124104e-01	8.070416622285986330e-02
4.945677357566831779e+04	1.189430601676045446e-01	8.075786402339174552e-02
4.985719404913939798e+04	1.199060689574767968e-01	8.081307552427174912e-02
5.025965738070951193e+04	1.208739908056560425e-01	8.086978609712100474e-02
5.066417641121152701e+04	1.218468565943053306e-01	8.092798146357048361e-02
5.107076401510867436e+04	1.228246972864678599e-01	8.098764768601561526e-02
5.147943310133151681e+04	1.238075439280796330e-01	8.104877115866458703e-02
5.189019661409981927e+04	1.247954276499462639e-01	8.111133859888178255e-02
5.230306753373339598e+04	1.257883796696930567e-01	8.117533703880999707e-02
5.271805887744734355e+04	1.267864312936774485e-01	8.124075381725931466e-02
5.313518370013848471e+04	1.277896139188805236e-01	8.130757657185581910e-02
5.355445509515758749e+04	1.287979590347641534e-01	8.137579323143956378e-02
5.397588619507117983e+04	1.298114982251032667e-01	8.144539200870144768e-02
5.439949017241310503e+04	1.308302631697932372e-01	8.151636139305235007e-02
5.482528024042449397e+04	1.318542856466295710e-01	8.158869014371385175e-02
5.525326965378415480e+04	1.328835975330645847e-01	8.166236728302246617e-02
5.568347170932975860e+04	1.339182308079417127e-01	8.173738208994379972e-02
5.611589974676921702e+04	1.349582175532064998e-01	8.181372409378223631e-02
5.655056714938246296e+04	1.360035899555943895e-01	8.189138306808434187e-02
5.698748734471606440e+04	1.370543803083012491e-01	8.197034902472807860e-02
5.742667380526829947e+04	1.381106210126309408e-01	8.205061220819034884e-02
5.786814004916725389e+04	1.391723445796262948e-01	8.213216308998698423e-02
5.831189964083933592e+04	1.402395836316766842e-01	8.221499236327713123e-02
5.875796619167261815e+04	1.413123709041135545e-01	8.229909093763207451e-02
5.920635336067121534e+04	1.423907392467842203e-01	8.238444993395643845e-02
5.965707485510483093e+04	1.434747216256137825e-01	8.247106067956017084e-02
6.011014443114904134e+04	1.445643511241454515e-01	8.255891470337310689e-02
6.056557589452167304e+04	1.456596609450705460e-01	8.264800373130198885e-02
6.102338310111140163e+04	1.467606844117406439e-01	8.273831968171921347e-02
6.148357995760111953e+04	1.478674549696666618e-01	8.282985466108554184e-02
6.194618042208643601e+04	1.489800061880063864e-01	8.292260095969630762e-02
6.241119850468709774e+04	1.500983717610347712e-01	8.301655104754857017e-02
6.287864826815453125e+04	1.512225855096054616e-01	8.311169757032807470e-02
6.334854382847337547e+04	1.523526813825970827e-01	8.320803334550937180e-02
6.382089935545939807e+04	1.534886934583514495e-01	8.330555135856447524e-02
6.429572907335173659e+04	1.546306559460979280e-01	8.340424475927978032e-02
6.477304726140114508e+04	1.557786031873680810e-01	8.350410685817562240e-02
6.525286825445426803e+04	1.569325696574008777e-01	8.360513112302407623e-02
6.573520644353287935e+04	1.580925899665357459e-01	8.370731117546349742e-02
6.622007627641159343e+04	1.592586988616020993e-01	8.381064078770825154e-02
6.670749225818787818e+04	1.604309312272900467e-01	8.391511387934551258e-02
6.719746895185115864e+04	1.616093220875192416e-01	8.402072451422468169e-02
6.769002097884989053e+04	1.627939066068025409e-01	8.412746689742313377e-02
6.818516301965314778e+04	1.639847200915967584e-01	8.423533537230268320e-02
6.868290981430713146e+04	1.651817979916409829e-01	8.434432441763851929e-02
6.918327616299314832e+04	1.663851759012987264e-01	8.445442864483017342e-02
6.968627692658106389e+04	1.675948895608886380e-01	8.456564279518474780e-02
7.019192702717969951e+04	1.688109748580084724e-01	8.467796173727132336e-02
7.070024144868321309e+04	1.700334678288490664e-01	8.479138046434644971e-02
7.121123523731621390e+04	1.712624046595053184e-01	8.490589409184884362e-02
7.172492350217810599e+04	1.724978216872853631e-01	8.502149785495678735e-02
7.224132141578615119e+04	1.737397554020165824e-01	8.513818710621121055e-02
7.276044421460849117e+04	1.749882424473277465e-01	8.525595731320163850e-02
7.328230719960563874e+04	1.762433196219508891e-01	8.537480405630996916e-02
7.380692573676317988e+04	1.775050238810029768e-01	8.549472302651180133e-02
7.433431525762582896e+04	1.787733923372697153e-01	8.561571002323849211e-02
7.486449125982869009e+04	1.800484622624838604e-01	8.573776095228725913e-02
7.539746930762648117e+04	1.813302710885975333e-01	8.586087182379306681e-02
7.593326503242188483e+04	1.826188564090531485e-01	8.598503875024290921e-02
7.647189413329293893e+04	1.839142559800516774e-01	8.611025794454536808e-02
7.701337237752044166e+04	1.852165077218211331e-01	8.623652571814853507e-02
7.755771560110968130e+04	1.865256497198712893e-01	8.636383847920578449e-02
7.810493970931519289e+04	1.878417202262556152e-01	8.649219273078281867e-02
7.865506067716369580e+04	1.891647576608292691e-01	8.662158506911482592e-02
7.920809454997381545e+04	1.904948006124986826e-01	8.675201218190292662e-02
7.976405744387919549e+04	1.918318878404797478e-01	8.688347084665345998e-02
8.032296554634587665e+04	1.931760582755422118e-01	8.701595792906198501e-02
8.088483511669319705e+04	1.945273510212624790e-01	8.714947038142860369e-02
8.144968248661236430e+04	1.958858053552703649e-01	8.728400524112060743e-02
8.201752406068240816e+04	1.972514607304906853e-01	8.741955962906591826e-02
8.258837631688985857e+04	1.986243567763923412e-01	8.755613074828820508e-02
8.316225580714434909e+04	2.000045333002288261e-01	8.769371588247189264e-02
8.373917915779772738e+04	2.013920302882865054e-01	8.783231239456659734e-02
8.431916307015622442e+04	2.027868879071164088e-01	8.797191772542189980e-02
8.490222432100259175e+04	2.041891465047900311e-01	8.811252939245593774e-02
8.548837976310520025e+04	2.055988466121235758e-01	8.825414498835450205e-02
8.607764632573998824e+04	2.070160289439333667e-01	8.839676217980108053e-02
8.667004101520367840e+04	2.084407344002700835e-01	8.854037870624054118e-02
8.726558091533089464e+04	2.098730040676624609e-01	8.868499237866503404e-02
8.786428318800879060e+04	2.113128792203549655e-01	8.883060107843236686e-02
8.846616507369445753e+04	2.127604013215521062e-01	8.897720275611353813e-02
8.907124389193115348e+04	2.142156120246599404e-01	8.912479543036376517e-02
8.967953704186534742e+04	2.156785531745298023e-01	8.927337718681979672e-02
9.029106200276293384e+04	2.171492668086994482e-01	8.942294617702668813e-02
9.090583633452697541e+04	2.186277951586383939e-01	8.957350061738406088e-02
9.152387767821607122e+04	2.201141806509947785e-01	8.972503878811950717e-02
9.214520375656147371e+04	2.216084659088387587e-01	8.987755903228408783e-02
9.276983237448678119e+04	2.231106937529123424e-01	9.003105975477099232e-02
9.339778141962764494e+04	2.246209072028795273e-01	9.018553942136021961e-02
9.402906886285031214e+04	2.261391494785732481e-01	9.034099655777751148e-02
9.466371275877178414e+04	2.276654640012464315e-01	9.049742974878070834e-02
9.530173124628412188e+04	2.291998943948327094e-01	9.065483763726216171e-02
9.594314254907377472e+04	2.307424844871958369e-01	9.081321892337675117e-02
9.658796497614526015e+04	2.322932783113887123e-01	9.097257236368379296e-02
9.723621692234292277e+04	2.338523201069084567e-01	9.113289677031133351e-02
9.788791686887959077e+04	2.354196543209676751e-01	9.129419101013711013e-02
9.854308338385802926e+04	2.369953256097488137e-01	9.145645400399123048e-02
9.920173512279940769e+04	2.385793788396748383e-01	9.161968472587025958e-02
9.986389082916997722e+04	2.401718590886759708e-01	9.178388220217334470e-02
1.005295693349068461e+05	2.417728116474542333e-01	9.194904551095588185e-02
1.011987895609529369e+05	2.433822820207700854e-01	9.211517378119572774e-02
1.018715705177838099e+05	2.450003159287092169e-01	9.228226619207800796e-02
1.025479313059395499e+05	2.466269593079619404e-01	9.245032197229319237e-02
1.032278911165567988e+05	2.482622583131025018e-01	9.261934039935343366e-02
1.039114692319057795e+05	2.499062593178810743e-01	9.278932079892211748e-02
1.045986850259236380e+05	2.515590089165058441e-01	9.296026254415765133e-02
1.052895579647495033e+05	2.532205539249300918e-01	9.313216505507138088e-02
1.059841076072652941e+05	2.548909413821532355e-01	9.330502779789877354e-02
1.066823536056332669e+05	2.565702185515127964e-01	9.347885028448878197e-02
1.073843157058363577e+05	2.582584329219846930e-01	9.365363207169538629e-02
1.080900137482217542e+05	2.599556322094900840e-01	9.382937276079590661e-02
1.087994676680432749e+05	2.616618643581999359e-01	9.400607199691150828e-02
1.095126974960057560e+05	2.633771775418443095e-01	9.418372946844276450e-02
1.102297233588128875e+05	2.651016201650298054e-01	9.436234490651980444e-02
1.109505654797138413e+05	2.668352408645543461e-01	9.454191808446091305e-02
1.116752441790530720e+05	2.685780885107290628e-01	9.472244881724171950e-02
1.124037798748225468e+05	2.703302122087069548e-01	9.490393696097951248e-02
1.131361930832140497e+05	2.720916612998108830e-01	9.508638241242567402e-02
1.138725044191718625e+05	2.738624853628627842e-01	9.526978510847002035e-02
1.146127345969524467e+05	2.756427342155296500e-01	9.545414502565402470e-02
1.153569044306786964e+05	2.774324579156565718e-01	9.563946217969289398e-02
1.161050348349020933e+05	2.792317067626188809e-01	9.582573662501313316e-02
1.168571468251635815e+05	2.810405312986706261e-01	9.601296845429356519e-02
1.176132615185535979e+05	2.828589823102919953e-01	9.620115779801856337e-02
1.183734001342826086e+05	2.846871108295608854e-01	9.639030482404270517e-02
1.191375839942446910e+05	2.865249681355088174e-01	9.658040973715900646e-02
1.199058345235846500e+05	2.883726057554845124e-01	9.677147277868035358e-02
1.206781732512723247e+05	2.902300754665353422e-01	9.696349422602933144e-02
1.214546218106731103e+05	2.920974292967790098e-01	9.715647439233204841e-02
1.222352019401227299e+05	2.939747195267865543e-01	9.735041362602828152e-02
1.230199354835042614e+05	2.958619986909693522e-01	9.754531231048023387e-02
1.238088443908258923e+05	2.977593195789691727e-01	9.774117086359894457e-02
1.246019507188020216e+05	2.996667352370556148e-01	9.793798973746975500e-02
1.253992766314362234e+05	3.015842989695277088e-01	9.813576941798834996e-02
1.262008444006061764e+05	3.035120643401212903e-01	9.833451042450722102e-02
1.270066764066476899e+05	3.054500851734132105e-01	9.853421330948801404e-02
1.278167951389478258e+05	3.073984155562478615e-01	9.873487865815563924e-02
1.286312231965341780e+05	3.093571098391544316e-01	9.893650708816766060e-02
1.294499832886673976e+05	3.113262226377718211e-01	9.913909924928199224e-02
1.302730982354374864e+05	3.133058088342828840e-01	9.934265582304137310e-02
1.311005909683612408e+05	3.152959235788511672e-01	9.954717752245316464e-02
1.319324845309848315e+05	3.172966222910701961e-01	9.975266509168456697e-02
1.327688020794795593e+05	3.193079606613959398e-01	9.995911930575734905e-02
1.336095668832547090e+05	3.213299946526214645e-01	1.001665409702537923e-01
1.344548023255606822e+05	3.233627805013265522e-01	1.003749309210270196e-01
1.353045319040962495e+05	3.254063747193388645e-01	1.005842900239135307e-01
1.361587792316216219e+05	3.274608340952078200e-01	1.007946191744583386e-01
1.370175680365747539e+05	3.295262156956874078e-01	1.010059192976390380e-01
1.378809221636864240e+05	3.316025768672147822e-01	1.012181913475998229e-01
1.387488655745977885e+05	3.336899752373961858e-01	1.014314363073875458e-01
1.396214223484820104e+05	3.357884687165010873e-01	1.016456551886974202e-01
1.404986166826711851e+05	3.378981154989709745e-01	1.018608490316191134e-01
1.413804728932796861e+05	3.400189740649174341e-01	1.020770189043917336e-01
1.422670154158329242e+05	3.421511031816353299e-01	1.022941659031594702e-01
1.431582688059016946e+05	3.442945619051276940e-01	1.025122911517372670e-01
1.440542577397324494e+05	3.464494095816215147e-01	1.027313958013772316e-01
1.449550070148860977e+05	3.486157058491046734e-01	1.029514810305422606e-01
1.458605415508779697e+05	3.507935106388645474e-01	1.031725480446810533e-01
1.467708863898185082e+05	3.529828841770289993e-01	1.033945980760119510e-01
1.476860666970570455e+05	3.551838869861144166e-01	1.036176323833076091e-01
1.486061077618307318e+05	3.573965798865868515e-01	1.038416522516868029e-01
1.495310349979135499e+05	3.596210239984224954e-01	1.040666589924046648e-01
1.504608739442703663e+05	3.618572807426810867e-01	1.042926539426572707e-01
1.513956502657094970e+05	3.641054118430747666e-01	1.045196384653799410e-01
1.523353897535431024e+05	3.663654793275569199e-01	1.047476139490544772e-01
1.532801183262458944e+05	3.686375455299057413e-01	1.049765818075218543e-01
1.542298620301257179e+05	3.709216730913375004e-01	1.052065434797938293e-01
1.551846470399808895e+05	3.732179249620874439e-01	1.054375004298730989e-01
1.561444996597738646e+05	3.755263644030293335e-01	1.056694541465748732e-01
1.571094463233063288e+05	3.778470549872996465e-01	1.059024061433514047e-01
1.580795135948884126e+05	3.801800606019071771e-01	1.061363579581200145e-01
1.590547281700231542e+05	3.825254454493782763e-01	1.063713111530988770e-01
1.600351168760830769e+05	3.848832740493850491e-01	1.066072673146386540e-01
1.610207066729959333e+05	3.872536112403938691e-01	1.068442280530669669e-01
1.620115246539325162e+05	3.896365221813198332e-01	1.070821950025256375e-01
1.630075980459924031e+05	3.920320723531760532e-01	1.073211698208200449e-01
1.640089542109045142e+05	3.944403275607581416e-01	1.075611541892660533e-01
1.650156206457173685e+05	3.968613539343047725e-01	1.078021498125427552e-01
1.660276249834990886e+05	3.992952179311807792e-01	1.080441584185472120e-01
1.670449949940412189e+05	4.017419863375698008e-01	1.082871817582542612e-01
1.680677585845644935e+05	4.042017262701723124e-01	1.085312216055749485e-01
1.690959438004230615e+05	4.066745051778983266e-01	1.087762797572216777e-01
1.701295788258234679e+05	4.091603908435972325e-01	1.090223580325758723e-01
1.711686919845312368e+05	4.116594513857568249e-01	1.092694582735574682e-01
1.722133117405935191e+05	4.141717552602414698e-01	1.095175823444936442e-01
1.732634666990622645e+05	4.166973712620309911e-01	1.097667321319995837e-01
1.743191856067128247e+05	4.192363685269493989e-01	1.100169095448517848e-01
1.753804973527755647e+05	4.217888165334238160e-01	1.102681165138697655e-01
1.764474309696647688e+05	4.243547851042381303e-01	1.105203549917994493e-01
1.775200156337164226e+05	4.269343444083067984e-01	1.107736269531988949e-01
1.785982806659229391e+05	4.295275649624422099e-01	1.110279343943224445e-01
1.796822555326733273e+05	4.321345176331345406e-01	1.112832793330163494e-01
1.807719698464974063e+05	4.347552736383418770e-01	1.115396638086073589e-01
1.818674533668166550e+05	4.373899045492959381e-01	1.117970898818001213e-01
1.829687360006920935e+05	4.400384822923003036e-01	1.120555596345736149e-01
1.840758478035787994e+05	4.427010791505456289e-01	1.123150751700785627e-01
1.851888189800859545e+05	4.453777677659372380e-01	1.125756386125423558e-01
1.863076798847369791e+05	4.480686211409229958e-01	1.128372521071717011e-01
1.874324610227339435e+05	4.507737126403323913e-01	1.130999178200592648e-01
1.885631930507234647e+05	4.534931159932180100e-01	1.133636379380919129e-01
1.896999067775739823e+05	4.562269052947248715e-01	1.136284146688581603e-01
1.908426331651483197e+05	4.589751550079486098e-01	1.138942502405649315e-01
1.919914033290792431e+05	4.617379399658006478e-01	1.141611469019490899e-01
1.931462485395590775e+05	4.645153353729072343e-01	1.144291069221961138e-01
1.943072002221206494e+05	4.673074168074875523e-01	1.146981325908558030e-01
1.954742899584285624e+05	4.701142602232567524e-01	1.149682262177630365e-01
1.966475494870720722e+05	4.729359419513325946e-01	1.152393901329613612e-01
1.978270107043617754e+05	4.757725387021523034e-01	1.155116266866266506e-01
1.990127056651319144e+05	4.786241275674009144e-01	1.157849382489918727e-01
2.002046665835453314e+05	4.814907860219480029e-01	1.160593272102752038e-01
2.014029258338965010e+05	4.843725919257786949e-01	1.163347959806088905e-01
2.026075159514318220e+05	4.872696235259666442e-01	1.166113469899722477e-01
2.038184696331571031e+05	4.901819594586156459e-01	1.168889826881213956e-01
2.050358197386644315e+05	4.931096787508489343e-01	1.171677055445280724e-01
2.062595992909490888e+05	4.960528608227728897e-01	1.174475180483111753e-01
2.074898414772413962e+05	4.990115854894785485e-01	1.177284227081781126e-01
2.087265796498344862e+05	5.019859329630320666e-01	1.180104220523616326e-01
2.099698473269218812e+05	5.049759838544886081e-01	1.182935186285629520e-01
2.112196781934353348e+05	5.079818191759082335e-01	1.185777150038939132e-01
2.124761061018880864e+05	5.110035203423831662e-01	1.188630137648197110e-01
2.137391650732201524e+05	5.140411691740710554e-01	1.191494175171086412e-01
2.150088892976488569e+05	5.170948478982405616e-01	1.194369288857723005e-01
2.162853131355280639e+05	5.201646391513377043e-01	1.197255505150200822e-01
2.175684711182019382e+05	5.232506259810389970e-01	1.200152850682077166e-01
2.188583979488690093e+05	5.263528918483296737e-01	1.203061352277887408e-01
2.201551285034489702e+05	5.294715206295882437e-01	1.205981036952666063e-01
2.214586978314549488e+05	5.326065966186849243e-01	1.208911931911495763e-01
2.227691411568672920e+05	5.357582045290817385e-01	1.211854064549059418e-01
2.240864938790140732e+05	5.389264294959514867e-01	1.214807462449230546e-01
2.254107915734531416e+05	5.421113570782981617e-01	1.217772153384631267e-01
2.267420699928588583e+05	5.453130732610904641e-01	1.220748165316249967e-01
2.280803650679165730e+05	5.485316644574117495e-01	1.223735526393019413e-01
2.294257129082147731e+05	5.517672175106066446e-01	1.226734264951483966e-01
2.307781498031486408e+05	5.550198196964541975e-01	1.229744409515399484e-01
2.321377122228246590e+05	5.582895587253421388e-01	1.232765988795406081e-01
2.335044368189671077e+05	5.615765227444486918e-01	1.235799031688668698e-01
2.348783604258283158e+05	5.648808003399305999e-01	1.238843567278556934e-01
2.362595200611151813e+05	5.682024805391517885e-01	1.241899624834311155e-01
2.376479529269025370e+05	5.715416528128799412e-01	1.244967233810777008e-01
2.390436964105628140e+05	5.748984070775225996e-01	1.248046423848094139e-01
2.404467880856966076e+05	5.782728336973643746e-01	1.251137224771403933e-01
2.418572657130669395e+05	5.816650234868149250e-01	1.254239666590556690e-01
2.432751672415365174e+05	5.850750677126621557e-01	1.257353779499920388e-01
2.447005308090163162e+05	5.885030580963542812e-01	1.260479593878088833e-01
2.461333947434093279e+05	5.919490868162686770e-01	1.263617140287628948e-01
2.475737975635696203e+05	5.954132465100194782e-01	1.266766449474883982e-01
2.490217779802526347e+05	5.988956302767418638e-01	1.269927552369762291e-01
2.504773748970800370e+05	6.023963316794137546e-01	1.273100480085510022e-01
2.519406274115106789e+05	6.059154447471897242e-01	1.276285263918511548e-01
2.534115748158038186e+05	6.094530639777187009e-01	1.279481935348134869e-01
2.548902565980017825e+05	6.130092843395064106e-01	1.282690526036529277e-01
2.563767124429089599e+05	6.165842012742700495e-01	1.285911067828465482e-01
2.578709822330741445e+05	6.201779106993012824e-01	1.289143592751190170e-01
2.593731060497849248e+05	6.237905090098571081e-01	1.292388133014259477e-01
2.608831241740556434e+05	6.274220930815361807e-01	1.295644721009438505e-01
2.624010770876377355e+05	6.310727602727087548e-01	1.298913389310541455e-01
2.639270054740134510e+05	6.347426084269065516e-01	1.302194170673325602e-01
2.654609502194098895e+05	6.384317358752611415e-01	1.305487098035386373e-01
2.670029524138155975e+05	6.421402414389496549e-01	1.308792204516053825e-01
2.685530533519918681e+05	6.458682244316256149e-01	1.312109523416298829e-01
2.701112945345055196e+05	6.496157846619047271e-01	1.315439088218658126e-01
2.716777176687496249e+05	6.533830224358176952e-01	1.318780932587165222e-01
2.732523646699790261e+05	6.571700385593017835e-01	1.322135090367267674e-01
2.748352776623559184e+05	6.609769343407154718e-01	1.325501595585802384e-01
2.764264989799837931e+05	6.648038115933242453e-01	1.328880482450914557e-01
2.780260711679619853e+05	6.686507726378378980e-01	1.332271785352038829e-01
2.796340369834353332e+05	6.725179203049340693e-01	1.335675538859888434e-01
2.812504393966569332e+05	6.764053579378146441e-01	1.339091777726378607e-01
2.828753215920530492e+05	6.803131893947664821e-01	1.342520536884659055e-01
2.845087269692845293e+05	6.842415190517147083e-01	1.345961851449098134e-01
2.861506991443259758e+05	6.881904518048168606e-01	1.349415756715286185e-01
2.878012819505474763e+05	6.921600930730666956e-01	1.352882288160013602e-01
2.894605194397962186e+05	6.961505488008927767e-01	1.356361481441326899e-01
2.911284558834842173e+05	7.001619254607764908e-01	1.359853372398556470e-01
2.928051357736880309e+05	7.041943300558961560e-01	1.363357997052312420e-01
2.944906038242470240e+05	7.082478701227675755e-01	1.366875391604549794e-01
2.961849049718603492e+05	7.123226537338841480e-01	1.370405592438625753e-01
2.978880843772166409e+05	7.164187895004319184e-01	1.373948636119330657e-01
2.996001874260938494e+05	7.205363865749352392e-01	1.377504559392967176e-01
3.013212597304884694e+05	7.246755546539729309e-01	1.381073399187405515e-01
3.030513471297412179e+05	7.288364039808858941e-01	1.384655192612175012e-01
3.047904956916667870e+05	7.330190453484924928e-01	1.388249976958539078e-01
3.065387517137001851e+05	7.372235901018472370e-01	1.391857789699588177e-01
3.082961617240310297e+05	7.414501501409681561e-01	1.395478668490342522e-01
3.100627724827534403e+05	7.456988379236019204e-01	1.399112651167838395e-01
3.118386309830298414e+05	7.499697664680232689e-01	1.402759775751262761e-01
3.136237844522426603e+05	7.542630493558043492e-01	1.406420080442057352e-01
3.154182803531617974e+05	7.585788007346235817e-01	1.410093603624048564e-01
3.172221663851129706e+05	7.629171353210734141e-01	1.413780383863570134e-01
3.190354904851646861e+05	7.672781684035177019e-01	1.417480459909614965e-01
3.208583008293021121e+05	7.716620158449123412e-01	1.421193870693963079e-01
3.226906458336211508e+05	7.760687940856785261e-01	1.424920655331343711e-01
3.245325741555166896e+05	7.804986201465603513e-01	1.428660853119583241e-01
3.263841346948919236e+05	7.849516116315322645e-01	1.432414503539787831e-01
3.282453765953577822e+05	7.894278867306852021e-01	1.436181646256490807e-01
3.301163492454403895e+05	7.939275642231290453e-01	1.439962321117836397e-01
3.319971022798096528e+05	7.984507634799482556e-01	1.443756568155748765e-01
3.338876855804990046e+05	8.029976044671347513e-01	1.447564427586152114e-01
3.357881492781276465e+05	8.075682077485284438e-01	1.451385939809137771e-01
3.376985437531500938e+05	8.121626944888210575e-01	1.455221145409166528e-01
3.396189196370813297e+05	8.167811864565034385e-01	1.459070085155266816e-01
3.415493278137605521e+05	8.214238060269050123e-01	1.462932800001288947e-01
3.434898194205927430e+05	8.260906761851786184e-01	1.466809331086062207e-01
3.454404458498135791e+05	8.307819205293442977e-01	1.470699719733661037e-01
3.474012587497533532e+05	8.354976632733275288e-01	1.474604007453616805e-01
3.493723100261136424e+05	8.402380292500301051e-01	1.478522235941156227e-01
3.513536518432404264e+05	8.450031439143927958e-01	1.482454447077435344e-01
3.533453366254059365e+05	8.497931333464763259e-01	1.486400682929795714e-01
3.553474170581101789e+05	8.546081242545939816e-01	1.490360985752012535e-01
3.573599460893654032e+05	8.594482439783985850e-01	1.494335397984543623e-01
3.593829769310084521e+05	8.643136204920393029e-01	1.498323962254801411e-01
3.614165630600037402e+05	8.692043824072963609e-01	1.502326721377407748e-01
3.634607582197659649e+05	8.741206589767608337e-01	1.506343718354481442e-01
3.655156164214716991e+05	8.790625800969895653e-01	1.510374996375906664e-01
3.675811919454031158e+05	8.840302763117366958e-01	1.514420598819632979e-01
3.696575393422665657e+05	8.890238788151252347e-01	1.518480569251939860e-01
3.717447134345538798e+05	8.940435194549202214e-01	1.522554951427748660e-01
3.738427693178735208e+05	8.990893307357307185e-01	1.526643789290907938e-01
3.759517623623090913e+05	9.041614458222770878e-01	1.530747126974512651e-01
3.780717482137862244e+05	9.092599985426776943e-01	1.534865008801208075e-01
3.802027827954358072e+05	9.143851233917286159e-01	1.538997479283500114e-01
3.823449223089719308e+05	9.195369555342161050e-01	1.543144583124080316e-01
3.844982232360710623e+05	9.247156308082344900e-01	1.547306365216153112e-01
3.866627423397590173e+05	9.299212857285218403e-01	1.551482870643749734e-01
3.888385366658103303e+05	9.351540574898250524e-01	1.555674144682090421e-01
3.910256635441457038e+05	9.404140839702610499e-01	1.559880232797885291e-01
3.932241805902419146e+05	9.457015037347068498e-01	1.564101180649730416e-01
3.954341457065481809e+05	9.510164560382071697e-01	1.568337034088406468e-01
3.976556170839032275e+05	9.563590808293813694e-01	1.572587839157257861e-01
3.998886532029737718e+05	9.617295187538837942e-01	1.576853642092559682e-01
4.021333128356810194e+05	9.671279111578333643e-01	1.581134489323853254e-01
4.043896550466518966e+05	9.725544000913056708e-01	1.585430427474353865e-01
4.066577391946627758e+05	9.780091283118025336e-01	1.589741503361279118e-01
4.089376249340996146e+05	9.834922392877663011e-01	1.594067763996268317e-01
4.112293722164227511e+05	9.890038772021009228e-01	1.598409256585731075e-01
4.135330412916390342e+05	9.945441869557131165e-01	1.602766028531267817e-01
4.158486927097744192e+05	1.000113314171052981e+00	1.607138127430031149e-01
4.181763873223691480e+05	1.005711405195712116e+00	1.611525601075123881e-01
4.205161862839623936e+05	1.011338607105991549e+00	1.615928497456033952e-01
4.228681510536032147e+05	1.016995067710537271e+00	1.620346864758996919e-01
4.252323433963403222e+05	1.022680935553922810e+00	1.624780751367453646e-01
4.276088253847582382e+05	1.028396359920342729e+00	1.629230205862411685e-01
4.299976594004829531e+05	1.034141490837235500e+00	1.633695277022893522e-01
4.323989081357244868e+05	1.039916479078991429e+00	1.638176013826360133e-01
4.348126345948032103e+05	1.045721476170625053e+00	1.642672465449138974e-01
4.372389020957006142e+05	1.051556634391503486e+00	1.647184681266850581e-01
4.396777742716141511e+05	1.057422106779086768e+00	1.651712710854839339e-01
4.421293150725065498e+05	1.063318047132653543e+00	1.656256603988628673e-01
4.445935887666880735e+05	1.069244610017105801e+00	1.660816410644366248e-01
4.470706599423753214e+05	1.075201950766719206e+00	1.665392180999256677e-01
4.495605935092926375e+05	1.081190225488993351e+00	1.669983965432031425e-01
4.520634547002451727e+05	1.087209591068434733e+00	1.674591814523400390e-01
4.545793090727319941e+05	1.093260205170437427e+00	1.679215779056513480e-01
4.571082225105357938e+05	1.099342226245105580e+00	1.683855910017446056e-01
4.596502612253561965e+05	1.105455813531181164e+00	1.688512258595639970e-01
4.622054917584166978e+05	1.111601127059909988e+00	1.693184876184394561e-01
4.647739809820960509e+05	1.117778327658963455e+00	1.697873814381333502e-01
4.673557961015747278e+05	1.123987576956399170e+00	1.702579124988919390e-01
4.699510046564721852e+05	1.130229037384599122e+00	1.707300860014913935e-01
4.725596745225060731e+05	1.136502872184258939e+00	1.712039071672887547e-01
4.751818739131483599e+05	1.142809245408371810e+00	1.716793812382694517e-01
4.778176713813014794e+05	1.149148321926258598e+00	1.721565134771002592e-01
4.804671358209729660e+05	1.155520267427596171e+00	1.726353091671764817e-01
4.831303364689603914e+05	1.161925248426469937e+00	1.731157736126723301e-01
4.858073429065481178e+05	1.168363432265453028e+00	1.735979121385988755e-01
4.884982250612118514e+05	1.174834987119707463e+00	1.740817300908495957e-01
4.912030532083299477e+05	1.181340082001098857e+00	1.745672328362511128e-01
4.939218979728916893e+05	1.187878886762304464e+00	1.750544257626189537e-01
4.966548303312426433e+05	1.194451572101012715e+00	1.755433142788141998e-01
4.994019216128088883e+05	1.201058309564067228e+00	1.760339038147885338e-01
5.021632435018424876e+05	1.207699271551666342e+00	1.765261998216423600e-01
5.049388680391820963e+05	1.214374631321597287e+00	1.770202077716821754e-01
5.077288676240062923e+05	1.221084562993452360e+00	1.775159331584660050e-01
5.105333150156130432e+05	1.227829241552909512e+00	1.780133814968670181e-01
5.133522833351881127e+05	1.234608842855984046e+00	1.785125583231241542e-01
5.161858460676038521e+05	1.241423543633355608e+00	1.790134691949000489e-01
5.190340770632038475e+05	1.248273521494659866e+00	1.795161196913353518e-01
5.218970505396215012e+05	1.255158954932862336e+00	1.800205154131086782e-01
5.247748410835807445e+05	1.262080023328589373e+00	1.805266619824856533e-01
5.276675236527330708e+05	1.269036906954545518e+00	1.810345650433862752e-01
5.305751735774747794e+05	1.276029786979884451e+00	1.815442302614352910e-01
5.334978665627975715e+05	1.283058845474660314e+00	1.820556633240222599e-01
5.364356786901393207e+05	1.290124265414276605e+00	1.825688699403623938e-01
5.393886864192364737e+05	1.297226230683943493e+00	1.830838558415522899e-01
5.423569665899933316e+05	1.304364926083172893e+00	1.836006267806298276e-01
5.453405964243647177e+05	1.311540537330305289e+00	1.841191885326323163e-01
5.483396535282350378e+05	1.318753251067030563e+00	1.846395468946619156e-01
5.513542158933118917e+05	1.326003254862939684e+00	1.851617076859415345e-01
5.543843618990520481e+05	1.333290737220159006e+00	1.856856767478757275e-01
5.574301703145422507e+05	1.340615887577871979e+00	1.862114599441108409e-01
5.604917203004462644e+05	1.347978896317004072e+00	1.867390631606017370e-01
5.635690914109358564e+05	1.355379954764862838e+00	1.872684923056672224e-01
5.666623635956197977e+05	1.362819255199781532e+00	1.877997533100582983e-01
5.697716172015047632e+05	1.370296990855831565e+00	1.883328521270145328e-01
5.728969329749637982e+05	1.377813355927559158e+00	1.888677947323313400e-01
5.760383920636936091e+05	1.385368545574690691e+00	1.894045871244275647e-01
5.791960760187029373e+05	1.392962755926915985e+00	1.899432353243966920e-01
5.823700667962930165e+05	1.400596184088651386e+00	1.904837453760828414e-01
5.855604467600670177e+05	1.408269028143871671e+00	1.910261233461409414e-01
5.887672986829468282e+05	1.415981487160959507e+00	1.915703753241025931e-01
5.919907057491722517e+05	1.423733761197516934e+00	1.921165074224367164e-01
5.952307515563453780e+05	1.431526051305278324e+00	1.926645257766244346e-01
5.984875201174645917e+05	1.439358559535004023e+00	1.932144365452171386e-01
6.017610958629802335e+05	1.447231488941423505e+00	1.937662459099068479e-01
6.050515636428333819e+05	1.455145043588139897e+00	1.943199600755917689e-01
6.083590087285562186e+05	1.463099428552679715e+00	1.948755852704457114e-01
6.116835168153299019e+05	1.471094849931443127e+00	1.954331277459806504e-01
6.150251740240786457e+05	1.479131514844739037e+00	1.959925937771208604e-01
6.183840669035627507e+05	1.487209631441821056e+00	1.965539896622655325e-01
6.217602824325065594e+05	1.495329408906002078e+00	1.971173217233621044e-01
6.251539080217058072e+05	1.503491057459725777e+00	1.976825963059748170e-01
6.285650315161659382e+05	1.511694788369706055e+00	1.982498197793508832e-01
6.319937411972263362e+05	1.519940813952039171e+00	1.988189985364931522e-01
6.354401257847311208e+05	1.528229347577420683e+00	1.993901389942309699e-01
6.389042744391824817e+05	1.536560603676327297e+00	1.999632475932871800e-01
6.423862767639152007e+05	1.544934797744246024e+00	2.005383307983537866e-01
6.458862228072792059e+05	1.553352146346921758e+00	2.011153950981584004e-01
6.494042030648355139e+05	1.561812867125638826e+00	2.016944470055410665e-01
6.529403084815536859e+05	1.570317178802508096e+00	2.022754930575254573e-01
6.564946304540389683e+05	1.578865301185820691e+00	2.028585398153862351e-01
6.600672608327479102e+05	1.587457455175377286e+00	2.034435938647278785e-01
6.636582919242319185e+05	1.596093862767884008e+00	2.040306618155559026e-01
6.672678164933836088e+05	1.604774747062355900e+00	2.046197503023475806e-01
6.708959277656936320e+05	1.613500332265542125e+00	2.052108659841327398e-01
6.745427194295293884e+05	1.622270843697408260e+00	2.058040155445608477e-01
6.782082856383983744e+05	1.631086507796579266e+00	2.063992056919801699e-01
6.818927210132556502e+05	1.639947552125888386e+00	2.069964431595122667e-01
6.855961206448127050e+05	1.648854205377930926e+00	2.075957347051259061e-01
6.893185800958324689e+05	1.657806697380582506e+00	2.081970871117153343e-01
6.930601954034706578e+05	1.666805259102630554e+00	2.088005071871743834e-01
6.968210630816074554e+05	1.675850122659382491e+00	2.094060017644741589e-01
7.006012801232050406e+05	1.684941521318334523e+00	2.100135777017404781e-01
7.044009440026424127e+05	1.694079689504788266e+00	2.106232418823317243e-01
7.082201526781199500e+05	1.703264862807631896e+00	2.112350012149112888e-01
7.120590045940306736e+05	1.712497277985045363e+00	2.118488626335360003e-01
7.159175986833450152e+05	1.721777172970232694e+00	2.124648330977234323e-01
7.197960343700314406e+05	1.731104786877246449e+00	2.130829195925402209e-01
7.236944115714639192e+05	1.740480360006776195e+00	2.137031291286740353e-01
7.276128307008657139e+05	1.749904133852026700e+00	2.143254687425210081e-01
7.315513926697383868e+05	1.759376351104558145e+00	2.149499454962545686e-01
7.355101988903250312e+05	1.768897255660211387e+00	2.155765664779175084e-01
7.394893512780708261e+05	1.778467092625025447e+00	2.162053388014974209e-01
7.434889522541073384e+05	1.788086108321212730e+00	2.168362696070046114e-01
7.475091047477417160e+05	1.797754550293144016e+00	2.174693660605624967e-01
7.515499121989489067e+05	1.807472667313343218e+00	2.181046353544811855e-01
7.556114785608991515e+05	1.817240709388566522e+00	2.187420847073449637e-01
7.596939083024815191e+05	1.827058927765870422e+00	2.193817213640910369e-01
7.637973064108433900e+05	1.836927574938719498e+00	2.200235525960962391e-01
7.679217783939429792e+05	1.846846904653125065e+00	2.206675857012586339e-01
7.720674302831039531e+05	1.856817171913790254e+00	2.213138280040808648e-01
7.762343686356062535e+05	1.866838632990339031e+00	2.219622868557543927e-01
7.804227005372835556e+05	1.876911545423564975e+00	2.226129696342479258e-01
7.846325336050906917e+05	1.887036168031602568e+00	2.232658837443862454e-01
7.888639759897539625e+05	1.897212760916306751e+00	2.239210366179415490e-01
7.931171363783754641e+05	1.907441585469510148e+00	2.245784357137145248e-01
7.973921239970891038e+05	1.917722904379416615e+00	2.252380885176239744e-01
8.016890486137050902e+05	1.928056981636955491e+00	2.259000025427892466e-01
8.060080205403832952e+05	1.938444082542215341e+00	2.265641853296226360e-01
8.103491506363055669e+05	1.948884473710869036e+00	2.272306444459106789e-01
8.147125503103669034e+05	1.959378423080647025e+00	2.278993874869085778e-01
8.190983315238866489e+05	1.969926199917855447e+00	2.285704220754218863e-01
8.235066067933365703e+05	1.980528074823940443e+00	2.292437558618988236e-01
8.279374891930483282e+05	1.991184319741996722e+00	2.299193965245188154e-01
8.323910923579789232e+05	2.001895207963420464e+00	2.305973517692815888e-01
8.368675304864718346e+05	2.012661014134548232e+00	2.312776293300940200e-01
8.413669183430082630e+05	2.023482014263275008e+00	2.319602369688630872e-01
8.458893712610112270e+05	2.034358485725797472e+00	2.326451824755850495e-01
8.504350051456453511e+05	2.045290707273347497e+00	2.333324736684395107e-01
8.550039364766177023e+05	2.056278959038927212e+00	2.340221183938751004e-01
8.595962823110186728e+05	2.067323522544143533e+00	2.347141245267080623e-01
8.642121602861516876e+05	2.078424680706012051e+00	2.354084999702052150e-01
8.688516886223903857e+05	2.089582717843827986e+00	2.361052526561814580e-01
8.735149861260566395e+05	2.100797919686089532e+00	2.368043905450984421e-01
8.782021721922899596e+05	2.112070573377396787e+00	2.375059216261440620e-01
8.829133668079535710e+05	2.123400967485443491e+00	2.382098539173403695e-01
8.876486905545429327e+05	2.134789392008008768e+00	2.389161954656269515e-01
8.924082646111082286e+05	2.146236138379987501e+00	2.396249543469585463e-01
8.971922107571960660e+05	2.157741499480466452e+00	2.403361386664052968e-01
9.020006513758015353e+05	2.169305769639820802e+00	2.410497565582382928e-01
9.068337094563399442e+05	2.180929244646863108e+00	2.417658161860313792e-01
9.116915085976192495e+05	2.192612221755993129e+00	2.424843257427573007e-01
9.165741730108609190e+05	2.204354999694458694e+00	2.432052934508800446e-01
9.214818275226862170e+05	2.216157878669543280e+00	2.439287275624581752e-01
9.264145975781533634e+05	2.228021160375865950e+00	2.446546363592336237e-01
9.313726092438023770e+05	2.239945148002706166e+00	2.453830281527351054e-01
9.363559892107041087e+05	2.251930146241336583e+00	2.461139112843765686e-01
9.413648647975327913e+05	2.263976461292411813e+00	2.468472941255501485e-01
9.463993639536646660e+05	2.276084400873422009e+00	2.475831850777332754e-01
9.514596152622641530e+05	2.288254274226114049e+00	2.483215925725784645e-01
9.565457479433981935e+05	2.300486392123980206e+00	2.490625250720194250e-01
9.616578918571844697e+05	2.312781066879832093e+00	2.498059910683685381e-01
9.667961775069285650e+05	2.325138612353344847e+00	2.505519990844209954e-01
9.719607360422846396e+05	2.337559343958657276e+00	2.513005576735506397e-01
9.771516992624386912e+05	2.350043578672028399e+00	2.520516754198109943e-01
9.823691996192933293e+05	2.362591635039497540e+00	2.528053609380427891e-01
9.876133702206840971e+05	2.375203833184618585e+00	2.535616228739708822e-01
9.928843448336089496e+05	2.387880494816227106e+00	2.543204699043077888e-01
9.981822578874544706e+05	2.400621943236198597e+00	2.550819107368591521e-01
1.003507244477267493e+06	2.413428503347319065e+00	2.558459541106254398e-01
1.008859440367007744e+06	2.426300501661105002e+00	2.566126087959051949e-01
1.014238981992858578e+06	2.439238266305767233e+00	2.573818835943962324e-01
1.019646006466517341e+06	2.452242127034123254e+00	2.581537873393060512e-01
1.025080651578517747e+06	2.465312415231588616e+00	2.589283288954538631e-01
1.030543055801563081e+06	2.478449463924192298e+00	2.597055171593767864e-01
1.036033358293888159e+06	2.491653607786662672e+00	2.604853610594354829e-01
1.041551698902623961e+06	2.504925183150519263e+00	2.612678695559197961e-01
1.047098218167191604e+06	2.518264528012235548e+00	2.620530516411558875e-01
1.052673057322680717e+06	2.531671982041363123e+00	2.628409163396127068e-01
1.058276358303294284e+06	2.545147886588817965e+00	2.636314727080125708e-01
1.063908263745766832e+06	2.558692584695098748e+00	2.644247298354343023e-01
1.069568916992824525e+06	2.572306421098612184e+00	2.652206968434275280e-01
1.075258462096656905e+06	2.585989742244017453e+00	2.660193828861148746e-01
1.080977043822393054e+06	2.599742896290591965e+00	2.668207971503057663e-01
1.086724807651625481e+06	2.613566233120702353e+00	2.676249488556051159e-01
1.092501899785904912e+06	2.627460104348207981e+00	2.684318472545240142e-01
1.098308467150280252e+06	2.641424863326980788e+00	2.692415016325896970e-01
1.104144657396886498e+06	2.655460865159529504e+00	2.700539213084541812e-01
1.110010618908476317e+06	2.669568466705492860e+00	2.708691156340120032e-01
1.115906500802032882e+06	2.683748026590330404e+00	2.716870939945040808e-01
1.121832452932365937e+06	2.697999905213969374e+00	2.725078658086375616e-01
1.127788625895722071e+06	2.712324464759490183e+00	2.733314405286935700e-01
1.133775171033476247e+06	2.726722069202001109e+00	2.741578276406408388e-01
1.139792240435751388e+06	2.741193084317345541e+00	2.749870366642532815e-01
1.145839986945099896e+06	2.755737877690954907e+00	2.758190771532162411e-01
1.151918564160210546e+06	2.770356818726762871e+00	2.766539586952513896e-01
1.158028126439616084e+06	2.785050278656126643e+00	2.774916909122259190e-01
1.164168828905439237e+06	2.799818630546829112e+00	2.783322834602663387e-01
1.170340827447111951e+06	2.814662249312030351e+00	2.791757460298758264e-01
1.176544278725177748e+06	2.829581511719408304e+00	2.800220883460547427e-01
1.182779340175062651e+06	2.844576796400227092e+00	2.808713201684098770e-01
1.189046170010866597e+06	2.859648483858460377e+00	2.817234512912804578e-01
1.195344927229239605e+06	2.874796956480106580e+00	2.825784915438448452e-01
1.201675771613153163e+06	2.890022598542263843e+00	2.834364507902511487e-01
1.208038863735819003e+06	2.905325796222555823e+00	2.842973389297261955e-01
1.214434364964537555e+06	2.920706937608380738e+00	2.851611658966964336e-01
1.220862437464627437e+06	2.936166412706369577e+00	2.860279416609133873e-01
1.227323244203302544e+06	2.951704613451703985e+00	2.868976762275660675e-01
1.233816948953648563e+06	2.967321933717684157e+00	2.877703796374052048e-01
1.240343716298559215e+06	2.983018769325192387e+00	2.886460619668627658e-01
1.246903711634711362e+06	2.998795518052256970e+00	2.895247333281766866e-01
1.253497101176571101e+06	3.014652579643681829e+00	2.904064038695066685e-01
1.260124051960405428e+06	3.030590355820699688e+00	2.912910837750611881e-01
1.266784731848310679e+06	3.046609250290654991e+00	2.921787832652198991e-01
1.273479309532277519e+06	3.062709668756786741e+00	2.930695125966548131e-01
1.280207954538259888e+06	3.078892018928007346e+00	2.939632820624556442e-01
1.286970837230263976e+06	3.095156710528742749e+00	2.948601019922503785e-01
1.293768128814481432e+06	3.111504155308868480e+00	2.957599827523380021e-01
1.300600001343389042e+06	3.127934767053569765e+00	2.966629347458038524e-01
1.307466627719941316e+06	3.144448961593429015e+00	2.975689684126538448e-01
1.314368181701712776e+06	3.161047156814380532e+00	2.984780942299324891e-01
1.321304837905116612e+06	3.177729772667864161e+00	2.993903227118544508e-01
1.328276771809623111e+06	3.194497231180966068e+00	3.003056644099332262e-01
1.335284159761955729e+06	3.211349956466509337e+00	3.012241299131018790e-01
1.342327178980410332e+06	3.228288374733445654e+00	3.021457298478503195e-01
1.349406007559070829e+06	3.245312914296990758e+00	3.030704748783429325e-01
1.356520824472149136e+06	3.262424005589063647e+00	3.039983757065567449e-01
1.363671809578295797e+06	3.279622081168652947e+00	3.049294430724069360e-01
1.370859143624917138e+06	3.296907575732198836e+00	3.058636877538756238e-01
1.378083008252568543e+06	3.314280926124161031e+00	3.068011205671443697e-01
1.385343585999338888e+06	3.331742571347560578e+00	3.077417523667245192e-01
1.392641060305220075e+06	3.349292952574492332e+00	3.086855940455902059e-01
1.399975615516558522e+06	3.366932513156824847e+00	3.096326565353062499e-01
1.407347436890499666e+06	3.384661698636896254e+00	3.105829508061628830e-01
1.414756710599459242e+06	3.402480956758263453e+00	3.115364878673104188e-01
1.422203623735607369e+06	3.420390737476485032e+00	3.124932787668904255e-01
1.429688364315384999e+06	3.438391492969989915e+00	3.134533345921673431e-01
1.437211121284043649e+06	3.456483677650986852e+00	3.144166664696691482e-01
1.444772084520198172e+06	3.474667748176419213e+00	3.153832855653170841e-01
1.452371444840399316e+06	3.492944163458961082e+00	3.163532030845621068e-01
1.460009394003748661e+06	3.511313384678115934e+00	3.173264302725234409e-01
1.467686124716498656e+06	3.529775875291278453e+00	3.183029784141191976e-01
1.475401830636753235e+06	3.548332101045042375e+00	3.192828588342092599e-01
1.483156706379054114e+06	3.566982529986227224e+00	3.202660828977303975e-01
1.490950947519158479e+06	3.585727632473370008e+00	3.212526620098336561e-01
1.498784750598707236e+06	3.604567881187952683e+00	3.222426076160244124e-01
1.506658313129956601e+06	3.623503751145781937e+00	3.232359312022991538e-01
1.514571833600572310e+06	3.642535719708517306e+00	3.242326442952856991e-01
1.522525511478375411e+06	3.661664266595087369e+00	3.252327584623858625e-01
1.530519547216199106e+06	3.680889873893368858e+00	3.262362853119097905e-01
1.538554142256669933e+06	3.700213026071685007e+00	3.272432364932256199e-01
1.546629499037100468e+06	3.719634209990573037e+00	3.282536236968919274e-01
1.554745820994337555e+06	3.739153914914446375e+00	3.292674586548069993e-01
1.562903312569676666e+06	3.758772632523408763e+00	3.302847531403478865e-01
1.571102179213813739e+06	3.778490856925166952e+00	3.313055189685123469e-01
1.579342627391763730e+06	3.798309084666859903e+00	3.323297679960710571e-01
1.587624864587822696e+06	3.818227814746989690e+00	3.333575121216971193e-01
1.595949099310620921e+06	3.838247548627579331e+00	3.343887632861251014e-01
1.604315541098092450e+06	3.858368790246117008e+00	3.354235334722869277e-01
1.612724400522547076e+06	3.878592046027762752e+00	3.364618347054634806e-01
1.621175889195750235e+06	3.898917824897559115e+00	3.375036790534251541e-01
1.629670219774001976e+06	3.919346638292647622e+00	3.385490786265836771e-01
1.638207605963261100e+06	3.939879000174594914e+00	3.395980455781409391e-01
1.646788262524295365e+06	3.960515427041777059e+00	3.406505921042278784e-01
1.655412405277878745e+06	3.981256437941874449e+00	3.417067304440635778e-01
1.664080251109936973e+06	4.002102554484257446e+00	3.427664728801017580e-01
1.672792017976816278e+06	4.023054300852646037e+00	3.438298317381724978e-01
1.681547924910512520e+06	4.044112203817695317e+00	3.448968193876439381e-01
1.690348192023945739e+06	4.065276792749675572e+00	3.459674482415652230e-01
1.699193040516249603e+06	4.086548599631191436e+00	3.470417307568194887e-01
1.708082692678118590e+06	4.107928159070049823e+00	3.481196794342752421e-01
1.717017371897152625e+06	4.129416008312104758e+00	3.492013068189468994e-01
1.725997302663221955e+06	4.151012687254166167e+00	3.502866255001314544e-01
1.735022710573885124e+06	4.172718738457026788e+00	3.513756481115791752e-01
1.744093822339799488e+06	4.194534707158476650e+00	3.524683873316316607e-01
1.753210865790212527e+06	4.216461141286504954e+00	3.535648558833941468e-01
1.762374069878410082e+06	4.238498591472411370e+00	3.546650665348730636e-01
1.771583664687252836e+06	4.260647611064114493e+00	3.557690320991435673e-01
1.780839881434674608e+06	4.282908756139376827e+00	3.568767654345028628e-01
1.790142952479289379e+06	4.305282585519288219e+00	3.579882794446290206e-01
1.799493111325971317e+06	4.327769660781690675e+00	3.591035870787271378e-01
1.808890592631455278e+06	4.350370546274643146e+00	3.602227013317042537e-01
1.818335632210003678e+06	4.373085809130051516e+00	3.613456352443156772e-01
1.827828467039055657e+06	4.395916019277254172e+00	3.624724019033355726e-01
1.837369335264947033e+06	4.418861749456779009e+00	3.636030144417028431e-01
1.846958476208638633e+06	4.441923575234122623e+00	3.647374860386879969e-01
1.856596130371470936e+06	4.465102075013583693e+00	3.658758299200598474e-01
1.866282539440934779e+06	4.488397830052150539e+00	3.670180593582444972e-01
1.876017946296501672e+06	4.511811424473513910e+00	3.681641876724757734e-01
1.885802595015468542e+06	4.535343445282129515e+00	3.693142282289746947e-01
1.895636730878788978e+06	4.558994482377237922e+00	3.704681944410973538e-01
1.905520600377028575e+06	4.582765128567193536e+00	3.716260997695201573e-01
1.915454451216250658e+06	4.606655979583613281e+00	3.727879577223797147e-01
1.925438532323983265e+06	4.630667634095727792e+00	3.739537818554542481e-01
1.935473093855226412e+06	4.654800693724834737e+00	3.751235857723217437e-01
1.945558387198423967e+06	4.679055763058652673e+00	3.762973831245315370e-01
1.955694664981539827e+06	4.703433449665943122e+00	3.774751876117709015e-01
1.965882181078109192e+06	4.727934364111054499e+00	3.786570129820227559e-01
1.976121190613353625e+06	4.752559119968636558e+00	3.798428730317513491e-01
1.986411949970337562e+06	4.777308333838442778e+00	3.810327816060564698e-01
1.996754716796083376e+06	4.802182625360039481e+00	3.822267525988470860e-01
2.007149750007796800e+06	4.827182617227775197e+00	3.834247999530170925e-01
2.017597309799065115e+06	4.852308935205686957e+00	3.846269376606037960e-01
2.028097657646123786e+06	4.877562208142576239e+00	3.858331797629735438e-01
2.038651056314158719e+06	4.902943067987161285e+00	3.870435403509784322e-01
2.049257769863588968e+06	4.928452149803188576e+00	3.882580335651468761e-01
2.059918063656431157e+06	4.954090091784738803e+00	3.894766735958391513e-01
2.070632204362671822e+06	4.979857535271553282e+00	3.906994746834325793e-01
2.081400459966648137e+06	5.005755124764378117e+00	3.919264511184896160e-01
2.092223099773535505e+06	5.031783507940568612e+00	3.931576172419359305e-01
2.103100394415779971e+06	5.057943335669557783e+00	3.943929874452377082e-01
2.114032615859593265e+06	5.084235262028475866e+00	3.956325761705741240e-01
2.125020037411530502e+06	5.110659944317972325e+00	3.968763979110125351e-01
2.136062933725017589e+06	5.137218043077914409e+00	3.981244672106991622e-01
2.147161580806971528e+06	5.163910222103302416e+00	3.993767986650190727e-01
2.158316256024368573e+06	5.190737148460081052e+00	4.006334069207861392e-01
2.169527238110999111e+06	5.217699492501362002e+00	4.018943066764184002e-01
2.180794807174097281e+06	5.244797927883391608e+00	4.031595126821269637e-01
2.192119244701078627e+06	5.272033131581739696e+00	4.044290397400833736e-01
2.203500833566301037e+06	5.299405783907563894e+00	4.057029027046087921e-01
2.214939858037866186e+06	5.326916568523970774e+00	4.069811164823538552e-01
2.226436603784440551e+06	5.354566172462414286e+00	4.082636960324886322e-01
2.237991357882120647e+06	5.382355286139207884e+00	4.095506563668697142e-01
2.249604408821300138e+06	5.410284603372046419e+00	4.108420125502454390e-01
2.261276046513629146e+06	5.438354821396733207e+00	4.121377797004228127e-01
2.273006562298908830e+06	5.466566640883769423e+00	4.134379729884641863e-01
2.284796248952177353e+06	5.494920765955392028e+00	4.147426076388655014e-01
2.296645400690680835e+06	5.523417904202338136e+00	4.160516989297497470e-01
2.308554313180946279e+06	5.552058766700858961e+00	4.173652621930553086e-01
2.320523283545868937e+06	5.580844068029762184e+00	4.186833128147085525e-01
2.332552610371848103e+06	5.609774526287574226e+00	4.200058662348375993e-01
2.344642593715968076e+06	5.638850863109809097e+00	4.213329379479438530e-01
2.356793535113166552e+06	5.668073803686211498e+00	4.226645435030903508e-01
2.369005737583517097e+06	5.697444076778267252e+00	4.240006985041124277e-01
2.381279505639424548e+06	5.726962414736513018e+00	4.253414186097861927e-01
2.393615145293000620e+06	5.756629553518265219e+00	4.266867195340375840e-01
2.406012964063403197e+06	5.786446232705286796e+00	4.280366170461240016e-01
2.418473270984144881e+06	5.816413195521347390e+00	4.293911269708347023e-01
2.430996376610622741e+06	5.846531188850342176e+00	4.307502651886825351e-01
2.443582593027436174e+06	5.876800963253892895e+00	4.321140476361028382e-01
2.456232233855942264e+06	5.907223272989504892e+00	4.334824903056423984e-01
2.468945614261791110e+06	5.937798876028710815e+00	4.348556092461572931e-01
2.481723050962453242e+06	5.968528534075154823e+00	4.362334205630180040e-01
2.494564862234840635e+06	5.999413012582928140e+00	4.376159404182978219e-01
2.507471367922911886e+06	6.030453080774865526e+00	4.390031850309807360e-01
2.520442889445370529e+06	6.061649511661046041e+00	4.403951706771449537e-01
2.533479749803356826e+06	6.093003082057312447e+00	4.417919136901842236e-01
2.546582273588177748e+06	6.124514572603832363e+00	4.431934304609934094e-01
2.559750786989090499e+06	6.156184767783848599e+00	4.445997374381742140e-01
2.572985617801194079e+06	6.188014455942636438e+00	4.460108511282374066e-01
2.586287095433194190e+06	6.220004429306190019e+00	4.474267880958058274e-01
2.599655550915344153e+06	6.252155484000311958e+00	4.488475649638174469e-01
2.613091316907381639e+06	6.284468420069705630e+00	4.502731984137338661e-01
2.626594727706454694e+06	6.316944041497042583e+00	4.517037051857350494e-01
2.640166119255260564e+06	6.349583156222523783e+00	4.531391020789382607e-01
2.653805829149941448e+06	6.382386576162876857e+00	4.545794059515960162e-01
2.667514196648266632e+06	6.415355117231037241e+00	4.560246337213078593e-01
2.681291562677764799e+06	6.448489599355695212e+00	4.574748023652240314e-01
2.695138269843842369e+06	6.481790846500830483e+00	4.589299289202564691e-01
2.709054662438073196e+06	6.515259686685649143e+00	4.603900304832942991e-01
2.723041086446340196e+06	6.548896952004154670e+00	4.618551242113998478e-01
2.737097889557213522e+06	6.582703478645306916e+00	4.633252273220408446e-01
2.751225421170264948e+06	6.616680106913012338e+00	4.648003570932796591e-01
2.765424032404427417e+06	6.650827681246233247e+00	4.662805308639993984e-01
2.779694076106381603e+06	6.685147050239151234e+00	4.677657660341176249e-01
2.794035906859077979e+06	6.719639066661673432e+00	4.692560800647910813e-01
2.808449880990170874e+06	6.754304587479703414e+00	4.707514904786420651e-01
2.822936356580558233e+06	6.789144473875686536e+00	4.722520148599660406e-01
2.837495693472987507e+06	6.824159591269309821e+00	4.737576708549540716e-01
2.852128253280645702e+06	6.859350809338147670e+00	4.752684761719017104e-01
2.866834399395876098e+06	6.894719002038647737e+00	4.767844485814402566e-01
2.881614496998817194e+06	6.930265047626883224e+00	4.783056059167394292e-01
2.896468913066132925e+06	6.965989828679567175e+00	4.798319660737387915e-01
2.911398016379891429e+06	7.001894232115396299e+00	4.813635470113637460e-01
2.926402177536338568e+06	7.037979149216158525e+00	4.829003667517527409e-01
2.941481768954776693e+06	7.074245475648072379e+00	4.844424433804662145e-01
2.956637164886458311e+06	7.110694111483198299e+00	4.859897950467208516e-01
2.971868741423609201e+06	7.147325961221114632e+00	4.875424399636063555e-01
2.987176876508384943e+06	7.184141933810479053e+00	4.891003964083214250e-01
3.002561949941905681e+06	7.221142942670744524e+00	4.906636827223824771e-01
3.018024343393397983e+06	7.258329905714147046e+00	4.922323173118623996e-01
3.033564440409341361e+06	7.295703745367707604e+00	4.938063186476063238e-01
3.049182626422525849e+06	7.333265388595012979e+00	4.953857052654777049e-01
3.064879288761454634e+06	7.371015766918827872e+00	4.969704957665629363e-01
3.080654816659499425e+06	7.408955816443115516e+00	4.985607088174129342e-01
3.096509601264217868e+06	7.447086477875444643e+00	5.001563631502814467e-01
3.112444035646764096e+06	7.485408696549622043e+00	5.017574775633421025e-01
3.128458514811298344e+06	7.523923422448322462e+00	5.033640709209198372e-01
3.144553435704386793e+06	7.562631610225694523e+00	5.049761621537375289e-01
3.160729197224518750e+06	7.601534219230254408e+00	5.065937702591379876e-01
3.176986200231699739e+06	7.640632213527952743e+00	5.082169143013176571e-01
3.193324847556984983e+06	7.679926561925096706e+00	5.098456134115716409e-01
3.209745544012128841e+06	7.719418237991572340e+00	5.114798867885160805e-01
3.226248696399309207e+06	7.759108220084214302e+00	5.131197536983350682e-01
3.242834713520804886e+06	7.798997491370096569e+00	5.147652334750129066e-01
3.259504006188791245e+06	7.839087039850072713e+00	5.164163455205770248e-01
3.276256987235233653e+06	7.879377858382588862e+00	5.180731093053353442e-01
3.293094071521662176e+06	7.919870944707176896e+00	5.197355443681136444e-01
3.310015675949156750e+06	7.960567301468475243e+00	5.214036703165026987e-01
3.327022219468272757e+06	8.001467936240098666e+00	5.230775068270913097e-01
3.344114123089147266e+06	8.042573861548945047e+00	5.247570736457168872e-01
3.361291809891470708e+06	8.083886094899177976e+00	5.264423905877073651e-01
3.378555705034660175e+06	8.125405658796683639e+00	5.281334775381248958e-01
3.395906235768009443e+06	8.167133580773496604e+00	5.298303544520058805e-01
3.413343831440937240e+06	8.209070893412434344e+00	5.315330413546223154e-01
3.430868923513171263e+06	8.251218634371603855e+00	5.332415583417107197e-01
3.448481945565180387e+06	8.293577846409473153e+00	5.349559255797324830e-01
3.466183333308453672e+06	8.336149577409603495e+00	5.366761633061156722e-01
3.483973524595953990e+06	8.378934880405791930e+00	5.384022918295116034e-01
3.501852959432571195e+06	8.421934813607201420e+00	5.401343315300395354e-01
3.519822079985652119e+06	8.465150440423698797e+00	5.418723028595382463e-01
3.537881330595591106e+06	8.508582829491309951e+00	5.436162263418292673e-01
3.556031157786402851e+06	8.552233054697657266e+00	5.453661225729575790e-01
3.574272010276443791e+06	8.596102195207745211e+00	5.471220122214474069e-01
3.592604338989066891e+06	8.640191335489575408e+00	5.488839160285627905e-01
3.611028597063523717e+06	8.684501565340381646e+00	5.506518548085594933e-01
3.629545239865671843e+06	8.729033979912367514e+00	5.524258494489476812e-01
3.648154724998916499e+06	8.773789679739021352e+00	5.542059209107432771e-01
3.666857512315139174e+06	8.818769770761411664e+00	5.559920902287321942e-01
3.685654063925680239e+06	8.863975364354583775e+00	5.577843785117236886e-01
3.704544844212400261e+06	8.909407577354178542e+00	5.595828069428191442e-01
3.723530319838737138e+06	8.955067532083015536e+00	5.613873967796678688e-01
3.742610959760935977e+06	9.000956356378097212e+00	5.631981693547315482e-01
3.761787235239116009e+06	9.047075183617234728e+00	5.650151460755457045e-01
3.781059619848685805e+06	9.093425152746494433e+00	5.668383484249867044e-01
3.800428589491572231e+06	9.140007408307205594e+00	5.686677979615396561e-01
3.819894622407562565e+06	9.186823100463239911e+00	5.705035163195614212e-01
3.839458199185845908e+06	9.233873385028761760e+00	5.723455252095476231e-01
3.859119802776352037e+06	9.281159423495509486e+00	5.741938464184016544e-01
3.878879918501385022e+06	9.328682383060764138e+00	5.760485018097062371e-01
3.898739034067178145e+06	9.376443436655142349e+00	5.779095133239855464e-01
3.918697639575549867e+06	9.424443762970630800e+00	5.797769029789878736e-01
3.938756227535598446e+06	9.472684546488709501e+00	5.816506928699531898e-01
3.958915292875509709e+06	9.521166977508748630e+00	5.835309051698766014e-01
3.979175332954280078e+06	9.569892252176201097e+00	5.854175621298001175e-01
3.999536847573729232e+06	9.618861572511503866e+00	5.873106860790774375e-01
4.020000338990282267e+06	9.668076146438398411e+00	5.892102994256480653e-01
4.040566311927130911e+06	9.717537187813187316e+00	5.911164246563197500e-01
4.061235273586140946e+06	9.767245916453369148e+00	5.930290843370449316e-01
4.082007733660005033e+06	9.817203558166866628e+00	5.949483011131986299e-01
4.102884204344486818e+06	9.867411344781476856e+00	5.968740977098577760e-01
4.123865200350542553e+06	9.917870514174014218e+00	5.988064969320888720e-01
4.144951238916668575e+06	9.968582310300019955e+00	6.007455216652143326e-01
4.166142839821245521e+06	1.001954798322343265e+01	6.026911948751206838e-01
4.187440525394925848e+06	1.007076878914640083e+01	6.046435396085170222e-01
4.208844820533093065e+06	1.012224599043922346e+01	6.066025789932294465e-01
4.230356252708449960e+06	1.017398085567064925e+01	6.085683362385014838e-01
4.251975351983543485e+06	1.022597465963798058e+01	6.105408346352571014e-01
4.273702651023488492e+06	1.027822868339767837e+01	6.125200975564031314e-01
4.295538685108555481e+06	1.033074421429564360e+01	6.145061484571179289e-01
4.317483992147092707e+06	1.038352254599829116e+01	6.164990108751339237e-01
4.339539112688271329e+06	1.043656497852318310e+01	6.184987084310397121e-01
4.361704589935000986e+06	1.048987281827012374e+01	6.205052648285670491e-01
4.383980969756873325e+06	1.054344737805226728e+01	6.225187038548807283e-01
4.406368800703285262e+06	1.059728997712768717e+01	6.245390493808758992e-01
4.428868634016384371e+06	1.065140194123049255e+01	6.265663253614792705e-01
4.451481023644371890e+06	1.070578460260285070e+01	6.286005558359324397e-01
4.474206526254515164e+06	1.076043930002626148e+01	6.306417649281002014e-01
4.497045701246694662e+06	1.081536737885414468e+01	6.326899768467662000e-01
4.519999110766522586e+06	1.087057019104338629e+01	6.347452158859336890e-01
4.543067319718887098e+06	1.092604909518691869e+01	6.368075064251250694e-01
4.566250895781342871e+06	1.098180545654591178e+01	6.388768729296813165e-01
4.589550409417683259e+06	1.103784064708244195e+01	6.409533399510687346e-01
4.612966433891617693e+06	1.109415604549234047e+01	6.430369321271823813e-01
4.636499545280304737e+06	1.115075303723779143e+01	6.451276741826508232e-01
4.660150322488193400e+06	1.120763301458059047e+01	6.472255909291341203e-01
4.683919347260809503e+06	1.126479737661529335e+01	6.493307072656455681e-01
4.707807204198594205e+06	1.132224752930252443e+01	6.514430481788577865e-01
4.731814480770967901e+06	1.137998488550277898e+01	6.535626387433981499e-01
4.755941767330129631e+06	1.143801086500962327e+01	6.556895041221687537e-01
4.780189657125328667e+06	1.149632689458400847e+01	6.578236695666630496e-01
4.804558746316938661e+06	1.155493440798812443e+01	6.599651604172732666e-01
4.829049633990605362e+06	1.161383484601942406e+01	6.621140021035998302e-01
4.853662922171631828e+06	1.167302965654521074e+01	6.642702201447804322e-01
4.878399215839318000e+06	1.173252029453715117e+01	6.664338401497817976e-01
4.903259122941313311e+06	1.179230822210575624e+01	6.686048878177469623e-01
4.928243254408174194e+06	1.185239490853541788e+01	6.707833889382943671e-01
4.953352224167905748e+06	1.191278183031938376e+01	6.729693693918354924e-01
4.978586649160609581e+06	1.197347047119495578e+01	6.751628551499051500e-01
5.003947149353196844e+06	1.203446232217891598e+01	6.773638722754803387e-01
5.029434347754099406e+06	1.209575888160287249e+01	6.795724469233076492e-01
5.055048870428210124e+06	1.215736165514920764e+01	6.817886053402153479e-01
5.080791346511799842e+06	1.221927215588695148e+01	6.840123738654440011e-01
5.106662408227351494e+06	1.228149190430745641e+01	6.862437789309870917e-01
5.132662690898824483e+06	1.234402242836110730e+01	6.884828470618893359e-01
5.158792832966784015e+06	1.240686526349370133e+01	6.907296048766012886e-01
5.185053476003494114e+06	1.247002195268276203e+01	6.929840790873015299e-01
5.211445264728231356e+06	1.253349404647435428e+01	6.952462965002266237e-01
5.237968847022764385e+06	1.259728310302032561e+01	6.975162840160066269e-01
5.264624873946674168e+06	1.266139068811513013e+01	6.997940686299812807e-01
5.291413999752831645e+06	1.272581837523307691e+01	7.020796774325612777e-01
5.318336881903193891e+06	1.279056774556630316e+01	7.043731376095462293e-01
5.345394181084173732e+06	1.285564038806174558e+01	7.066744764424653935e-01
5.372586561222680844e+06	1.292103789945971393e+01	7.089837213089327239e-01
5.399914689501710236e+06	1.298676188433138812e+01	7.113008996829482955e-01
5.427379236376340501e+06	1.305281395511728526e+01	7.136260391352762245e-01
5.454980875589662232e+06	1.311919573216558277e+01	7.159591673337704076e-01
5.482720284188833088e+06	1.318590884377070083e+01	7.183003120437138067e-01
5.510598142541313544e+06	1.325295492621238758e+01	7.206495011281792706e-01
5.538615134350916371e+06	1.332033562379428737e+01	7.230067625483526106e-01
5.566771946674149483e+06	1.338805258888326044e+01	7.253721243638989735e-01
5.595069269936555997e+06	1.345610748194867945e+01	7.277456147332951319e-01
5.623507797949194908e+06	1.352450197160206002e+01	7.301272619141960796e-01
5.652088227925179526e+06	1.359323773463683160e+01	7.325170942637709848e-01
5.680811260496231727e+06	1.366231645606817402e+01	7.349151402390629029e-01
5.709677599729359150e+06	1.373173982917309743e+01	7.373214283973414940e-01
5.738687953143699095e+06	1.380150955553096104e+01	7.397359873964386434e-01
5.767843031727279536e+06	1.387162734506379103e+01	7.421588459951471428e-01
5.797143549953990616e+06	1.394209491607709595e+01	7.445900330535253353e-01
5.826590225800653920e+06	1.401291399530090764e+01	7.470295775332990162e-01
