0.000000000000000000e+00
3.706863993963226676e+03
7.427483089832938276e+03
1.116190837983123492e+04
1.491019114651344717e+04
1.867238286343822256e+04
2.244853519591223449e+04
2.623870000166143291e+04
3.004292933156271465e+04
3.386127543034416158e+04
3.769379073729831725e+04
4.154052788700570818e+04
4.540153971006372012e+04
4.927687923379568383e+04
5.316659968298277818e+04
5.707075448058824986e+04
6.098939724851096980e+04
6.492258180830557831e+04
6.887036218191520311e+04
7.283279259243444540e+04
7.680992746484186500e+04
8.080182142672990449e+04
8.480852930909954011e+04
8.883010614708042704e+04
9.286660718068806455e+04
9.691808785559982061e+04
1.009846038239211775e+05
1.050662109449345153e+05
1.091629652858732734e+05
1.132749231226970442e+05
1.174021409408636391e+05
1.215446754361169878e+05
1.257025835152633954e+05
1.298759222969489638e+05
1.340647491124414373e+05
1.382691215064418502e+05
1.424890972378680017e+05
1.467247342806519009e+05
1.509760908245285973e+05
1.552432252758482937e+05
1.595261962583782151e+05
1.638250626141317189e+05
1.681398834041459486e+05
1.724707179093076847e+05
1.768176256311917678e+05
1.811806662928662263e+05
1.855598998397167306e+05
1.899553864402621984e+05
1.943671864870192949e+05
1.987953605973010417e+05
2.032399696140757296e+05
2.077010746067939326e+05
2.121787368722448591e+05
2.166730179353950080e+05
2.211839795502268244e+05
2.257116837006136775e+05
2.302561926011554897e+05
2.348175686980723403e+05
2.393958746700270567e+05
2.439911734289929736e+05
2.486035281211582478e+05
2.532330021277714986e+05
2.578796590660219081e+05
2.625435627899342217e+05
2.672247773912062403e+05
2.719233672001550440e+05
2.766393967865593731e+05
2.813729309605692979e+05
2.861240347736151889e+05
2.908927735192766413e+05
2.956792127342119347e+05
3.004834181990611833e+05
3.053054559393231757e+05
3.101453922263202257e+05
3.150032935780731495e+05
3.198792267602270003e+05
3.247732587870045099e+05
3.296854569220938720e+05
3.346158886796026491e+05
3.395646218249758240e+05
3.445317243759515695e+05
3.495172646034790669e+05
3.545213110326877795e+05
3.595439324438134208e+05
3.645851978731609415e+05
3.696451766140558757e+05
3.747239382178012747e+05
3.798215524946383666e+05
3.849380895147267729e+05
3.900736196090914309e+05
3.952282133706032764e+05
4.004019416549722664e+05
4.055948755816975608e+05
4.108070865350891836e+05
4.160386461651965510e+05
4.212896263888794929e+05
4.265600993907344528e+05
4.318501376241187099e+05
4.371598138121666852e+05
4.424892009487720206e+05
4.478383722996134311e+05
4.532074014031591360e+05
4.585963620716906153e+05
4.640053283923303243e+05
4.694343747280386742e+05
4.748835757186750416e+05
4.803530062820154708e+05
4.858427416147885378e+05
4.913528571937186643e+05
4.968834287765796762e+05
5.024345324032353237e+05
5.080062443966758437e+05
5.135986413641041145e+05
5.192118001979684923e+05
5.248457980770580471e+05
5.305007124675272498e+05
5.361766211240116972e+05
5.418736020906802732e+05
5.475917337023164146e+05
5.533310945854119491e+05
5.590917636592555791e+05
5.648738201370066963e+05
5.706773435268129688e+05
5.765024136329032481e+05
5.823491105566895567e+05
5.882175146978800185e+05
5.941077067555962130e+05
6.000197677294688765e+05
6.059537789207913447e+05
6.119098219336152542e+05
6.178879786759081762e+05
6.238883313606607262e+05
6.299109625070388429e+05
6.359559549415402580e+05
6.420233917990981136e+05
6.481133565242779441e+05
6.542259328724143561e+05
6.603612049107714556e+05
6.665192570196900051e+05
6.727001738938072231e+05
6.789040405431610998e+05
6.851309422944069374e+05
6.913809647920101415e+05
6.976541939994066488e+05
7.039507162002031691e+05
7.102706179993713740e+05
7.166139863244374283e+05
7.229809084266966674e+05
7.293714718824345618e+05
7.357857645941146184e+05
7.422238747916307766e+05
7.486858910334592219e+05
7.551719022079666611e+05
7.616819975346100982e+05
7.682162665651557036e+05
7.747747991849235259e+05
7.813576856140489690e+05
7.879650164087421726e+05
7.945968824625127017e+05
8.012533750074270647e+05
8.079345856154109351e+05
8.146406061994601041e+05
8.213715290149957873e+05
8.281274466610441450e+05
8.349084520816148724e+05
8.417146385669226293e+05
8.485460997546878643e+05
8.554029296314499807e+05
8.622852225338872522e+05
8.691930731500741094e+05
8.761265765208473895e+05
8.830858280410820153e+05
8.900709234610165004e+05
8.970819588876275811e+05
9.041190307858977467e+05
9.111822359801796265e+05
9.182716716555557214e+05
9.253874353591499384e+05
9.325296250015064143e+05
9.396983388579289895e+05
9.468936755698476918e+05
9.541157341462057084e+05
9.613646139648088720e+05
9.686404147737037856e+05
9.759432366925554816e+05
9.832731802140749060e+05
9.906303462053544354e+05
9.980148359092958272e+05
1.005426750946020475e+06
1.012866193314266857e+06
1.020333265392806381e+06
1.027828069941856200e+06
1.035350710104514146e+06
1.042901289408164797e+06
1.050479911765966099e+06
1.058086681478250772e+06
1.065721703233953333e+06
1.073385082112103235e+06
1.081076923583271680e+06
1.088797333511021221e+06
1.096546418153369799e+06
1.104324284164289944e+06
1.112131038595150225e+06
1.119966788896243554e+06
1.127831642918221653e+06
1.135725708913661074e+06
1.143649095538506750e+06
1.151601911853583995e+06
1.159584267326145433e+06
1.167596271831365768e+06
1.175638035653846804e+06
1.183709669489198830e+06
1.191811284445512574e+06
1.199942992044936400e+06
1.208104904225245584e+06
1.216297133341328707e+06
1.224519792166807689e+06
1.232772993895573542e+06
1.241056852143362164e+06
1.249371480949307326e+06
1.257716994777576532e+06
1.266093508518910501e+06
1.274501137492206413e+06
1.282939997446190566e+06
1.291410204560944811e+06
1.299911875449548475e+06
1.308445127159710042e+06
1.317010077175365295e+06
1.325606843418335076e+06
1.334235544249923434e+06
1.342896298472593538e+06
1.351589225331597030e+06
1.360314444516634569e+06
1.369072076163523365e+06
1.377862240855848882e+06
1.386685059626657050e+06
1.395540653960109223e+06
1.404429145793187898e+06
1.413350657517363783e+06
1.422305311980328057e+06
1.431293232487674337e+06
1.440314542804621626e+06
1.449369367157713044e+06
1.458457830236559734e+06
1.467580057195561472e+06
1.476736173655640334e+06
1.485926305705974810e+06
1.495150579905791674e+06
1.504409123286074027e+06
1.513702063351354096e+06
1.523029528081471566e+06
1.532391645933325868e+06
1.541788545842718799e+06
1.551220357226078864e+06
1.560687209982298780e+06
1.570189234494529199e+06
1.579726561631987337e+06
1.589299322751753498e+06
1.598907649700630456e+06
1.608551674816957675e+06
1.618231530932437629e+06
1.627947351373981684e+06
1.637699269965570420e+06
1.647487421030113474e+06
1.657311939391307533e+06
1.667172960375503171e+06
1.677070619813587517e+06
1.687005054042880889e+06
1.696976399909019005e+06
1.706984794767846819e+06
1.717030376487340778e+06
1.727113283449500334e+06
1.737233654552299064e+06
1.747391629211592954e+06
1.757587347363058943e+06
1.767820949464135338e+06
1.778092576495983172e+06
1.788402369965437334e+06
1.798750471906974446e+06
1.809137024884663988e+06
1.819562171994183678e+06
1.830026056864794809e+06
1.840528823661305942e+06
1.851070617086118087e+06
1.861651582381216343e+06
1.872271865330164786e+06
1.882931612260179594e+06
1.893630970044116490e+06
1.904370086102541536e+06
1.915149108405761886e+06
1.925968185475879814e+06
1.936827466388856526e+06
1.947727100776603445e+06
1.958667238829029258e+06
1.969648031296144240e+06
1.980669629490145482e+06
1.991732185287544504e+06
2.002835851131229661e+06
2.013980780032625422e+06
2.025167125573805533e+06
2.036395041909615044e+06
2.047664683769824915e+06
2.058976206461273134e+06
2.070329765870033298e+06
2.081725518463576213e+06
2.093163621292943601e+06
2.104644231994910166e+06
2.116167508794205263e+06
2.127733610505697317e+06
2.139342696536598261e+06
2.150994926888680551e+06
2.162690462160504889e+06
2.174429463549651671e+06
2.186212092854951043e+06
2.198038512478728779e+06
2.209908885429083835e+06
2.221823375322152395e+06
2.233782146384348162e+06
2.245785363454672508e+06
2.257833191987010185e+06
2.269925798052420374e+06
2.282063348341428209e+06
2.294246010166368447e+06
2.306473951463697944e+06
2.318747340796331875e+06
2.331066347355965991e+06
2.343431140965484083e+06
2.355841892081254628e+06
2.368298771795558743e+06
2.380801951838891022e+06
2.393351604582430329e+06
2.405947903040391859e+06
2.418591020872435998e+06
2.431281132386078127e+06
2.444018412539131474e+06
2.456803036942148581e+06
2.469635181860796642e+06
2.482515024218388367e+06
2.495442741598287132e+06
2.508418512246421073e+06
2.521442515073718503e+06
2.534514929658604786e+06
2.547635936249523424e+06
2.560805715767435730e+06
2.574024449808302801e+06
2.587292320645666681e+06
2.600609511233122088e+06
2.613976205206920858e+06
2.627392586888471618e+06
2.640858841286941431e+06
2.654375154101823457e+06
2.667941711725513916e+06
2.681558701245911419e+06
2.695226310448963195e+06
2.708944727821394801e+06
2.722714142553193029e+06
2.736534744540353306e+06
2.750406724387461785e+06
2.764330273410337511e+06
2.778305583638738841e+06
2.792332847819014918e+06
2.806412259416753892e+06
2.820544012619539164e+06
2.834728302339570597e+06
2.848965324216471054e+06
2.863255274619905278e+06
2.877598350652407855e+06
2.891994750152042601e+06
2.906444671695226338e+06
2.920948314599414822e+06
2.935505878925975878e+06
2.950117565482869744e+06
2.964783575827524997e+06
2.979504112269610167e+06
2.994279377873803023e+06
3.009109576462694909e+06
3.023994912619594019e+06
3.038935591691347305e+06
3.053931819791252725e+06
3.068983803801884409e+06
3.084091751377962995e+06
3.099255870949301869e+06
3.114476371723643038e+06
3.129753463689598721e+06
3.145087357619604096e+06
3.160478265072790906e+06
3.175926398397977930e+06
3.191431970736621413e+06
3.206995196025726385e+06
3.222616289000899531e+06
3.238295465199301951e+06
3.254032940962673165e+06
3.269828933440305293e+06
3.285683660592070781e+06
3.301597341191500425e+06
3.317570194828803651e+06
3.333602441913895309e+06
3.349694303679495119e+06
3.365846002184217796e+06
3.382057760315647349e+06
3.398329801793432795e+06
3.414662351172426715e+06
3.431055633845787495e+06
3.447509876048147678e+06
3.464025304858733900e+06
3.480602148204544559e+06
3.497240634863496758e+06
3.513940994467666373e+06
3.530703457506439649e+06
3.547528255329748616e+06
3.564415620151282288e+06
3.581365785051691346e+06
3.598378983981910162e+06
3.615455451766342856e+06
3.632595424106166698e+06
3.649799137582596391e+06
3.667066829660193995e+06
3.684398738690201193e+06
3.701795103913810104e+06
3.719256165465503931e+06
3.736782164376430213e+06
3.754373342577753589e+06
3.772029942904014140e+06
3.789752209096499719e+06
3.807540385806662031e+06
3.825394718599494547e+06
3.843315453957024030e+06
3.861302839281652123e+06
3.879357122899672948e+06
3.897478554064698517e+06
3.915667382961140014e+06
3.933923860707682557e+06
3.952248239360813983e+06
3.970640771918325685e+06
3.989101712322797626e+06
4.007631315465220250e+06
4.026229837188445963e+06
4.044897534290838987e+06
4.063634664529788308e+06
4.082441486625376157e+06
4.101318260263926350e+06
4.120265246101587079e+06
4.139282705768070184e+06
4.158370901870208792e+06
4.177530097995688207e+06
4.196760558716629632e+06
4.216062549593356438e+06
4.235436337178086862e+06
4.254882189018602483e+06
4.274400373662025668e+06
4.293991160658523440e+06
4.313654820565099828e+06
4.333391624949357472e+06
4.353201846393253654e+06
4.373085758496966213e+06
4.393043635882644914e+06
4.413075754198265262e+06
4.433182390121476725e+06
4.453363821363440715e+06
4.473620326672735624e+06
4.493952185839193873e+06
4.514359679697868414e+06
4.534843090132894926e+06
4.555402700081452727e+06
4.576038793537683785e+06
4.596751655556673184e+06
4.617541572258411907e+06
4.638408830831816420e+06
4.659353719538692385e+06
4.680376527717781253e+06
4.701477545788790099e+06
4.722657065256437287e+06
4.743915378714527935e+06
4.765252779850021005e+06
4.786669563447136432e+06
4.808166025391469710e+06
4.829742462674127892e+06
4.851399173395827413e+06
4.873136456771076657e+06
4.894954613132400438e+06
4.916853943934459239e+06
4.938834751758294180e+06
4.960897340315531008e+06
4.983042014452610165e+06
5.005269080155055039e+06
5.027578844551768154e+06
5.049971615919257514e+06
5.072447703685972840e+06
5.095007418436619453e+06
5.117651071916500106e+06
5.140378977035827935e+06
5.163191447874154896e+06
5.186088799684708938e+06
5.209071348898773082e+06
5.232139413130179048e+06
5.255293311179683544e+06
5.278533363039408810e+06
5.301859889897327870e+06
5.325273214141770266e+06
5.348773659365887754e+06
5.372361550372181460e+06
5.396037213177009486e+06
5.419800975015217438e+06
5.443653164344602264e+06
5.467594110850582831e+06
5.491624145450755022e+06
5.515743600299505517e+06
5.539952808792701922e+06
5.564252105572283268e+06
5.588641826530992985e+06
5.613122308816978708e+06
5.637693890838596039e+06
5.662356912269127555e+06
5.687111714051418006e+06
5.711958638402760960e+06
5.736898028819621541e+06
5.761930230082385242e+06
5.787055588260308839e+06
5.812274450716211461e+06
5.837587166111385450e+06
5.862994084410456941e+06
5.888495556886326522e+06
5.914091936124974862e+06
5.939783576030460186e+06
5.965570831829857081e+06
5.991454060078139417e+06
6.017433618663289584e+06
6.043509866811194457e+06
6.069683165090690367e+06
6.095953875418659300e+06
6.122322361064981669e+06
6.148788986657679081e+06
6.175354118187993765e+06
6.202018123015468009e+06
6.228781369873164222e+06
6.255644228872715496e+06
6.282607071509591304e+06
6.309670270668151788e+06
6.336834200626994483e+06
6.364099237064134330e+06
6.391465757062274031e+06
6.418934139113977551e+06
6.446504763127077371e+06
6.474178010429950431e+06
6.501954263776782900e+06
6.529833907353010960e+06
6.557817326780641451e+06
6.585904909123632126e+06
6.614097042893325910e+06
6.642394118053867482e+06
6.670796526027697138e+06
6.699304659700900316e+06
6.727918913428848609e+06
6.756639683041613549e+06
6.785467365849552676e+06
6.814402360648808070e+06
6.843445067726941779e+06
6.872595888868464157e+06
6.901855227360550314e+06
6.931223487998564728e+06
6.960701077091773972e+06
6.990288402469060384e+06
7.019985873484581709e+06
7.049793901023470797e+06
7.079712897507658228e+06
7.109743276901541278e+06
7.139885454717843793e+06
7.170139848023454659e+06
7.200506875445130281e+06
7.230986957175476477e+06
7.261580514978780411e+06
7.292287972196877934e+06
7.323109753755118698e+06
7.354046286168294959e+06
7.385097997546595521e+06
7.416265317601621151e+06
7.447548677652344108e+06
7.478948510631171986e+06
7.510465251090027392e+06
7.542099335206380114e+06
7.573851200789397582e+06
7.605721287286033854e+06
7.637710035787146538e+06
7.669817889033764601e+06
7.702045291423203424e+06
7.734392689015273005e+06
7.766860529538571835e+06
7.799449262396717444e+06
7.832159338674640283e+06
7.864991211144933477e+06
7.897945334274090827e+06
7.931022164228981361e+06
7.964222158883152530e+06
7.997545777823260054e+06
8.030993482355518267e+06
8.064565735512139276e+06
8.098263002057798207e+06
8.132085748496174812e+06
8.166034443076446652e+06
8.200109555799826980e+06
8.234311558426229283e+06
8.268640924480773509e+06
8.303098129260459915e+06
8.337683649840837345e+06
8.372397965082615614e+06
8.407241555638466030e+06
8.442214903959639370e+06
8.477318494302820414e+06
8.512552812736837193e+06
8.547918347149508074e+06
8.583415587254444137e+06
8.619045024597920477e+06
8.654807152565766126e+06
8.690702466390233487e+06
8.726731463156973943e+06
8.762894641811987385e+06
8.799192503168608993e+06
8.835625549914522097e+06
8.872194286618750542e+06
8.908899219738833606e+06
8.945740857627790421e+06
8.982719710541345179e+06
9.019836290645001456e+06
9.057091112021252513e+06
9.094484690676784143e+06
9.132017544549677521e+06
9.169690193516669795e+06
9.207503159400455654e+06
9.245456965976966545e+06
9.283552138982752338e+06
9.321789206122290343e+06
9.360168697075411677e+06
9.398691143504733220e+06
9.437357079063057899e+06
9.476167039400909096e+06
9.515121562173997983e+06
9.554221187050757930e+06
9.593466455719914287e+06
9.632857911898091435e+06
9.672396101337378845e+06
9.712081571833066642e+06
9.751914873231196776e+06
9.791896557436419651e+06
9.832027178419591859e+06
9.872307292225601152e+06
9.912737456981200725e+06
9.953318232902729884e+06
9.994050182304060087e+06
1.003493386960439198e+07
1.007596986133624986e+07
1.011715872615336999e+07
1.015850103483870812e+07
1.019999736031237431e+07
1.024164827763974667e+07
1.028345436403946206e+07
1.032541619889155217e+07
1.036753436374557763e+07
1.040980944232872874e+07
1.045224202055404335e+07
1.049483268652860820e+07
1.053758203056182340e+07
1.058049064517367631e+07
1.062355912510302849e+07
1.066678806731595658e+07
1.071017807101416402e+07
1.075372973764334805e+07
1.079744367090161145e+07
1.084132047674798965e+07
1.088536076341090351e+07
1.092956514139670879e+07
1.097393422349825874e+07
1.101846862480347790e+07
1.106316896270401590e+07
1.110803585690388456e+07
1.115306992942818627e+07
1.119827180463178270e+07
1.124364210920811631e+07
1.128918147219794989e+07
1.133489052499822155e+07
1.138076990137090161e+07
1.142682023745185137e+07
1.147304217175978795e+07
1.151943634520522691e+07
1.156600340109948814e+07
1.161274398516367935e+07
1.165965874553781375e+07
1.170674833278985880e+07
1.175401339992489293e+07
1.180145460239427350e+07
1.184907259810479917e+07
1.189686804742798768e+07
1.194484161320929974e+07
1.199299396077748947e+07
1.204132575795388594e+07
1.208983767506183684e+07
1.213853038493605517e+07
1.218740456293206476e+07
1.223646088693574443e+07
1.228570003737279773e+07
1.233512269721825980e+07
1.238472955200619064e+07
1.243452128983922303e+07
1.248449860139822587e+07
1.253466217995200120e+07
1.258501272136711143e+07
1.263555092411751300e+07
1.268627748929443955e+07
1.273719312061621062e+07
1.278829852443818375e+07
1.283959440976254642e+07
1.289108148824838921e+07
1.294276047422163561e+07
1.299463208468514308e+07
1.304669703932870552e+07
1.309895606053916179e+07
1.315140987341058254e+07
1.320405920575444773e+07
1.325690478810982592e+07
1.330994735375366174e+07
1.336318763871111162e+07
1.341662638176582009e+07
1.347026432447033189e+07
1.352410221115656756e+07
1.357814078894611076e+07
1.363238080776091293e+07
1.368682302033369429e+07
1.374146818221852742e+07
1.379631705180151016e+07
1.385137039031141624e+07
1.390662896183031052e+07
1.396209353330436163e+07
1.401776487455461733e+07
1.407364375828782842e+07
1.412973096010723710e+07
1.418602725852357969e+07
1.424253343496590853e+07
1.429925027379269898e+07
1.435617856230276637e+07
1.441331909074641578e+07
1.447067265233651176e+07
1.452824004325959459e+07
1.458602206268716790e+07
1.464401951278686337e+07
1.470223319873367995e+07
1.476066392872138694e+07
1.481931251397382654e+07
1.487817976875639707e+07
1.493726651038736664e+07
1.499657355924952962e+07
1.505610173880160786e+07
1.511585187558991276e+07
1.517582479925987311e+07
1.523602134256782755e+07
1.529644234139262885e+07
1.535708863474746980e+07
1.541796106479163654e+07
1.547906047684238851e+07
1.554038771938681789e+07
1.560194364409378543e+07
1.566372910582592525e+07
1.572574496265163086e+07
1.578799207585717738e+07
1.585047130995878577e+07
1.591318353271478787e+07
1.597612961513790116e+07
1.603931043150738999e+07
1.610272685938142985e+07
1.616637977960938588e+07
1.623027007634434104e+07
1.629439863705537841e+07
1.635876635254014283e+07
1.642337411693740264e+07
1.648822282773954421e+07
1.655331338580531999e+07
1.661864669537243247e+07
1.668422366407027841e+07
1.675004520293273777e+07
1.681611222641100734e+07
1.688242565238645673e+07
1.694898640218353644e+07
1.701579540058271587e+07
1.708285357583361864e+07
1.715016185966793448e+07
1.721772118731267750e+07
1.728553249750322104e+07
1.735359673249660805e+07
1.742191483808479086e+07
1.749048776360796392e+07
1.755931646196784452e+07
1.762840188964118809e+07
1.769774500669324398e+07
1.776734677679118887e+07
1.783720816721781716e+07
1.790733014888506383e+07
1.797771369634772465e+07
1.804835978781718761e+07
1.811926940517517924e+07
1.819044353398760408e+07
1.826188316351842508e+07
1.833358928674361110e+07
1.840556290036510304e+07
1.847780500482488424e+07
1.855031660431902856e+07
1.862309870681187883e+07
1.869615232405021042e+07
1.876947847157754004e+07
1.884307816874840856e+07
1.891695243874270096e+07
1.899110230858012661e+07
1.906552880913465843e+07
1.914023297514902055e+07
1.921521584524938464e+07
1.929047846195985004e+07
1.936602187171728536e+07
1.944184712488592416e+07
1.951795527577233687e+07
1.959434738264008239e+07
1.967102450772486627e+07
1.974798771724930033e+07
1.982523808143802360e+07
1.990277667453280464e+07
1.998060457480767369e+07
2.005872286458405107e+07
2.013713263024608791e+07
2.021583496225596964e+07
2.029483095516924560e+07
2.037412170765029266e+07
2.045370832248779386e+07
2.053359190661033243e+07
2.061377357110188156e+07
2.069425443121759593e+07
2.077503560639949888e+07
2.085611822029224038e+07
2.093750340075897053e+07
2.101919227989722043e+07
2.110118599405488744e+07
2.118348568384624273e+07
2.126609249416806549e+07
2.134900757421574369e+07
2.143223207749947533e+07
2.151576716186054796e+07
2.159961398948773369e+07
2.168377372693361342e+07
2.176824754513102025e+07
2.185303661940964684e+07
2.193814212951250747e+07
2.202356525961270928e+07
2.210930719833002612e+07
2.219536913874780014e+07
2.228175227842969447e+07
2.236845781943656504e+07
2.245548696834354475e+07
2.254284093625694141e+07
2.263052093883140013e+07
2.271852819628703594e+07
2.280686393342668191e+07
2.289552937965309992e+07
2.298452576898642629e+07
2.307385434008155391e+07
2.316351633624558151e+07
2.325351300545540825e+07
2.334384560037534684e+07
2.343451537837477773e+07
2.352552360154591128e+07
2.361687153672164679e+07
2.370856045549338683e+07
2.380059163422902673e+07
2.389296635409101844e+07
2.398568590105433762e+07
2.407875156592481211e+07
2.417216464435717463e+07
2.426592643687351048e+07
2.436003824888153747e+07
2.445450139069303498e+07
2.454931717754240707e+07
2.464448692960517853e+07
2.474001197201675549e+07
2.483589363489103317e+07
2.493213325333923101e+07
2.502873216748875007e+07
2.512569172250210494e+07
2.522301326859591156e+07
2.532069816105997562e+07
2.541874776027644426e+07
2.551716343173902482e+07
2.561594654607225582e+07
2.571509847905090451e+07
2.581462061161934584e+07
2.591451432991117984e+07
2.601478102526872233e+07
2.611542209426273778e+07
2.621643893871211261e+07
2.631783296570369229e+07
2.641960558761223778e+07
2.652175822212021053e+07
2.662429229223798588e+07
2.672720922632393613e+07
2.683051045810452476e+07
2.693419742669463158e+07
2.703827157661792263e+07
2.714273435782728717e+07
2.724758722572526336e+07
2.735283164118461683e+07
2.745846907056910545e+07
2.756450098575405031e+07
2.767092886414730921e+07
2.777775418871003389e+07
2.788497844797774032e+07
2.799260313608131185e+07
2.810062975276806578e+07
2.820905980342309177e+07
2.831789479909046367e+07
2.842713625649466738e+07
2.853678569806196168e+07
2.864684465194197372e+07
2.875731465202930570e+07
2.886819723798526451e+07
2.897949395525957271e+07
2.909120635511229932e+07
2.920333599463577196e+07
2.931588443677656353e+07
2.942885325035775080e+07
2.954224401010093465e+07
2.965605829664858431e+07
2.977029769658650830e+07
2.988496380246609449e+07
3.000005821282709762e+07
3.011558253222006932e+07
3.023153837122912332e+07
3.034792734649479389e+07
3.046475108073679358e+07
3.058201120277708024e+07
3.069970934756286442e+07
3.081784715618977696e+07
3.093642627592512593e+07
3.105544836023109779e+07
3.117491506878831610e+07
3.129482806751929224e+07
3.141518902861193568e+07
3.153599963054325432e+07
3.165726155810322240e+07
3.177897650241851807e+07
3.190114616097655892e+07
3.202377223764946312e+07
3.214685644271819666e+07
3.227040049289685860e+07
3.239440611135693640e+07
3.251887502775168419e+07
3.264380897824068367e+07
3.276920970551440120e+07
3.289507895881888270e+07
3.302141849398054183e+07
3.314823007343098521e+07
3.327551546623205394e+07
3.340327644810079783e+07
3.353151480143477768e+07
3.366023231533712894e+07
3.378943078564207256e+07
3.391911201494022459e+07
3.404927781260427088e+07
3.417992999481453001e+07
3.431107038458468020e+07
3.444270081178766489e+07
3.457482311318152398e+07
3.470743913243552297e+07
3.484055072015628219e+07
3.497415973391384631e+07
3.510826803826827556e+07
3.524287750479583442e+07
3.537799001211567968e+07
3.551360744591644406e+07
3.564973169898293167e+07
3.578636467122297734e+07
3.592350826969445497e+07
3.606116440863221139e+07
3.619933500947522372e+07
3.633802200089392066e+07
3.647722731881748885e+07
3.661695290646129847e+07
3.675720071435448527e+07
3.689797270036756247e+07
3.703927082974032313e+07
3.718109707510960847e+07
3.732345341653728485e+07
3.746634184153834730e+07
3.760976434510914236e+07
3.775372292975564301e+07
3.789821960552182794e+07
3.804325639001827687e+07
3.818883530845075101e+07
3.833495839364884049e+07
3.848162768609498441e+07
3.862884523395324498e+07
3.877661309309853613e+07
3.892493332714570314e+07
3.907380800747872889e+07
3.922323921328033507e+07
3.937322903156137466e+07
3.952377955719037354e+07
3.967489289292337000e+07
