0.000000000000000000e+00	0.000000000000000000e+00	0.000000000000000000e+00
1.019685369442116638e+02	2.451117846365738180e-04	5.070974041095396151e-02
2.038450791547990377e+02	4.901249349215406692e-04	5.043717285535051498e-02
3.056999014781937944e+02	7.350857705391146239e-04	5.019723079783065117e-02
4.075936438265228503e+02	9.801401409739373891e-04	4.998540416818338106e-02
5.095790021421934171e+02	1.225414788643240964e-03	4.979795885512013770e-02
6.117020903514584234e+02	1.471020624746346636e-03	4.963178741291507379e-02
7.140035416879636614e+02	1.717055378226433346e-03	4.948429055483796052e-02
8.165194029007273002e+02	1.963605746562526854e-03	4.935328277872241820e-02
9.192818633337088841e+02	2.210749149383006099e-03	4.923691695817734859e-02
1.022319851907720818e+03	2.458555164349056788e-03	4.913362387966182382e-02
1.125659528060756656e+03	2.707086707980332387e-03	4.904206359082467770e-02
1.229324687259496841e+03	2.956401011002271571e-03	4.896108611010633466e-02
1.333337097436394743e+03	3.206550427551939017e-03	4.888969957806305056e-02
1.437716779367280878e+03	3.457583109546871324e-03	4.882704434275111222e-02
1.542482241379111429e+03	3.709543571206757283e-03	4.877237179197158046e-02
1.647650676708276023e+03	3.962473163740775489e-03	4.872502699503742513e-02
1.753238130194291443e+03	4.216410476279333977e-03	4.868443441199511029e-02
1.859259639697881994e+03	4.471391676012143740e-03	4.865008608116559025e-02
1.965729356602292910e+03	4.727450798016755336e-03	4.862153181593998480e-02
2.072660648935935569e+03	4.984619993287572881e-03	4.859837103627090427e-02
2.180066189998095979e+03	5.242929741896602651e-03	4.858024593485253673e-02
2.287958034843501537e+03	5.502409036952201488e-03	4.856683573696135570e-02
2.396347686557882298e+03	5.763085544003057267e-03	4.855785185971049633e-02
2.505246153915880313e+03	6.024985739714985508e-03	4.855303381365995430e-02
2.614664001735796774e+03	6.288135032982183209e-03	4.855214571940018320e-02
2.724611395021473072e+03	6.552557871095348284e-03	4.855497333544116917e-02
2.835098137798873722e+03	6.818277833149547808e-03	4.856132151277170461e-02
2.946133707405150744e+03	7.085317712514494284e-03	4.857101200675414954e-02
3.057727284866121408e+03	7.353699589896740829e-03	4.858388158936520484e-02
3.169887781896354682e+03	7.623444898278657240e-03	4.859978041478979494e-02
3.282623864973787477e+03	7.894574480821167292e-03	4.861857059947715526e-02
3.395943976871028553e+03	8.167108642649375735e-03	4.864012498437459558e-02
3.509856355968747266e+03	8.441067197303772293e-03	4.866432605244257886e-02
3.624369053628464371e+03	8.716469508523966986e-03	4.869106497897211783e-02
3.739489949862232152e+03	8.993334527936198627e-03	4.872024079585875189e-02
3.855226767503223527e+03	9.271680829135282159e-03	4.875175965396822547e-02
3.971587085052614839e+03	9.551526638582870030e-03	4.878553417021420230e-02
4.088578348354792979e+03	9.832889863687646614e-03	4.882148284801845345e-02
4.206207881232352520e+03	1.011578811838367148e-02	4.885952956152030818e-02
4.324482895195144920e+03	1.040023874648170199e-02	4.889960309533859795e-02
4.443410498323321917e+03	1.068625884303383948e-02	4.894163673288142585e-02
4.562997703411313523e+03	1.097386527392065110e-02	4.898556788718957250e-02
4.683251435449092241e+03	1.126307469384434795e-02	4.903133776915853670e-02
4.804178538508397651e+03	1.155390356289085797e-02	4.907889108867768274e-02
4.925785782092335467e+03	1.184636816180119519e-02	4.912817578485189490e-02
5.048079867001335515e+03	1.214048460607966909e-02	4.917914278195739675e-02
5.171067430761348078e+03	1.243626885904917413e-02	4.923174576824194959e-02
5.294755052655502368e+03	1.273373674395279764e-02	4.928594099503995352e-02
5.419149258395849756e+03	1.303290395518976776e-02	4.934168709399873454e-02
5.544256524467577947e+03	1.333378606876367382e-02	4.939894491048020531e-02
5.670083282175009117e+03	1.363639855201340990e-02	4.945767735144560029e-02
5.796635921415570920e+03	1.394075677268992626e-02	4.951784924633080565e-02
5.923920794204680533e+03	1.424687600743382299e-02	4.957942721959605198e-02
6.051944217972945808e+03	1.455477144970540593e-02	4.964237957378889177e-02
6.180712478654528240e+03	1.486445821721243087e-02	4.970667618208947369e-02
6.310231833583614389e+03	1.517595135887633492e-02	4.977228838942716199e-02
6.440508514214689967e+03	1.548926586137471494e-02	4.983918892135372203e-02
6.571548728680070781e+03	1.580441665529235679e-02	4.990735179995189202e-02
6.703358664198010047e+03	1.612141862091291677e-02	4.997675226613271932e-02
6.835944489342394263e+03	1.644028659367770262e-02	5.004736670774287410e-02
6.969312356184659620e+03	1.676103536933712043e-02	5.011917259296978094e-02
7.103468402317492291e+03	1.708367970881782480e-02	5.019214840857281340e-02
7.238418752768813647e+03	1.740823434282595672e-02	5.026627360253013016e-02
7.374169521814169457e+03	1.773471397620609083e-02	5.034152853072379474e-02
7.510726814694963650e+03	1.806313329207367285e-02	5.041789440732095257e-02
7.648096729248478368e+03	1.839350695573532118e-02	5.049535325855241535e-02
7.786285357456682505e+03	1.872584961841380902e-02	5.057388787960408194e-02
7.925298786918741826e+03	1.906017592078954395e-02	5.065348179437823006e-02
8.065143102252906829e+03	1.939650049637219043e-02	5.073411921789124090e-02
8.205824386431810126e+03	1.973483797471212858e-02	5.081578502110443291e-02
8.347348722056465704e+03	2.007520298446450677e-02	5.089846469800280576e-02
8.489722192571960477e+03	2.041761015631303119e-02	5.098214433474377444e-02
8.632950883429859459e+03	2.076207412576563244e-02	5.106681058072620738e-02
8.777040883199222662e+03	2.110860953582649122e-02	5.115245062143704280e-02
8.921998284630761191e+03	2.145723103955542860e-02	5.123905215294070892e-02
9.067829185676178895e+03	2.180795330251943109e-02	5.132660335789769601e-02
9.214539690466159300e+03	2.216079100514480038e-02	5.141509288299948854e-02
9.362135910248900473e+03	2.251575884497433733e-02	5.150450981772342063e-02
9.510623964291593438e+03	2.287287153883546878e-02	5.159484367431102503e-02
9.660009980747910959e+03	2.323214382492658908e-02	5.168608436888864899e-02
9.810300097492367058e+03	2.359359046482372227e-02	5.177822220365451561e-02
9.961500462924266685e+03	2.395722624541406914e-02	5.187124785005367555e-02
1.011361723674256973e+04	2.432306598075958254e-02	5.196515233288272889e-02
1.026665659069359390e+04	2.469112451389523719e-02	5.205992701525838373e-02
1.042062470929296614e+04	2.506141671856533179e-02	5.215556358439583928e-02
1.057552779052336336e+04	2.543395750090160154e-02	5.225205403814423000e-02
1.073137204650936474e+04	2.580876180104625314e-02	5.234939067223144671e-02
1.088816370417065809e+04	2.618584459472297551e-02	5.244756606817158745e-02
1.104590900585437703e+04	2.656522089475768164e-02	5.254657308180031572e-02
1.120461420994885702e+04	2.694690575255467499e-02	5.264640483238850616e-02
1.136428559147856322e+04	2.733091425952743903e-02	5.274705469231055072e-02
1.152492944268174324e+04	2.771726154848792520e-02	5.284851627722678830e-02
1.168655207357180007e+04	2.810596279499666048e-02	5.295078343675101162e-02
1.184915981248285243e+04	2.849703321867483319e-02	5.305385024557512930e-02
1.201275900660119260e+04	2.889048808448251709e-02	5.315771099502415026e-02
1.217735602248191753e+04	2.928634270396110115e-02	5.326236018501583069e-02
1.234295724655311642e+04	2.968461243644595834e-02	5.336779251640322297e-02
1.250956908560704869e+04	3.008531269024768834e-02	5.347400288367666621e-02
1.267719796727946050e+04	3.048845892380491404e-02	5.358098636800612269e-02
1.284585034051765433e+04	3.089406664680999573e-02	5.368873823060526379e-02
1.301553267603787754e+04	3.130215142130907124e-02	5.379725390639912563e-02
1.318625146677236444e+04	3.171272886277715780e-02	5.390652899797758468e-02
1.335801322830667050e+04	3.212581464117003627e-02	5.401655926982208006e-02
1.353082449930820439e+04	3.254142448195480875e-02	5.412734064278659774e-02
1.370469184194525769e+04	3.295957416711772087e-02	5.423886918882576957e-02
1.387962184229860395e+04	3.338027953615401583e-02	5.435114112594974234e-02
1.405562111076441579e+04	3.380355648703700644e-02	5.446415281340097336e-02
1.423269628245004606e+04	3.422942097716995258e-02	5.457790074703460642e-02
1.441085401756272404e+04	3.465788902432080654e-02	5.469238155489852815e-02
1.459010100179129768e+04	3.508897670754038134e-02	5.480759199299908152e-02
1.477044394668140740e+04	3.552270016806462899e-02	5.492352894124388069e-02
1.495188959000461182e+04	3.595907561020240256e-02	5.504018939955202666e-02
1.513444469612199100e+04	3.639811930220988867e-02	5.515757048412730373e-02
1.531811605634146144e+04	3.683984757715003111e-02	5.527566942388174864e-02
1.550291048927042721e+04	3.728427683374058166e-02	5.539448355700234833e-02
1.568883484116324507e+04	3.773142353718982739e-02	5.551401032766081767e-02
1.587589598626371844e+04	3.818130422002024432e-02	5.563424728284755566e-02
1.606410082714285272e+04	3.863393548288084761e-02	5.575519206933809979e-02
1.625345629503305827e+04	3.908933399535091668e-02	5.587684243077328805e-02
1.644396935015736017e+04	3.954751649673176467e-02	5.599919620485591804e-02
1.663564698205489913e+04	4.000849979682957053e-02	5.612225132065432748e-02
1.682849620990350013e+04	4.047230077673118903e-02	5.624600579601118922e-02
1.702252408283727709e+04	4.093893638956793563e-02	5.637045773504846535e-02
1.721773768026205653e+04	4.140842366127425733e-02	5.649560532576766020e-02
1.741414411216700682e+04	4.188077969133711248e-02	5.662144683774294335e-02
1.761175051943362996e+04	4.235602165353918869e-02	5.674798061989552028e-02
1.781056407414142086e+04	4.283416679669399540e-02	5.687520509835329585e-02
1.801059197987062362e+04	4.331523244537392736e-02	5.700311877438850316e-02
1.821184147200371808e+04	4.379923600063543448e-02	5.713172022242986314e-02
1.841431981802255905e+04	4.428619494073362389e-02	5.726100808814835186e-02
1.861803431780464234e+04	4.477612682183470388e-02	5.739098108660959513e-02
1.882299230391655510e+04	4.526904927872186374e-02	5.752163800049408388e-02
1.902920114190521781e+04	4.576498002549559546e-02	5.765297767838014481e-02
1.923666823058757291e+04	4.626393685627047669e-02	5.778499903308605135e-02
1.944540100233801422e+04	4.676593764586638863e-02	5.791770104007238490e-02
1.965540692337418659e+04	4.727100035049591753e-02	5.805108273589866530e-02
1.986669349404137029e+04	4.777914300844821743e-02	5.818514321673324413e-02
2.007926824909509378e+04	4.829038374076882051e-02	5.831988163691410876e-02
2.029313875798196386e+04	4.880474075193493716e-02	5.845529720756090231e-02
2.050831262511961904e+04	4.932223233052873690e-02	5.859138919523104033e-02
2.072479749017499489e+04	4.984287684990667405e-02	5.872815692062308135e-02
2.094260102834189456e+04	5.036669276886693303e-02	5.886559975732330585e-02
2.116173095061694767e+04	5.089369863231319596e-02	5.900371713059249928e-02
2.138219500407438318e+04	5.142391307191546135e-02	5.914250851619554800e-02
2.160400097214074412e+04	5.195735480677065449e-02	5.928197343926742968e-02
2.182715667486718303e+04	5.249404264405759662e-02	5.942211147321665998e-02
2.205166996920237943e+04	5.303399547969335492e-02	5.956292223866539032e-02
2.227754874926386401e+04	5.357723229898570666e-02	5.970440540242193811e-02
2.250480094660907343e+04	5.412377217728510381e-02	5.984656067648860128e-02
2.273343453050492462e+04	5.467363428063298780e-02	5.998938781710028839e-02
2.296345750819799287e+04	5.522683786641152670e-02	6.013288662379145944e-02
2.319487792518307833e+04	5.578340228398957767e-02	6.027705693849721991e-02
2.342770386547222006e+04	5.634334697536960007e-02	6.042189864467816668e-02
2.366194345186205828e+04	5.690669147583072435e-02	6.056741166647579971e-02
2.389760484620248826e+04	5.747345541457481166e-02	6.071359596789275420e-02
2.413469624966336050e+04	5.804365851536792686e-02	6.086045155199685391e-02
2.437322590300231968e+04	5.861732059718442744e-02	6.100797846015441894e-02
2.461320208683056990e+04	5.919446157484618831e-02	6.115617677128215579e-02
2.485463312188077543e+04	5.977510145966685035e-02	6.130504660112449239e-02
2.509752736927306250e+04	6.035926036009159334e-02	6.145458810155106366e-02
2.534189323078162124e+04	6.094695848233829677e-02	6.160480145987877465e-02
2.558773914910081658e+04	6.153821613103755556e-02	6.175568689821005208e-02
2.583507360811216859e+04	6.213305370987471515e-02	6.190724467279294652e-02
2.608390513315039789e+04	6.273149172222976244e-02	6.205947507340171115e-02
2.633424229126961654e+04	6.333355077181755666e-02	6.221237842273242419e-02
2.658609369151068313e+04	6.393925156333066240e-02	6.236595507582016334e-02
2.683946798516697527e+04	6.454861490307874095e-02	6.252020541946938514e-02
2.709437386605221400e+04	6.516166169963243104e-02	6.267512987170426042e-02
2.735082007076693844e+04	6.577841296446447494e-02	6.283072888123351907e-02
2.760881537896540976e+04	6.639888981259141343e-02	6.298700292693140690e-02
2.786836861362443233e+04	6.702311346322019359e-02	6.314395251733199987e-02
2.812948864130977381e+04	6.765110524038892015e-02	6.330157819014155252e-02
2.839218437244554298e+04	6.828288657361468450e-02	6.345988051176038036e-02
2.865646476158193400e+04	6.891847899853748016e-02	6.361886007682199251e-02
2.892233880766424772e+04	6.955790415756718525e-02	6.377851750774424233e-02
2.918981555430243679e+04	7.020118380053189111e-02	6.393885345429189959e-02
2.945890409004093453e+04	7.084833978532675824e-02	6.409986859315332242e-02
2.972961354862853477e+04	7.149939407856309437e-02	6.426156362752880047e-02
3.000195310928938125e+04	7.215436875622015245e-02	6.442393928672891790e-02
3.027593199699402612e+04	7.281328600429690101e-02	6.458699632578634997e-02
3.055155948273113972e+04	7.347616811946562632e-02	6.475073552507662478e-02
3.082884488378001333e+04	7.414303750972715823e-02	6.491515768994986224e-02
3.110779756398330210e+04	7.481391669506695652e-02	6.508026365037548888e-02
3.138842693402071382e+04	7.548882830811322331e-02	6.524605426059022772e-02
3.167074245168313064e+04	7.616779509479620902e-02	6.541253039876328279e-02
3.195475362214704001e+04	7.685083991500823997e-02	6.557969296666524284e-02
3.224046999825040984e+04	7.753798574326710435e-02	6.574754288934936408e-02
3.252790118076877843e+04	7.822925566938020159e-02	6.591608111483893140e-02
3.281705681869223918e+04	7.892467289911056505e-02	6.608530861382706789e-02
3.310794660950244725e+04	7.962426075484303756e-02	6.625522637937818204e-02
3.340058029945189628e+04	8.032804267625615058e-02	6.642583542664429186e-02
3.369496768384241295e+04	8.103604222099157484e-02	6.659713679258551233e-02
3.399111860730556509e+04	8.174828306532873345e-02	6.676913153569843939e-02
3.428904296408337541e+04	8.246478900485992858e-02	6.694182073575147274e-02
3.458875069830902066e+04	8.318558395516521820e-02	6.711520549352911758e-02
3.489025180429041211e+04	8.391069195249467594e-02	6.728928693058203181e-02
3.519355632679255359e+04	8.464013715444729247e-02	6.746406618898126428e-02
3.549867436132322473e+04	8.537394384065802311e-02	6.763954443108438630e-02
3.580561605441600841e+04	8.611213641347867376e-02	6.781572283930339951e-02
3.611439160391793121e+04	8.685473939866943105e-02	6.799260261588011001e-02
3.642501125927568501e+04	8.760177744608739492e-02	6.817018498266876059e-02
3.673748532182411873e+04	8.835327533038027370e-02	6.834847118092218787e-02
3.705182414507387148e+04	8.910925795167827512e-02	6.852746247108547351e-02
3.736803813500277465e+04	8.986975033629479581e-02	6.870716013259473010e-02
3.768613775034544233e+04	9.063477763742293358e-02	6.888756546368071665e-02
3.800613350288601214e+04	9.140436513583966027e-02	6.906867978117650630e-02
3.832803595775027497e+04	9.217853824060809331e-02	6.925050442033360565e-02
3.865185573370019847e+04	9.295732248978615109e-02	6.943304073464003079e-02
3.897760350342889433e+04	9.374074355113570789e-02	6.961629009564400394e-02
3.930528999385653879e+04	9.452882722283441341e-02	6.980025389278249337e-02
3.963492598642686062e+04	9.532159943418869186e-02	6.998493353321406929e-02
3.996652231740661227e+04	9.611908624635394360e-02	7.017033044165654765e-02
4.030008987818429159e+04	9.692131385305308156e-02	7.035644606022814496e-02
4.063563961557111907e+04	9.772830858130027165e-02	7.054328184829383730e-02
4.097318253210142575e+04	9.854009689212336887e-02	7.073083928231509165e-02
4.131272968633683922e+04	9.935670538129554030e-02	7.091911985570439891e-02
4.165429219316938543e+04	1.001781607800641544e-01	7.110812507868098653e-02
4.199788122412756638e+04	1.010044899558870390e-01	7.129785647813523253e-02
4.234350800768213230e+04	1.018357199131676299e-01	7.148831559749162234e-02
4.269118382955315610e+04	1.026718777939936711e-01	7.167950399657872784e-02
4.304092003301970544e+04	1.035129908788819941e-01	7.187142325150180922e-02
4.339272801922984218e+04	1.043590865875238249e-01	7.206407495451649936e-02
4.374661924751108018e+04	1.052101924795317417e-01	7.225746071390931613e-02
4.410260523568346252e+04	1.060663362551924060e-01	7.245158215388089462e-02
4.446069756037356274e+04	1.069275457562218201e-01	7.264644091442973295e-02
4.482090785732933728e+04	1.077938489665225402e-01	7.284203865124086463e-02
4.518324782173636049e+04	1.086652740129441935e-01	7.303837703557775063e-02
4.554772920853617688e+04	1.095418491660491850e-01	7.323545775417694692e-02
4.591436383274466061e+04	1.104236028408782100e-01	7.343328250914468724e-02
4.628316356977206306e+04	1.113105635977201385e-01	7.363185301785797610e-02
4.665414035574597801e+04	1.122027601428886162e-01	7.383117101286630624e-02
4.702730618783363025e+04	1.131002213294972497e-01	7.403123824179710932e-02
4.740267312456663058e+04	1.140029761582405099e-01	7.423205646726559193e-02
4.778025328616554907e+04	1.149110537781745794e-01	7.443362746678272579e-02
4.816005885486917396e+04	1.158244834875089141e-01	7.463595303267031578e-02
4.854210207526176964e+04	1.167432947343935018e-01	7.483903497197585963e-02
4.892639525460347795e+04	1.176675171177134355e-01	7.504287510639004455e-02
4.931295076316208724e+04	1.185971803878867609e-01	7.524747527216740783e-02
4.970178103454531083e+04	1.195323144476636706e-01	7.545283732004889887e-02
5.009289856603560474e+04	1.204729493529317214e-01	7.565896311518584272e-02
5.048631591892577126e+04	1.214191153135228962e-01	7.586585453706672089e-02
5.088204571885693440e+04	1.223708426940265104e-01	7.607351347944708853e-02
5.128010065615608619e+04	1.233281620146010338e-01	7.628194185027951935e-02
5.168049348617740907e+04	1.242911039517948790e-01	7.649114157164671468e-02
5.208323702964381664e+04	1.252596993393677582e-01	7.670111457969767954e-02
5.248834417299047345e+04	1.262339791691171054e-01	7.691186282458223333e-02
5.289582786870844575e+04	1.272139745917042486e-01	7.712338827039212641e-02
5.330570113569261594e+04	1.281997169174913243e-01	7.733569289510000555e-02
5.371797705958916049e+04	1.291912376173769417e-01	7.754877869050268158e-02
5.413266879314478865e+04	1.301885683236359836e-01	7.776264766216522961e-02
5.454978955655751633e+04	1.311917408307634036e-01	7.797730182936561671e-02
5.496935263783013943e+04	1.322007870963241571e-01	7.819274322504490837e-02
5.539137139312419458e+04	1.332157392418045483e-01	7.840897389575350596e-02
5.581585924711564439e+04	1.342366295534677123e-01	7.862599590160418428e-02
5.624282969335237431e+04	1.352634904832132334e-01	7.884381131622346384e-02
5.667229629461371223e+04	1.362963546494419531e-01	7.906242222670566144e-02
5.710427268327039928e+04	1.373352548379216109e-01	7.928183073356907806e-02
5.753877256164777646e+04	1.383802240026602848e-01	7.950203895071203397e-02
5.797580970238972805e+04	1.394312952667817185e-01	7.972304900537220684e-02
5.841539794882381830e+04	1.404885019234035637e-01	7.994486303808547023e-02
5.885755121532965859e+04	1.415518774365230603e-01	8.016748320264846517e-02
5.930228348770744196e+04	1.426214554419036051e-01	8.039091166608029748e-02
5.974960882354906789e+04	1.436972697479671213e-01	8.061515060858724657e-02
6.019954135260960902e+04	1.447793543366875935e-01	8.084020222352678031e-02
6.065209527718360914e+04	1.458677433644959276e-01	8.106606871737577491e-02
6.110728487247912562e+04	1.469624711631796199e-01	8.129275230969706945e-02
6.156512448699711967e+04	1.480635722407950827e-01	8.152025523311007271e-02
6.202562854290968244e+04	1.491710812825773891e-01	8.174857973325969085e-02
6.248881153644234291e+04	1.502850331518596760e-01	8.197772806878786400e-02
6.295468803825623036e+04	1.514054628909922429e-01	8.220770251130721240e-02
6.342327269383380190e+04	1.525324057222701146e-01	8.243850534537414121e-02
6.389458022386513767e+04	1.536658970488622988e-01	8.267013886846492909e-02
6.436862542463597492e+04	1.548059724557449002e-01	8.290260539094966574e-02
6.484542316841844149e+04	1.559526677106407300e-01	8.313590723607139354e-02
6.532498840386433585e+04	1.571060187649652717e-01	8.337004673992380599e-02
6.580733615639708296e+04	1.582660617547693716e-01	8.360502625142998689e-02
6.629248152860857954e+04	1.594328330016933915e-01	8.384084813232292599e-02
6.678043970065764734e+04	1.606063690139259426e-01	8.407751475712729738e-02
6.727122593066828267e+04	1.617867064871611193e-01	8.431502851314141844e-02
6.776485555513238069e+04	1.629738823055674468e-01	8.455339180042106828e-02
6.826134398931181931e+04	1.641679335427548847e-01	8.479260703176107195e-02
6.876070672764416668e+04	1.653688974627501862e-01	8.503267663268622434e-02
6.926295934415257943e+04	1.665768115209832478e-01	8.527360304143007108e-02
6.976811749285091355e+04	1.677917133652608028e-01	8.551538870892749777e-02
7.027619690815660579e+04	1.690136408367600152e-01	8.575803609880069955e-02
7.078721340530461748e+04	1.702426319710234059e-01	8.600154768734712130e-02
7.130118288076219324e+04	1.714787249989568052e-01	8.624592596353052032e-02
7.181812131264492928e+04	1.727219583478298570e-01	8.649117342896986416e-02
7.233804476113538840e+04	1.739723706422825755e-01	8.673729259793194757e-02
7.286096936890593497e+04	1.752300007053426423e-01	8.698428599732377364e-02
7.338691136154159904e+04	1.764948875594420097e-01	8.723215616668381078e-02
7.391588704796346428e+04	1.777670704274354474e-01	8.748090565817591424e-02
7.444791282085723651e+04	1.790465887336311068e-01	8.773053703658577340e-02
7.498300515710303443e+04	1.803334821048241943e-01	8.798105287931595742e-02
7.552118061820410367e+04	1.816277903713280073e-01	8.823245577637792159e-02
7.606245585072212270e+04	1.829295535680207918e-01	8.848474833039481069e-02
7.660684758671279997e+04	1.842388119353934595e-01	8.873793315659364578e-02
7.715437264416161634e+04	1.855556059205974995e-01	8.899201288280468580e-02
7.770504792742511199e+04	1.868799761785062685e-01	8.924699014946398112e-02
7.825889042767194042e+04	1.882119635727756979e-01	8.950286760960804444e-02
7.881591722332715290e+04	1.895516091769129108e-01	8.975964792887781984e-02
7.937614548051700694e+04	1.908989542753457835e-01	9.001733378551754483e-02
7.993959245351857680e+04	1.922540403645044138e-01	9.027592787037599931e-02
8.050627548520857817e+04	1.936169091539004516e-01	9.053543288691123792e-02
8.107621200751666038e+04	1.949876025672174495e-01	9.079585155119032636e-02
8.164941954188123054e+04	1.963661627434067636e-01	9.105718659189555864e-02
8.222591569970342971e+04	1.977526320377797076e-01	9.131944075032606689e-02
8.280571818280901061e+04	1.991470530231181923e-01	9.158261678040656439e-02
8.338884478390705772e+04	2.005494684907780933e-01	9.184671744868809495e-02
8.397531338705724920e+04	2.019599214518126851e-01	9.211174553435667878e-02
8.456514196813140006e+04	2.033784551380830585e-01	9.237770382923841950e-02
8.515834859528421657e+04	2.048051130033900491e-01	9.264459513780999578e-02
8.575495142942255188e+04	2.062399387246027227e-01	9.291242227720193647e-02
8.635496872467866342e+04	2.076829762027969095e-01	9.318118807720895957e-02
8.695841882888386317e+04	2.091342695643938487e-01	9.345089538029925647e-02
8.756532018404763949e+04	2.105938631623128776e-01	9.372154704162426186e-02
8.817569132683592034e+04	2.120618015771214282e-01	9.399314592902642540e-02
8.878955088905186858e+04	2.135381296181913802e-01	9.426569492305282572e-02
8.940691759812350210e+04	2.150228923248718726e-01	9.453919691696274774e-02
9.002781027758603159e+04	2.165161349676492375e-01	9.481365481674197682e-02
9.065224784757431189e+04	2.180179030493313297e-01	9.508907154111240212e-02
9.128024932531236846e+04	2.195282423062248633e-01	9.536545002154755979e-02
9.191183382560544123e+04	2.210471987093187984e-01	9.564279320228301351e-02
9.254702056134122540e+04	2.225748184654898210e-01	9.592110404033160620e-02
9.318582884398322494e+04	2.241111480186888383e-01	9.620038550549615819e-02
9.382827808407369594e+04	2.256562340511505116e-01	9.648064058038598179e-02
9.447438779173798684e+04	2.272101234846062301e-01	9.676187226043095335e-02
9.512417757718953362e+04	2.287728634814986950e-01	9.704408355389468332e-02
9.577766715123629547e+04	2.303445014461997231e-01	9.732727748189401451e-02
9.643487632579536876e+04	2.319250850262480346e-01	9.761145707841402397e-02
9.709582501440351189e+04	2.335146621135771317e-01	9.789662539032482902e-02
9.776053323273472779e+04	2.351132808457597201e-01	9.818278547739875406e-02
9.842902109911617299e+04	2.367209896072489661e-01	9.846994041232767780e-02
9.910130883505099337e+04	2.383378370306354910e-01	9.875809328074330873e-02
9.977741676574210578e+04	2.399638719979073354e-01	9.904724718123422700e-02
1.004573653206166055e+05	2.415991436417109506e-01	9.933740522536370354e-02
1.011411750338555139e+05	2.432437013466254572e-01	9.962857053769254290e-02
1.018288665449246328e+05	2.448975947504391792e-01	9.992074625579687452e-02
1.025204605991067219e+05	2.465608737454296484e-01	1.002139355302872625e-01
1.032159780480417103e+05	2.482335884796625092e-01	1.005081415248336579e-01
1.039154398502617696e+05	2.499157893582789614e-01	1.008033674161816218e-01
1.046188670717346540e+05	2.516075270448018264e-01	1.010996163941776521e-01
1.053262808864082617e+05	2.533088524624456106e-01	1.013968916617893901e-01
1.060377025767572195e+05	2.550198167954310646e-01	1.016951964351288096e-01
1.067531535343321302e+05	2.567404714903057661e-01	1.019945339434748660e-01
1.074726552603125601e+05	2.584708682572744998e-01	1.022949074292958671e-01
1.081962293660616997e+05	2.602110590715328575e-01	1.025963201482737175e-01
1.089238975736829743e+05	2.619610961746061673e-01	1.028987753693281909e-01
1.096556817165842949e+05	2.637210320757061299e-01	1.032022763746401894e-01
1.103916037400373752e+05	2.654909195530764099e-01	1.035068264596785415e-01
1.111316857017449656e+05	2.672708116553567104e-01	1.038124289332220257e-01
1.118759497724109824e+05	2.690607617029535659e-01	1.041190871173885563e-01
1.126244182363103901e+05	2.708608232894113566e-01	1.044268043476567071e-01
1.133771134918644093e+05	2.726710502827955906e-01	1.047355839728948274e-01
1.141340580522169039e+05	2.744914968270789624e-01	1.050454293553880758e-01
1.148952745458169666e+05	2.763222173435424533e-01	1.053563438708625538e-01
1.156607857169987255e+05	2.781632665321699949e-01	1.056683309085154343e-01
1.164306144265682669e+05	2.800146993730598388e-01	1.059813938710389841e-01
1.172047836523937440e+05	2.818765711278437003e-01	1.062955361746539262e-01
1.179833164899946278e+05	2.837489373411041793e-01	1.066107612491325601e-01
1.187662361531375791e+05	2.856318538418073372e-01	1.069270725378305142e-01
1.195535659744342847e+05	2.875253767447412678e-01	1.072444734977132247e-01
1.203453294059389009e+05	2.894295624519520604e-01	1.075629675993873130e-01
1.211415500197557558e+05	2.913444676542060185e-01	1.078825583271301597e-01
1.219422515086422936e+05	2.932701493324391673e-01	1.082032491789197970e-01
1.227474576866196148e+05	2.952066647592261894e-01	1.085250436664637746e-01
1.235571924895840057e+05	2.971540715002507493e-01	1.088479453152301074e-01
1.243714799759232264e+05	2.991124274157876961e-01	1.091719576644808315e-01
1.251903443271344295e+05	3.010817906621893192e-01	1.094970842673009537e-01
1.260138098484435322e+05	3.030622196933747126e-01	1.098233286906285938e-01
1.268419009694337292e+05	3.050537732623415654e-01	1.101506945152915667e-01
1.276746422446681390e+05	3.070565104226635200e-01	1.104791853360357345e-01
1.285120583543250541e+05	3.090704905300180050e-01	1.108088047615583549e-01
1.293541741048284603e+05	3.110957732437024115e-01	1.111395564145418180e-01
1.302010144294853526e+05	3.131324185281671446e-01	1.114714439316864258e-01
1.310526043891257141e+05	3.151804866545546147e-01	1.118044709637448786e-01
1.319089691727462341e+05	3.172400382022472209e-01	1.121386411755537216e-01
1.327701340981567628e+05	3.193111340604225523e-01	1.124739582460696496e-01
1.336361246126291226e+05	3.213938354296131950e-01	1.128104258684023004e-01
1.345069662935467495e+05	3.234882038232693713e-01	1.131480477498515436e-01
1.353826848490683769e+05	3.255943010693553297e-01	1.134868276119390812e-01
1.362633061187789426e+05	3.277121893119142593e-01	1.138267691904458895e-01
1.371488560743568814e+05	3.298419310126737836e-01	1.141678762354489673e-01
1.380393608202369069e+05	3.319835889526390194e-01	1.145101525113541574e-01
1.389348465942780895e+05	3.341372262337005128e-01	1.148536017969340461e-01
1.398353397684440424e+05	3.363029062802687652e-01	1.151982278853649205e-01
1.407408668494666344e+05	3.384806928408717330e-01	1.155440345842633915e-01
1.416514544795339170e+05	3.406706499898081719e-01	1.158910257157223372e-01
1.425671294369661191e+05	3.428728421287743910e-01	1.162392051163500667e-01
1.434879186369046511e+05	3.450873339885203173e-01	1.165885766373059851e-01
1.444138491320019239e+05	3.473141906305092785e-01	1.169391441443395213e-01
1.453449481131111097e+05	3.495534774485764551e-01	1.172909115178297906e-01
1.462812429099799483e+05	3.518052601705979887e-01	1.176438826528234116e-01
1.472227609919575916e+05	3.540696048601900126e-01	1.179980614590711990e-01
1.481695299686886719e+05	3.563465779183789817e-01	1.183534518610686037e-01
1.491215775908258511e+05	3.586362460853143030e-01	1.187100577980959720e-01
1.500789317507346277e+05	3.609386764419644233e-01	1.190678832242572788e-01
1.510416204832064686e+05	3.632539364118309577e-01	1.194269321085199842e-01
1.520096719661814277e+05	3.655820937626871325e-01	1.197872084347575278e-01
1.529831145214621502e+05	3.679232166082950783e-01	1.201487162017855770e-01
1.539619766154377721e+05	3.702773734101461600e-01	1.205114594234059505e-01
1.549462868598147761e+05	3.726446329792193479e-01	1.208754421284470026e-01
1.559360740123447322e+05	3.750250644777312070e-01	1.212406683608051178e-01
1.569313669775602757e+05	3.774187374209057033e-01	1.216071421794850393e-01
1.579321948075123073e+05	3.798257216787473411e-01	1.219748676586427938e-01
1.589385867025125772e+05	3.822460874778272344e-01	1.223438488876293084e-01
1.599505720118781028e+05	3.846799054030731746e-01	1.227140899710288530e-01
1.609681802346812619e+05	3.871272463995737434e-01	1.230855950287056827e-01
1.619914410205007589e+05	3.895881817743842013e-01	1.234583681958447976e-01
1.630203841701806814e+05	3.920627831983521938e-01	1.238324136229962680e-01
1.640550396365881024e+05	3.945511227079399608e-01	1.242077354761167152e-01
1.650954375253775506e+05	3.970532727070623102e-01	1.245843379366161768e-01
1.661416080957598169e+05	3.995693059689360283e-01	1.249622252014006146e-01
1.671935817612736137e+05	4.020992956379356720e-01	1.253414014829150602e-01
1.682513890905582521e+05	4.046433152314520831e-01	1.257218710091896341e-01
1.693150608081375831e+05	4.072014386417768805e-01	1.261036380238839683e-01
1.703846277951984666e+05	4.097737401379757394e-01	1.264867067863319483e-01
1.714601210903781757e+05	4.123602943677814880e-01	1.268710815715874407e-01
1.725415718905575050e+05	4.149611763595016378e-01	1.272567666704710054e-01
1.736290115516528313e+05	4.175764615239234145e-01	1.276437663896135555e-01
1.747224715894186229e+05	4.202062256562436038e-01	1.280320850515034858e-01
1.758219836802448262e+05	4.228505449379862391e-01	1.284217269945329976e-01
1.769275796619647590e+05	4.255094959389461029e-01	1.288126965730454765e-01
1.780392915346683876e+05	4.281831556191436627e-01	1.292049981573818451e-01
1.791571514615158376e+05	4.308716013307827275e-01	1.295986361339272475e-01
1.802811917695518059e+05	4.335749108202079927e-01	1.299936149051596490e-01
1.814114449505342345e+05	4.362931622298990009e-01	1.303899388896961609e-01
1.825479436617563479e+05	4.390264341004461168e-01	1.307876125223426944e-01
1.836907207268775092e+05	4.417748053725496504e-01	1.311866402541401744e-01
1.848398091367617308e+05	4.445383553890361328e-01	1.315870265524149985e-01
1.859952420503135072e+05	4.473171638968680974e-01	1.319887759008261108e-01
1.871570527953185956e+05	4.501113110491667402e-01	1.323918927994141570e-01
1.883252748692976893e+05	4.529208774072648880e-01	1.327963817646536648e-01
1.894999419403542706e+05	4.557459439427455905e-01	1.332022473294979525e-01
1.906810878480259271e+05	4.585865920394900375e-01	1.336094940434314482e-01
1.918687466041514999e+05	4.614429034957631681e-01	1.340181264725217591e-01
1.930629523937309277e+05	4.643149605262808510e-01	1.344281491994646360e-01
1.942637395757953054e+05	4.672028457643031540e-01	1.348395668236392342e-01
1.954711426842774672e+05	4.701066422637277809e-01	1.352523839611571854e-01
1.966851964288908639e+05	4.730264335012037136e-01	1.356666052449128912e-01
1.979059356960087025e+05	4.759623033782452994e-01	1.360822353246363137e-01
1.991333955495516129e+05	4.789143362233677648e-01	1.364992788669438795e-01
2.003676112318785163e+05	4.818826167942292793e-01	1.369177405553897720e-01
2.016086181646774639e+05	4.848672302797733535e-01	1.373376250905203322e-01
2.028564519498661102e+05	4.878682623023945508e-01	1.377589371899227144e-01
2.041111483704967250e+05	4.908857989201154681e-01	1.381816815882802585e-01
2.053727433916588489e+05	4.939199266287568890e-01	1.386058630374251699e-01
2.066412731613999931e+05	4.969707323641525121e-01	1.390314863063899786e-01
2.079167740116336499e+05	5.000383035043325375e-01	1.394585561814622454e-01
2.091992824590641540e+05	5.031227278717482765e-01	1.398870774662385463e-01
2.104888352061119222e+05	5.062240937354969272e-01	1.403170549816771251e-01
2.117854691418465227e+05	5.093424898135657797e-01	1.407484935661530989e-01
2.130892213429163094e+05	5.124780052750679271e-01	1.411813980755129982e-01
2.144001290744926664e+05	5.156307297425133385e-01	1.416157733831265864e-01
2.157182297912114591e+05	5.188007532940729361e-01	1.420516243799456180e-01
2.170435611381225754e+05	5.219881664658619913e-01	1.424889559745582401e-01
2.183761609516436874e+05	5.251930602542344007e-01	1.429277730932434209e-01
2.197160672605196014e+05	5.284155261180897289e-01	1.433680806800254337e-01
2.210633182867811702e+05	5.316556559811789207e-01	1.438098836967318939e-01
2.224179524467183219e+05	5.349135422344452051e-01	1.442531871230504914e-01
2.237800083518490719e+05	5.381892777383540105e-01	1.446979959565828366e-01
2.251495248098965676e+05	5.414829558252429731e-01	1.451443152129034131e-01
2.265265408257753006e+05	5.447946703016937064e-01	1.455921499256144502e-01
2.279110956025715277e+05	5.481245154508899153e-01	1.460415051464061809e-01
2.293032285425426671e+05	5.514725860350204734e-01	1.464923859451136290e-01
2.307029792481061013e+05	5.548389772976578538e-01	1.469447974097705945e-01
2.321103875228470424e+05	5.582237849661820794e-01	1.473987446466720197e-01
2.335254933725222072e+05	5.616271052541943476e-01	1.478542327804298617e-01
2.349483370060731540e+05	5.650490348639539695e-01	1.483112669540339046e-01
2.363789588366409007e+05	5.684896709888191957e-01	1.487698523289080477e-01
2.378173994825899135e+05	5.719491113157090245e-01	1.492299940849712292e-01
2.392636997685304668e+05	5.754274540275624572e-01	1.496916974206957407e-01
2.407179007263546810e+05	5.789247978058302824e-01	1.501549675531660688e-01
2.421800435962718329e+05	5.824412418329647512e-01	1.506198097181407625e-01
2.436501698278494296e+05	5.859768857949232412e-01	1.510862291701114690e-01
2.451283210810621677e+05	5.895318298836911275e-01	1.515542311823626087e-01
2.466145392273433681e+05	5.931061747998109812e-01	1.520238210470337969e-01
2.481088663506394951e+05	5.967000217549175423e-01	1.524950040751796021e-01
2.496113447484775097e+05	6.003134724743057760e-01	1.529677855968287203e-01
2.511220169330319040e+05	6.039466291994965985e-01	1.534421709610501727e-01
2.526409256321934517e+05	6.075995946908072654e-01	1.539181655360101486e-01
2.541681137906509393e+05	6.112724722299530677e-01	1.543957747090378974e-01
2.557036245709783107e+05	6.149653656226613530e-01	1.548750038866847090e-01
2.572475013547174458e+05	6.186783792012767735e-01	1.553558584947870858e-01
2.587997877434759575e+05	6.224116178274001765e-01	1.558383439785310243e-01
2.603605275600269670e+05	6.261651868945342647e-01	1.563224658025146041e-01
2.619297648494140012e+05	6.299391923307408048e-01	1.568082294508106322e-01
2.635075438800620614e+05	6.337337406013124896e-01	1.572956404270290931e-01
2.650939091448952095e+05	6.375489387114614548e-01	1.577847042543844280e-01
2.666889053624571534e+05	6.413848942090129013e-01	1.582754264757532947e-01
2.682925774780319189e+05	6.452417151871019385e-01	1.587678126537483414e-01
2.699049706647907151e+05	6.491195102869302680e-01	1.592618683707719973e-01
2.715261303249212797e+05	6.530183887004835652e-01	1.597575992290903857e-01
2.731561020907713100e+05	6.569384601732807250e-01	1.602550108508943028e-01
2.747949318260036525e+05	6.608798350071514172e-01	1.607541088783638883e-01
2.764426656267505605e+05	6.648426240630139761e-01	1.612548989737357663e-01
2.780993498227657401e+05	6.688269387636444074e-01	1.617573868193696585e-01
2.797650309786005528e+05	6.728328910965056808e-01	1.622615781178124716e-01
2.814397558947807411e+05	6.768605936165775772e-01	1.627674785918671874e-01
2.831235716089720954e+05	6.809101594491606679e-01	1.632750939846579485e-01
2.848165253971747006e+05	6.849817022927476851e-01	1.637844300596974223e-01
2.865186647749053081e+05	6.890753364218676902e-01	1.642954926009547456e-01
2.882300374984010123e+05	6.931911766899806482e-01	1.648082874129220832e-01
2.899506915658197249e+05	6.973293385323648952e-01	1.653228203206833224e-01
2.916806752184398938e+05	7.014899379690018311e-01	1.658390971699818806e-01
2.934200369418861228e+05	7.056730916075241167e-01	1.663571238272879838e-01
2.951688254673379706e+05	7.098789166461227929e-01	1.668769061798716369e-01
2.969270897727636038e+05	7.141075308765134633e-01	1.673984501358656007e-01
2.986948790841500740e+05	7.183590526868961490e-01	1.679217616243369182e-01
3.004722428767353995e+05	7.226336010649180297e-01	1.684468465953607996e-01
3.022592308762617758e+05	7.269312956006866999e-01	1.689737110200808246e-01
3.040558930602170876e+05	7.312522564897574462e-01	1.695023608907902934e-01
3.058622796590959188e+05	7.355966045361642669e-01	1.700328022209939838e-01
3.076784411576640559e+05	7.399644611554626605e-01	1.705650410454826738e-01
3.095044282962183352e+05	7.443559483777586472e-01	1.710990834204035305e-01
3.113402920718731475e+05	7.487711888508025160e-01	1.716349354233293878e-01
3.131860837398356525e+05	7.532103058430563713e-01	1.721726031533309942e-01
3.150418548146904213e+05	7.576734232467831065e-01	1.727120927310556164e-01
3.169076570716975257e+05	7.621606655811696829e-01	1.732534102987864644e-01
3.187835425480973208e+05	7.666721579954627330e-01	1.737965620205233763e-01
3.206695635444027721e+05	7.712080262720789614e-01	1.743415540820544007e-01
3.225657726257331669e+05	7.757683968298109134e-01	1.748883926910287656e-01
3.244722226231126697e+05	7.803533967269514759e-01	1.754370840770264894e-01
3.263889666348129394e+05	7.849631536645214069e-01	1.759876344916368185e-01
3.283160580276752589e+05	7.895977959894507903e-01	1.765400502085270051e-01
3.302535504384544911e+05	7.942574526978092297e-01	1.770943375235223827e-01
3.322014977751683909e+05	7.989422534380528074e-01	1.776505027546740889e-01
3.341599542184384190e+05	8.036523285142470607e-01	1.782085522423394464e-01
3.361289742228644900e+05	8.083878088893748926e-01	1.787684923492532940e-01
3.381086125183781842e+05	8.131488261885897462e-01	1.793303294606033993e-01
3.400989241116212797e+05	8.179355127025315086e-01	1.798940699841075908e-01
3.420999642873270204e+05	8.227480013906480760e-01	1.804597203500886149e-01
3.441117886096985312e+05	8.275864258845115895e-01	1.810272870115501309e-01
3.461344529238082469e+05	8.324509204911824112e-01	1.815967764442529830e-01
3.481680133569979225e+05	8.373416201965773187e-01	1.821681951467932770e-01
3.502125263202828937e+05	8.422586606688460265e-01	1.827415496406760431e-01
3.522680485097678611e+05	8.472021782617765728e-01	1.833168464703938960e-01
3.543346369080670411e+05	8.521723100182113653e-01	1.838940922035101067e-01
3.564123487857319997e+05	8.571691936734791017e-01	1.844732934307279359e-01
3.585012417026822222e+05	8.621929676588376834e-01	1.850544567659708206e-01
3.606013735096497112e+05	8.672437711049469922e-01	1.856375888464658064e-01
3.627128023496388341e+05	8.723217438453803041e-01	1.862226963328169338e-01
3.648355866593659739e+05	8.774270264200860758e-01	1.868097859090886159e-01
3.669697851707270602e+05	8.825597600789182318e-01	1.873988642828793849e-01
3.691154569122710382e+05	8.877200867851798849e-01	1.879899381854070461e-01
3.712726612106800894e+05	8.929081492191818237e-01	1.885830143715857554e-01
3.734414576922531705e+05	8.981240907818118790e-01	1.891780996201069820e-01
3.756219062843903666e+05	9.033680555981046245e-01	1.897752007335168078e-01
3.778140672171071637e+05	9.086401885208821305e-01	1.903743245383046068e-01
3.800180010245302110e+05	9.139406351343525303e-01	1.909754778849788726e-01
3.822337685464121168e+05	9.192695417577523287e-01	1.915786676481467943e-01
3.844614309296577121e+05	9.246270554490175764e-01	1.921839007265993549e-01
3.867010496298561338e+05	9.300133240084678121e-01	1.927911840433946533e-01
3.889526864128119196e+05	9.354284959824891166e-01	1.934005245459346212e-01
3.912164033560922253e+05	9.408727206672545806e-01	1.940119292060561995e-01
3.934922628505759640e+05	9.463461481124505470e-01	1.946254050201059738e-01
3.957803276020191261e+05	9.518489291250402662e-01	1.952409590090276037e-01
3.980806606326210313e+05	9.573812152730317715e-01	1.958585982184467833e-01
4.003933252825979143e+05	9.629431588892618521e-01	1.964783297187526478e-01
4.027183852117631468e+05	9.685349130751962354e-01	1.971001606051797361e-01
4.050559044011228252e+05	9.741566317047674062e-01	1.977240979979013047e-01
4.074059471544769476e+05	9.798084694282253038e-01	1.983501490421061275e-01
4.097685781000184943e+05	9.854905816759828019e-01	1.989783209080834836e-01
4.121438621919502621e+05	9.912031246625049308e-01	1.996086207913159161e-01
4.145318647121122340e+05	9.969462553902217472e-01	2.002410559125565592e-01
4.169326512716055731e+05	1.002720131653434432e+00	2.008756335179242847e-01
4.193462878124337294e+05	1.008524912042262800e+00	2.015123608789810006e-01
4.217728406091580400e+05	1.014360755946625892e+00	2.021512452928229120e-01
4.242123762705317349e+05	1.020227823560171831e+00	2.027922940821733910e-01
4.266649617411826039e+05	1.026126275884326366e+00	2.034355145954571953e-01
4.291306643032690627e+05	1.032056274732272794e+00	2.040809142069001381e-01
4.316095515781750437e+05	1.038017982733031142e+00	2.047285003166108841e-01
4.341016915281839320e+05	1.044011563335481840e+00	2.053782803506749854e-01
4.366071524581792182e+05	1.050037180812456450e+00	2.060302617612363441e-01
4.391260030173539999e+05	1.056095000264849704e+00	2.066844520265915808e-01
4.416583122009161161e+05	1.062185187625719118e+00	2.073408586512769658e-01
4.442041493518082425e+05	1.068307909664422573e+00	2.079994891661598178e-01
4.467635841624441091e+05	1.074463333990793856e+00	2.086603511285287094e-01
4.493366866764457664e+05	1.080651629059320662e+00	2.093234521221835065e-01
4.519235272903843434e+05	1.086872964173331013e+00	2.099887997575254073e-01
4.545241767555373954e+05	1.093127509489220106e+00	2.106564016716491738e-01
4.571387061796585913e+05	1.099415436020705350e+00	2.113262655284322555e-01
4.597671870287446072e+05	1.105736915643077189e+00	2.119983990186293799e-01
4.624096911288151750e+05	1.112092121097479014e+00	2.126728098599647288e-01
4.650662906677066348e+05	1.118481225995221262e+00	2.133495057972210340e-01
4.677370581968720653e+05	1.124904404822109960e+00	2.140284946023381374e-01
4.704220666331835091e+05	1.131361832942781698e+00	2.147097840744997821e-01
4.731213892607543967e+05	1.137853686605087011e+00	2.153933820402323118e-01
4.758350997327578370e+05	1.144380142944462220e+00	2.160792963534941824e-01
4.785632720732752932e+05	1.150941379988375868e+00	2.167675348957737447e-01
4.813059806791206938e+05	1.157537576660716327e+00	2.174581055761815596e-01
4.840633003217070363e+05	1.164168912786280652e+00	2.181510163315452944e-01
4.868353061489071115e+05	1.170835569095248330e+00	2.188462751265089490e-01
4.896220736869173124e+05	1.177537727227666142e+00	2.195438899536218680e-01
4.924236788421454839e+05	1.184275569737986311e+00	2.202438688334397709e-01
4.952401979030958610e+05	1.191049280099601315e+00	2.209462198146182610e-01
4.980717075422671041e+05	1.197859042709407129e+00	2.216509509740104134e-01
5.009182848180644796e+05	1.204705042892403322e+00	2.223580704167661126e-01
5.037800071767167537e+05	1.211587466906302923e+00	2.230675862764235073e-01
5.066569524542005383e+05	1.218506501946159171e+00	2.237795067150125661e-01
5.095491988781753462e+05	1.225462336149021780e+00	2.244938399231514725e-01
5.124568250699380878e+05	1.232455158598634526e+00	2.252105941201442418e-01
5.153799100463645882e+05	1.239485159330107722e+00	2.259297775540788089e-01
5.183185332218890544e+05	1.246552529334675752e+00	2.266513985019275590e-01
5.212727744104674202e+05	1.253657460564421289e+00	2.273754652696469425e-01
5.242427138275727048e+05	1.260800145937072791e+00	2.281019861922764791e-01
5.272284320921776816e+05	1.267980779340773356e+00	2.288309696340388444e-01
5.302300102287731133e+05	1.275199555638934612e+00	2.295624239884420381e-01
5.332475296693678247e+05	1.282456670675046873e+00	2.302963576783798039e-01
5.362810722555204993e+05	1.289752321277564118e+00	2.310327791562293842e-01
5.393307202403687406e+05	1.297086705264786755e+00	2.317716969039597952e-01
5.423965562906768173e+05	1.304460021449784346e+00	2.325131194332285822e-01
5.454786634888873668e+05	1.311872469645329664e+00	2.332570552854858481e-01
5.485771253351953346e+05	1.319324250668888698e+00	2.340035130320786416e-01
5.516920257496020058e+05	1.326815566347558262e+00	2.347525012743527095e-01
5.548234490740171168e+05	1.334346619523122390e+00	2.355040286437541097e-01
5.579714800743502565e+05	1.341917614057082986e+00	2.362581038019406221e-01
5.611362039426023839e+05	1.349528754835688238e+00	2.370147354408730922e-01
5.643177062989994884e+05	1.357180247775065407e+00	2.377739322829319490e-01
5.675160731941149570e+05	1.364872299826325408e+00	2.385357030810180967e-01
5.707313911109959008e+05	1.372605118980674499e+00	2.393000566186579692e-01
5.739637469673187006e+05	1.380378914274601021e+00	2.400670017101088072e-01
5.772132281175432727e+05	1.388193895795053923e+00	2.408365472004698749e-01
5.804799223550688475e+05	1.396050274684629278e+00	2.416087019657799373e-01
5.837639179144405061e+05	1.403948263146876929e+00	2.423834749131302257e-01
5.870653034735127585e+05	1.411888074451502106e+00	2.431608749807719627e-01
5.903841681556669064e+05	1.419869922939699380e+00	2.439409111382253859e-01
5.937206015320131555e+05	1.427894024029449760e+00	2.447235923863818885e-01
5.970746936236082111e+05	1.435960594220851982e+00	2.455089277576174289e-01
6.004465349037006963e+05	1.444069851101523749e+00	2.462969263159009159e-01
6.038362162999607390e+05	1.452222013351963437e+00	2.470875971569041762e-01
6.072438291967443656e+05	1.460417300750997960e+00	2.478809494081107290e-01
6.106694654373596422e+05	1.468655934181228639e+00	2.486769922289211454e-01
6.141132173263402656e+05	1.476938135634504601e+00	2.494757348107716766e-01
6.175751776317283511e+05	1.485264128217406610e+00	2.502771863772424443e-01
6.210554395873820176e+05	1.493634136156803294e+00	2.510813561841697683e-01
6.245540968952898402e+05	1.502048384805412251e+00	2.518882535197500272e-01
6.280712437278794823e+05	1.510507100647354939e+00	2.526978877046620053e-01
6.316069747303599725e+05	1.519010511303789057e+00	2.535102680921765272e-01
6.351613850230699172e+05	1.527558845538556476e+00	2.543254040682654260e-01
6.387345702038249001e+05	1.536152333263828051e+00	2.551433050517196155e-01
6.423266263502927031e+05	1.544791205545815949e+00	2.559639804942593355e-01
6.459376500223675976e+05	1.553475694610485069e+00	2.567874398806537783e-01
6.495677382645698963e+05	1.562206033849322218e+00	2.576136927288238954e-01
6.532169886084365426e+05	1.570982457825087053e+00	2.584427485899748467e-01
6.568854990749512799e+05	1.579805202277655196e+00	2.592746170486953106e-01
6.605733681769608520e+05	1.588674504129830023e+00	2.601093077230838269e-01
6.642806949216149515e+05	1.597590601493210860e+00	2.609468302648587090e-01
6.680075788128201384e+05	1.606553733674094042e+00	2.617871943594785034e-01
6.717541198537050514e+05	1.615564141179402613e+00	2.626304097262563420e-01
6.755204185490888776e+05	1.624622065722620912e+00	2.634764861184805684e-01
6.793065759079732234e+05	1.633727750229791109e+00	2.643254333235300346e-01
6.831126934460408520e+05	1.642881438845518405e+00	2.651772611629931165e-01
6.869388731881635031e+05	1.652083376939006643e+00	2.660319794927899495e-01
6.907852176709326450e+05	1.661333811110140779e+00	2.668895982032834513e-01
6.946518299451844068e+05	1.670632989195562024e+00	2.677501272194067194e-01
6.985388135785759659e+05	1.679981160274862440e+00	2.686135765007796050e-01
7.024462726581045426e+05	1.689378574676644984e+00	2.694799560418297268e-01
7.063743117927153362e+05	1.698825483984793161e+00	2.703492758719160949e-01
7.103230361158810556e+05	1.708322141044676501e+00	2.712215460554426305e-01
7.142925512881891336e+05	1.717868799969373139e+00	2.720967766919912822e-01
7.182829634999682894e+05	1.727465716145983654e+00	2.729749779164351020e-01
7.222943794739039149e+05	1.737113146241926254e+00	2.738561598990644774e-01
7.263269064676837297e+05	1.746811348211293691e+00	2.747403328457084237e-01
7.303806522766440175e+05	1.756560581301222390e+00	2.756275069978640913e-01
7.344557252364339074e+05	1.766361106058296659e+00	2.765176926328108409e-01
7.385522342256932752e+05	1.776213184334990869e+00	2.774109000637463018e-01
7.426702886687370483e+05	1.786117079296125176e+00	2.783071396398978381e-01
7.468099985382718733e+05	1.796073055425397857e+00	2.792064217466618259e-01
7.509714743581090588e+05	1.806081378531910087e+00	2.801087568057175625e-01
7.551548272058778675e+05	1.816142315756693604e+00	2.810141552751606597e-01
7.593601687157894485e+05	1.826256135579354289e+00	2.819226276496290540e-01
7.635876110813821433e+05	1.836423107824678436e+00	2.828341844604285726e-01
7.678372670583027648e+05	1.846643503669318509e+00	2.837488362756581672e-01
7.721092499670751859e+05	1.856917595648453823e+00	2.846665937003438063e-01
7.764036736959214322e+05	1.867245657662573555e+00	2.855874673765638194e-01
7.807206527035320178e+05	1.877627964984140752e+00	2.865114679835735201e-01
7.850603020219482714e+05	1.888064794264524338e+00	2.874386062379434836e-01
7.894227372593537439e+05	1.898556423540710636e+00	2.883688928936832263e-01
7.938080746029552538e+05	1.909103132242234269e+00	2.893023387423750425e-01
7.982164308218286606e+05	1.919705201198021127e+00	2.902389546133007370e-01
8.026479232698170235e+05	1.930362912643358575e+00	2.911787513735757393e-01
8.071026698884153739e+05	1.941076550226834119e+00	2.921217399282804439e-01
8.115807892097018193e+05	1.951846399017383993e+00	2.930679312205926590e-01
8.160824003592282534e+05	1.962672745511244710e+00	2.940173362319217776e-01
8.206076230589834740e+05	1.973555877639080469e+00	2.949699659820372855e-01
8.251565776303287130e+05	1.984496084773041957e+00	2.959258315292077612e-01
8.297293849969801959e+05	1.995493657733941051e+00	2.968849439703311610e-01
8.343261666879943805e+05	2.006548888798429076e+00	2.978473144410714868e-01
8.389470448407455115e+05	2.017662071706157523e+00	2.988129541159925684e-01
8.435921422039549798e+05	2.028833501667063999e+00	2.997818742086971189e-01
8.482615821406871546e+05	2.040063475368578239e+00	3.007540859719567417e-01
8.529554886314392788e+05	2.051352290983051940e+00	3.017296006978538170e-01
8.576739862771499902e+05	2.062700248174993867e+00	3.027084297179143402e-01
8.624172003023012076e+05	2.074107648108532320e+00	3.036905844032509738e-01
8.671852565579924267e+05	2.085574793454804787e+00	3.046760761646957194e-01
8.719782815250394633e+05	2.097101988399416417e+00	3.056649164529395279e-01
8.767964023170940345e+05	2.108689538649934914e+00	3.066571167586751301e-01
8.816397466837695101e+05	2.120337751443413854e+00	3.076526886127312621e-01
8.865084430138055468e+05	2.132046935554002598e+00	3.086516435862169949e-01
8.914026203382048989e+05	2.143817401300487813e+00	3.096539932906587356e-01
8.963224083334363531e+05	2.155649460553999308e+00	3.106597493781430575e-01
9.012679373246133327e+05	2.167543426745652813e+00	3.116689235414588643e-01
9.062393382887146436e+05	2.179499614874296665e+00	3.126815275142367234e-01
9.112367428577758837e+05	2.191518341514186119e+00	3.136975730710960253e-01
9.162602833221812034e+05	2.203599924822902345e+00	3.147170720277818745e-01
9.213100926338813733e+05	2.215744684549089349e+00	3.157400362413141925e-01
9.263863044096931117e+05	2.227952942040388962e+00	3.167664776101282720e-01
9.314890529345575487e+05	2.240225020251280341e+00	3.177964080742209929e-01
9.366184731648792513e+05	2.252561243751106002e+00	3.188298396152962622e-01
9.417747007318243850e+05	2.264961938732008129e+00	3.198667842569091202e-01
9.469578719446545001e+05	2.277427433016942615e+00	3.209072540646113469e-01
9.521681237941021100e+05	2.289958056067800563e+00	3.219512611461003981e-01
9.574055939557313686e+05	2.302554138993487154e+00	3.229988176513656217e-01
9.626704207933098078e+05	2.315216014558033830e+00	3.240499357728350849e-01
9.679627433622375829e+05	2.327944017188845027e+00	3.251046277455238442e-01
9.732827014129468007e+05	2.340738482984871638e+00	3.261629058471868792e-01
9.786304353943495080e+05	2.353599749724904822e+00	3.272247823984602566e-01
9.840060864572986029e+05	2.366528156875900457e+00	3.282902697630182831e-01
9.894097964580317494e+05	2.379524045601258742e+00	3.293593803477189996e-01
9.948417079616859555e+05	2.392587758769280537e+00	3.304321266027585025e-01
1.000301964245793410e+06	2.405719640961571759e+00	3.315085210218209344e-01
1.005790709303808399e+06	2.418920038481526369e+00	3.325885761422294196e-01
1.011308087848624564e+06	2.432189299362787160e+00	3.336723045450991076e-01
1.016854245316167478e+06	2.445527773377882852e+00	3.347597188554917169e-01
1.022429327868940891e+06	2.458935812046759484e+00	3.358508317425677459e-01
1.028033482399633154e+06	2.472413768645452592e+00	3.369456559197392953e-01
1.033666856534715858e+06	2.485961998214740731e+00	3.380442041448306623e-01
1.039329598638075986e+06	2.499580857568884262e+00	3.391464892202253889e-01
1.045021857814673684e+06	2.513270705304419206e+00	3.402525239930214718e-01
1.050743783914183034e+06	2.527031901808913350e+00	3.413623213552027247e-01
1.056495527534687892e+06	2.540864809269855140e+00	3.424758942437778897e-01
1.062277240026376909e+06	2.554769791683543456e+00	3.435932556409453387e-01
1.068089073495265795e+06	2.568747214864034678e+00	3.447144185742506695e-01
1.073931180806905963e+06	2.582797446452063550e+00	3.458393961167443020e-01
1.079803715590172214e+06	2.596920855924153670e+00	3.469682013871490112e-01
1.085706832241029711e+06	2.611117814601677800e+00	3.481008475500067534e-01
1.091640685926300474e+06	2.625388695659913285e+00	3.492373478158450895e-01
1.097605432587506948e+06	2.639733874137286218e+00	3.503777154413343364e-01
1.103601228944666917e+06	2.654153726944503244e+00	3.515219637294559329e-01
1.109628232500161743e+06	2.668648632873846349e+00	3.526701060296593693e-01
1.115686601542590884e+06	2.683218972608451658e+00	3.538221557380254456e-01
1.121776495150669944e+06	2.697865128731675721e+00	3.549781262974324170e-01
1.127898073197111953e+06	2.712587485736436488e+00	3.561380311977161983e-01
1.134051496352558024e+06	2.727386430034665299e+00	3.573018839758325127e-01
1.140236926089549903e+06	2.742262349966857027e+00	3.584696982160297529e-01
1.146454524686455028e+06	2.757215635811514964e+00	3.596414875500046904e-01
1.152704455231435131e+06	2.772246679794690749e+00	3.608172656570735604e-01
1.158986881626502378e+06	2.787355876099744112e+00	3.619970462643409825e-01
1.165301968591487734e+06	2.802543620876881025e+00	3.631808431468643850e-01
1.171649881668095943e+06	2.817810312252912119e+00	3.643686701278212037e-01
1.178030787223961903e+06	2.833156350341003105e+00	3.655605410786785248e-01
1.184444852456778288e+06	2.848582137250604163e+00	3.667564699193635036e-01
1.190892245398300001e+06	2.864088077097080021e+00	3.679564706184275669e-01
1.197373134918539552e+06	2.879674576011800990e+00	3.691605571932232155e-01
1.203887690729883732e+06	2.895342042152041273e+00	3.703687437100716129e-01
1.210436083391243359e+06	2.911090885710961640e+00	3.715810442844369454e-01
1.217018484312252840e+06	2.926921518927706689e+00	3.727974730810899584e-01
1.223635065757466713e+06	2.942834356097500326e+00	3.740180443142882560e-01
1.230286000850561773e+06	2.958829813581747903e+00	3.752427722479503291e-01
1.236971463578600436e+06	2.974908309818295127e+00	3.764716711958248085e-01
1.243691628796278732e+06	2.991070265331639888e+00	3.777047555216695440e-01
1.250446672230239725e+06	3.007316102743308406e+00	3.789420396394219126e-01
1.257236770483335946e+06	3.023646246782103031e+00	3.801835380133791187e-01
1.264062101038965397e+06	3.040061124294534789e+00	3.814292651583719440e-01
1.270922842265462503e+06	3.056561164255382934e+00	3.826792356399384420e-01
1.277819173420405481e+06	3.073146797778050221e+00	3.839334640745074578e-01
1.284751274655039189e+06	3.089818458125201950e+00	3.851919651295797054e-01
1.291719327018699376e+06	3.106576580719409453e+00	3.864547535238958553e-01
1.298723512463205261e+06	3.123421603153710091e+00	3.877218440276211653e-01
1.305764013847349677e+06	3.140353965202406172e+00	3.889932514625318305e-01
1.312841014941367088e+06	3.157374108831813686e+00	3.902689907021854587e-01
1.319954700431401841e+06	3.174482478211006153e+00	3.915490766721104188e-01
1.327105255924085388e+06	3.191679519722821379e+00	3.928335243499793683e-01
1.334292867951036897e+06	3.208965681974689232e+00	3.941223487658063740e-01
1.341517723973433254e+06	3.226341415809619750e+00	3.954155650021150548e-01
1.348780012386611663e+06	3.243807174317272501e+00	3.967131881941294846e-01
1.356079922524672002e+06	3.261363412845025955e+00	3.980152335299559918e-01
1.363417644665095489e+06	3.279010589009085486e+00	3.993217162507784468e-01
1.370793370033440180e+06	3.296749162705773895e+00	4.006326516510297364e-01
1.378207290807960788e+06	3.314579596122648741e+00	4.019480550785905493e-01
1.385659600124355173e+06	3.332502353749905666e+00	4.032679419349623484e-01
1.393150492080485215e+06	3.350517902391743519e+00	4.045923276754759823e-01
1.400680161741093732e+06	3.368626711177705069e+00	4.059212278094638804e-01
1.408248805142602883e+06	3.386829251574212218e+00	4.072546579004499012e-01
1.415856619297890691e+06	3.405125997396061255e+00	4.085926335663522813e-01
1.423503802201128565e+06	3.423517424818049992e+00	4.099351704796552198e-01
1.431190552832604619e+06	3.442004012386583156e+00	4.112822843676210982e-01
1.438917071163603337e+06	3.460586241031404775e+00	4.126339910124638410e-01
1.446683558161269873e+06	3.479264594077300377e+00	4.139903062515605248e-01
1.454490215793546755e+06	3.498039557255962606e+00	4.153512459776205756e-01
1.462337247034094529e+06	3.516911618717835086e+00	4.167168261389023187e-01
1.470224855867258972e+06	3.535881269044049979e+00	4.180870627393986627e-01
1.478153247293068562e+06	3.554949001258451702e+00	4.194619718390289465e-01
1.486122627332226606e+06	3.574115310839601101e+00	4.208415695538418877e-01
1.494133203031146899e+06	3.593380695732887098e+00	4.222258720562064305e-01
1.502185182467005914e+06	3.612745656362675639e+00	4.236148955750127509e-01
1.510278774752868572e+06	3.632210695644640275e+00	4.250086563958729857e-01
1.518414190042732516e+06	3.651776318997889792e+00	4.264071708613161316e-01
1.526591639536694624e+06	3.671443034357397384e+00	4.278104553709888291e-01
1.534811335486132186e+06	3.691211352186457351e+00	4.292185263818543151e-01
1.543073491198851261e+06	3.711081785489070306e+00	4.306314004083951485e-01
1.551378321044292534e+06	3.731054849822459385e+00	4.320490940228119414e-01
1.559726040458792588e+06	3.751131063309729896e+00	4.334716238552344114e-01
1.568116865950847743e+06	3.771310946652522755e+00	4.348990065939138949e-01
1.576551015106363455e+06	3.791595023143641718e+00	4.363312589854364543e-01
1.585028706594010815e+06	3.811983818679934632e+00	4.377683978349192206e-01
1.593550160170500167e+06	3.832477861774979733e+00	4.392104400062205594e-01
1.602115596686031204e+06	3.853077683572188494e+00	4.406574024221495134e-01
1.610725238089616178e+06	3.873783817857610945e+00	4.421093020646613136e-01
1.619379307434534654e+06	3.894596801073051839e+00	4.435661559750781469e-01
1.628078028883753577e+06	3.915517172329111784e+00	4.450279812542891622e-01
1.636821627715408336e+06	3.936545473418359808e+00	4.464947950629596374e-01
1.645610330328299664e+06	3.957682248828561455e+00	4.479666146217466949e-01
1.654444364247407531e+06	3.978928045755937060e+00	4.494434572115086901e-01
1.663323958129464183e+06	4.000283414118561254e+00	4.509253401735046629e-01
1.672249341768498765e+06	4.021748906569705184e+00	4.524122809096262077e-01
1.681220746101490455e+06	4.043325078511424309e+00	4.539042968825938162e-01
1.690238403213944053e+06	4.065012488107974775e+00	4.554014056161740376e-01
1.699302546345590148e+06	4.086811696299516683e+00	4.569036246954019109e-01
1.708413409896068973e+06	4.108723266815785813e+00	4.584109717667883555e-01
1.717571229430638952e+06	4.130747766189823977e+00	4.599234645385344988e-01
1.726776241685918067e+06	4.152885763771786642e+00	4.614411207807554982e-01
1.736028684575654101e+06	4.175137831742816275e+00	4.629639583256902058e-01
1.745328797196541214e+06	4.197504545129037368e+00	4.644919950679281540e-01
1.754676819834026508e+06	4.219986481815517720e+00	4.660252489646189433e-01
1.764072993968199706e+06	4.242584222560431328e+00	4.675637380356982287e-01
1.773517562279644655e+06	4.265298351009137789e+00	4.691074803641080426e-01
1.783010768655365566e+06	4.288129453708425132e+00	4.706564940960133447e-01
1.792552858194733504e+06	4.311078120120821033e+00	4.722107974410265641e-01
1.802144077215464320e+06	4.334144942638963549e+00	4.737704086724298658e-01
1.811784673259616364e+06	4.357330516600025128e+00	4.753353461274066882e-01
1.821474895099638728e+06	4.380635440300265415e+00	4.769056282072509645e-01
1.831214992744385963e+06	4.404060315009487248e+00	4.784812733776042659e-01
1.841005217445254326e+06	4.427605744985802616e+00	4.800623001686780134e-01
1.850845821702283574e+06	4.451272337490299158e+00	4.816487271754819055e-01
1.860737059270295780e+06	4.475060702801814116e+00	4.832405730580456860e-01
1.870679185165129136e+06	4.498971454231917022e+00	4.848378565416567310e-01
1.880672455669766525e+06	4.523005208139653455e+00	4.864405964170759322e-01
1.890717128340648022e+06	4.547162583946728454e+00	4.880488115407847216e-01
1.900813462013910525e+06	4.571444204152507851e+00	4.896625208352026193e-01
1.910961716811693041e+06	4.595850694349185694e+00	4.912817432889242664e-01
1.921162154148465954e+06	4.620382683237004073e+00	4.929064979569503513e-01
1.931415036737425951e+06	4.645040802639638144e+00	4.945368039609221444e-01
1.941720628596835770e+06	4.669825687519434609e+00	4.961726804893593634e-01
1.952079195056510391e+06	4.694737975993017898e+00	4.978141467978871582e-01
1.962491002764227102e+06	4.719778309346704503e+00	4.994612222094731990e-01
1.972956319692258490e+06	4.744947332052212197e+00	5.011139261146699830e-01
1.983475415143855615e+06	4.770245691782256436e+00	5.027722779718478696e-01
1.994048559759825235e+06	4.795674039426364388e+00	5.044362973074343337e-01
2.004676025525111007e+06	4.821233029106704926e+00	5.061060037161561054e-01
2.015358085775405634e+06	4.846923318193991470e+00	5.077814168612716506e-01
2.026095015203803778e+06	4.872745567323479854e+00	5.094625564748210822e-01
2.036887089867499657e+06	4.898700440411078993e+00	5.111494423578635260e-01
2.047734587194462772e+06	4.924788604669400272e+00	5.128420943807132648e-01
2.058637785990240984e+06	4.951010730624130218e+00	5.145405324831967553e-01
2.069596966444707243e+06	4.977367492130239768e+00	5.162447766748842204e-01
2.080612410138876643e+06	5.003859566388396019e+00	5.179548470353487755e-01
2.091684400051755132e+06	5.030487633961422844e+00	5.196707637143939129e-01
2.102813220567231998e+06	5.057252378790878744e+00	5.213925469323170692e-01
2.113999157480995171e+06	5.084154488213695089e+00	5.231202169801510982e-01
2.125242498007469811e+06	5.111194652978849895e+00	5.248537942199055228e-01
2.136543530786794610e+06	5.138373567264161501e+00	5.265932990848297690e-01
2.147902545891847461e+06	5.165691928693171064e+00	5.283387520796524184e-01
2.159319834835315123e+06	5.193150438352157394e+00	5.300901737808453307e-01
2.170795690576771740e+06	5.220749800807150010e+00	5.318475848368564574e-01
2.182330407529766671e+06	5.248490724120983941e+00	5.336110059683799589e-01
2.193924281569013838e+06	5.276373919870584572e+00	5.353804579686055609e-01
2.205577610037594102e+06	5.304400103164290670e+00	5.371559617034711298e-01
2.217290691754136700e+06	5.332569992659126790e+00	5.389375381119162478e-01
2.229063827020118013e+06	5.360884310578355461e+00	5.407252082061433374e-01
2.240897317627117503e+06	5.389343782728932553e+00	5.425189930718762321e-01
2.252791466864229180e+06	5.417949138519319696e+00	5.443189138686136408e-01
2.264746579525326379e+06	5.446701110976968963e+00	5.461249918298973771e-01
2.276762961916530039e+06	5.475600436766281831e+00	5.479372482635542774e-01
2.288840921863678377e+06	5.504647856206563716e+00	5.497557045519800845e-01
2.300980768719710875e+06	5.533844113289794642e+00	5.515803821523930228e-01
2.313182813372267876e+06	5.563189955698900846e+00	5.534113025970884836e-01
2.325447368251187261e+06	5.592686134825779476e+00	5.552484874937121395e-01
2.337774747336117085e+06	5.622333405789618155e+00	5.570919585255211803e-01
2.350165266164153349e+06	5.652132527455257183e+00	5.589417374516583159e-01
2.362619241837453097e+06	5.682084262451495782e+00	5.607978461074032417e-01
2.375136993030966260e+06	5.712189377189690553e+00	5.626603064044563007e-01
2.387718840000195894e+06	5.742448641882424987e+00	5.645291403311974987e-01
2.400365104588933289e+06	5.772862830562100811e+00	5.664043699529615061e-01
2.413076110237062909e+06	5.803432721099716751e+00	5.682860174123000041e-01
2.425852181988453958e+06	5.834159095223842684e+00	5.701741049292630148e-01
2.438693646498848218e+06	5.865042738539596456e+00	5.720686548016672424e-01
2.451600832043712959e+06	5.896084440547525674e+00	5.739696894053715193e-01
2.464574068526322022e+06	5.927284994663038376e+00	5.758772311945460354e-01
2.477613687485663220e+06	5.958645198235428708e+00	5.777913027019576653e-01
2.490720022104566917e+06	5.990165852567423954e+00	5.797119265392345344e-01
2.503893407217674889e+06	6.021847762934346981e+00	5.816391253971550102e-01
2.517134179319749586e+06	6.053691738604099370e+00	5.835729220459148214e-01
2.530442676573587582e+06	6.085698592856195077e+00	5.855133393354141624e-01
2.543819238818468526e+06	6.117869143002082843e+00	5.874604001955413546e-01
2.557264207578237634e+06	6.150204210404576877e+00	5.894141276364440740e-01
2.570777926069656387e+06	6.182704620497950110e+00	5.913745447488113482e-01
2.584360739210683387e+06	6.215371202807840945e+00	5.933416747041748707e-01
2.598012993628909346e+06	6.248204790971546352e+00	5.953155407551731226e-01
2.611735037669880781e+06	6.281206222758032531e+00	5.972961662358470258e-01
2.625527221405639779e+06	6.314376340088480255e+00	5.992835745619222720e-01
2.639389896643097512e+06	6.347715989056419872e+00	6.012777892310978700e-01
2.653323416932662949e+06	6.381226019948483597e+00	6.032788338233375791e-01
2.667328137576772831e+06	6.414907287264918878e+00	6.052867320011622310e-01
2.681404415638497099e+06	6.448760649740285622e+00	6.073015075099258420e-01
2.695552609950225335e+06	6.482786970364350587e+00	6.093231841781192593e-01
2.709773081122342963e+06	6.516987116402945368e+00	6.113517859176618163e-01
2.724066191551959142e+06	6.551361959418962932e+00	6.133873367241932106e-01
2.738432305431700312e+06	6.585912375293510479e+00	6.154298606773680458e-01
2.752871788758560084e+06	6.620639244247175981e+00	6.174793819411463769e-01
2.767385009342759848e+06	6.655543450861359567e+00	6.195359247641065714e-01
2.781972336816615891e+06	6.690625884099586251e+00	6.215995134797224209e-01
2.796634142643559724e+06	6.725887437329199692e+00	6.236701725066763347e-01
2.811370800127103925e+06	6.761329008342929825e+00	6.257479263491525501e-01
2.826182684419873171e+06	6.796951499380611494e+00	6.278327995971380027e-01
2.841070172532749362e+06	6.832755817151173083e+00	6.299248169267375186e-01
2.856033643343902659e+06	6.868742872854364911e+00	6.320240031004584758e-01
2.871073477608084679e+06	6.904913582203102251e+00	6.341303829675193349e-01
2.886190057965761051e+06	6.941268865445429981e+00	6.362439814641638325e-01
2.901383768952470738e+06	6.977809647387037906e+00	6.383648236139600751e-01
2.916654997008027509e+06	7.014536857413379956e+00	6.404929345281101805e-01
2.932004130485928617e+06	7.051451429512312075e+00	6.426283394057566989e-01
2.947431559662798885e+06	7.088554302296796727e+00	6.447710635342984720e-01
2.962937676747750491e+06	7.125846419027421774e+00	6.469211322896905036e-01
2.978522875891993288e+06	7.163328727635502879e+00	6.490785711367668132e-01
2.994187553198274691e+06	7.201002180745798675e+00	6.512434056295464124e-01
3.009932106730528176e+06	7.238867735699701988e+00	6.534156614115483874e-01
3.025756936523477081e+06	7.276926354578347578e+00	6.555953642161160833e-01
3.041662444592341781e+06	7.315179004225953463e+00	6.577825398667126455e-01
3.057649034942545462e+06	7.353626656273162254e+00	6.599772142772595274e-01
3.073717113579535391e+06	7.392270287160666697e+00	6.621794134524461306e-01
3.089867088518536184e+06	7.431110878162654920e+00	6.643891634880522146e-01
3.106099369794491678e+06	7.470149415410735294e+00	6.666064905712620892e-01
3.122414369471922051e+06	7.509386889917632146e+00	6.688314209809943511e-01
3.138812501654987689e+06	7.548824297601392175e+00	6.710639810882198519e-01
3.155294182497399859e+06	7.588462639309218716e+00	6.733041973562899907e-01
3.171859830212586094e+06	7.628302920841924184e+00	6.755520963412509072e-01
3.188509865083728917e+06	7.668346152978067209e+00	6.778077046921973103e-01
3.205244709473979659e+06	7.708593351498516100e+00	6.800710491515665757e-01
3.222064787836650852e+06	7.749045537210974111e+00	6.823421565554809165e-01
3.238970526725524105e+06	7.789703735974751631e+00	6.846210538340931073e-01
3.255962354805067182e+06	7.830568978725346518e+00	6.869077680118934603e-01
3.273040702860931866e+06	7.871642301499695016e+00	6.892023262080493318e-01
3.290206003810280003e+06	7.912924745461006104e+00	6.915047556367567294e-01
3.307458692712273449e+06	7.954417356923976890e+00	6.938150836075417383e-01
3.324799206778603606e+06	7.996121187380134110e+00	6.961333375256272271e-01
3.342227985384079162e+06	8.038037293523283111e+00	6.984595448922632510e-01
3.359745470077186357e+06	8.080166737274913302e+00	7.007937333050435758e-01
3.377352104590838309e+06	8.122510585810047701e+00	7.031359304582613934e-01
3.395048334853041451e+06	8.165069911582895301e+00	7.054861641432659258e-01
3.412834608997730073e+06	8.207845792352909342e+00	7.078444622487776172e-01
3.430711377375529148e+06	8.250839311210672378e+00	7.102108527612367439e-01
3.448679092564704828e+06	8.294051556604227216e+00	7.125853637651634598e-01
3.466738209382070694e+06	8.337483622365313707e+00	7.149680234434894199e-01
3.484889184893981088e+06	8.381136607735799160e+00	7.173588600779013946e-01
3.503132478427343071e+06	8.425011617394172703e+00	7.197579020492076429e-01
3.521468551580795087e+06	8.469109761482421561e+00	7.221651778376599884e-01
3.539897868235798553e+06	8.513432155632706611e+00	7.245807160233304067e-01
3.558420894567860290e+06	8.557979920994357670e+00	7.270045452864517532e-01
3.577038099057794083e+06	8.602754184260955839e+00	7.294366944077689263e-01
3.595749952503042296e+06	8.647756077697550836e+00	7.318771922688931397e-01
3.614556928029034752e+06	8.692986739168000909e+00	7.343260678526504215e-01
3.633459501100623515e+06	8.738447312162451297e+00	7.367833502434674164e-01
3.652458149533587508e+06	8.784138945825018752e+00	7.392490686276906864e-01
3.671553353506149724e+06	8.830062794981483165e+00	7.417232522939807282e-01
3.690745595570568461e+06	8.876220020167162161e+00	7.442059306336377134e-01
3.710035360664791428e+06	8.922611787654942006e+00	7.466971331409967272e-01
3.729423136124209967e+06	8.969239269483551880e+00	7.491968894137678303e-01
3.748909411693339702e+06	9.016103643485646302e+00	7.517052291534118691e-01
3.768494679537748918e+06	9.063206093316500400e+00	7.542221821654971903e-01
3.788179434255837929e+06	9.110547808482332144e+00	7.567477783600826680e-01
3.807964172890872229e+06	9.158129984369248078e+00	7.592820477520593192e-01
3.827849394942904357e+06	9.205953822271913722e+00	7.618250204615479859e-01
3.847835602380882949e+06	9.254020529422675168e+00	7.643767267142611566e-01
3.867923299654718488e+06	9.302331319020577638e+00	7.669371968418627894e-01
3.888112993707545567e+06	9.350887410260849464e+00	7.695064612823615535e-01
3.908405193987858482e+06	9.399690028364103611e+00	7.720845505804548869e-01
3.928800412461826578e+06	9.448740404605942445e+00	7.746714953879531018e-01
3.949299163625741377e+06	9.498039776346892893e+00	7.772673264641140056e-01
3.969901964518300723e+06	9.547589387061965027e+00	7.798720746760305911e-01
3.990609334733174648e+06	9.597390486370850127e+00	7.824857709990310495e-01
4.011421796431507450e+06	9.647444330068006835e+00	7.851084465170448112e-01
4.032339874354509637e+06	9.697752180152935608e+00	7.877401324229855728e-01
4.053364095836113207e+06	9.748315304860620145e+00	7.903808600191348788e-01
4.074494990815738682e+06	9.799134978692224607e+00	7.930306607175301448e-01
4.095733091851014178e+06	9.850212482445686035e+00	7.956895660403650039e-01
4.117078934130668174e+06	9.901549103246729544e+00	7.983576076203511285e-01
4.138533055487392936e+06	9.953146134579789361e+00	8.010348172011233503e-01
4.160095996410869993e+06	1.000500487631934732e+01	8.037212266376272396e-01
4.181768300060785841e+06	1.005712663476123225e+01	8.064168678965166759e-01
4.203550512279884890e+06	1.010951272265400824e+01	8.091217730565535282e-01
4.225443181607213803e+06	1.016216445923083356e+01	8.118359743089779146e-01
4.247446859291283414e+06	1.021508317024110823e+01	8.145595039579297536e-01
4.269562099303341471e+06	1.026827018798240765e+01	8.172923944208334568e-01
4.291789458350789733e+06	1.032172685133272871e+01	8.200346782288084890e-01
4.314129495890620165e+06	1.037545450578282136e+01	8.227863880270640529e-01
4.336582774142777547e+06	1.042945450346832814e+01	8.255475565752834477e-01
4.359149858103852719e+06	1.048372820320269838e+01	8.283182167480667157e-01
