0.000000000000000000e+00
3.706885283308802173e+03
7.427568393176654354e+03
1.116210067547939252e+04
1.491053367035277188e+04
1.867291911285009701e+04
2.244930893367051613e+04
2.623975525981688406e+04
3.004431041531451046e+04
3.386302692189766094e+04
3.769595749971270561e+04
4.154315506802720483e+04
4.540467274594993796e+04
4.928056385312951170e+04
5.317088191047566943e+04
5.707568064087512903e+04
6.099501396993617527e+04
6.492893602670053951e+04
6.887750114436889999e+04
7.284076386105711572e+04
7.681877892052126117e+04
8.081160127288429067e+04
8.481928607542277314e+04
8.884188869328331202e+04
9.287946470023458824e+04
9.693206987944105640e+04
1.009997602242263965e+05
1.050825919388174079e+05
1.091806214391172398e+05
1.132939053534776904e+05
1.174225005234726705e+05
1.215664640046823770e+05
1.257258530674718786e+05
1.299007251977648120e+05
1.340911380978301167e+05
1.382971496870932169e+05
1.425188181029194966e+05
1.467562017014147714e+05
1.510093590582178440e+05
1.552783489693133160e+05
1.595632304518378805e+05
1.638640627449124586e+05
1.681809053104249761e+05
1.725138178338576108e+05
1.768628602251345292e+05
1.812280926194302738e+05
1.856095753779972438e+05
1.900073690889910795e+05
1.944215345683395863e+05
1.988521328605487943e+05
2.032992252395681571e+05
2.077628732096261811e+05
2.122431385060928296e+05
2.167400830963286571e+05
2.212537691805304494e+05
2.257842591926138848e+05
2.303316158010605723e+05
2.348959019098218996e+05
2.394771806591476779e+05
2.440755154264685698e+05
2.486909698273057584e+05
2.533236077161317226e+05
2.579734931872596499e+05
2.626406905757507775e+05
2.673252644582614303e+05
2.720272796540048439e+05
2.767468012256009970e+05
2.814838944800044410e+05
2.862386249694221187e+05
2.910110584921946283e+05
2.958012610937450081e+05
3.006092990674893372e+05
3.054352389557305723e+05
3.102791475506376009e+05
3.151410918951334897e+05
3.200211392838372849e+05
3.249193572640325874e+05
3.298358136365709361e+05
3.347705764568387531e+05
3.397237140356949531e+05
3.446952949404399842e+05
3.496853879957515746e+05
3.546940622846707702e+05
3.597213871495441999e+05
3.647674321930042934e+05
3.698322672789371572e+05
3.749159625334586017e+05
3.800185883458929602e+05
3.851402153697696049e+05
3.902809145237891935e+05
3.954407569928234443e+05
4.006198142289263196e+05
4.058181579523028340e+05
4.110358601523519028e+05
4.162729930886121001e+05
4.215296292918543331e+05
4.268058415650266688e+05
4.321017029842985794e+05
4.374172869001000654e+05
4.427526669381218962e+05
4.481079170003624167e+05
4.534831112661552615e+05
4.588783241932119709e+05
4.642936305186734535e+05
4.697291052601265255e+05
4.751848237166893668e+05
4.806608614700483158e+05
4.861572943855193444e+05
4.916741986131118611e+05
4.972116505886062514e+05
5.027697270346179139e+05
5.083485049616538454e+05
5.139480616692279000e+05
5.195684747469113208e+05
5.252098220754577778e+05
5.308721818278457504e+05
5.365556324704254512e+05
5.422602527639896143e+05
5.479861217648831662e+05
5.537333188261205796e+05
5.595019235985004343e+05
5.652920160317032132e+05
5.711036763754365966e+05
5.769369851805518847e+05
5.827920233001739252e+05
5.886688718908380251e+05
5.945676124136368744e+05
6.004883266353411600e+05
6.064310966295783874e+05
6.123960047779581510e+05
6.183831337712563109e+05
6.243925666105486453e+05
6.304243866083915345e+05
6.364786773900068365e+05
6.425555228944129776e+05
6.486550073756496422e+05
6.547772154039442539e+05
6.609222318669008091e+05
6.670901419706738088e+05
6.732810312412213534e+05
6.794949855254355352e+05
6.857320909923897125e+05
6.919924341345599387e+05
6.982761017690170556e+05
7.045831810386572033e+05
7.109137594134244137e+05
7.172679246915315744e+05
7.236457650007072370e+05
7.300473687994468492e+05
7.364728248782292940e+05
7.429222223608067725e+05
7.493956507053805981e+05
7.558931997059462592e+05
7.624149594935281202e+05
7.689610205374229699e+05
7.755314736464817543e+05
7.821264099704022519e+05
7.887459210010245442e+05
7.953900985735855065e+05
8.020590348680091556e+05
8.087528224102430977e+05
8.154715540735095274e+05
8.222153230796845164e+05
8.289842230005157180e+05
8.357783477590414695e+05
8.425977916308369022e+05
8.494426492453555111e+05
8.563130155872746836e+05
8.632089859978547320e+05
8.701306561762271449e+05
8.770781221808020491e+05
8.840514804305743892e+05
8.910508277064873837e+05
8.980762611528448761e+05
9.051278782786158845e+05
9.122057769588332158e+05
9.193100554359925445e+05
9.264408123214002699e+05
9.335981465965909883e+05
9.407821576147042215e+05
9.479929451018853579e+05
9.552306091587184928e+05
9.624952502616094425e+05
9.697869692641999573e+05
9.771058673987900838e+05
9.844520462778045330e+05
9.918256078951612581e+05
9.992266546277443413e+05
1.006655289236855926e+06
1.014111614869647659e+06
1.021595735060581472e+06
1.029107753732880345e+06
1.036647775200009113e+06
1.044215904167110333e+06
1.051812245732548414e+06
1.059436905389341759e+06
1.067089989026627736e+06
1.074771602931212168e+06
1.082481853789044311e+06
1.090220848686719080e+06
1.097988695112976711e+06
1.105785500960248988e+06
1.113611374526143074e+06
1.121466424515013583e+06
1.129350760039438028e+06
1.137264490621834528e+06
1.145207726195940282e+06
1.153180577108372934e+06
1.161183154120222665e+06
1.169215568408591207e+06
1.177277931568142492e+06
1.185370355612730607e+06
1.193492952976911329e+06
1.201645836517572403e+06
1.209829119515549392e+06
1.218042915677156765e+06
1.226287339135851245e+06
1.234562504453820642e+06
1.242868526623602957e+06
1.251205521069687326e+06
1.259573603650203906e+06
1.267972890658503864e+06
1.276403498824793380e+06
1.284865545317858458e+06
1.293359147746634204e+06
1.301884424161903560e+06
1.310441493057971820e+06
1.319030473374320660e+06
1.327651484497310594e+06
1.336304646261834539e+06
1.344990078953038901e+06
1.353707903308009729e+06
1.362458240517480765e+06
1.371241212227555458e+06
1.380056940541408025e+06
1.388905548021028284e+06
1.397787157688930631e+06
1.406701893029910978e+06
1.415649877992768306e+06
1.424631236992089078e+06
1.433646094909983687e+06
1.442694577097860631e+06
1.451776809378185775e+06
1.460892918046275619e+06
1.470043029872074258e+06
1.479227272101940122e+06
1.488445772460436448e+06
1.497698659152186476e+06
1.506986060863626190e+06
1.516308106764859520e+06
1.525664926511473954e+06
1.535056650246346369e+06
1.544483408601546194e+06
1.553945332700116560e+06
1.563442554157968611e+06
1.572975205085733905e+06
1.582543418090633117e+06
1.592147326278331690e+06
1.601787063254855108e+06
1.611462763128470629e+06
1.621174560511559714e+06
1.630922590522538405e+06
1.640706988787770737e+06
1.650527891443490516e+06
1.660385435137723107e+06
1.670279757032209076e+06
1.680210994804354850e+06
1.690179286649188027e+06
1.700184771281298250e+06
1.710227587936804630e+06
1.720307876375332475e+06
1.730425776881970465e+06
1.740581430269289296e+06
1.750774977879307698e+06
1.761006561585500371e+06
1.771276323794806842e+06
1.781584407449649181e+06
1.791930956029956229e+06
1.802316113555196673e+06
1.812740024586387910e+06
1.823202834228193853e+06
1.833704688130958006e+06
1.844245732492735144e+06
1.854826114061401226e+06
1.865445980136723723e+06
1.876105478572413791e+06
1.886804757778276224e+06
1.897543966722263489e+06
1.908323254932616837e+06
1.919142772499968298e+06
1.930002670079464093e+06
1.940903098892896436e+06
1.951844210730871651e+06
1.962826157954927534e+06
1.973849093499705661e+06
1.984913170875115786e+06
1.996018544168531429e+06
2.007165368046926335e+06
2.018353797759111039e+06
2.029583989137913566e+06
2.040856098602385260e+06
2.052170283160020132e+06
2.063526700408977456e+06
2.074925508540327195e+06
2.086366866340280510e+06
2.097850933192450553e+06
2.109377869080082048e+06
2.120947834588354919e+06
2.132560990906647872e+06
2.144217499830816872e+06
2.155917523765490856e+06
2.167661225726386067e+06
2.179448769342607353e+06
2.191280318858967628e+06
2.203156039138300810e+06
2.215076095663833432e+06
2.227040654541525058e+06
2.239049882502388675e+06
2.251103946904884651e+06
2.263203015737300739e+06
2.275347257620120421e+06
2.287536841808402445e+06
2.299771938194212969e+06
2.312052717309010215e+06
2.324379350326071959e+06
2.336752009062906727e+06
2.349170865983746015e+06
2.361636094201918691e+06
2.374147867482376751e+06
2.386706360244077165e+06
2.399311747562539298e+06
2.411964205172288697e+06
2.424663909469348844e+06
2.437411037513755262e+06
2.450205767032056116e+06
2.463048276419891510e+06
2.475938744744407944e+06
2.488877351746917702e+06
2.501864277845377102e+06
2.514899704137000255e+06
2.527983812400779221e+06
2.541116785100078676e+06
2.554298805385255720e+06
2.567530057096242439e+06
2.580810724765130319e+06
2.594140993618846871e+06
2.607521049581713509e+06
2.620951079278157558e+06
2.634431270035299007e+06
2.647961809885654598e+06
2.661542887569800019e+06
2.675174692539047915e+06
2.688857414958149195e+06
2.702591245707927272e+06
2.716376376388116274e+06
2.730212999319934752e+06
2.744101307548953686e+06
2.758041494847749826e+06
2.772033755718674045e+06
2.786078285396654624e+06
2.800175279851948842e+06
2.814324935792888515e+06
2.828527450668758247e+06
2.842783022672494408e+06
2.857091850743626244e+06
2.871454134570975788e+06
2.885870074595604558e+06
2.900339872013576794e+06
2.914863728778892662e+06
2.929441847606278490e+06
2.944074431974171195e+06
2.958761686127510387e+06
2.973503815080713015e+06
2.988301024620571639e+06
3.003153521309108939e+06
3.018061512486629188e+06
3.033025206274604425e+06
3.048044811578618363e+06
3.063120538091388997e+06
3.078252596295719966e+06
3.093441197467470542e+06
3.108686553678617813e+06
3.123988877800221555e+06
3.139348383505465928e+06
3.154765285272739828e+06
3.170239798388624564e+06
3.185772138950996567e+06
3.201362523872112855e+06
3.217011170881616883e+06
3.232718298529738560e+06
3.248484126190349460e+06
3.264308874064113945e+06
3.280192763181576505e+06
3.296136015406333841e+06
3.312138853438213468e+06
3.328201500816428103e+06
3.344324181922727264e+06
3.360507121984615922e+06
3.376750547078584321e+06
3.393054684133285657e+06
3.409419760932781734e+06
3.425846006119798869e+06
3.442333649198958650e+06
3.458882920540076680e+06
3.475494051381418481e+06
3.492167273832991719e+06
3.508902820879837498e+06
3.525700926385403611e+06
3.542561825094820000e+06
3.559485752638280392e+06
3.576472945534371771e+06
3.593523641193418764e+06
3.610638077920951881e+06
3.627816494921018369e+06
3.645059132299629040e+06
3.662366231068148278e+06
3.679738033146763220e+06
3.697174781367934309e+06
3.714676719479823485e+06
3.732244092149758711e+06
3.749877144967759028e+06
3.767576124450033531e+06
3.785341278042463586e+06
3.803172854124143720e+06
3.821071102010930888e+06
3.839036271958955564e+06
3.857068615168277174e+06
3.875168383786361665e+06
3.893335830911758356e+06
3.911571210597650148e+06
3.929874777855522931e+06
3.948246788658740930e+06
3.966687499946271069e+06
3.985197169626306742e+06
4.003776056579912081e+06
4.022424420664806850e+06
4.041142522718953900e+06
4.059930624564382248e+06
4.078788989010840654e+06
4.097717879859631881e+06
4.116717561907319352e+06
4.135788300949450582e+06
4.154930363784478046e+06
4.174144018217465840e+06
4.193429533063977025e+06
4.212787178153824992e+06
4.232217224335000850e+06
4.251719943477525376e+06
4.271295608477286994e+06
4.290944493259981275e+06
4.310666872784971260e+06
4.330463023049271666e+06
4.350333221091452055e+06
4.370277744995567948e+06
4.390296873895201832e+06
4.410390887977383099e+06
4.430560068486602977e+06
4.450804697728849947e+06
4.471125059075606056e+06
4.491521436967940070e+06
4.511994116920506582e+06
4.532543385525693186e+06
4.553169530457654037e+06
4.573872840476457030e+06
4.594653605432176031e+06
4.615512116269055754e+06
4.636448665029635653e+06
4.657463544858979061e+06
4.678557050008793361e+06
4.699729475841682404e+06
4.720981118835341185e+06
4.742312276586787775e+06
4.763723247816647403e+06
4.785214332373374142e+06
4.806785831237566657e+06
4.828438046526270919e+06
4.850171281497292221e+06
4.871985840553499758e+06
4.893882029247190803e+06
4.915860154284514487e+06
4.937920523529780097e+06
4.960063446009897627e+06
4.982289231918781064e+06
5.004598192621769384e+06
5.026990640660098754e+06
5.049466889755393378e+06
5.072027254814096726e+06
5.094672051931998692e+06
5.117401598398770206e+06
5.140216212702484801e+06
5.163116214534155093e+06
5.186101924792357720e+06
5.209173665587776341e+06
5.232331760247793980e+06
5.255576533321185969e+06
5.278908310582714155e+06
5.302327419037776068e+06
5.325834186927102506e+06
5.349428943731469102e+06
5.373112020176391117e+06
5.396883748236854561e+06
5.420744461142033339e+06
5.444694493380153552e+06
5.468734180703166872e+06
5.492863860131651163e+06
5.517083869959560223e+06
5.541394549759100191e+06
5.565796240385600366e+06
5.590289283982357942e+06
5.614874023985578679e+06
5.639550805129223503e+06
5.664319973450018093e+06
5.689181876292414963e+06
5.714136862313453108e+06
5.739185281487879343e+06
5.764327485113108531e+06
5.789563825814182870e+06
5.814894657549000345e+06
5.840320335613193922e+06
5.865841216645319946e+06
5.891457658631922677e+06
5.917170020912760869e+06
5.942978664185808040e+06
5.968883950512513518e+06
5.994886243322997354e+06
6.020985907421143726e+06
6.047183308989996091e+06
6.073478815596869215e+06
6.099872796198667958e+06
6.126365621147223748e+06
6.152957662194480188e+06
6.179649292497924529e+06
6.206440886625904590e+06
6.233332820562947541e+06
6.260325471715266816e+06
6.287419218916051090e+06
6.314614442430996336e+06
6.341911523963605054e+06
6.369310846660840325e+06
6.396812795118513517e+06
6.424417755386860110e+06
6.452126114975957200e+06
6.479938262861402705e+06
6.507854589489882812e+06
6.535875486784675159e+06
6.564001348151382059e+06
6.592232568483509123e+06
6.620569544168141671e+06
6.649012673091634177e+06
6.677562354645325802e+06
6.706218989731290378e+06
6.734982980767988600e+06
6.763854731696170755e+06
6.792834647984597832e+06
6.821923136635890231e+06
6.851120606192323379e+06
6.880427466741749085e+06
6.909844129923418164e+06
6.939371008933986537e+06
6.969008518533319235e+06
6.998757075050522573e+06
7.028617096389924176e+06
7.058589002037067898e+06
7.088673213064664975e+06
7.118870152138762176e+06
7.149180243524670601e+06
7.179603913093178533e+06
7.210141588326649740e+06
7.240793698325053789e+06
7.271560673812248744e+06
7.302442947142132558e+06
7.333440952304822393e+06
7.364555124932909384e+06
7.395785902307739481e+06
7.427133723365651444e+06
7.458599028704321012e+06
7.490182260589051992e+06
7.521883862959140912e+06
7.553704281434305012e+06
7.585643963321004063e+06
7.617703357618952170e+06
7.649882915027519688e+06
7.682183087952177972e+06
7.714604330511093140e+06
7.747147098541602492e+06
7.779811849606717005e+06
7.812599043001785874e+06
7.845509139761038125e+06
7.878542602664239705e+06
7.911699896243376657e+06
7.944981486789243296e+06
7.978387842358246446e+06
8.011919432779056951e+06
8.045576729659421369e+06
8.079360206392919645e+06
8.113270338165767491e+06
8.147307601963669062e+06
8.181472476578675210e+06
8.215765442616056651e+06
8.250186982501186430e+06
8.284737580486591905e+06
8.319417722658796236e+06
8.354227896945375949e+06
8.389168593121992424e+06
8.424240302819360048e+06
8.459443519530454651e+06
8.494778738617461175e+06
8.530246457319030538e+06
8.565847174757365137e+06
8.601581391945425421e+06
8.637449611794145778e+06
8.673452339119661599e+06
8.709590080650601536e+06
8.745863345035307109e+06
8.782272642849275842e+06
8.818818486602412537e+06
8.855501390746474266e+06
8.892321871682431549e+06
8.929280447767898440e+06
8.966377639324689284e+06
9.003613968646168709e+06
9.040989960004905239e+06
9.078506139660147950e+06
9.116163035865433514e+06
9.153961178876200691e+06
9.191901100957415998e+06
9.229983336391232908e+06
9.268208421484708786e+06
9.306576894577531144e+06
9.345089296049792320e+06
9.383746168329728767e+06
9.422548055901570246e+06
9.461495505313411355e+06
9.500589065185010433e+06
9.539829286215785891e+06
9.579216721192726865e+06
9.618751924998309463e+06
9.658435454618552700e+06
9.698267869151083753e+06
9.738249729813063517e+06
9.778381599949451163e+06
9.818664045040970668e+06
9.859097632712405175e+06
9.899682932740671560e+06
9.940420517063088715e+06
9.981310959785651416e+06
1.002235483719124645e+07
1.006355272774802707e+07
1.010490521211768314e+07
1.014641287316392176e+07
1.018807629596080072e+07
1.022989606780120730e+07
1.027187277820528112e+07
1.031400701892899163e+07
1.035629938397261500e+07
1.039875046958935447e+07
1.044136087429393642e+07
1.048413119887122139e+07
1.052706204638490267e+07
1.057015402218619734e+07
1.061340773392258212e+07
1.065682379154662229e+07
1.070040280732469633e+07
1.074414539584585279e+07
1.078805217403076030e+07
1.083212376114052907e+07
1.087636077878567018e+07
1.092076385093512200e+07
1.096533360392521694e+07
1.101007066646874510e+07
1.105497566966402344e+07
1.110004924700402655e+07
1.114529203438554145e+07
1.119070467011834681e+07
1.123628779493442178e+07
1.128204205199722573e+07
1.132796808691100962e+07
1.137406654773007706e+07
1.142033808496824652e+07
1.146678335160816647e+07
1.151340300311079435e+07
1.156019769742487557e+07
1.160716809499643557e+07
1.165431485877836123e+07
1.170163865423992462e+07
1.174914014937647060e+07
1.179682001471903734e+07
1.184467892334405892e+07
1.189271755088311061e+07
1.194093657553265989e+07
1.198933667806390300e+07
1.203791854183257371e+07
1.208668285278887860e+07
1.213563029948734492e+07
1.218476157309689000e+07
1.223407736741070822e+07
1.228357837885635346e+07
1.233326530650586076e+07
1.238313885208582133e+07
1.243319971998747252e+07
1.248344861727703176e+07
1.253388625370582938e+07
1.258451334172059409e+07
1.263533059647374600e+07
1.268633873583389819e+07
1.273753848039601557e+07
1.278893055349203199e+07
1.284051568120122328e+07
1.289229459236077406e+07
1.294426801857626066e+07
1.299643669423231483e+07
1.304880135650324449e+07
1.310136274536371417e+07
1.315412160359944217e+07
1.320707867681796476e+07
1.326023471345945075e+07
1.331359046480753273e+07
1.336714668500017747e+07
1.342090413104063272e+07
1.347486356280840188e+07
1.352902574307021312e+07
1.358339143749109656e+07
1.363796141464557499e+07
1.369273644602859579e+07
1.374771730606690049e+07
1.380290477213015221e+07
1.385829962454223260e+07
1.391390264659253508e+07
1.396971462454741448e+07
1.402573634766140766e+07
1.408196860818881355e+07
1.413841220139514655e+07
1.419506792556871660e+07
1.425193658203209378e+07
1.430901897515386343e+07
1.436631591236011684e+07
1.442382820414638706e+07
1.448155666408916190e+07
1.453950210885792971e+07
1.459766535822685808e+07
1.465604723508668318e+07
1.471464856545681134e+07
1.477347017849717289e+07
1.483251290652019158e+07
1.489177758500305749e+07
1.495126505259967782e+07
1.501097615115297772e+07
1.507091172570696287e+07
1.513107262451919913e+07
1.519145969907294400e+07
1.525207380408959463e+07
1.531291579754104093e+07
1.537398654066221416e+07
1.543528689796347916e+07
1.549681773724329472e+07
1.555857992960075289e+07
1.562057434944824129e+07
1.568280187452418357e+07
1.574526338590568118e+07
1.580795976802146062e+07
1.587089190866456926e+07
1.593406069900541380e+07
1.599746703360464051e+07
1.606111181042608246e+07
1.612499593084991723e+07
1.618912029968566447e+07
1.625348582518542930e+07
1.631809341905700043e+07
1.638294399647724256e+07
1.644803847610521317e+07
1.651337778009567782e+07
1.657896283411245048e+07
1.664479456734181568e+07
1.671087391250614077e+07
1.677720180587733537e+07
1.684377918729051948e+07
1.691060700015765056e+07
1.697768619148130715e+07
1.704501771186842769e+07
1.711260251554412767e+07
1.718044156036556885e+07
1.724853580783595890e+07
1.731688622311842814e+07
1.738549377505022287e+07
1.745435943615664542e+07
1.752348418266531825e+07
1.759286899452034011e+07
1.766251485539657995e+07
1.773242275271390378e+07
1.780259367765167356e+07
1.787302862516313046e+07
1.794372859398979321e+07
1.801469458667611703e+07
1.808592760958404094e+07
1.815742867290759459e+07
1.822919879068771750e+07
1.830123898082691431e+07
1.837355026510413736e+07
1.844613366918963939e+07
1.851899022265994921e+07
1.859212095901285112e+07
1.866552691568242013e+07
1.873920913405416906e+07
1.881316865948015079e+07
1.888740654129429162e+07
1.896192383282761648e+07
1.903672159142362326e+07
1.911180087845358998e+07
1.918716275933225825e+07
1.926280830353314057e+07
1.933873858460424095e+07
1.941495468018367141e+07
1.949145767201531306e+07
1.956824864596470073e+07
1.964532869203466177e+07
1.972269890438148379e+07
1.980036038133054972e+07
1.987831422539265454e+07
1.995656154327987134e+07
2.003510344592177123e+07
2.011394104848167300e+07
2.019307547037282586e+07
2.027250783527477831e+07
2.035223927114975452e+07
2.043227091025914624e+07
2.051260388917999342e+07
2.059323934882157668e+07
2.067417843444211036e+07
2.075542229566537961e+07
2.083697208649756759e+07
2.091882896534410864e+07
2.100099409502656385e+07
2.108346864279962704e+07
2.116625378036813438e+07
2.124935068390418589e+07
2.133276053406433761e+07
2.141648451600677520e+07
2.150052381940869242e+07
2.158487963848367706e+07
2.166955317199902982e+07
2.175454562329340726e+07
2.183985820029436424e+07
2.192549211553597078e+07
2.201144858617651835e+07
2.209772883401633054e+07
2.218433408551560342e+07
2.227126557181238011e+07
2.235852452874036878e+07
2.244611219684727117e+07
2.253402982141266763e+07
2.262227865246633813e+07
2.271085994480650872e+07
2.279977495801823214e+07
2.288902495649171993e+07
2.297861120944091678e+07
2.306853499092199281e+07
2.315879757985198125e+07
2.324940026002752408e+07
2.334034432014362141e+07
2.343163105381244794e+07
2.352326175958230719e+07
2.361523774095663056e+07
2.370756030641302094e+07
2.380023076942242682e+07
2.389325044846830517e+07
2.398662066706601903e+07
2.408034275378204137e+07
2.417441804225355759e+07
2.426884787120785192e+07
2.436363358448201045e+07
2.445877653104249761e+07
2.455427806500499696e+07
2.465013954565415531e+07
2.474636233746350184e+07
2.484294781011544913e+07
2.493989733852127939e+07
2.503721230284139886e+07
2.513489408850544691e+07
2.523294408623258770e+07
2.533136369205196574e+07
2.543015430732304603e+07
2.552931733875622228e+07
2.562885419843337685e+07
2.572876630382856727e+07
2.582905507782884687e+07
2.592972194875507057e+07
2.603076835038280487e+07
2.613219572196334600e+07
2.623400550824491307e+07
2.633619915949367732e+07
2.643877813151511177e+07
2.654174388567526266e+07
2.664509788892225921e+07
2.674884161380776390e+07
2.685297653850854933e+07
2.695750414684823155e+07
2.706242592831898108e+07
2.716774337810335681e+07
2.727345799709633365e+07
2.737957129192710668e+07
2.748608477498144284e+07
2.759299996442370489e+07
2.770031838421912864e+07
2.780804156415630504e+07
2.791617103986946866e+07
2.802470835286113247e+07
2.813365505052465945e+07
2.824301268616702035e+07
2.835278281903154403e+07
2.846296701432083920e+07
2.857356684321971610e+07
2.868458388291830942e+07
2.879601971663523465e+07
2.890787593364078179e+07
2.902015412928030267e+07
2.913285590499758720e+07
2.924598286835840344e+07
2.935953663307416439e+07
2.947351881902555004e+07
2.958793105228630081e+07
2.970277496514720470e+07
2.981805219613992423e+07
2.993376439006120339e+07
3.004991319799698889e+07
3.016650027734664083e+07
3.028352729184732586e+07
3.040099591159852967e+07
3.051890781308652833e+07
3.063726467920904607e+07
3.075606819930001348e+07
3.087532006915436685e+07
3.099502199105296656e+07
3.111517567378772795e+07
3.123578283268661052e+07
3.135684518963895366e+07
3.147836447312073782e+07
3.160034241822000965e+07
3.172278076666249707e+07
3.184568126683704555e+07
3.196904567382143438e+07
3.209287574940831214e+07
3.221717326213089749e+07
3.234193998728914186e+07
3.246717770697585121e+07
3.259288821010289341e+07
3.271907329242745042e+07
3.284573475657858700e+07
3.297287441208367050e+07
3.310049407539503276e+07
3.322859556991676986e+07
3.335718072603155673e+07
3.348625138112752885e+07
3.361580937962541729e+07
3.374585657300576568e+07
3.387639481983598322e+07
3.400742598579796404e+07
3.413895194371544570e+07
3.427097457358157635e+07
3.440349576258667558e+07
3.453651740514595062e+07
3.467004140292754769e+07
3.480406966488047689e+07
3.493860410726272315e+07
3.507364665366949886e+07
3.520919923506170511e+07
3.534526378979424387e+07
3.548184226364468038e+07
3.561893660984189808e+07
3.575654878909486532e+07
3.589468076962159574e+07
3.603333452717819810e+07
3.617251204508793354e+07
3.631221531427043676e+07
3.645244633327125013e+07
3.659320710829111189e+07
3.673449965321567655e+07
3.687632598964513093e+07
3.701868814692409337e+07
3.716158816217152774e+07
3.730502808031079173e+07
3.744900995409987122e+07
3.759353584416156262e+07
3.773860781901396811e+07
3.788422795510102808e+07
3.803039833682318777e+07
3.817712105656800419e+07
3.832439821474134922e+07
3.847223191979810596e+07
3.862062428827346861e+07
3.876957744481418282e+07
3.891909352220991254e+07
3.906917466142469645e+07
3.921982301162864268e+07
3.937104073022962362e+07
3.952282998290514201e+07
3.967519294363437593e+07
3.982813179473030567e+07
3.998164872687184066e+07
4.013574593913637847e+07
4.029042563903211057e+07
