0.000000000000000000e+00	0.000000000000000000e+00	0.000000000000000000e+00
2.029020913322927981e+02	4.877369155756571808e-04	1.003910551926119610e-01
4.035808502938933202e+02	9.703718874333036376e-04	9.884540614641461331e-02
6.022255870644153219e+02	1.448114817817494626e-03	9.739533662081194254e-02
7.990102581662085868e+02	1.921384089700600836e-03	9.603313672448483829e-02
9.940949528248891056e+02	2.390564733517276837e-03	9.475183223379066155e-02
1.187627222055388529e+03	2.856011623794478191e-03	9.354510735493541673e-02
1.379743268131938748e+03	3.318052339984906268e-03	9.240723611253372216e-02
1.570569010033701716e+03	3.776989729004266369e-03	9.133302135877381656e-02
1.760221038640472671e+03	4.233104202601897618e-03	9.031774051841963413e-02
1.948807473854096543e+03	4.686655798848968386e-03	8.935709729100446697e-02
2.136428734414294013e+03	5.137886033644574468e-03	8.844717862463444269e-02
2.323178229938576806e+03	5.587019565159976470e-03	8.758441635747617193e-02
2.509142983624541102e+03	6.034265691516323832e-03	8.676555299467357540e-02
2.694404193090855188e+03	6.479819699677475189e-03	8.598761115138905953e-02
2.879037735985128165e+03	6.923864081499666451e-03	8.524786624792833611e-02
3.063114626238178516e+03	7.366569631079114208e-03	8.454382209151223293e-02
3.246701426184036336e+03	7.808096435950793307e-03	8.387318902197778148e-02
3.429860619181465609e+03	8.248594773288129428e-03	8.323386433623863878e-02
3.612650946857080271e+03	8.688205921012936983e-03	8.262391473943941911e-02
3.795127714634898439e+03	9.127062892630108740e-03	8.204156059980220739e-02
3.977343068813366699e+03	9.565291103630252020e-03	8.148516180982935675e-02
4.159346248094861949e+03	1.000300897644724497e-02	8.095320507910619412e-02
4.341183812155949454e+03	1.044032849019588954e-02	8.044429250385970454e-02
4.522899849567345882e+03	1.087735568074294640e-02	7.995713127599861358e-02
4.704536167123888845e+03	1.131419109606694381e-02	7.949052440985704404e-02
4.886132462424239748e+03	1.175093021133146072e-02	7.904336237855305591e-02
5.067726481346293440e+03	1.218766380763074489e-02	7.861461556395360484e-02
5.249354161888023555e+03	1.262447831794251234e-02	7.820332743492651451e-02
5.431049765691470384e+03	1.306145614345721739e-02	7.780860837800719632e-02
5.612845998429345855e+03	1.349867594312057981e-02	7.742963011295601883e-02
5.794774120111414959e+03	1.393621289893194962e-02	7.706562063309208011e-02
5.976864046259807765e+03	1.437413895928139548e-02	7.671585961683136112e-02
6.159144440804997430e+03	1.481252306237399417e-02	7.637967426266541182e-02
6.341642801467651225e+03	1.525143134158180730e-02	7.605643550497023786e-02
6.524385538315505073e+03	1.569092731438097993e-02	7.574555457259213309e-02
6.707398046113903547e+03	1.613107205636190103e-02	7.544647985621814879e-02
6.890704771029007134e+03	1.657192436165689717e-02	7.515869405414085658e-02
7.074329272186229900e+03	1.701354089099419223e-02	7.488171156922007743e-02
7.258294278537879109e+03	1.745597630846993861e-02	7.461507613269316441e-02
7.442621741450367153e+03	1.789928340802540360e-02	7.435835863302653337e-02
7.627332883381058309e+03	1.834351323051927607e-02	7.411115513023612544e-02
7.812448242979821771e+03	1.878871517220100790e-02	7.387308503813332095e-02
7.997987716918985825e+03	1.923493708531561278e-02	7.364378945873281679e-02
8.183970598726037679e+03	1.968222537149975915e-02	7.342292965465292698e-02
8.370415614868777993e+03	2.013062506856975672e-02	7.321018564677876650e-02
8.557340958318613048e+03	2.058017993124413095e-02	7.300525492571631470e-02
8.744764319798021461e+03	2.103093250629650343e-02	7.280785126671338037e-02
8.932702916898308104e+03	2.148292420258618787e-02	7.261770363874091305e-02
9.121173521238217290e+03	2.193619535637698209e-02	7.243455519933435227e-02
9.310192483817791071e+03	2.239078529231521356e-02	7.225816236761707645e-02
9.499775758708303329e+03	2.284673238040598950e-02	7.208829396865397421e-02
9.689938925207930879e+03	2.330407408929937099e-02	7.192473044294596385e-02
9.880697208579302242e+03	2.376284703616575456e-02	7.176726311545451875e-02
1.007206549947743588e+04	2.422308703342166900e-02	7.161569351908741998e-02
1.026405837216518012e+04	2.468482913253922453e-02	7.146983276804101670e-02
1.045669010160756443e+04	2.514810766515937490e-02	7.132950097682504154e-02
1.064997467952515763e+04	2.561295628170144265e-02	7.119452672118586900e-02
1.084392582948417112e+04	2.607940798765591775e-02	7.106474653748430514e-02
1.103855702109122649e+04	2.654749517772390585e-02	7.094000445739713501e-02
1.123388148335647929e+04	2.701724966795645069e-02	7.082015157509573278e-02
1.142991221728418896e+04	2.748870272603568671e-02	7.070504564430932226e-02
1.162666200774382560e+04	2.796188509982574372e-02	7.059455070290836243e-02
1.182414343467178333e+04	2.843682704431359232e-02	7.048853672285074201e-02
1.202236888364882725e+04	2.891355834704857283e-02	7.038687928352557743e-02
1.222135055589596413e+04	2.939210835218311266e-02	7.028945926669402655e-02
1.242110047772659709e+04	2.987250598320579167e-02	7.019616257138366899e-02
1.262163050949202807e+04	3.035477976445588588e-02	7.010687984723132371e-02
1.282295235405226595e+04	3.083895784149619582e-02	7.002150624490001418e-02
1.302507756480373428e+04	3.132506800042017536e-02	6.993994118230342782e-02
1.322801755329187836e+04	3.181313768616080007e-02	6.986208812548268254e-02
1.343178359643448675e+04	3.230319401986303518e-02	6.978785438307129330e-02
1.363638684338127132e+04	3.279526381538160063e-02	6.971715091337250814e-02
1.384183832203097518e+04	3.328937359495499210e-02	6.964989214315318866e-02
1.404814894522826398e+04	3.378554960410937863e-02	6.958599579732425988e-02
1.425532951665880501e+04	3.428381782583663634e-02	6.952538273875387420e-02
1.446339073646139695e+04	3.478420399409181546e-02	6.946797681750802034e-02
1.467234320657401258e+04	3.528673360665071645e-02	6.941370472887392618e-02
1.488219743582872798e+04	3.579143193736347706e-02	6.936249587957225848e-02
1.509296384481151472e+04	3.629832404784265332e-02	6.931428226160667172e-02
1.530465277049894030e+04	3.680743479861472295e-02	6.926899833324486055e-02
1.551727447068603942e+04	3.731878885976937926e-02	6.922658090665455288e-02
1.573083912821631930e+04	3.783241072113291414e-02	6.918696904176853402e-02
1.594535685502514389e+04	3.834832470199280030e-02	6.915010394596876608e-02
1.616083769600718188e+04	3.886655496039907037e-02	6.911592887922046735e-02
1.637729163271748075e+04	3.938712550206560636e-02	6.908438906430990067e-02
1.659472858691538931e+04	3.991006018889349527e-02	6.905543160186085327e-02
1.681315842395914660e+04	4.043538274713513042e-02	6.902900538983895717e-02
1.703259095606061965e+04	4.096311677522207484e-02	6.900506104725852297e-02
1.725303594540601262e+04	4.149328575127045338e-02	6.898355084184261410e-02
1.747450310715088199e+04	4.202591304028420460e-02	6.896442862138965624e-02
1.769700211229494016e+04	4.256102190106905020e-02	6.894764974862921392e-02
1.792054259044442369e+04	4.309863549287613893e-02	6.893317103935543699e-02
1.814513413246522032e+04	4.363877688178297021e-02	6.892095070364714915e-02
1.837078629303607886e+04	4.418146904683394743e-02	6.891094828999259903e-02
1.859750859310291708e+04	4.472673488594312852e-02	6.890312463214864902e-02
1.882531052224231826e+04	4.527459722157856775e-02	6.889744179858395268e-02
1.905420154093626843e+04	4.582507880623303692e-02	6.889386304434891306e-02
1.928419108276533007e+04	4.637820232769889611e-02	6.889235276524487139e-02
1.951528855652123093e+04	4.693399041414880041e-02	6.889287645415671790e-02
1.974750334824514721e+04	4.749246563903794516e-02	6.889540065943117186e-02
1.998084482319373637e+04	4.805365052583242952e-02	6.889989294519198448e-02
2.021532232773712531e+04	4.861756755257400781e-02	6.890632185347922434e-02
2.045094519119196411e+04	4.918423915628865328e-02	6.891465686811856783e-02
2.068772272759232874e+04	4.975368773724564431e-02	6.892486838022642004e-02
2.092566423740203390e+04	5.032593566307579092e-02	6.893692765526512889e-02
2.116477900917005536e+04	5.090100527275272235e-02	6.895080680156243091e-02
2.140507632113288128e+04	5.147891888044665160e-02	6.896647874022400482e-02
2.164656544276422937e+04	5.205969877925148426e-02	6.898391717636215281e-02
2.188925563627810698e+04	5.264336724479976720e-02	6.900309657157616128e-02
2.213315615808292932e+04	5.322994653875985638e-02	6.902399211761661713e-02
2.237827626019238960e+04	5.381945891222914002e-02	6.904657971117779403e-02
2.262462519159300064e+04	5.441192660902303968e-02	6.907083592975778175e-02
2.287221219957100402e+04	5.500737186886619362e-02	6.909673800853552428e-02
2.312104653100033465e+04	5.560581693049016644e-02	6.912426381821347443e-02
2.337113743359351429e+04	5.620728403464182038e-02	6.915339184377684856e-02
2.362249415711648544e+04	5.681179542700508234e-02	6.918410116412883337e-02
2.387512595456948475e+04	5.741937336104091516e-02	6.921637143255400526e-02
2.412904208333525457e+04	5.803004010074887947e-02	6.925018285797604478e-02
2.438425180629642273e+04	5.864381792335441462e-02	6.928551618696521253e-02
2.464076439292169380e+04	5.926072912192120040e-02	6.932235268646719240e-02
2.489858912032459557e+04	5.988079600789745355e-02	6.936067412721283465e-02
2.515773527429432215e+04	6.050404091359511821e-02	6.940046276778241707e-02
2.541821215029988525e+04	6.113048619460497574e-02	6.944170133929071509e-02
2.568002905446967270e+04	6.176015423215237832e-02	6.948437303066548609e-02
2.594319530454585765e+04	6.239306743539271838e-02	6.952846147449265324e-02
2.620772023081681255e+04	6.302924824365392642e-02	6.957395073340248703e-02
2.647361317702585075e+04	6.366871912862188954e-02	6.962082528697038919e-02
2.674088350125975921e+04	6.431150259647762379e-02	6.966907001911304409e-02
2.700954057681595077e+04	6.495762118998257839e-02	6.971867020595559628e-02
2.727959379305092807e+04	6.560709749051932271e-02	6.976961150414705271e-02
2.755105255620883690e+04	6.625995412008424401e-02	6.982187993961186390e-02
2.782392629023222617e+04	6.691621374323739047e-02	6.987546189670758301e-02
2.809822443755544373e+04	6.757589906901066701e-02	6.993034410778131704e-02
2.837395645988184697e+04	6.823903285277702069e-02	6.998651364310182199e-02
2.865113183894373287e+04	6.890563789807808981e-02	7.004395790115396092e-02
2.892976007724770170e+04	6.957573705841683942e-02	7.010266459927974592e-02
2.920985069880503943e+04	7.024935323901408679e-02	7.016262176464975464e-02
2.949141324984781386e+04	7.092650939853084591e-02	7.022381772555175150e-02
2.977445729953104455e+04	7.160722855075693505e-02	7.028624110298824224e-02
3.005899244062224898e+04	7.229153376626942795e-02	7.034988080256036891e-02
3.034502829017751355e+04	7.297944817405861706e-02	7.041472600663743753e-02
3.063257449020605418e+04	7.367099496312626283e-02	7.048076616679095630e-02
3.092164070832285870e+04	7.436619738405524094e-02	7.054799099648909055e-02
3.121223663839030996e+04	7.506507875055261347e-02	7.061639046403875297e-02
3.150437200114828374e+04	7.576766244096509728e-02	7.068595478576353286e-02
3.179805654483482067e+04	7.647397189977175880e-02	7.075667441941299596e-02
3.209330004579591696e+04	7.718403063905054928e-02	7.082854005778702056e-02
3.239011230908630750e+04	7.789786223992321845e-02	7.090154262257665485e-02
3.268850316906083754e+04	7.861549035397759344e-02	7.097567325840298258e-02
3.298848248995675385e+04	7.933693870466795861e-02	7.105092332705072178e-02
3.329006016646730131e+04	8.006223108869461869e-02	7.112728440189418355e-02
3.359324612430771231e+04	8.079139137736505993e-02	7.120474826249574563e-02
3.389805032077260694e+04	8.152444351793454447e-02	7.128330688938462611e-02
3.420448274528599723e+04	8.226141153492884384e-02	7.136295245899880457e-02
3.451255341994460468e+04	8.300231953145097152e-02	7.144367733878750903e-02
3.482227240005296335e+04	8.374719169046811185e-02	7.152547408246907878e-02
3.513364977465270931e+04	8.449605227608442126e-02	7.160833542543784680e-02
3.544669566704423050e+04	8.524892563479592733e-02	7.169225428031369973e-02
3.576142023530448205e+04	8.600583619673553282e-02	7.177722373263019373e-02
3.607783367279518279e+04	8.676680847689544063e-02	7.186323703665542517e-02
3.639594620866812329e+04	8.753186707634237618e-02	7.195028761134125705e-02
3.671576810836417280e+04	8.830103668341769685e-02	7.203836903639594669e-02
3.703730967410607991e+04	8.907434207492255507e-02	7.212747504847745461e-02
3.736058124538685661e+04	8.985180811729255590e-02	7.221759953749896932e-02
3.768559319945375319e+04	9.063345976776170099e-02	7.230873654304766085e-02
3.801235595178624499e+04	9.141932207551178857e-02	7.240088025090947454e-02
3.834087995656982821e+04	9.220942018281214070e-02	7.249402498969768904e-02
3.867117570716698538e+04	9.300377932615216947e-02	7.258816522758040901e-02
3.900325373658050376e+04	9.380242483735559689e-02	7.268329556910477218e-02
3.933712461791725218e+04	9.460538214469592366e-02	7.277941075211422084e-02
3.967279896484420169e+04	9.541267677399319080e-02	7.287650564475540993e-02
4.001028743204302737e+04	9.622433434970727173e-02	7.297457524257121297e-02
4.034960071566013357e+04	9.704038059602007604e-02	7.307361466567825758e-02
4.069074955375374702e+04	9.786084133791099482e-02	7.317361915602491051e-02
4.103374472673673154e+04	9.868574250222181266e-02	7.327458407472708934e-02
4.137859705781921366e+04	9.951511011872109236e-02	7.337650489948151222e-02
4.172531741344375769e+04	1.003489703211509765e-01	7.347937722204955779e-02
4.207391670372082444e+04	1.011873493482743497e-01	7.358319674581396963e-02
4.242440588286160346e+04	1.020302735449158532e-01	7.368795928340123036e-02
4.277679594960627583e+04	1.028777693629917972e-01	7.379366075437415740e-02
4.313109794765098923e+04	1.037298633625371030e-01	7.390029718298392336e-02
4.348732296607326134e+04	1.045865822127283601e-01	7.400786469598807926e-02
4.384548213975247199e+04	1.054479526928952110e-01	7.411635952052496312e-02
4.420558664979167952e+04	1.063140016935346377e-01	7.422577798204887944e-02
4.456764772393402382e+04	1.071847562173125351e-01	7.433611650231976287e-02
4.493167663697933313e+04	1.080602433800656459e-01	7.444737159744911625e-02
4.529768471119921014e+04	1.089404904117998868e-01	7.455953987599574229e-02
4.566568331674770889e+04	1.098255246576779198e-01	7.467261803711586210e-02
4.603568387207302294e+04	1.107153735790093324e-01	7.478660286875825347e-02
4.640769784432644519e+04	1.116100647542341284e-01	7.490149124591279073e-02
4.678173674976949405e+04	1.125096258799020421e-01	7.501728012890153396e-02
4.715781215418138891e+04	1.134140847716522266e-01	7.513396656171540677e-02
4.753593567326205084e+04	1.143234693651827699e-01	7.525154767039587966e-02
4.791611897303734440e+04	1.152378077172250825e-01	7.537002066145727375e-02
4.829837377026079776e+04	1.161571280065101935e-01	7.548938282035203007e-02
4.868271183281486447e+04	1.170814585347336734e-01	7.560963150997297710e-02
4.906914498011137039e+04	1.180108277275187384e-01	7.573076416919610754e-02
4.945768508349101467e+04	1.189452641353770934e-01	7.585277831146237937e-02
4.984834406662169931e+04	1.198847964346668737e-01	7.597567152339222696e-02
5.024113390589597111e+04	1.208294534285485472e-01	7.609944146343683435e-02
5.063606663082904561e+04	1.217792640479420652e-01	7.622408586056497737e-02
5.103315432445277838e+04	1.227342573524744657e-01	7.634960251298131273e-02
5.143240912371351442e+04	1.236944625314365942e-01	7.647598928687646125e-02
5.183384321986597934e+04	1.246599089047305542e-01	7.660324411521186871e-02
5.223746885886835662e+04	1.256306259238197665e-01	7.673136499653072928e-02
5.264329834177517478e+04	1.266066431726738661e-01	7.686034999380030042e-02
5.305134402513306850e+04	1.275879903687205663e-01	7.699019723328438813e-02
5.346161832137181773e+04	1.285746973637860169e-01	7.712090490344057636e-02
5.387413369919896650e+04	1.295667941450439897e-01	7.725247125384764046e-02
5.428890268399189517e+04	1.305643108359586524e-01	7.738489459415670568e-02
5.470593785819161712e+04	1.315672776972318381e-01	7.751817329306941173e-02
5.512525186169340304e+04	1.325757251277423499e-01	7.765230577734098805e-02
5.554685739224064309e+04	1.335896836654932029e-01	7.778729053080625511e-02
5.597076720581678819e+04	1.346091839885543429e-01	7.792312609343055030e-02
5.639699411703808437e+04	1.356342569160071121e-01	7.805981106038277495e-02
5.682555099954563048e+04	1.366649334088871348e-01	7.819734408113117319e-02
5.725645078639752319e+04	1.377012445711273958e-01	7.833572385855910869e-02
5.768970647046279191e+04	1.387432216505058435e-01	7.847494914810339284e-02
5.812533110481348558e+04	1.397908960395880806e-01	7.861501875691413732e-02
5.856333780311747250e+04	1.408442992766722468e-01	7.875593154303081600e-02
5.900373974003287731e+04	1.419034630467375102e-01	7.889768641458144716e-02
5.944655015160114999e+04	1.429684191823895334e-01	7.904028232899827644e-02
5.989178233564094990e+04	1.440391996648076878e-01	7.918371829225305525e-02
6.033944965214231343e+04	1.451158366246929621e-01	7.932799335810937491e-02
6.078956552366277901e+04	1.461983623432208390e-01	7.947310662739238973e-02
6.124214343572146754e+04	1.472868092529887873e-01	7.961905724727710854e-02
6.169719693719508359e+04	1.483812099389688610e-01	7.976584441058962027e-02
6.215473964071527007e+04	1.494815971394632959e-01	7.991346735512763755e-02
6.261478522306355444e+04	1.505880037470542498e-01	8.006192536299597262e-02
6.307734742557078425e+04	1.517004628095645902e-01	8.021121775995573855e-02
6.354244005451335397e+04	1.528190075310106866e-01	8.036134391479041184e-02
6.401007698151413206e+04	1.539436712725666956e-01	8.051230323868434346e-02
6.448027214394021576e+04	1.550744875535212397e-01	8.066409518461752082e-02
6.495303954530425108e+04	1.562114900522424132e-01	8.081671924677071017e-02
6.542839325566407933e+04	1.573547126071390412e-01	8.097017495994954239e-02
6.590634741202650184e+04	1.585041892176318190e-01	8.112446189901457994e-02
6.638691621874662815e+04	1.596599540451134336e-01	8.127957967832938335e-02
6.687011394793416548e+04	1.608220414139260868e-01	8.143552795121970778e-02
6.735595493985766370e+04	1.619904858123334956e-01	8.159230640944305224e-02
6.784445360334703582e+04	1.631653218934888405e-01	8.174991478267237821e-02
6.833562441620220488e+04	1.643465844764177286e-01	8.190835283798941768e-02
6.882948192559943709e+04	1.655343085469954678e-01	8.206762037938990229e-02
6.932604074849870813e+04	1.667285292589265888e-01	8.222771724730043585e-02
6.982531557205303397e+04	1.679292819347294741e-01	8.238864331810449859e-02
7.032732115401980991e+04	1.691366020667255110e-01	8.255039850368001142e-02
7.083207232316998125e+04	1.703505253180231938e-01	8.271298275094701724e-02
7.133958397970134683e+04	1.715710875235120225e-01	8.287639604142386929e-02
7.184987109565090213e+04	1.727983246908544601e-01	8.304063839079497966e-02
7.236294871531121316e+04	1.740322730014868535e-01	8.320570984848718599e-02
7.287883195564415655e+04	1.752729688116149709e-01	8.337161049725422268e-02
7.339753600669812295e+04	1.765204486532170325e-01	8.353834045277340470e-02
7.391907613202715584e+04	1.777747492350518210e-01	8.370589986324596110e-02
7.444346766910882434e+04	1.790359074436638220e-01	8.387428890901181544e-02
7.497072602976599592e+04	1.803039603443973571e-01	8.404350780216657268e-02
7.550086670058593154e+04	1.815789451824046108e-01	8.421355678619360519e-02
7.603390524334635120e+04	1.828608993836703112e-01	8.438443613559601375e-02
7.656985729543938942e+04	1.841498605560313861e-01	8.455614615554424285e-02
7.710873857029539067e+04	1.854458664901961484e-01	8.472868718152667955e-02
7.765056485781163792e+04	1.867489551607753040e-01	8.490205957900849587e-02
7.819535202478009160e+04	1.880591647273108513e-01	8.507626374309837369e-02
7.874311601531806809e+04	1.893765335353116142e-01	8.525130009822096122e-02
7.929387285129753582e+04	1.907011001172860265e-01	8.542716909779900225e-02
7.984763863278110512e+04	1.920329031937902109e-01	8.560387122393849080e-02
8.040442953845267766e+04	1.933719816744643438e-01	8.578140698712581613e-02
8.096426182605618669e+04	1.947183746590870901e-01	8.595977692592229880e-02
8.152715183283049555e+04	1.960721214386222100e-01	8.613898160667811388e-02
8.209311597594853083e+04	1.974332614962741039e-01	8.631902162323917826e-02
8.266217075295945688e+04	1.988018345085515726e-01	8.649989759666824873e-02
8.323433274222820182e+04	2.001778803463249157e-01	8.668161017496969767e-02
8.380961860337997496e+04	2.015614390758947161e-01	8.686416003281985376e-02
8.438804507774408557e+04	2.029525509600594579e-01	8.704754787130426774e-02
8.496962898880350986e+04	2.043512564591966618e-01	8.723177441765556095e-02
8.555438724263905897e+04	2.057575962323310304e-01	8.741684042500659502e-02
8.614233682838235109e+04	2.071716111382240211e-01	8.760274667213818756e-02
8.673349481866708084e+04	2.085933422364589784e-01	8.778949396323827703e-02
8.732787837008012866e+04	2.100228307885261270e-01	8.797708312766362726e-02
8.792550472362022265e+04	2.114601182589255779e-01	8.816551501971001126e-02
8.852639120515121613e+04	2.129052463162575681e-01	8.835479051838282527e-02
8.913055522586253937e+04	2.143582568343299077e-01	8.854491052717333721e-02
8.973801428272831254e+04	2.158191918932617914e-01	8.873587597384298420e-02
9.034878595897117339e+04	2.172880937805997947e-01	8.892768781020773949e-02
9.096288792452421330e+04	2.187650049924283469e-01	8.912034701193065345e-02
9.158033793649751169e+04	2.202499682344921383e-01	8.931385457831647612e-02
9.220115383964651846e+04	2.217430264233223036e-01	8.950821153210913872e-02
9.282535356684016006e+04	2.232442226873623814e-01	8.970341891929944911e-02
9.345295513953141926e+04	2.247536003681001038e-01	8.989947780892933171e-02
9.408397666823289183e+04	2.262712030212107039e-01	9.009638929290642029e-02
9.471843635299017478e+04	2.277970744176960327e-01	9.029415448581648573e-02
9.535635248385921295e+04	2.293312585450320018e-01	9.049277452474756289e-02
9.599774344138456217e+04	2.308737996083192467e-01	9.069225056910820704e-02
9.664262769708184351e+04	2.324247420314431434e-01	9.089258380045869834e-02
9.729102381391906238e+04	2.339841304582314374e-01	9.109377542233947078e-02
9.794295044680213323e+04	2.355520097536220880e-01	9.129582666010475911e-02
9.859842634306238324e+04	2.371284250048353859e-01	9.149873876076335122e-02
9.925747034294303739e+04	2.387134215225443779e-01	9.170251299281582946e-02
9.992010138009401271e+04	2.403070448420644156e-01	9.190715064610155416e-02
1.005863384820603969e+05	2.419093407245282989e-01	9.211265303164722917e-02
1.012562007707820158e+05	2.435203551580873982e-01	9.231902148151389931e-02
1.019297074630874849e+05	2.451401343591002591e-01	9.252625734865466134e-02
1.026068778711937484e+05	2.467687247733335865e-01	9.273436200676996033e-02
1.032877314032088616e+05	2.484061730771716103e-01	9.294333685016811786e-02
1.039722875636345125e+05	2.500525261788246190e-01	9.315318329362715088e-02
1.046605659538717591e+05	2.517078312195454304e-01	9.336390277226475076e-02
1.053525862727298518e+05	2.533721355748528303e-01	9.357549674140409890e-02
1.060483683169337892e+05	2.550454868557524013e-01	9.378796667644395679e-02
1.067479319816400239e+05	2.567279329099765861e-01	9.400131407273677742e-02
1.074512972609483404e+05	2.584195218232163693e-01	9.421554044546352757e-02
1.081584842484195542e+05	2.601203019203653377e-01	9.443064732951378382e-02
1.088695131375935598e+05	2.618303217667665717e-01	9.464663627936882595e-02
1.095844042225122103e+05	2.635496301694694177e-01	9.486350886898525792e-02
1.103031778982416436e+05	2.652782761784862053e-01	9.508126669168359690e-02
1.110258546613977378e+05	2.670163090880557366e-01	9.529991136003672370e-02
1.117524551106764557e+05	2.687637784379187100e-01	9.551944450576291268e-02
1.124829999473796925e+05	2.705207340145823758e-01	9.573986777961993044e-02
1.132175099759549921e+05	2.722872258526188860e-01	9.596118285130363079e-02
1.139560061045226903e+05	2.740633042359325588e-01	9.618339140934573095e-02
1.146985093454206799e+05	2.758490196990703858e-01	9.640649516101297556e-02
1.154450408157402126e+05	2.776444230285105563e-01	9.663049583221475225e-02
1.161956217378682923e+05	2.794495652639668593e-01	9.685539516740686306e-02
1.169502734400350018e+05	2.812644976997050739e-01	9.708119492949800200e-02
1.177090173568579194e+05	2.830892718858521451e-01	9.730789689976360179e-02
1.184718750298942905e+05	2.849239396297243432e-01	9.753550287775382410e-02
1.192388681081908289e+05	2.867685529971495395e-01	9.776401468120837768e-02
1.200100183488407201e+05	2.886231643138064684e-01	9.799343414597347368e-02
1.207853476175384276e+05	2.904878261665593819e-01	9.822376312592021042e-02
1.215648778891416732e+05	2.923625914048095242e-01	9.845500349286180619e-02
1.223486312482309004e+05	2.942475131418405554e-01	9.868715713647777110e-02
1.231366298896773806e+05	2.961426447561849584e-01	9.892022596423621916e-02
1.239288961192084389e+05	2.980480398929833408e-01	9.915421190131892826e-02
1.247254523539776710e+05	2.999637524653556708e-01	9.938911689054742704e-02
1.255263211231374444e+05	3.018898366557783985e-01	9.962494289231535460e-02
1.263315250684141793e+05	3.038263469174678488e-01	9.986169188451417267e-02
1.271410869446878787e+05	3.057733379757740511e-01	1.000993658624694249e-01
1.279550296205689519e+05	3.077308648295679072e-01	1.003379668388714729e-01
1.287733760789844528e+05	3.096989827526511196e-01	1.005774968437132405e-01
1.295961494177617569e+05	3.116777472951601236e-01	1.008179579242264173e-01
1.304233728502196755e+05	3.136672142849872835e-01	1.010593521448182042e-01
1.312550697057571087e+05	3.156674398291970940e-01	1.013016815870133730e-01
1.320912634304471721e+05	3.176784803154547032e-01	1.015449483493987004e-01
1.329319775876384811e+05	3.197003924134721453e-01	1.017891545475600457e-01
1.337772358585446491e+05	3.217332330764262061e-01	1.020343023140295596e-01
1.346270620428592956e+05	3.237770595424370179e-01	1.022803937982355305e-01
1.354814800593508116e+05	3.258319293359990265e-01	1.025274311664435001e-01
1.363405139464730164e+05	3.278979002694494826e-01	1.027754166017109672e-01
1.372041878629800922e+05	3.299750304444471483e-01	1.030243523038328474e-01
1.380725260885342723e+05	3.320633782534339051e-01	1.032742404892963289e-01
1.389455530243251706e+05	3.341630023811241190e-01	1.035250833912334800e-01
1.398232931936896057e+05	3.362739618059958913e-01	1.037768832593750357e-01
1.407057712427318620e+05	3.383963158017816997e-01	1.040296423600042680e-01
1.415930119409511099e+05	3.405301239389785795e-01	1.042833629759179481e-01
1.424850401818672253e+05	3.426754460863521423e-01	1.045380474063804244e-01
1.433818809836502478e+05	3.448323424124510872e-01	1.047936979670859997e-01
1.442835594897625269e+05	3.470008733871513540e-01	1.050503169901169653e-01
1.451901009695837274e+05	3.491810997831591989e-01	1.053079068239076155e-01
1.461015308190577780e+05	3.513730826775672278e-01	1.055664698332061252e-01
1.470178745613392093e+05	3.535768834534087079e-01	1.058260083990395367e-01
1.479391578474298585e+05	3.557925638011888991e-01	1.060865249186784126e-01
1.488654064568336471e+05	3.580201857204599603e-01	1.063480218056016280e-01
1.497966462982090598e+05	3.602598115213896390e-01	1.066105014894673381e-01
1.507329034100212448e+05	3.625115038263302947e-01	1.068739664160794356e-01
1.516742039612013905e+05	3.647753255714039078e-01	1.071384190473582548e-01
1.526205742518100888e+05	3.670513400080985811e-01	1.074038618613104845e-01
1.535720407136998547e+05	3.693396107048602106e-01	1.076702973520012319e-01
1.545286299111830594e+05	3.716402015487007549e-01	1.079377280295274466e-01
1.554903685417008528e+05	3.739531767468055046e-01	1.082061564199904014e-01
1.564572834365004092e+05	3.762786008281626127e-01	1.084755850654737647e-01
1.574294015613108932e+05	3.786165386451886272e-01	1.087460165240153181e-01
1.584067500170234416e+05	3.809670553753637945e-01	1.090174533695862924e-01
1.593893560403761512e+05	3.833302165228794633e-01	1.092898981920709528e-01
1.603772470046362723e+05	3.857060879202787729e-01	1.095633535972406897e-01
1.613704504202966928e+05	3.880947357301316458e-01	1.098378222067377674e-01
1.623689939357663679e+05	3.904962264466954047e-01	1.101133066580546188e-01
1.633729053380654950e+05	3.929106268975866012e-01	1.103898096045151100e-01
1.643822125535272062e+05	3.953380042454683885e-01	1.106673337152574987e-01
1.653969436485045007e+05	3.977784259897509944e-01	1.109458816752168231e-01
1.664171268300705415e+05	4.002319599682755413e-01	1.112254561851114126e-01
1.674427904467317276e+05	4.026986743590296181e-01	1.115060599614272896e-01
1.684739629891418735e+05	4.051786376818642399e-01	1.117876957364005996e-01
1.695106730908178142e+05	4.076719188002151384e-01	1.120703662580094101e-01
1.705529495288628968e+05	4.101785869228427028e-01	1.123540742899589301e-01
1.716008212246851181e+05	4.126987116055593763e-01	1.126388226116699504e-01
1.726543172447311226e+05	4.152323627529943550e-01	1.129246140182690455e-01
1.737134668012103648e+05	4.177796106203356952e-01	1.132114513205773193e-01
1.747782992528339964e+05	4.203405258151071688e-01	1.134993373451035764e-01
1.758488441055518342e+05	4.229151792989405134e-01	1.137882749340333594e-01
1.769251310132911603e+05	4.255036423893523434e-01	1.140782669452224951e-01
1.780071897787068447e+05	4.281059867615484849e-01	1.143693162521916967e-01
1.790950503539240744e+05	4.307222844502098802e-01	1.146614257441182644e-01
1.801887428412933950e+05	4.333526078513083024e-01	1.149545983258307147e-01
1.812882974941460125e+05	4.359970297239234571e-01	1.152488369178079619e-01
1.823937447175523266e+05	4.386556231920667459e-01	1.155441444561701170e-01
1.835051150690877694e+05	4.413284617465230153e-01	1.158405238926792924e-01
1.846224392595953832e+05	4.440156192466851448e-01	1.161379781947368128e-01
1.857457481539605069e+05	4.467171699224166126e-01	1.164365103453793016e-01
1.868750727718784474e+05	4.494331883758982960e-01	1.167361233432796380e-01
1.880104442886406614e+05	4.521637495835181264e-01	1.170368202027457089e-01
1.891518940359094995e+05	4.549089288977359868e-01	1.173386039537211711e-01
1.902994535025071236e+05	4.576688020489793618e-01	1.176414776417881031e-01
1.914531543352013978e+05	4.604434451475347689e-01	1.179454443281643117e-01
1.926130283395037404e+05	4.632329346854657248e-01	1.182505070897107990e-01
1.937791074804606324e+05	4.660373475385166664e-01	1.185566690189318872e-01
1.949514238834578427e+05	4.688567609680471815e-01	1.188639332239775359e-01
1.961300098350234039e+05	4.716912526229628533e-01	1.191723028286521269e-01
1.973148977836375707e+05	4.745409005416635351e-01	1.194817809724155883e-01
1.985061203405403066e+05	4.774057831539849639e-01	1.197923708103901114e-01
1.997037102805543400e+05	4.802859792831787322e-01	1.201040755133661875e-01
2.009077005428982375e+05	4.831815681478672797e-01	1.204168982678103794e-01
2.021181242320172896e+05	4.860926293640423501e-01	1.207308422758698180e-01
2.033350146184082259e+05	4.890192429470485158e-01	1.210459107553848584e-01
2.045584051394485869e+05	4.919614893135774714e-01	1.213621069398921198e-01
2.057883294002387556e+05	4.949194492836933024e-01	1.216794340786379880e-01
2.070248211744356959e+05	4.978932040828379924e-01	1.219978954365869839e-01
2.082679144051041221e+05	5.008828353438781189e-01	1.223174942944312282e-01
2.095176432055623154e+05	5.038884251091385602e-01	1.226382339486016826e-01
2.107740418602291029e+05	5.069100558324405315e-01	1.229601177112808197e-01
2.120371448254887073e+05	5.099478103811805330e-01	1.232831489104117273e-01
2.133069867305440421e+05	5.130017720383837077e-01	1.236073308897143730e-01
2.145836023782879056e+05	5.160720245047974997e-01	1.239326670086948051e-01
2.158670267461703916e+05	5.191586519009790957e-01	1.242591606426632495e-01
2.171572949870687444e+05	5.222617387693866409e-01	1.245868151827432407e-01
2.184544424301684194e+05	5.253813700764987660e-01	1.249156340358904549e-01
2.197585045818458020e+05	5.285176312149371114e-01	1.252456206249060733e-01
2.210695171265499375e+05	5.316706080055868533e-01	1.255767783884509936e-01
2.223875159276977647e+05	5.348403866997498701e-01	1.259091107810667021e-01
2.237125370285640820e+05	5.380270539812855857e-01	1.262426212731867226e-01
2.250446166531870840e+05	5.412306969687875613e-01	1.265773133511572390e-01
2.263837912072626350e+05	5.444514032177355523e-01	1.269131905172538599e-01
2.277300972790622327e+05	5.476892607227024090e-01	1.272502562897001865e-01
2.290835716403386032e+05	5.509443579195322238e-01	1.275885142026862984e-01
2.304442512472443341e+05	5.542167836875497855e-01	1.279279678063870718e-01
2.318121732412517013e+05	5.575066273517722548e-01	1.282686206669839402e-01
2.331873749500825361e+05	5.608139786851464859e-01	1.286104763666841844e-01
2.345698938886334654e+05	5.641389279107729138e-01	1.289535385037410553e-01
2.359597677599137824e+05	5.674815657041623052e-01	1.292978106924755621e-01
2.373570344559823279e+05	5.708419831954881785e-01	1.296432965632981771e-01
2.387617320588919101e+05	5.742202719718583204e-01	1.299899997627306791e-01
2.401738988416392240e+05	5.776165240795999578e-01	1.303379239534289136e-01
2.415935732691184676e+05	5.810308320265521465e-01	1.306870728142067450e-01
2.430207939990746381e+05	5.844632887843592695e-01	1.310374500400575959e-01
2.444555998830716126e+05	5.879139877907983980e-01	1.313890593421790376e-01
2.458980299674543785e+05	5.913830229520948834e-01	1.317419044479992696e-01
2.473481234943211311e+05	5.948704886452585994e-01	1.320959891011984078e-01
2.488059199025049165e+05	5.983764797204459418e-01	1.324513170617376834e-01
2.502714588285481150e+05	6.019010915033030651e-01	1.328078921058823136e-01
2.517447801076930191e+05	6.054444197973481989e-01	1.331657180262281193e-01
2.532259237748690939e+05	6.090065608863457491e-01	1.335247986317298352e-01
2.547149300656935084e+05	6.125876115367132613e-01	1.338851377477263682e-01
2.562118394174651476e+05	6.161876689999113976e-01	1.342467392159687745e-01
2.577166924701776006e+05	6.198068310148804327e-01	1.346096068946483482e-01
2.592295300675222534e+05	6.234451958104525460e-01	1.349737446584258482e-01
2.607503932579089887e+05	6.271028621078066356e-01	1.353391563984592261e-01
2.622793232954834821e+05	6.307799291229152505e-01	1.357058460224314922e-01
2.638163616411503754e+05	6.344764965690046221e-01	1.360738174545831070e-01
2.653615499636085588e+05	6.381926646590452279e-01	1.364430746357404578e-01
2.669149301403828431e+05	6.419285341082323626e-01	1.368136215233465014e-01
2.684765442588654114e+05	6.456842061364911345e-01	1.371854620914909617e-01
2.700464346173592494e+05	6.494597824709862355e-01	1.375586003309436367e-01
2.716246437261333922e+05	6.532553653486590228e-01	1.379330402491823482e-01
2.732112143084717682e+05	6.570710575187507230e-01	1.383087858704294404e-01
2.748061893017378752e+05	6.609069622453622728e-01	1.386858412356811454e-01
2.764096118584437063e+05	6.647631833100259291e-01	1.390642104027413617e-01
2.780215253473092453e+05	6.686398250142522315e-01	1.394438974462555159e-01
2.796419733543561306e+05	6.725369921821615637e-01	1.398249064577413714e-01
2.812709996839688392e+05	6.764547901630352245e-01	1.402072415456274423e-01
2.829086483600041247e+05	6.803933248339840700e-01	1.405909068352839408e-01
2.845549636268607574e+05	6.843527026025216786e-01	1.409759064690602470e-01
2.862099899506001966e+05	6.883330304092579732e-01	1.413622446063170224e-01
2.878737720200233161e+05	6.923344157304912594e-01	1.417499254234645401e-01
2.895463547477982938e+05	6.963569665809182796e-01	1.421389531139959084e-01
2.912277832715709228e+05	7.004007915163056319e-01	1.425293318885266225e-01
2.929181029550781823e+05	7.044659996361689602e-01	1.429210659748290368e-01
2.946173593892743811e+05	7.085527005864790118e-01	1.433141596178709454e-01
2.963255983934635879e+05	7.126610045623867906e-01	1.437086170798501095e-01
2.980428660164386965e+05	7.167910223109624779e-01	1.441044426402357803e-01
2.997692085376098985e+05	7.209428651339097049e-01	1.445016405958056693e-01
3.015046724681652267e+05	7.251166448903565431e-01	1.449002152606824190e-01
3.032493045522145112e+05	7.293124739996059702e-01	1.453001709663744589e-01
3.050031517679513199e+05	7.335304654439315231e-01	1.457015120618163906e-01
3.067662613288128050e+05	7.377707327713659557e-01	1.461042429134063458e-01
3.085386806846566615e+05	7.420333900985319753e-01	1.465083679050466214e-01
3.103204575229230104e+05	7.463185521134367839e-01	1.469138914381842298e-01
3.121116397698348737e+05	7.506263340783586591e-01	1.473208179318545585e-01
3.139122755915626767e+05	7.549568518326482680e-01	1.477291518227160372e-01
3.157224133954292047e+05	7.593102217956265720e-01	1.481388975650977102e-01
3.175421018311069347e+05	7.636865609694633017e-01	1.485500596310382615e-01
3.193713897918191506e+05	7.680859869420669783e-01	1.489626425103280638e-01
3.212103264155548532e+05	7.725086178900063549e-01	1.493766507105528385e-01
3.230589610862784903e+05	7.769545725814188675e-01	1.497920887571355664e-01
3.249173434351515025e+05	7.814239703789503944e-01	1.502089611933801194e-01
3.267855233417689451e+05	7.859169312427272125e-01	1.506272725805161417e-01
3.286635509353841189e+05	7.904335757333025292e-01	1.510470274977405991e-01
3.305514765961532830e+05	7.949740250146498655e-01	1.514682305422622444e-01
3.324493509563765838e+05	7.995384008571470025e-01	1.518908863293498002e-01
3.343572249017572613e+05	8.041268256406047810e-01	1.523149994923723993e-01
3.362751495726561407e+05	8.087394223572841323e-01	1.527405746828463529e-01
3.382031763653527596e+05	8.133763146149283196e-01	1.531676165704830284e-01
3.401413569333175546e+05	8.180376266398243779e-01	1.535961298432324262e-01
3.420897431884942343e+05	8.227234832798850928e-01	1.540261192073308083e-01
3.440483873025735375e+05	8.274340100077135496e-01	1.544575893873456618e-01
3.460173417082918459e+05	8.321693329237260794e-01	1.548905451262251320e-01
3.479966591007212410e+05	8.369295787592545555e-01	1.553249911853437082e-01
3.499863924385690480e+05	8.417148748796728919e-01	1.557609323445493799e-01
3.519865949454903021e+05	8.465253492875512986e-01	1.561983734022158454e-01
3.539973201114021358e+05	8.513611306258199729e-01	1.566373191752847283e-01
3.560186216938056750e+05	8.562223481809465575e-01	1.570777744993182845e-01
3.580505537191105541e+05	8.611091318861220367e-01	1.575197442285481420e-01
3.600931704839681042e+05	8.660216123244670605e-01	1.579632332359239832e-01
3.621465265566142625e+05	8.709599207322614722e-01	1.584082464131621459e-01
3.642106767782209208e+05	8.759241890021948196e-01	1.588547886707993295e-01
3.662856762642441317e+05	8.809145496866083169e-01	1.593028649382388640e-01
3.683715804057823843e+05	8.859311360007615654e-01	1.597524801638040559e-01
3.704684448709498974e+05	8.909740818261351336e-01	1.602036393147874271e-01
3.725763256062450819e+05	8.960435217137222574e-01	1.606563473775050321e-01
3.746952788379371050e+05	9.011395908873630622e-01	1.611106093573441977e-01
3.768253610734444810e+05	9.062624252470600217e-01	1.615664302788183126e-01
3.789666291027375264e+05	9.114121613723513704e-01	1.620238151856189524e-01
3.811191399997349363e+05	9.165889365256691956e-01	1.624827691406679764e-01
3.832829511237135739e+05	9.217928886557300583e-01	1.629432972261715407e-01
3.854581201207194827e+05	9.270241564009292778e-01	1.634054045436709179e-01
3.876447049249887350e+05	9.322828790927571996e-01	1.638690962141002017e-01
3.898427637603821931e+05	9.375691967592498788e-01	1.643343773778359884e-01
3.920523551418183488e+05	9.428832501284358791e-01	1.648012531947560255e-01
3.942735378767129732e+05	9.482251806317968379e-01	1.652697288442908641e-01
3.965063710664325044e+05	9.535951304077654456e-01	1.657398095254797588e-01
3.987509141077472013e+05	9.589932423052174304e-01	1.662115004570251242e-01
4.010072266942986753e+05	9.644196598870035109e-01	1.666848068773507663e-01
4.032753688180673053e+05	9.698745274334763522e-01	1.671597340446551727e-01
4.055554007708520512e+05	9.753579899460514957e-01	1.676362872369693835e-01
4.078473831457538181e+05	9.808701931507731731e-01	1.681144717522135845e-01
4.101513768386738957e+05	9.864112835019189784e-01	1.685942929082510922e-01
4.124674430498081492e+05	9.919814081855931054e-01	1.690757560429513862e-01
4.147956432851586724e+05	9.975807151233619940e-01	1.695588665142434004e-01
4.171360393580435775e+05	1.003209352975885427e+00	1.700436297001732822e-01
4.194886933906219783e+05	1.008867471146583261e+00	1.705300509989654267e-01
4.218536678154239780e+05	1.014555219785317153e+00	1.710181358290777109e-01
4.242310253768885741e+05	1.020272749792086042e+00	1.715078896292657751e-01
4.266208291329035419e+05	1.026020212820732302e+00	1.719993178586348703e-01
4.290231424563660403e+05	1.031797761282694292e+00	1.724924259967056672e-01
4.314380290367329726e+05	1.037605548350734042e+00	1.729872195434721538e-01
4.338655528815954458e+05	1.043443727962724443e+00	1.734837040194599778e-01
4.363057783182502026e+05	1.049312454825429120e+00	1.739818849657887301e-01
4.387587699952851981e+05	1.055211884418314483e+00	1.744817679442311475e-01
4.412245928841663990e+05	1.061142172997367128e+00	1.749833585372777833e-01
4.437033122808406479e+05	1.067103477598948080e+00	1.754866623481975973e-01
4.461949938073336380e+05	1.073095956043635946e+00	1.759916850010951883e-01
4.486997034133789712e+05	1.079119766940145331e+00	1.764984321409776846e-01
4.512175073780288803e+05	1.085175069689199301e+00	1.770069094338158067e-01
4.537484723112815991e+05	1.091262024487444915e+00	1.775171225666069552e-01
4.562926651557292207e+05	1.097380792331415611e+00	1.780290772474396599e-01
4.588501531881951378e+05	1.103531535021468057e+00	1.785427792055502005e-01
4.614210040213927277e+05	1.109714415165773405e+00	1.790582341913951048e-01
4.640052856055864831e+05	1.115929596184310979e+00	1.795754479767132650e-01
4.666030662302630953e+05	1.122177242312887291e+00	1.800944263545866952e-01
4.692144145258076023e+05	1.128457518607167032e+00	1.806151751395075056e-01
4.718393994651917601e+05	1.134770590946734714e+00	1.811377001674407128e-01
4.744780903656659648e+05	1.141116626039162529e+00	1.816620072958970711e-01
4.771305568904714310e+05	1.147495791424128386e+00	1.821881024039877506e-01
4.797968690505380509e+05	1.153908255477499312e+00	1.827159913924997214e-01
4.824770972062177025e+05	1.160354187415500560e+00	1.832456801839546512e-01
4.851713120690017240e+05	1.166833757298845864e+00	1.837771747226835672e-01
4.878795847032638849e+05	1.173347136036928084e+00	1.843104809748855322e-01
4.906019865280094673e+05	1.179894495392027842e+00	1.848456049287016123e-01
4.933385893186159083e+05	1.186476007983498393e+00	1.853825525942789931e-01
4.960894652086102869e+05	1.193091847292039986e+00	1.859213300038402572e-01
4.988546866914337734e+05	1.199742187663945581e+00	1.864619432117524400e-01
5.016343266222147504e+05	1.206427204315362545e+00	1.870043982945916172e-01
5.044284582195712719e+05	1.213147073336629189e+00	1.875487013512175394e-01
5.072371550673984457e+05	1.219901971696572884e+00	1.880948585028374420e-01
5.100604911166781094e+05	1.226692077246862356e+00	1.886428758930817629e-01
5.128985406872910098e+05	1.233517568726366198e+00	1.891927596880658424e-01
5.157513784698458039e+05	1.240378625765551135e+00	1.897445160764702765e-01
5.186190795275031123e+05	1.247275428890869842e+00	1.902981512696016730e-01
5.215017192978312378e+05	1.254208159529222266e+00	1.908536715014706453e-01
5.243993735946412198e+05	1.261177000012370764e+00	1.914110830288606735e-01
5.273121186098592589e+05	1.268182133581441828e+00	1.919703921313963835e-01
5.302400309153835988e+05	1.275223744391392522e+00	1.925316051116227889e-01
5.331831874649774982e+05	1.282302017515563497e+00	1.930947282950694066e-01
5.361416655961425276e+05	1.289417138950183617e+00	1.936597680303306923e-01
5.391155430320252199e+05	1.296569295618954509e+00	1.942267306891314604e-01
5.421048978833155707e+05	1.303758675377619358e+00	1.947956226664053769e-01
5.451098086501682410e+05	1.310985467018580763e+00	1.953664503803670960e-01
5.481303542241209652e+05	1.318249860275514385e+00	1.959392202725819543e-01
5.511666138900347287e+05	1.325552045828036984e+00	1.965139388080505700e-01
5.542186673280355753e+05	1.332892215306375139e+00	1.970906124752710431e-01
5.572865946154617704e+05	1.340270561296049490e+00	1.976692477863236652e-01
5.603704762288377387e+05	1.347687277342618950e+00	1.982498512769363952e-01
5.634703930458363611e+05	1.355142557956403371e+00	1.988324295065719560e-01
5.665864263472652528e+05	1.362636598617259498e+00	1.994169890584960581e-01
5.697186578190411674e+05	1.370169595779328731e+00	2.000035365398526166e-01
5.728671695542426314e+05	1.377741746875974282e+00	2.005920785817475738e-01
5.760320440550515195e+05	1.385353250324449670e+00	2.011826218393182042e-01
5.792133642348260619e+05	1.393004305530886944e+00	2.017751729918143833e-01
5.824112134201084264e+05	1.400695112895120387e+00	2.023697387426753314e-01
5.856256753526702523e+05	1.408425873815611684e+00	2.029663258196070796e-01
5.888568341915685451e+05	1.416196790694389085e+00	2.035649409746603522e-01
5.921047745151949348e+05	1.424008066941979234e+00	2.041655909843118621e-01
5.953695813233624212e+05	1.431859906982424491e+00	2.047682826495389463e-01
5.986513400393720949e+05	1.439752516258253179e+00	2.053730227959019439e-01
6.019501365121117560e+05	1.447686101235527767e+00	2.059798182736220507e-01
6.052660570181509247e+05	1.455660869408881730e+00	2.065886759576622822e-01
6.085991882638615789e+05	1.463677029306622579e+00	2.071996027478092417e-01
6.119496173875420354e+05	1.471734790495836442e+00	2.078126055687507800e-01
6.153174319615376880e+05	1.479834363587491097e+00	2.084276913701562095e-01
6.187027199943922460e+05	1.487975960241608053e+00	2.090448671267642611e-01
6.221055699329933850e+05	1.496159793172423758e+00	2.096641398384552768e-01
6.255260706647437764e+05	1.504386076153610308e+00	2.102855165303412766e-01
6.289643115197417792e+05	1.512655024023521921e+00	2.109090042528437015e-01
6.324203822729540989e+05	1.520966852690415649e+00	2.115346100817793451e-01
6.358943731464146404e+05	1.529321779137745363e+00	2.121623411184371533e-01
6.393863748114405898e+05	1.537720021429486161e+00	2.127922044896692066e-01
6.428964783908311510e+05	1.546161798715427027e+00	2.134242073479725443e-01
6.464247754611236742e+05	1.554647331236592489e+00	2.140583568715673513e-01
6.499713580548024038e+05	1.563176840330557704e+00	2.146946602644885793e-01
6.535363186625756789e+05	1.571750548436924078e+00	2.153331247566700191e-01
6.571197502356182085e+05	1.580368679102711615e+00	2.159737576040230145e-01
6.607217461878480390e+05	1.589031456987835433e+00	2.166165660885310540e-01
6.643424003982202848e+05	1.597739107870621567e+00	2.172615575183272918e-01
6.679818072130082874e+05	1.606491858653294580e+00	2.179087392277858637e-01
6.716400614481174853e+05	1.615289937367541118e+00	2.185581185776068747e-01
6.753172583913913695e+05	1.624133573180055246e+00	2.192097029549041065e-01
6.790134938049631892e+05	1.633022996398196147e+00	2.198634997732912544e-01
6.827288639275709866e+05	1.641958438475554116e+00	2.205195164729684687e-01
6.864634654769281624e+05	1.650940132017652440e+00	2.211777605208139763e-01
6.902173956520733191e+05	1.659968310787598433e+00	2.218382394104679300e-01
6.939907521357446676e+05	1.669043209711795539e+00	2.225009606624238911e-01
6.977836330967814429e+05	1.678165064885714930e+00	2.231659318241200896e-01
7.015961371925045969e+05	1.687334113579625372e+00	2.238331604700204980e-01
7.054283635711342795e+05	1.696550594244403909e+00	2.245026542017162507e-01
7.092804118742126739e+05	1.705814746517365643e+00	2.251744206480063015e-01
7.131523822390355635e+05	1.715126811228108838e+00	2.258484674649891832e-01
7.170443753010893706e+05	1.724487030404377341e+00	2.265248023361597918e-01
7.209564921965128742e+05	1.733895647277982510e+00	2.272034329724959556e-01
7.248888345645861700e+05	1.743352906290785542e+00	2.278843671125502512e-01
7.288415045501720160e+05	1.752859053100572551e+00	2.285676125225428179e-01
7.328146048062575283e+05	1.762414334587164122e+00	2.292531769964538113e-01
7.368082384964076336e+05	1.772018998858319483e+00	2.299410683561134705e-01
7.408225092973281862e+05	1.781673295255896905e+00	2.306312944512999841e-01
7.448575214013726218e+05	1.791377474361885325e+00	2.313238631598289741e-01
7.489133795190835372e+05	1.801131788004514345e+00	2.320187823876505573e-01
7.529901888817590661e+05	1.810936489264428850e+00	2.327160600689385239e-01
7.570880552440054016e+05	1.820791832480825878e+00	2.334157041661914234e-01
7.612070848863457795e+05	1.830698073257729375e+00	2.341177226703217429e-01
7.653473846177727683e+05	1.840655468470129952e+00	2.348221236007534962e-01
7.695090617783829803e+05	1.850664276270319375e+00	2.355289150055203118e-01
7.736922242419942049e+05	1.860724756094186416e+00	2.362381049613560824e-01
7.778969804187575355e+05	1.870837168667497385e+00	2.369497015737979662e-01
7.821234392578159459e+05	1.881001776012292126e+00	2.376637129772757595e-01
7.863717102499598404e+05	1.891218841453267574e+00	2.383801473352136768e-01
7.906419034302985528e+05	1.901488629624206839e+00	2.390990128401292714e-01
7.949341293809313793e+05	1.911811406474398289e+00	2.398203177137297470e-01
7.992484992336555151e+05	1.922187439275151677e+00	2.405440702070083259e-01
8.035851246726737591e+05	1.932616996626309813e+00	2.412702786003426692e-01
8.079441179373103660e+05	1.943100348462777127e+00	2.419989512036000157e-01
8.123255918247598456e+05	1.953637766061134595e+00	2.427300963562300240e-01
8.167296596928145736e+05	1.964229522046196719e+00	2.434637224273689671e-01
8.211564354626490967e+05	1.974875890397709721e+00	2.441998378159333516e-01
8.256060336215900024e+05	1.985577146457010667e+00	2.449384509507330776e-01
8.300785692258987110e+05	1.996333566933723880e+00	2.456795702905586187e-01
8.345741579035772011e+05	2.007145429912503332e+00	2.464232043242916281e-01
8.390929158571914304e+05	2.018013014859828314e+00	2.471693615710019998e-01
8.436349598666985985e+05	2.028936602630799779e+00	2.479180505800520351e-01
8.482004072922874475e+05	2.039916475475972213e+00	2.486692799312011926e-01
8.527893760772511596e+05	2.050952917048263213e+00	2.494230582347063963e-01
8.574019847508365056e+05	2.062046212409804458e+00	2.501793941314225389e-01
8.620383524311478250e+05	2.073196648038926782e+00	2.509382962929133098e-01
8.666985988280548481e+05	2.084404511837153695e+00	2.516997734215501437e-01
8.713828442460867809e+05	2.095670093136162038e+00	2.524638342506174693e-01
8.760912095873749349e+05	2.106993682704855875e+00	2.532304875444224557e-01
8.808238163545893040e+05	2.118375572756433289e+00	2.539997420983918230e-01
8.855807866539079696e+05	2.129816056955525116e+00	2.547716067391856409e-01
8.903622431979756802e+05	2.141315430425310584e+00	2.555460903247987470e-01
8.951683093089020113e+05	2.152873989754729322e+00	2.563232017446699929e-01
8.999991089212574298e+05	2.164492033005683602e+00	2.571029499197889923e-01
9.048547665850983467e+05	2.176169859720318289e+00	2.578853438027997047e-01
9.097354074689729605e+05	2.187907770928246620e+00	2.586703923781170644e-01
9.146411573630059138e+05	2.199706069153967825e+00	2.594581046620257347e-01
9.195721426819235785e+05	2.211565058424145747e+00	2.602484897027906308e-01
9.245284904681525659e+05	2.223485044275061551e+00	2.610415565807726601e-01
9.295103283949021716e+05	2.235466333760021573e+00	2.618373144085323068e-01
9.345177847692690557e+05	2.247509235456830012e+00	2.626357723309403203e-01
9.395509885353622958e+05	2.259614059475300252e+00	2.634369395252886270e-01
9.446100692774365889e+05	2.271781117464794608e+00	2.642408252014025183e-01
9.496951572230485035e+05	2.284010722621810263e+00	2.650474386017476203e-01
9.548063832462156424e+05	2.296303189697580738e+00	2.658567890015442470e-01
9.599438788706111955e+05	2.308658835005755527e+00	2.666688857088846953e-01
9.651077762727517402e+05	2.321077976430072631e+00	2.674837380648334983e-01
9.702982082852242747e+05	2.333560933432110573e+00	2.683013554435526582e-01
9.755153083998919465e+05	2.346108027059006673e+00	2.691217472524071175e-01
9.807592107711638091e+05	2.358719579951315648e+00	2.699449229320803889e-01
9.860300502192542190e+05	2.371395916350850008e+00	2.707708919566907957e-01
9.913279622334341984e+05	2.384137362108500913e+00	2.715996638339045477e-01
9.966530829753595171e+05	2.396944244692239767e+00	2.724312481050473744e-01
1.002005549282358144e+06	2.409816893195025678e+00	2.732656543452273712e-01
1.007385498670767643e+06	2.422755638342831475e+00	2.741028921634435234e-01
1.012793069339266862e+06	2.435760812502658634e+00	2.749429712027086081e-01
1.018228400172237190e+06	2.448832749690616151e+00	2.757859011401584959e-01
1.023691630743144313e+06	2.461971785580058913e+00	2.766316916871799370e-01
1.029182901317922282e+06	2.475178257509724311e+00	2.774803525895137013e-01
1.034702352858373197e+06	2.488452504491907025e+00	2.783318936273842525e-01
1.040250127025622060e+06	2.501794867220769714e+00	2.791863246156152112e-01
1.045826366183525417e+06	2.515205688080540014e+00	2.800436554037474823e-01
1.051431213402142283e+06	2.528685311153858528e+00	2.809038958761582161e-01
1.057064812461217633e+06	2.542234082230157455e+00	2.817670559521816553e-01
1.062727307853640756e+06	2.555852348813974384e+00	2.826331455862287623e-01
1.068418844788998133e+06	2.569540460133501902e+00	2.835021747679085102e-01
1.074139569197084988e+06	2.583298767149028841e+00	2.843741535221480099e-01
1.079889627731431741e+06	2.597127622561423710e+00	2.852490919093166322e-01
1.085669167772891698e+06	2.611027380820761135e+00	2.861270000253454127e-01
1.091478337433194509e+06	2.624998398134871458e+00	2.870078880018491763e-01
1.097317285558546660e+06	2.639041032477994708e+00	2.878917660062523254e-01
1.103186161733261775e+06	2.653155643599516278e+00	2.887786442419116861e-01
1.109085116283371346e+06	2.667342593032646647e+00	2.896685329482376337e-01
1.115014300280281110e+06	2.681602244103219235e+00	2.905614424008239882e-01
1.120973865544452565e+06	2.695934961938539765e+00	2.914573829115634784e-01
1.126963964649067493e+06	2.710341113476204100e+00	2.923563648287834660e-01
1.132984750923720421e+06	2.724821067472975589e+00	2.932583985373677371e-01
1.139036378458181163e+06	2.739375194513832934e+00	2.941634944588785161e-01
1.145119002106084256e+06	2.754003867020847096e+00	2.950716630516887484e-01
1.151232777488727123e+06	2.768707459262313542e+00	2.959829148111065567e-01
1.157377860998818884e+06	2.783486347361766367e+00	2.968972602695033047e-01
1.163554409804283176e+06	2.798340909307128310e+00	2.978147099964442712e-01
1.169762581852076342e+06	2.813271524959890524e+00	2.987352745988140490e-01
1.176002535872007255e+06	2.828278576064300331e+00	2.996589647209449425e-01
1.182274431380603462e+06	2.843362446256656018e+00	3.005857910447482517e-01
1.188578428684951039e+06	2.858523521074548768e+00	3.015157642898449453e-01
1.194914688886622200e+06	2.873762187966300452e+00	3.024488952136946129e-01
1.201283373885534238e+06	2.889078836300250419e+00	3.033851946117273601e-01
1.207684646383923246e+06	2.904473857374309187e+00	3.043246733174760910e-01
1.214118669890251243e+06	2.919947644425356703e+00	3.052673422027066819e-01
1.220585608723199228e+06	2.935500592638843553e+00	3.062132121775496540e-01
1.227085628015635535e+06	2.951133099158336215e+00	3.071622941906371196e-01
1.233618893718609121e+06	2.966845563095122262e+00	3.081145992292291802e-01
1.240185572605394293e+06	2.982638385537934589e+00	3.090701383193583118e-01
1.246785832275508204e+06	2.998511969562615675e+00	3.100289225259521553e-01
1.253419841158810770e+06	3.014466720241977260e+00	3.109909629529759023e-01
1.260087768519542180e+06	3.030503044655512124e+00	3.119562707435656890e-01
1.266789784460451920e+06	3.046621351899322594e+00	3.129248570801639873e-01
1.273526059926920105e+06	3.062822053096031283e+00	3.138967331846584941e-01
1.280296766711081145e+06	3.079105561404700264e+00	3.148719103185139145e-01
1.287102077456001891e+06	3.095472292030880368e+00	3.158503997829116838e-01
1.293942165659880033e+06	3.111922662236704440e+00	3.168322129188916314e-01
1.300817205680198269e+06	3.128457091350885122e+00	3.178173611074857074e-01
1.307727372737983009e+06	3.145076000778948888e+00	3.188058557698582596e-01
1.314672842922057724e+06	3.161779814013470080e+00	3.197977083674454768e-01
1.321653793193288846e+06	3.178568956644281407e+00	3.207929304020932237e-01
1.328670401388867991e+06	3.195443856368771041e+00	3.217915334162027574e-01
1.335722846226610942e+06	3.212404943002226787e+00	3.227935289928680618e-01
1.342811307309339521e+06	3.229452648488367217e+00	3.237989287560159579e-01
1.349935965129167074e+06	3.246587406909650753e+00	3.248077443705491563e-01
1.357097001071904087e+06	3.263809654497878299e+00	3.258199875424916958e-01
1.364294597421426326e+06	3.281119829644684849e+00	3.268356700191281106e-01
1.371528937364111189e+06	3.298518372912223384e+00	3.278548035891483137e-01
1.378800204993261024e+06	3.316005727043789708e+00	3.288774000827915378e-01
1.386108585313557880e+06	3.333582336974548088e+00	3.299034713719916079e-01
1.393454264245538972e+06	3.351248649842285321e+00	3.309330293705217696e-01
1.400837428630112205e+06	3.369005114998274930e+00	3.319660860341385189e-01
1.408258266233058646e+06	3.386852184018106282e+00	3.330026533607314265e-01
1.415716965749600204e+06	3.404790310712668244e+00	3.340427433904664123e-01
1.423213716808927013e+06	3.422819951139036032e+00	3.350863682059339044e-01
1.430748709978833329e+06	3.440941563611624066e+00	3.361335399322973316e-01
1.438322136770284967e+06	3.459155608713166963e+00	3.371842707374417825e-01
1.445934189642087091e+06	3.477462549305950112e+00	3.382385728321210538e-01
1.453585062005516840e+06	3.495862850542946987e+00	3.392964584701090303e-01
1.461274948229023954e+06	3.514356979879124765e+00	3.403579399483456780e-01
1.469004043642905308e+06	3.532945407082688227e+00	3.414230296070943083e-01
1.476772544544065371e+06	3.551628604246526155e+00	3.424917398300836857e-01
1.484580648200725205e+06	3.570407045799540935e+00	3.435640830446743399e-01
1.492428552857212024e+06	3.589281208518162458e+00	3.446400717219860743e-01
1.500316457738760626e+06	3.608251571537897551e+00	3.457197183770795434e-01
1.508244563056307379e+06	3.627318616364859860e+00	3.468030355690893130e-01
1.516213070011378033e+06	3.646482826887525341e+00	3.478900359013843424e-01
1.524222180800886359e+06	3.665744689388272359e+00	3.489807320217201969e-01
1.532272098622083664e+06	3.685104692555282835e+00	3.500751366223964767e-01
1.540363027677429840e+06	3.704563327494261760e+00	3.511732624404141356e-01
1.548495173179562669e+06	3.724121087740385860e+00	3.522751222576253061e-01
1.556668741356230574e+06	3.743778469270164333e+00	3.533807289008915054e-01
1.564883939455293585e+06	3.763535970513473661e+00	3.544900952422501694e-01
1.573140975749725709e+06	3.783394092365580441e+00	3.556032341990568169e-01
1.581440059542641509e+06	3.803353338199230382e+00	3.567201587341520264e-01
1.589781401172388345e+06	3.823414213876903833e+00	3.578408818560280258e-01
1.598165212017573416e+06	3.843577227762896786e+00	3.589654166189659157e-01
1.606591704502230510e+06	3.863842890735749158e+00	3.600937761232183010e-01
1.615061092100908980e+06	3.884211716200486553e+00	3.612259735151637230e-01
1.623573589343859814e+06	3.904684220101090286e+00	3.623620219874581494e-01
1.632129411822190275e+06	3.925260920932893693e+00	3.635019347792050048e-01
1.640728776193102589e+06	3.945942339755183603e+00	3.646457251761194840e-01
1.649371900185115868e+06	3.966729000203756073e+00	3.657934065106855925e-01
1.658059002603316680e+06	3.987621428503548060e+00	3.669449921623214039e-01
1.666790303334645927e+06	4.008620153481347259e+00	3.681004955575442605e-01
1.675566023353231838e+06	4.029725706578622280e+00	3.692599301701432468e-01
1.684386384725689655e+06	4.050938621864266231e+00	3.704233095213226856e-01
1.693251610616517952e+06	4.072259436047573011e+00	3.715906471798927080e-01
1.702161925293466542e+06	4.093688688491152305e+00	3.727619567624231856e-01
1.711117554132976569e+06	4.115226921224006240e+00	3.739372519334088207e-01
1.720118723625574727e+06	4.136874678954512774e+00	3.751165464054425636e-01
1.729165661381395767e+06	4.158632509083693307e+00	3.762998539393830888e-01
1.738258596135648433e+06	4.180500961718370156e+00	3.774871883445239940e-01
1.747397757754151709e+06	4.202480589684474133e+00	3.786785634787522836e-01
1.756583377238869434e+06	4.224571948540359223e+00	3.798739932487448789e-01
1.765815686733474489e+06	4.246775596590181223e+00	3.810734916101063408e-01
1.775094919528992148e+06	4.269092094897474432e+00	3.822770725675703751e-01
1.784421310069404077e+06	4.291522007298624430e+00	3.834847501751446064e-01
1.793795093957314966e+06	4.314065900416498955e+00	3.846965385363080858e-01
1.803216507959607290e+06	4.336724343674046800e+00	3.859124518041648910e-01
1.812685790013210149e+06	4.359497909308171160e+00	3.871325041816378598e-01
1.822203179230815731e+06	4.382387172383481300e+00	3.883567099216133078e-01
1.831768915906613460e+06	4.405392710806076195e+00	3.895850833271493063e-01
1.841383241522149416e+06	4.428515105337645252e+00	3.908176387516337225e-01
1.851046398752094712e+06	4.451754939609332773e+00	3.920543905989601896e-01
1.860758631470146356e+06	4.475112800135934599e+00	3.932953533237057986e-01
1.870520184754888760e+06	4.498589276329994391e+00	3.945405414313175596e-01
1.880331304895705776e+06	4.522184960516020702e+00	3.957899694782779920e-01
1.890192239398725796e+06	4.545900447944784872e+00	3.970436520722989693e-01
1.900103236992779654e+06	4.569736336807652677e+00	3.983016038724829788e-01
1.910064547635405092e+06	4.593693228251019889e+00	3.995638395895174111e-01
1.920076422518887557e+06	4.617771726390845544e+00	4.008303739858532500e-01
1.930139114076311002e+06	4.641972438327200301e+00	4.021012218758802659e-01
1.940252875987624051e+06	4.666295974158857440e+00	4.033763981261170306e-01
1.950417963185786270e+06	4.690742946998075702e+00	4.046559176553898851e-01
1.960634631862897659e+06	4.715313972985334168e+00	4.059397954350135174e-01
1.970903139476396609e+06	4.740009671304250993e+00	4.072280464889780904e-01
1.981223744755221531e+06	4.764830664196387566e+00	4.085206858941377028e-01
1.991596707706082147e+06	4.789777576976343099e+00	4.098177287803927427e-01
2.002022289619747316e+06	4.814851038046866094e+00	4.111191903308717421e-01
2.012500753077280475e+06	4.840051678913861011e+00	4.124250857821235017e-01
2.023032361956425011e+06	4.865380134201735096e+00	4.137354304243055503e-01
2.033617381437936798e+06	4.890837041668637752e+00	4.150502396013696083e-01
2.044256078011981212e+06	4.916423042221836681e+00	4.163695287112494370e-01
2.054948719484558795e+06	4.942138779933179293e+00	4.176933132060537956e-01
2.065695574983953033e+06	4.967984902054590535e+00	4.190216085922452982e-01
2.076496914967219811e+06	4.993962059033690615e+00	4.203544304308530211e-01
2.087353011226687580e+06	5.020070904529418065e+00	4.216917943376481404e-01
2.098264136896537151e+06	5.046312095427860633e+00	4.230337159833372773e-01
2.109230566459341440e+06	5.072686291857981367e+00	4.243802110937574534e-01
2.120252575752709527e+06	5.099194157207597833e+00	4.257312954500753199e-01
2.131330441975937225e+06	5.125836358139371107e+00	4.270869848889695120e-01
2.142464443696655333e+06	5.152613564606806307e+00	4.284472953028382602e-01
2.153654860857557971e+06	5.179526449870427207e+00	4.298122426399855756e-01
2.164901974783105776e+06	5.206575690513893129e+00	4.311818429048214774e-01
2.176206068186382297e+06	5.233761966460495962e+00	4.325561121580608348e-01
2.187567425175813027e+06	5.261085960989318799e+00	4.339350665169212085e-01
2.198986331262058578e+06	5.288548360751810229e+00	4.353187221553141972e-01
2.210463073364879470e+06	5.316149855788292911e+00	4.367070953040579906e-01
2.221997939820075873e+06	5.343891139544662217e+00	4.381002022510657179e-01
2.233591220386350527e+06	5.371772908888882370e+00	4.394980593415469539e-01
2.245243206252374221e+06	5.399795864127981737e+00	4.409006829782144976e-01
2.256954190043698065e+06	5.427960709024679531e+00	4.423080896214858782e-01
2.268724465829893947e+06	5.456268150814556073e+00	4.437202957896850819e-01
2.280554329131573904e+06	5.484718900222932625e+00	4.451373180592427259e-01
2.292444076927545480e+06	5.513313671482084288e+00	4.465591730649045576e-01
2.304394007661918178e+06	5.542053182348329443e+00	4.479858774999370685e-01
2.316404421251288615e+06	5.570938154119303043e+00	4.494174481163297208e-01
2.328475619092004839e+06	5.599969311651444848e+00	4.508539017250006165e-01
2.340607904067361262e+06	5.629147383377283376e+00	4.522952551960165990e-01
2.352801580554910004e+06	5.658473101323028054e+00	4.537415254587821578e-01
2.365056954433813225e+06	5.687947201126255514e+00	4.551927295022603071e-01
2.377374333092176821e+06	5.717570422053541712e+00	4.566488843751770887e-01
2.389754025434411597e+06	5.747343507018166875e+00	4.581100071862356238e-01
2.402196341888707597e+06	5.777267202598089568e+00	4.595761151043229464e-01
2.414701594414549414e+06	5.807342259054025568e+00	4.610472253587278857e-01
2.427270096510086674e+06	5.837569430347169686e+00	4.625233552393485659e-01
2.439902163219819777e+06	5.867949474157681422e+00	4.640045220969053474e-01
2.452598111142067704e+06	5.898483151902645716e+00	4.654907433431588193e-01
2.465358258436628152e+06	5.929171228754492873e+00	4.669820364511193533e-01
2.478182924832475372e+06	5.960014473659513534e+00	4.684784189552707589e-01
2.491072431635338347e+06	5.991013659356087651e+00	4.699799084517748970e-01
2.504027101735515054e+06	6.022169562393469455e+00	4.714865225986990538e-01
2.517047259615624789e+06	6.053482963150440987e+00	4.729982791162319344e-01
2.530133231358407065e+06	6.084954645854058874e+00	4.745151957869007675e-01
2.543285344654527958e+06	6.116585398598441969e+00	4.760372904557905738e-01
2.556503928810464218e+06	6.148376013363712644e+00	4.775645810307614925e-01
2.569789314756508917e+06	6.180327286035272927e+00	4.790970854826728798e-01
2.583141835054581985e+06	6.212440016422570821e+00	4.806348218456075738e-01
2.596561823906329926e+06	6.244715008278591384e+00	4.821778082170967705e-01
2.610049617161155678e+06	6.277153069319161283e+00	4.837260627583314099e-01
2.623605552324225195e+06	6.309755011242209832e+00	4.852796036943968216e-01
2.637229968564643990e+06	6.342521649747429713e+00	4.868384493144969904e-01
2.650923206723570358e+06	6.375453804555790249e+00	4.884026179721760452e-01
2.664685609322413802e+06	6.408552299429256749e+00	4.899721280855513506e-01
2.678517520571092609e+06	6.441817962190644842e+00	4.915469981375296116e-01
2.692419286376307718e+06	6.475251624743529000e+00	4.931272466760481255e-01
2.706391254349741153e+06	6.508854123091946775e+00	4.947128923142965484e-01
2.720433773816603702e+06	6.542626297360964571e+00	4.963039537309469895e-01
2.734547195823847782e+06	6.576568991816428067e+00	4.979004496703898774e-01
2.748731873148702551e+06	6.610683054885487131e+00	4.995023989429590028e-01
2.762988160307167564e+06	6.644969339177026590e+00	5.011098204251670518e-01
2.777316413562406320e+06	6.679428701501846533e+00	5.027227330599438604e-01
2.791716990933417808e+06	6.714062002893522063e+00	5.043411558568563491e-01
2.806190252203607466e+06	6.748870108629017928e+00	5.059651078923597112e-01
2.820736558929436374e+06	6.783853888249486985e+00	5.075946083100251194e-01
2.835356274449031334e+06	6.819014215580973648e+00	5.092296763207699861e-01
2.850049763891033828e+06	6.854351968755703517e+00	5.108703312031113164e-01
2.864817394183275290e+06	6.889868030232945806e+00	5.125165923033885296e-01
2.879659534061622806e+06	6.925563286820274556e+00	5.141684790360115942e-01
2.894576554078797810e+06	6.961438629694798763e+00	5.158260108837009472e-01
2.909568826613356359e+06	6.997494954424745117e+00	5.174892073977217510e-01
2.924636725878538564e+06	7.033733160990745858e+00	5.191580881981370243e-01
2.939780627931327559e+06	7.070154153807617803e+00	5.208326729740360150e-01
2.955000910681436304e+06	7.106758841745991262e+00	5.225129814837852216e-01
2.970297953900337685e+06	7.143548138154013571e+00	5.241990335552731972e-01
2.985672139230462722e+06	7.180522960879476280e+00	5.258908490861575746e-01
3.001123850194349419e+06	7.217684232291815327e+00	5.275884480441050961e-01
3.016653472203786951e+06	7.255032879304108562e+00	5.292918504670456326e-01
3.032261392569144722e+06	7.292569833395503132e+00	5.310010764634058855e-01
3.047948000508593861e+06	7.330296030633403959e+00	5.327161462123832791e-01
3.063713687157521024e+06	7.368212411696101860e+00	5.344370799641713354e-01
3.079558845577824395e+06	7.406319921895141434e+00	5.361638980402194665e-01
3.095483870767462067e+06	7.444619511198276030e+00	5.378966208334875487e-01
3.111489159669817891e+06	7.483112134252003500e+00	5.396352688086939464e-01
3.127575111183310393e+06	7.521798750404660616e+00	5.413798625025686428e-01
3.143742126170902047e+06	7.560680323729302543e+00	5.431304225241077033e-01
3.159990607469731942e+06	7.599757823046870975e+00	5.448869695548355097e-01
3.176320959900838323e+06	7.639032221949570101e+00	5.466495243490478995e-01
3.192733590278811753e+06	7.678504498824088920e+00	5.484181077340747335e-01
3.209228907421519514e+06	7.718175636874981649e+00	5.501927406105419083e-01
3.225807322159982286e+06	7.758046624148428272e+00	5.519734439526211567e-01
3.242469247348230332e+06	7.798118453555932028e+00	5.537602388083034954e-01
3.259215097873179242e+06	7.838392122898073744e+00	5.555531462996432523e-01
3.276045290664546657e+06	7.878868634888362088e+00	5.573521876230294048e-01
3.292960244704881217e+06	7.919548997177352057e+00	5.591573840494482583e-01
3.309960381039637607e+06	7.960434222376875368e+00	5.609687569247410188e-01
3.327046122787257191e+06	8.001525328084285960e+00	5.627863276698756856e-01
3.344217895149296150e+06	8.042823336906813836e+00	5.646101177812066219e-01
3.361476125420613680e+06	8.084329276486071691e+00	5.664401488307392318e-01
3.378821242999650072e+06	8.126044179522775579e+00	5.682764424664030756e-01
3.396253679398729932e+06	8.167969083801512653e+00	5.701190204123146588e-01
3.413773868254331872e+06	8.210105032215460952e+00	5.719679044690532121e-01
3.431382245337566826e+06	8.252453072791562150e+00	5.738231165139191514e-01
3.449079248564610258e+06	8.295014258715637467e+00	5.756846785012158518e-01
3.466865318007153925e+06	8.337789648357501804e+00	5.775526124625182112e-01
3.484740895902988967e+06	8.380780305296436694e+00	5.794269405069435441e-01
3.502706426666624378e+06	8.423987298346711228e+00	5.813076848214278058e-01
3.520762356899868697e+06	8.467411701583035466e+00	5.831948676709958201e-01
3.538909135402613785e+06	8.511054594366504134e+00	5.850885113990509367e-01
3.557147213183553424e+06	8.554917061370360898e+00	5.869886384276307156e-01
3.575477043470959179e+06	8.599000192605924298e+00	5.888952712577002480e-01
3.593899081723596435e+06	8.643305083448833415e+00	5.908084324694230505e-01
3.612413785641626921e+06	8.687832834665277559e+00	5.927281447224490574e-01
3.631021615177560132e+06	8.732584552438328984e+00	5.946544307561901777e-01
3.649723032547279727e+06	8.777561348394456786e+00	5.965873133900998493e-01
3.668518502241120208e+06	8.822764339630174035e+00	5.985268155239589216e-01
3.687408491034943145e+06	8.868194648738672470e+00	6.004729601381614268e-01
3.706393468001415953e+06	8.913853403836949241e+00	6.024257702939892489e-01
3.725473904521175660e+06	8.959741738592654769e+00	6.043852691339204330e-01
3.744650274294157978e+06	9.005860792251338509e+00	6.063514798818827600e-01
3.763923053350926843e+06	9.052211709663696482e+00	6.083244258435706042e-01
3.783292720064056106e+06	9.098795641312946714e+00	6.103041304067288175e-01
3.802759755159631371e+06	9.145613743342487112e+00	6.122906170414238458e-01
3.822324641728719696e+06	9.192667177583484062e+00	6.142839093003560347e-01
3.841987865238973871e+06	9.239957111582775440e+00	6.162840308191398497e-01
3.861749913546257187e+06	9.287484718630837577e+00	6.182910053166031927e-01
3.881611276906270068e+06	9.335251177789734456e+00	6.203048565950791682e-01
3.901572447986355983e+06	9.383257673921519881e+00	6.223256085407027349e-01
3.921633921877269167e+06	9.431505397716536621e+00	6.243532851236995862e-01
3.941796196105027106e+06	9.479995545721923378e+00	6.263879103986915720e-01
3.962059770642814692e+06	9.528729320370237232e+00	6.284295085049985685e-01
3.982425147922969889e+06	9.577707930008287462e+00	6.304781036669206973e-01
4.002892832849037834e+06	9.626932588926122136e+00	6.325337201940556264e-01
4.023463332807771862e+06	9.676404517385888582e+00	6.345963824815975540e-01
4.044137157681364566e+06	9.726124941651251632e+00	6.366661150106279754e-01
4.064914819859591778e+06	9.776095094016600484e+00	6.387429423484344282e-01
4.085796834252155852e+06	9.826316212836731623e+00	6.408268891488100305e-01
4.106783718300912064e+06	9.876789542556256407e+00	6.429179801523537963e-01
4.127875991992301308e+06	9.927516333739493604e+00	6.450162401867840511e-01
4.149074177869793493e+06	9.978497843100408105e+00	6.471216941672406353e-01
4.170378801046384498e+06	1.002973533353265623e+01	6.492343670966026492e-01
4.191790389217200689e+06	1.008123007413990813e+01	6.513542840657897681e-01
4.213309472672041506e+06	1.013298334026600145e+01	6.534814702540840958e-01
4.234936584308152087e+06	1.018499641352566698e+01	6.556159509294287036e-01
4.256672259642944671e+06	1.023727058183512284e+01	6.577577514487478183e-01
4.278517036826729774e+06	1.028980713944269176e+01	6.599068972582706749e-01
4.300471456655707210e+06	1.034260738696004722e+01	6.620634138938344959e-01
4.322536062584939413e+06	1.039567263139340625e+01	6.642273269812046799e-01
4.344711400741173886e+06	1.044900418617438120e+01	6.663986622363894385e-01
4.366998019936036319e+06	1.050260337119168774e+01	6.685774454659754173e-01
4.389396471679162234e+06	1.055647151282275509e+01	6.707637025674312303e-01
4.411907310191283934e+06	1.061060994396516932e+01	6.729574595294218753e-01
4.434531092417560518e+06	1.066502000406875439e+01	6.751587424321706665e-01
4.457268378040918149e+06	1.071970303916765488e+01	6.773675774477201372e-01
4.480119729495430365e+06	1.077466040191249519e+01	6.795839908403267238e-01
4.503085711979734711e+06	1.082989345160266659e+01	6.818080089667347687e-01
4.526166893470541574e+06	1.088540355421880967e+01	6.840396582765240208e-01
4.549363844736191444e+06	1.094119208245541586e+01	6.862789653124375944e-01
4.572677139350485988e+06	1.099726041575410207e+01	6.885259567107115952e-01
4.596107353706135415e+06	1.105360994033593158e+01	6.907806592013996383e-01
4.619655067028698511e+06	1.111024204923496761e+01	6.930430996087137974e-01
4.643320861390352249e+06	1.116715814233135440e+01	6.953133048513499004e-01
4.667105321723940782e+06	1.122435962638513907e+01	6.975913019428305883e-01
4.691009035836813040e+06	1.128184791506953033e+01	6.998771179918337193e-01
4.715032594424942508e+06	1.133962442900485890e+01	7.021707802025184408e-01
4.739176591087004170e+06	1.139769059579244370e+01	7.044723158748955605e-01
4.763441622338610701e+06	1.145604785004881521e+01	7.067817524051379641e-01
4.787828287626602687e+06	1.151469763344009145e+01	7.090991172859300029e-01
4.812337189343245700e+06	1.157364139471612141e+01	7.114244381068017820e-01
4.836968932840766385e+06	1.163288058974544370e+01	7.137577425545008625e-01
4.861724126445712522e+06	1.169241668154981362e+01	7.160990584132863601e-01
4.886603381473554298e+06	1.175225114033933949e+01	7.184484135653244063e-01
4.911607312243282795e+06	1.181238544354757813e+01	7.208058359909976787e-01
4.936736536092012189e+06	1.187282107586664104e+01	7.231713537692783245e-01
