0.000000000000000000e+00	0.000000000000000000e+00	0.000000000000000000e+00
2.558659733791248314e+01	6.150490652760874318e-05	1.277009420046541777e-02
5.132728290642698710e+01	1.234110687954118328e-04	1.278574480563874488e-02
7.722409807449450625e+01	1.856927203150384885e-04	1.280203243531087207e-02
1.032790521708831619e+02	2.483546935595448116e-04	1.281893671911708138e-02
1.294941243796247647e+02	3.114017485016776264e-04	1.283643828156303714e-02
1.558712655359562689e+02	3.748385769332301986e-04	1.285451868939697755e-02
1.824123998284205186e+02	4.386698065587037068e-04	1.287316040195696405e-02
2.091194264124627864e+02	5.029000048761106097e-04	1.289234672431729609e-02
2.359942209405390656e+02	5.675336828569824956e-04	1.291206176306884494e-02
2.630386370134643244e+02	6.325752984369544234e-04	1.293229038457875506e-02
2.902545075574325324e+02	6.980292598275848704e-04	1.295301817558394686e-02
3.176436461308981052e+02	7.638999286594883508e-04	1.297423140598057828e-02
3.452078481652610549e+02	8.301916229662589623e-04	1.299591699368249538e-02
3.729488921430267396e+02	8.969086200180197534e-04	1.301806247142683892e-02
4.008685407169955397e+02	9.640551590131403404e-04	1.304065595541435696e-02
4.289685417736846489e+02	1.031635443635833512e-03	1.306368611567715679e-02
4.572506294441452610e+02	1.099653644487231293e-03	1.308714214807400571e-02
4.857165250650522239e+02	1.168113901396863321e-03	1.311101374781922443e-02
5.143679380928103910e+02	1.237020325621137826e-03	1.313529108445647166e-02
5.432065669732894548e+02	1.306377001935105997e-03	1.315996477819464210e-02
5.722340999696026529e+02	1.376187990623319122e-03	1.318502587752684065e-02
6.014522159502333807e+02	1.446457329375317553e-03	1.321046583806052312e-02
6.308625851396652706e+02	1.517189035090942256e-03	1.323627650248740406e-02
6.604668698335796080e+02	1.588387105600425888e-03	1.326245008163040064e-02
6.902667250805088770e+02	1.660055521303806236e-03	1.328897913650464377e-02
7.202637993318089684e+02	1.732198246734148852e-03	1.331585656133616423e-02
7.504597350616116955e+02	1.804819232048567252e-03	1.334307556748376769e-02
7.808561693583988017e+02	1.877922414450992374e-03	1.337062966821261044e-02
8.114547344897209769e+02	1.951511719550350901e-03	1.339851266427232596e-02
8.422570584415046824e+02	2.025591062657630583e-03	1.342671863023411211e-02
8.732647654332661205e+02	2.100164350024997118e-03	1.345524190154458698e-02
9.044794764105686227e+02	2.175235480030179424e-03	1.348407706225593881e-02
9.359028095158738552e+02	2.250808344308893871e-03	1.351321893339520880e-02
9.675363805389634990e+02	2.326886828838132474e-03	1.354266256193689504e-02
9.993818033480349641e+02	2.403474814972968079e-03	1.357240321034582954e-02
1.031440690302414396e+03	2.480576180439154465e-03	1.360243634665827053e-02
1.063714652647891853e+03	2.558194800283923945e-03	1.363275763507221586e-02
1.096205300895612936e+03	2.636334547787244544e-03	1.366336292701834411e-02
1.128914245185316076e+03	2.714999295335420240e-03	1.369424825268630679e-02
1.161843095633819985e+03	2.794192915259226077e-03	1.372540981298008000e-02
1.194993462669431892e+03	2.873919280638168473e-03	1.375684397187996316e-02
1.228366957353039425e+03	2.954182266072735100e-03	1.378854724918969141e-02
1.261965191686631670e+03	3.034985748426397706e-03	1.382051631364612093e-02
1.295789778909762163e+03	3.116333607538619016e-03	1.385274797637353790e-02
1.329842333784727998e+03	3.198229726910726840e-03	1.388523918466362528e-02
1.364124472870903446e+03	3.280677994365694891e-03	1.391798701606280358e-02
1.398637814788882679e+03	3.363682302683418043e-03	1.395098867275201826e-02
1.433383980474867258e+03	3.447246550212527613e-03	1.398424147620214338e-02
1.468364593425862040e+03	3.531374641460097597e-03	1.401774286209079949e-02
1.503581279936099918e+03	3.616070487660254500e-03	1.405149037546710167e-02
1.539035669325137633e+03	3.701338007322761518e-03	1.408548166615057433e-02
1.574729394158088326e+03	3.787181126762683391e-03	1.411971448435281676e-02
1.610664090458313012e+03	3.873603780611919924e-03	1.415418667650895045e-02
1.646841397912988896e+03	3.960609912313606089e-03	1.418889618130952761e-02
1.683262960071925818e+03	4.048203474600271627e-03	1.422384102592090527e-02
1.719930424539920750e+03	4.136388429956465787e-03	1.425901932238585017e-02
1.756845443163016171e+03	4.225168751066709326e-03	1.429442926419328963e-02
1.794009672208925849e+03	4.314548421249431685e-03	1.433006912300994855e-02
1.831424772541951370e+03	4.404531434877647506e-03	1.436593724556553542e-02
1.869092409792611079e+03	4.495121797786922821e-03	1.440203205068216717e-02
1.907014254522317742e+03	4.586323527671428042e-03	1.443835202644241401e-02
1.945191982383261802e+03	4.678140654468464568e-03	1.447489572748797935e-02
1.983627274273801277e+03	4.770577220732184938e-03	1.451166177244262931e-02
2.022321816489552930e+03	4.863637281996967092e-03	1.454864884145294288e-02
2.061277300870359340e+03	4.957324907130878158e-03	1.458585567384138373e-02
2.100495424943416765e+03	5.051644178679904305e-03	1.462328106586583722e-02
2.139977892062715455e+03	5.146599193203300546e-03	1.466092386858014116e-02
2.179726411544844723e+03	5.242194061600214013e-03	1.469878298579072561e-02
2.219742698801595452e+03	5.338432909428592922e-03	1.473685737210456842e-02
2.260028475469300702e+03	5.435319877216261523e-03	1.477514603106447853e-02
2.300585469535133143e+03	5.532859120764652833e-03	1.481364801336649238e-02
2.341415415460572603e+03	5.631054811445770740e-03	1.485236241515601116e-02
2.382520054302079643e+03	5.729911136492399706e-03	1.489128837639891283e-02
2.423901133829153423e+03	5.829432299282042568e-03	1.493042507932311816e-02
2.465560408639942125e+03	5.929622519614968085e-03	1.496977174692891085e-02
2.507499640274514604e+03	6.030486033986623244e-03	1.500932764156289768e-02
2.549720597325693234e+03	6.132027095854202144e-03	1.504909206355321653e-02
2.592225055548086857e+03	6.234249975898859854e-03	1.508906434990392280e-02
2.635014797964706759e+03	6.337158962282138375e-03	1.512924387304429366e-02
2.678091614971959643e+03	6.440758360898465179e-03	1.516963003963150459e-02
2.721457304442597433e+03	6.545052495622755498e-03	1.521022228940382449e-02
2.765113671826969949e+03	6.650045708553931068e-03	1.525102009408186091e-02
2.809062530252639590e+03	6.755742360254488044e-03	1.529202295631572860e-02
2.853305700622367567e+03	6.862146829986157451e-03	1.533323040867600774e-02
2.897845011710654489e+03	6.969263515942090113e-03	1.537464201268616201e-02
2.942682300258761188e+03	7.077096835475383055e-03	1.541625735789543122e-02
2.987819411068424415e+03	7.185651225324465180e-03	1.545807606098898758e-02
3.033258197094283332e+03	7.294931141835384741e-03	1.550009776493490449e-02
3.079000519535008152e+03	7.404941061180973436e-03	1.554232213816511207e-02
3.125048247923338749e+03	7.515685479577396272e-03	1.558474887378994388e-02
3.171403260214990496e+03	7.627168913497968383e-03	1.562737768884427808e-02
3.218067442876510995e+03	7.739395899884449551e-03	1.567020832356286544e-02
3.265042690972050423e+03	7.852370996355731436e-03	1.571324054068559684e-02
3.312330908249337426e+03	7.966098781414606214e-03	1.575647412478969195e-02
3.359934007224689594e+03	8.080583854652222814e-03	1.579990888164825233e-02
3.407853909267097151e+03	8.195830836950308840e-03	1.584354463761364004e-02
3.456092544681609070e+03	8.311844370681709809e-03	1.588738123902560737e-02
3.504651852791920192e+03	8.428629119909018461e-03	1.593141855164155463e-02
3.553533782022197101e+03	8.546189770581365253e-03	1.597565646008925269e-02
3.602740289978326018e+03	8.664531030729812414e-03	1.602009486734053134e-02
3.652273343528364421e+03	8.783657630660855406e-03	1.606473369420461164e-02
3.702134918882520651e+03	8.903574323148763861e-03	1.610957287884181438e-02
3.752327001672496408e+03	9.024285883626402896e-03	1.615461237629425145e-02
3.802851587030327664e+03	9.145797110374848798e-03	1.619985215803506143e-02
3.853710679666645774e+03	9.268112824711601319e-03	1.624529221153451358e-02
3.904906293948559778e+03	9.391237871177900848e-03	1.629093253984181117e-02
3.956440453977014386e+03	9.515177117724772302e-03	1.633677316118289577e-02
4.008315193663798254e+03	9.639935455898217265e-03	1.638281410857306275e-02
4.060532556808034769e+03	9.765517801023193556e-03	1.642905542944332262e-02
4.113094597172494105e+03	9.891929092387140299e-03	1.647549718528088653e-02
4.166003378559395060e+03	1.001917429342227307e-02	1.652213945128268649e-02
4.219260974886021359e+03	1.014725839188745059e-02	1.656898231602122601e-02
4.272869470259898662e+03	1.027618640004897450e-02	1.661602588112319132e-02
4.326830959053842889e+03	1.040596335486107700e-02	1.666327026095815525e-02
4.381147545980724317e+03	1.053659431814573354e-02	1.671071558233987869e-02
4.435821346167879710e+03	1.066808437677161867e-02	1.675836198423784340e-02
4.490854485231616309e+03	1.080043864283329429e-02	1.680620961749837092e-02
4.546249099351048244e+03	1.093366225382878462e-02	1.685425864457599718e-02
4.602007335342247643e+03	1.106776037283790926e-02	1.690250923927468299e-02
4.658131350731978273e+03	1.120273818869960830e-02	1.695096158649764956e-02
4.714623313831312771e+03	1.133860091618899869e-02	1.699961588200564130e-02
4.771485403809225318e+03	1.147535379619436802e-02	1.704847233218403230e-02
4.828719810765947841e+03	1.161300209589357681e-02	1.709753115381786731e-02
4.886328735806277109e+03	1.175155110893038972e-02	1.714679257387467098e-02
4.944314391112982776e+03	1.189100615559100273e-02	1.719625682929443525e-02
5.002679000019955311e+03	1.203137258297996837e-02	1.724592416678710077e-02
5.061424797085213868e+03	1.217265576519578098e-02	1.729579484263655056e-02
5.120554028164266128e+03	1.231486110350730849e-02	1.734586912251138632e-02
5.180068950482972468e+03	1.245799402652902899e-02	1.739614728128248411e-02
5.239971832710823946e+03	1.260205999039725952e-02	1.744662960284600745e-02
5.300264955034027480e+03	1.274706447894593565e-02	1.749731637995256134e-02
5.360950609228408211e+03	1.289301300388194169e-02	1.754820791404240396e-02
5.422031098732825740e+03	1.303991110496166214e-02	1.759930451508561963e-02
5.483508738722275666e+03	1.318776435016680640e-02	1.765060650142769375e-02
5.545385856180966584e+03	1.333657833588014659e-02	1.770211419964044797e-02
5.607664789975738131e+03	1.348635868706211070e-02	1.775382794437772166e-02
5.670347890929413552e+03	1.363711105742715195e-02	1.780574807823551153e-02
5.733437521894242309e+03	1.378884112962043378e-02	1.785787495161719404e-02
5.796936057825405442e+03	1.394155461539456006e-02	1.791020892260248437e-02
5.860845885854570042e+03	1.409525725578651169e-02	1.796275035682134980e-02
5.925169405363656551e+03	1.424995482129502201e-02	1.801549962733135779e-02
5.989909028058722470e+03	1.440565311205830278e-02	1.806845711449943728e-02
6.055067178043876993e+03	1.456235795803178037e-02	1.812162320588719955e-02
6.120646291895398463e+03	1.472007521916636474e-02	1.817499829614004081e-02
6.186648818735922760e+03	1.487881078558686045e-02	1.822858278687971081e-02
6.253077220308809956e+03	1.503857057777082708e-02	1.828237708660035432e-02
6.319933971052711968e+03	1.519936054672791151e-02	1.833638161056764734e-02
6.387221558176388498e+03	1.536118667417978555e-02	1.839059678072172549e-02
6.454942481733224668e+03	1.552405497273934114e-02	1.844502302558254786e-02
6.523099254696562639e+03	1.568797148609189090e-02	1.849966078015848753e-02
6.591694403034823154e+03	1.585294228917581358e-02	1.855451048585777390e-02
6.660730465786899003e+03	1.601897348836388291e-02	1.860957259040292230e-02
6.730209995137766782e+03	1.618607122164511178e-02	1.866484754774763027e-02
6.800135556494254160e+03	1.635424165880697972e-02	1.872033581799613031e-02
6.870509728561017255e+03	1.652349100161814438e-02	1.877603786732560953e-02
6.941335103416883612e+03	1.669382548401206201e-02	1.883195416791048557e-02
7.012614286591127893e+03	1.686525137227041712e-02	1.888808519784936080e-02
7.084349897140285066e+03	1.703777496520785667e-02	1.894443144109408256e-02
7.156544567724852641e+03	1.721140259435648134e-02	1.900099338738133956e-02
7.229200944686631374e+03	1.738614062415182182e-02	1.905777153216588887e-02
7.302321688125907713e+03	1.756199545211847499e-02	1.911476637655619079e-02
7.375909471979121918e+03	1.773897350905688855e-02	1.917197842725225018e-02
7.449966984096799024e+03	1.791708125923080486e-02	1.922940819648471036e-02
7.524496926321559840e+03	1.809632520055485388e-02	1.928705620195659415e-02
7.599502014566557591e+03	1.827671186478319748e-02	1.934492296678629736e-02
7.674984978894080996e+03	1.845824781769858300e-02	1.940300901945270912e-02
7.750948563594596635e+03	1.864093965930242389e-02	1.946131489374197318e-02
7.827395527265744931e+03	1.882479402400479007e-02	1.951984112869543583e-02
7.904328642891911841e+03	1.900981758081578613e-02	1.957858826856016116e-02
7.981750697924057022e+03	1.919601703353751923e-02	1.963755686274002224e-02
8.059664494359603850e+03	1.938339912095626491e-02	1.969674746574902324e-02
8.138072848822859669e+03	1.957197061703583665e-02	1.975616063716580800e-02
8.216978592645617027e+03	1.976173833111146555e-02	1.981579694158909152e-02
8.296384571948181474e+03	1.995270910808464443e-02	1.987565694859568313e-02
8.376293647720553054e+03	2.014488982861839875e-02	1.993574123269869700e-02
8.456708695903904299e+03	2.033828740933322360e-02	1.999605037330763613e-02
8.537632607472403834e+03	2.053290880300387075e-02	2.005658495468953459e-02
8.619068288515656604e+03	2.072876099875761366e-02	2.011734556593144582e-02
8.701018660321138668e+03	2.092585102227249513e-02	2.017833280090406550e-02
8.783486659456786583e+03	2.112418593597599134e-02	2.023954725822655135e-02
8.866475237854374427e+03	2.132377283924548686e-02	2.030098954123259192e-02
8.949987362892970850e+03	2.152461886860901688e-02	2.036266025793683973e-02
9.034026017482714451e+03	2.172673119794674146e-02	2.042456002100390480e-02
9.118594200149153039e+03	2.193011703869377285e-02	2.048668944771656064e-02
9.203694925117544699e+03	2.213478364004292306e-02	2.054904915994638231e-02
9.289331222397855527e+03	2.234073828914914100e-02	2.061163978412467943e-02
9.375506137869901067e+03	2.254798831133423068e-02	2.067446195121462604e-02
9.462222733369188063e+03	2.275654107029335960e-02	2.073751629668391799e-02
9.549484086772308729e+03	2.296640396830038761e-02	2.080080346047917181e-02
9.637293292083875713e+03	2.317758444641696003e-02	2.086432408700000796e-02
9.725653459522609410e+03	2.339008998469955039e-02	2.092807882507500064e-02
9.814567715608782237e+03	2.360392810240976094e-02	2.099206832793848454e-02
9.904039203251473737e+03	2.381910635822416869e-02	2.105629325320648726e-02
9.994071081836349549e+03	2.403563235044542737e-02	2.112075426285625612e-02
1.008466652731397335e+04	2.425351371721468086e-02	2.118545202320397738e-02
1.017582873228799144e+04	2.447275813672361577e-02	2.125038720488462221e-02
1.026756090610438878e+04	2.469337332742912311e-02	2.131556048283244492e-02
1.035986627494084496e+04	2.491536704826825474e-02	2.138097253626123836e-02
1.045274808189616488e+04	2.513874709887321812e-02	2.144662404864668484e-02
1.054620958708068247e+04	2.536352131978886204e-02	2.151251570770812069e-02
1.064025406770650443e+04	2.558969759268967664e-02	2.157864820539175804e-02
1.073488481817872707e+04	2.581728384059919779e-02	2.164502223785427434e-02
1.083010515018645856e+04	2.604628802810888752e-02	2.171163850544655105e-02
1.092591839279482701e+04	2.627671816159943274e-02	2.177849771269927542e-02
1.102232789253678675e+04	2.650858228946151654e-02	2.184560056830775129e-02
1.111933701350611409e+04	2.674188850231951423e-02	2.191294778511792760e-02
1.121694913745003578e+04	2.697664493325421103e-02	2.198054008011317978e-02
1.131516766386274321e+04	2.721285975802774718e-02	2.204837817440138958e-02
1.141399601007919409e+04	2.745054119530917353e-02	2.211646279320198666e-02
1.151343761136950161e+04	2.768969750690150264e-02	2.218479466583494000e-02
1.161349592103332907e+04	2.793033699796867997e-02	2.225337452570867042e-02
1.171417441049528861e+04	2.817246801726504268e-02	2.232220311030986074e-02
1.181547656940033630e+04	2.841609895736475419e-02	2.239128116119247502e-02
1.191740590570996392e+04	2.866123825489310870e-02	2.246060942396851945e-02
1.201996594579834891e+04	2.890789439075780107e-02	2.253018864829748821e-02
1.212316023454945025e+04	2.915607589038244837e-02	2.260001958787883833e-02
1.222699233545428979e+04	2.940579132394050346e-02	2.267010300044230292e-02
1.233146583070882298e+04	2.965704930659071592e-02	2.274043964774068519e-02
1.243658432131188601e+04	2.990985849871259997e-02	2.281103029554133396e-02
1.254235142716422706e+04	3.016422760614466403e-02	2.288187571361945810e-02
1.264877078716753022e+04	3.042016538042255011e-02	2.295297667575101758e-02
1.275584605932411978e+04	3.067768061901883850e-02	2.302433395970648541e-02
1.286358092083706470e+04	3.093678216558373370e-02	2.309594834724446044e-02
1.297197906821042307e+04	3.119747891018623612e-02	2.316782062410598780e-02
1.308104421735080905e+04	3.145977978955837029e-02	2.323995158000960806e-02
1.319078010366845410e+04	3.172369378733821271e-02	2.331234200864603159e-02
1.330119048217956333e+04	3.198922993431611156e-02	2.338499270767381913e-02
1.341227912760851359e+04	3.225639730868042759e-02	2.345790447871463208e-02
1.352404983449106840e+04	3.252520503626577658e-02	2.353107812734970064e-02
1.363650641727754009e+04	3.279566229080117801e-02	2.360451446311651047e-02
1.374965271043711982e+04	3.306777829416086834e-02	2.367821429950452833e-02
1.386349256856184729e+04	3.334156231661445507e-02	2.375217845395349511e-02
1.397802986647199759e+04	3.361702367708032518e-02	2.382640774784966844e-02
1.409326849932125515e+04	3.389417174337855387e-02	2.390090300652427183e-02
1.420921238270276626e+04	3.417301593248604080e-02	2.397566505925123256e-02
1.432586545275555545e+04	3.445356571079234015e-02	2.405069473924531520e-02
1.444323166627151659e+04	3.473583059435707276e-02	2.412599288366062272e-02
1.456131500080284968e+04	3.501982014916825425e-02	2.420156033358998940e-02
1.468011945477009067e+04	3.530554399140210797e-02	2.427739793406338831e-02
1.479964904757057593e+04	3.559301178768393276e-02	2.435350653404763990e-02
1.491990781968763258e+04	3.588223325535073310e-02	2.442988698644607201e-02
1.504089983279980152e+04	3.617321816271381468e-02	2.450654014809843656e-02
1.516262916989128644e+04	3.646597632932451621e-02	2.458346687978130510e-02
1.528509993536248294e+04	3.676051762623996910e-02	2.466066804620759695e-02
1.540831625514085681e+04	3.705685197628977301e-02	2.473814451602844577e-02
1.553228227679302290e+04	3.735498935434555107e-02	2.481589716183316488e-02
1.565700216963672210e+04	3.765493978759024835e-02	2.489392686015117623e-02
1.578248012485377330e+04	3.795671335578977568e-02	2.497223449145269045e-02
1.590872035560315999e+04	3.826032019156498654e-02	2.505082094015083014e-02
1.603572709713520817e+04	3.856577048066629765e-02	2.512968709460321887e-02
1.616350460690575528e+04	3.887307446224820551e-02	2.520883384711413572e-02
1.629205716469111030e+04	3.918224242914584293e-02	2.528826209393660387e-02
1.642138907270383061e+04	3.949328472815336055e-02	2.536797273527539170e-02
1.655150465570886081e+04	3.980621176030323810e-02	2.544796667528937892e-02
1.668240826113974254e+04	4.012103398114583858e-02	2.552824482209425580e-02
1.681410425921632486e+04	4.043776190103242490e-02	2.560880808776569081e-02
1.694659704306232015e+04	4.075640608539789905e-02	2.568965738834334128e-02
1.707989102882384759e+04	4.107697715504593505e-02	2.577079364383354915e-02
1.721399065578814771e+04	4.139948578643443122e-02	2.585221777821349737e-02
1.734890038650337738e+04	4.172394271196368243e-02	2.593393071943481815e-02
1.748462470689877955e+04	4.205035872026532257e-02	2.601593339942825586e-02
1.762116812640498028e+04	4.237874465649166950e-02	2.609822675410712611e-02
1.775853517807598473e+04	4.270911142260911536e-02	2.618081172337244356e-02
1.789673041871004898e+04	4.304146997768885929e-02	2.626368925111707484e-02
1.803575842897341136e+04	4.337583133820442638e-02	2.634686028523123766e-02
1.817562381352252487e+04	4.371220657832565470e-02	2.643032577760686883e-02
1.831633120112785036e+04	4.405060683021643636e-02	2.651408668414270350e-02
1.845788524479869739e+04	4.439104328433492175e-02	2.659814396475007614e-02
1.860029062190719560e+04	4.473352718973174630e-02	2.668249858335835015e-02
1.874355203431511109e+04	4.507806985435491853e-02	2.676715150792019493e-02
1.888767420849869086e+04	4.542468264535012151e-02	2.685210371041796273e-02
1.903266189567627589e+04	4.577337698936763399e-02	2.693735616686930914e-02
1.917851987193541936e+04	4.612416437286807197e-02	2.702290985733337564e-02
1.932525293836087440e+04	4.647705634243010087e-02	2.710876576591724971e-02
1.947286592116326574e+04	4.683206450506000734e-02	2.719492488078187678e-02
1.962136367180861635e+04	4.718920052850310992e-02	2.728138819414962363e-02
1.977075106714759386e+04	4.754847614155466307e-02	2.736815670231017295e-02
1.992103300954674341e+04	4.790990313437544501e-02	2.745523140562781267e-02
2.007221442701968408e+04	4.827349335880728315e-02	2.754261330854873221e-02
2.022430027335854902e+04	4.863925872868920391e-02	2.763030341960729871e-02
2.037729552826661529e+04	4.900721122017632353e-02	2.771830275143429695e-02
2.053120519749156665e+04	4.937736287206045266e-02	2.780661232076432621e-02
2.068603431295941482e+04	4.974972578609205415e-02	2.789523314844290225e-02
2.084178793290846079e+04	5.012431212730255464e-02	2.798416625943457928e-02
2.099847114202491503e+04	5.050113412433037546e-02	2.807341268283071109e-02
2.115608905157865593e+04	5.088020406974753940e-02	2.816297345185725387e-02
2.131464679955972315e+04	5.126153432038788038e-02	2.825284960388374511e-02
2.147414955081485823e+04	5.164513729767544054e-02	2.834304218043062762e-02
2.163460249718640989e+04	5.203102548795850851e-02	2.843355222717811048e-02
2.179601085764988966e+04	5.241921144284046596e-02	2.852438079397478024e-02
2.195837987845363386e+04	5.280970777951572714e-02	2.861552893484548693e-02
2.212171483325860754e+04	5.320252718110582424e-02	2.870699770800192938e-02
2.228602102327876855e+04	5.359768239699713721e-02	2.879878817584931999e-02
2.245130377742275596e+04	5.399518624318152410e-02	2.889090140499701170e-02
2.261756845243520729e+04	5.439505160259629213e-02	2.898333846626706400e-02
2.278482043304034960e+04	5.479729142546948401e-02	2.907610043470366251e-02
2.295306513208459364e+04	5.520191872966281887e-02	2.916918838958245525e-02
2.312230799068079796e+04	5.560894660101864395e-02	2.926260341442004156e-02
2.329255447835345331e+04	5.601838819370907885e-02	2.935634659698374560e-02
2.346381009318377255e+04	5.643025673058504194e-02	2.945041902930118846e-02
2.363608036195600289e+04	5.684456550352801757e-02	2.954482180767023861e-02
2.380937084030442929e+04	5.726132787380372458e-02	2.963955603266886160e-02
2.398368711286125472e+04	5.768055727241761660e-02	2.973462280916574010e-02
2.415903479340500780e+04	5.810226720047191595e-02	2.983002324632955463e-02
2.433541952500895786e+04	5.852647122952252950e-02	2.992575845764020720e-02
2.451284698019222560e+04	5.895318300194245936e-02	3.002182956089845950e-02
2.469132286106955507e+04	5.938241623128195229e-02	3.011823767823729875e-02
2.487085289950325023e+04	5.981418470263400594e-02	3.021498393613162095e-02
2.505144285725474765e+04	6.024850227299882732e-02	3.031206946540966271e-02
2.523309852613811745e+04	6.068538287165303746e-02	3.040949540126402367e-02
2.541582572817313849e+04	6.112484050051775891e-02	3.050726288326184935e-02
2.559963031574006527e+04	6.156688923453091516e-02	3.060537305535618313e-02
2.578451817173521340e+04	6.201154322202137581e-02	3.070382706589778327e-02
2.597049520972593382e+04	6.245881668508162371e-02	3.080262606764557626e-02
2.615756737410785354e+04	6.290872391994599411e-02	3.090177121777816852e-02
2.634574064026298583e+04	6.336127929737084274e-02	3.100126367790575696e-02
2.653502101471699643e+04	6.381649726301284742e-02	3.110110461408120350e-02
2.672541453529901628e+04	6.427439233781337413e-02	3.120129519681218502e-02
2.691692727130113053e+04	6.473497911838194119e-02	3.130183660107241361e-02
2.710956532363910810e+04	6.519827227738281272e-02	3.140273000631371020e-02
2.730333482501414619e+04	6.566428656392410412e-02	3.150397659647862642e-02
2.749824194007468759e+04	6.613303680394676254e-02	3.160557756001130397e-02
2.769429286557987871e+04	6.660453790061783563e-02	3.170753408987068978e-02
2.789149383056314764e+04	6.707880483472382360e-02	3.180984738354233898e-02
2.808985109649753213e+04	6.755585266506823616e-02	3.191251864305073155e-02
2.828937095746027262e+04	6.803569652886758135e-02	3.201554907497188712e-02
2.849005974029960998e+04	6.851835164215233642e-02	3.211893989044595221e-02
2.869192380480225620e+04	6.900383330016984784e-02	3.222269230518951671e-02
2.889496954386107973e+04	6.949215687778755035e-02	3.232680753950894353e-02
2.909920338364392228e+04	6.998333782989898944e-02	3.243128681831260185e-02
2.930463178376297947e+04	7.047739169183117602e-02	3.253613137112409959e-02
2.951126123744637880e+04	7.097433407975721475e-02	3.264134243209529385e-02
2.971909827170830613e+04	7.147418069110551830e-02	3.274692124001926663e-02
2.992814944752189695e+04	7.197694730497553040e-02	3.285286903834358507e-02
3.013842135999226230e+04	7.248264978255386515e-02	3.295918707518367269e-02
3.034992063853032232e+04	7.299130406753248645e-02	3.306587660333616674e-02
3.056265394702744743e+04	7.350292618652851107e-02	3.317293888029238663e-02
3.077662798403175111e+04	7.401753224950841092e-02	3.328037516825195496e-02
3.099184948292393165e+04	7.453513845021075834e-02	3.338818673413627286e-02
3.120832521209514016e+04	7.505576106657406432e-02	3.349637484960232836e-02
3.142606197512509243e+04	7.557941646116513035e-02	3.360494079105692811e-02
3.164506661096117750e+04	7.610612108160978717e-02	3.371388583966979796e-02
3.186534599409906878e+04	7.663589146102726957e-02	3.382321128138827959e-02
3.208690703476273484e+04	7.716874421846314780e-02	3.393291840695142336e-02
3.230975667908773539e+04	7.770469605933015556e-02	3.404300851190383143e-02
3.253390190930262906e+04	7.824376377584447984e-02	3.415348289660995185e-02
3.275934974391351716e+04	7.878596424746951710e-02	3.426434286626885845e-02
3.298610723788818723e+04	7.933131444135888000e-02	3.437558973092815634e-02
3.321418148284240306e+04	7.987983141280428911e-02	3.448722480549883118e-02
3.344357960722521238e+04	8.043153230568127199e-02	3.459924940977018859e-02
3.367430877650767798e+04	8.098643435290313330e-02	3.471166486842381521e-02
3.390637619336974603e+04	8.154455487687028992e-02	3.482447251104888591e-02
3.413978909789096360e+04	8.210591128992897336e-02	3.493767367215711017e-02
3.437455476773932605e+04	8.267052109482535271e-02	3.505126969119714414e-02
3.461068051836358791e+04	8.323840188516815064e-02	3.516526191257070277e-02
3.484817370318480971e+04	8.380957134588926105e-02	3.527965168564620863e-02
3.508704171378927276e+04	8.438404725370769743e-02	3.539444036477558397e-02
3.532729198012295092e+04	8.496184747759724654e-02	3.550962930930835065e-02
3.556893197068632435e+04	8.554298997925505188e-02	3.562521988360766584e-02
3.581196919272978266e+04	8.612749281357166831e-02	3.574121345706570557e-02
3.605641119245105074e+04	8.671537412910561293e-02	3.585761140411899278e-02
3.630226555519403337e+04	8.730665216856180189e-02	3.597441510426447470e-02
3.654953990564632841e+04	8.790134526926646208e-02	3.609162594207487862e-02
3.679824190803895181e+04	8.849947186364756635e-02	3.620924530721460199e-02
3.704837926634829637e+04	8.910105047972037562e-02	3.632727459445588003e-02
3.729995972449785768e+04	8.970609974157275901e-02	3.644571520369438433e-02
3.755299106656094227e+04	9.031463836985258176e-02	3.656456853996543216e-02
3.780748111696419073e+04	9.092668518225731356e-02	3.668383601346055650e-02
3.806343774069245410e+04	9.154225909402657901e-02	3.680351903954285492e-02
3.832086884349569300e+04	9.216137911843994002e-02	3.692361903876444779e-02
3.857978237209494546e+04	9.278406436731208295e-02	3.704413743688189653e-02
3.884018631439105957e+04	9.341033405149488933e-02	3.716507566487311370e-02
3.910208869967307692e+04	9.404020748137860430e-02	3.728643515895419674e-02
3.936549759882843500e+04	9.467370406739739064e-02	3.740821736059528335e-02
3.963042112455487950e+04	9.531084332053892105e-02	3.753042371653828729e-02
3.989686743157183810e+04	9.595164485285270772e-02	3.765305567881305909e-02
4.016484471683352604e+04	9.659612837796280327e-02	3.777611470475462918e-02
4.043436121974360140e+04	9.724431371158377690e-02	3.789960225701979185e-02
4.070542522237088269e+04	9.789622077203972983e-02	3.802351980360452882e-02
4.097804504966503009e+04	9.855186958078286652e-02	3.814786881786112055e-02
4.125222906967463496e+04	9.921128026291813062e-02	3.827265077851550734e-02
4.152798569376536761e+04	9.987447304772771595e-02	3.839786716968416475e-02
4.180532337684011873e+04	1.005414682692005873e-01	3.852351948089197120e-02
4.208425061755918432e+04	1.012122863665620154e-01	3.864960920708924996e-02
4.236477595856254629e+04	1.018869478848081350e-01	3.877613784867013635e-02
4.264690798669322976e+04	1.025654734752431269e-01	3.890310691148954336e-02
4.293065533322073316e+04	1.032478838960165790e-01	3.903051790688050193e-02
4.321602667406603723e+04	1.039342000126646376e-01	3.915837235167341640e-02
4.350303073002905876e+04	1.046244427986569719e-01	3.928667176821253049e-02
4.379167626701499103e+04	1.053186333359412141e-01	3.941541768437475945e-02
4.408197209626426775e+04	1.060167928154959471e-01	3.954461163358734266e-02
4.437392707457947108e+04	1.067189425378764489e-01	3.967425515484637039e-02
4.466755010455945740e+04	1.074251039137777558e-01	3.980434979273458213e-02
4.496285013482999784e+04	1.081352984645893717e-01	3.993489709744004607e-02
4.525983616027674725e+04	1.088495478229555280e-01	4.006589862477442227e-02
4.555851722227946448e+04	1.095678737333385111e-01	4.019735593619137154e-02
4.585890240894849558e+04	1.102902980525873461e-01	4.032927059880542925e-02
4.616100085535999096e+04	1.110168427505035249e-01	4.046164418541015051e-02
4.646482174379566277e+04	1.117475299104177255e-01	4.059447827449759461e-02
4.677037430397980643e+04	1.124823817297596340e-01	4.072777445027610937e-02
4.707766781332103710e+04	1.132214205206395347e-01	4.086153430269036380e-02
4.738671159715292015e+04	1.139646687104268197e-01	4.099575942743984014e-02
4.769751502897674800e+04	1.147121488423340496e-01	4.113045142599736775e-02
4.801008753070596867e+04	1.154638835760047055e-01	4.126561190562932913e-02
4.832443857291000313e+04	1.162198956880995671e-01	4.140124247941426305e-02
4.864057767506223900e+04	1.169802080728932492e-01	4.153734476626206457e-02
4.895851440578561596e+04	1.177448437428645772e-01	4.167392039093374689e-02
4.927825838310329709e+04	1.185138258292997709e-01	4.181097098406062751e-02
4.959981927468658978e+04	1.192871775828884401e-01	4.194849818216463133e-02
4.992320679810764705e+04	1.200649223743314731e-01	4.208650362767702574e-02
5.024843072109163040e+04	1.208470836949473992e-01	4.222498896895900133e-02
5.057550086177082994e+04	1.216336851572836497e-01	4.236395586032033755e-02
5.090442708893815143e+04	1.224247504957260285e-01	4.250340596204076060e-02
5.123521932230475068e+04	1.232203035671185359e-01	4.264334094038924050e-02
5.156788753275765339e+04	1.240203683513827621e-01	4.278376246764328816e-02
5.190244174261730950e+04	1.248249689521373634e-01	4.292467222211088923e-02
5.223889202589850902e+04	1.256341295973255889e-01	4.306607188814932929e-02
5.257724850857249839e+04	1.264478746398456643e-01	4.320796315618605915e-02
5.291752136882860941e+04	1.272662285581799835e-01	4.335034772273942127e-02
5.325972083733848558e+04	1.280892159570305999e-01	4.349322729043842567e-02
5.360385719752130535e+04	1.289168615679570640e-01	4.363660356804394125e-02
5.394994078581046051e+04	1.297491902500176597e-01	4.378047827046909618e-02
5.429798199192263564e+04	1.305862269904169148e-01	4.392485311880040683e-02
5.464799125912536692e+04	1.314279969051486141e-01	4.406972984031819890e-02
5.499997908450872637e+04	1.322745252396495264e-01	4.421511016851810416e-02
5.535395601925701339e+04	1.331258373694526598e-01	4.436099584313128730e-02
5.570993266892217071e+04	1.339819588008449303e-01	4.450738861014592873e-02
5.606791969369832805e+04	1.348429151715273000e-01	4.465429022182959562e-02
5.642792780869823036e+04	1.357087322512797456e-01	4.480170243674824748e-02
5.678996778423074284e+04	1.365794359426285298e-01	4.494962701978925945e-02
5.715405044607869786e+04	1.374550522815145281e-01	4.509806574218280795e-02
5.752018667578039458e+04	1.383356074379701040e-01	4.524702038152304817e-02
5.788838741091039992e+04	1.392211277167945127e-01	4.539649272178927081e-02
5.825866364536251058e+04	1.401116395582344964e-01	4.554648455336864077e-02
5.863102642963468679e+04	1.410071695386693746e-01	4.569699767307805471e-02
5.900548687111544859e+04	1.419077443712999653e-01	4.584803388418487446e-02
5.938205613436876592e+04	1.428133909068337037e-01	4.599959499642967964e-02
5.976074544142517698e+04	1.437241361341846935e-01	4.615168282604813210e-02
6.014156607207120396e+04	1.446400071811699828e-01	4.630429919579399922e-02
6.052452936414019496e+04	1.455610313152087554e-01	4.645744593496015096e-02
6.090964671380638902e+04	1.464872359440297089e-01	4.661112487940194393e-02
6.129692957587839919e+04	1.474186486163768794e-01	4.676533787155912752e-02
6.168638946409628988e+04	1.483552970227240975e-01	4.692008676047807608e-02
6.207803795142789750e+04	1.492972089959876125e-01	4.707537340183563096e-02
6.247188667036799598e+04	1.502444125122455731e-01	4.723119965796040293e-02
6.286794731323899032e+04	1.511969356914612261e-01	4.738756739785623257e-02
6.326623163249284698e+04	1.521548067982091135e-01	4.754447849722533148e-02
6.366675144101431943e+04	1.531180542424041557e-01	4.770193483849053534e-02
6.406951861242484301e+04	1.540867065800327340e-01	4.785993831081955530e-02
6.447454508139110840e+04	1.550607925138946241e-01	4.801849081014696735e-02
6.488184284393072448e+04	1.560403408943381864e-01	4.817759423919785317e-02
6.529142395772290911e+04	1.570253807200076845e-01	4.833725050751166291e-02
6.570330054241979087e+04	1.580159411385917145e-01	4.849746153146460015e-02
6.611748477995743451e+04	1.590120514475714397e-01	4.865822923429493491e-02
6.653398891487166111e+04	1.600137410949800110e-01	4.881955554612409792e-02
6.695282525461306795e+04	1.610210396801603494e-01	4.898144240398213251e-02
6.737400616986295790e+04	1.620339769545247333e-01	4.914389175183273006e-02
6.779754409485384531e+04	1.630525828223257090e-01	4.930690554059379699e-02
6.822345152769031120e+04	1.640768873414278073e-01	4.947048572816400980e-02
6.865174103066814132e+04	1.651069207240750403e-01	4.963463427944576206e-02
6.908242523060117674e+04	1.661427133376769116e-01	4.979935316637035952e-02
6.951551681914439541e+04	1.671842957055854062e-01	4.996464436792115438e-02
6.995102855312117026e+04	1.682316985078822491e-01	5.013050987015929549e-02
7.038897325485256442e+04	1.692849525821706613e-01	5.029695166624569003e-02
7.082936381248581165e+04	1.703440889243653111e-01	5.046397175646932798e-02
7.127221318032826821e+04	1.714091386894956437e-01	5.063157214826878583e-02
7.171753437917777046e+04	1.724801331925003567e-01	5.079975485625772696e-02
7.216534049666058854e+04	1.735571039090399725e-01	5.096852190225137358e-02
7.261564468756555289e+04	1.746400824763007786e-01	5.113787531528874580e-02
7.306846017418551492e+04	1.757291006938156153e-01	5.130781713165995239e-02
7.352380024665375822e+04	1.768241905242732837e-01	5.147834939493101808e-02
7.398167826328813680e+04	1.779253840943460230e-01	5.164947415596706642e-02
7.444210765093375812e+04	1.790327136955137399e-01	5.182119347296073458e-02
7.490510190530853288e+04	1.801462117848948441e-01	5.199350941145580024e-02
7.537067459134936507e+04	1.812659109860792761e-01	5.216642404437275143e-02
7.583883934356059763e+04	1.823918440899661153e-01	5.233993945203453679e-02
7.630960986636503367e+04	1.835240440556079045e-01	5.251405772219301660e-02
7.678299993445571454e+04	1.846625440110565841e-01	5.268878095005293666e-02
7.725902339314993878e+04	1.858073772542153113e-01	5.286411123830104392e-02
7.773769415874395054e+04	1.869585772536908330e-01	5.304005069712865172e-02
7.821902621887017449e+04	1.881161776496531879e-01	5.321660144426000605e-02
7.870303363285906380e+04	1.892802122547056765e-01	5.339376560497761243e-02
7.918973053209639329e+04	1.904507150547441741e-01	5.357154531214882581e-02
7.967913112038730469e+04	1.916277202098329024e-01	5.374994270625236409e-02
8.017124967432065750e+04	1.928112620550801737e-01	5.392895993540439137e-02
8.066610054363633390e+04	1.940013751015222110e-01	5.410859915538502457e-02
8.116369815159185964e+04	1.951980940370048601e-01	5.428886252966676207e-02
8.166405699533276493e+04	1.964014537270739602e-01	5.446975222943842981e-02
8.216719164626534621e+04	1.976114892158720993e-01	5.465127043363436632e-02
8.267311675042862771e+04	1.988282357270332312e-01	5.483341932896106108e-02
8.318184702887086314e+04	2.000517286645880355e-01	5.501620110992381379e-02
8.369339727802647394e+04	2.012820036138702473e-01	5.519961797885380994e-02
8.420778237009608711e+04	2.025190963424311208e-01	5.538367214593623022e-02
8.472501725342664577e+04	2.037630428009533368e-01	5.556836582923677798e-02
8.524511695289335330e+04	2.050138791241694070e-01	5.575370125472983024e-02
8.576809657028800575e+04	2.062716416317959822e-01	5.593968065632614478e-02
8.629397128470189637e+04	2.075363668294542274e-01	5.612630627589988708e-02
8.682275635291689832e+04	2.088080914096110685e-01	5.631358036331800959e-02
8.735446710979619820e+04	2.100868522525182747e-01	5.650150517646599507e-02
8.788911896867577161e+04	2.113726864271543160e-01	5.669008298127854728e-02
8.842672742175834719e+04	2.126656311921716891e-01	5.687931605176493183e-02
8.896730804051227460e+04	2.139657239968560942e-01	5.706920667003890363e-02
8.951087647606698738e+04	2.152730024820779242e-01	5.725975712634761433e-02
9.005744845961600367e+04	2.165875044812609895e-01	5.745096971909911115e-02
9.060703980281751137e+04	2.179092680213462752e-01	5.764284675489014798e-02
9.115966639820161799e+04	2.192383313237712406e-01	5.783539054853694544e-02
9.171534421957285667e+04	2.205747328054376566e-01	5.802860342310302982e-02
9.227408932242140872e+04	2.219185110797010640e-01	5.822248770992732164e-02
9.283591784433195426e+04	2.232697049573536818e-01	5.841704574865433375e-02
9.340084600539797975e+04	2.246283534476206933e-01	5.861227988726242649e-02
9.396889010863445583e+04	2.259944957591533410e-01	5.880819248209440825e-02
9.454006654039505520e+04	2.273681713010316241e-01	5.900478589788491629e-02
9.511439177079216461e+04	2.287494196837749627e-01	5.920206250779182222e-02
9.569188235411616915e+04	2.301382807203501968e-01	5.940002469342395286e-02
9.627255492925774888e+04	2.315347944271874125e-01	5.959867484487239159e-02
9.685642622013561777e+04	2.329390010252085919e-01	5.979801536073931639e-02
9.744351303611956246e+04	2.343509409408450483e-01	5.999804864816877387e-02
9.803383227246365277e+04	2.357706548070793995e-01	6.019877712287503152e-02
9.862740091073491203e+04	2.371981834644762144e-01	6.040020320917449670e-02
9.922423601924645482e+04	2.386335679622239581e-01	6.060232934001481137e-02
9.982435475349647459e+04	2.400768495591906471e-01	6.080515795700600079e-02
1.004277743566012650e+05	2.415280697249654329e-01	6.100869151045033856e-02
1.010345121597394900e+05	2.429872701409267477e-01	6.121293245937309974e-02
1.016445855825912295e+05	2.444544927012985425e-01	6.141788327155308508e-02
1.022580121337832097e+05	2.459297795142208476e-01	6.162354642355401951e-02
1.028748094113371917e+05	2.474131729028282711e-01	6.182992440075475021e-02
1.034949951031147648e+05	2.489047154063195599e-01	6.203701969738051325e-02
1.041185869872720359e+05	2.504044497810514192e-01	6.224483481653390882e-02
1.047456029327106371e+05	2.519124190016227560e-01	6.245337227022687565e-02
1.053760608995344082e+05	2.534286662619734676e-01	6.266263457941129156e-02
1.060099789395062980e+05	2.549532349764828676e-01	6.287262427401084375e-02
1.066473751965080883e+05	2.564861687810756075e-01	6.308334389295212896e-02
1.072882679070041049e+05	2.580275115343367842e-01	6.329479598419747444e-02
1.079326754005035618e+05	2.595773073186238844e-01	6.350698310477538577e-02
1.085806161000298744e+05	2.611356004411955478e-01	6.371990782081322913e-02
1.092321085225875722e+05	2.627024354353342805e-01	6.393357270756963584e-02
1.098871712796352804e+05	2.642778570614842670e-01	6.414798034946575522e-02
1.105458230775580159e+05	2.658619103083870727e-01	6.436313334011922738e-02
1.112080827181456116e+05	2.674546403942321127e-01	6.457903428237407595e-02
1.118739690990697127e+05	2.690560927678042336e-01	6.479568578833555526e-02
1.125435012143645581e+05	2.706663131096395669e-01	6.501309047940172225e-02
1.132166981549108314e+05	2.722853473331893759e-01	6.523125098629641017e-02
1.138935791089202830e+05	2.739132415859856784e-01	6.545016994910245189e-02
1.145741633624265669e+05	2.755500422508213587e-01	6.566985001729384874e-02
1.152584702997723798e+05	2.771957959469222299e-01	6.589029384977032611e-02
1.159465194041041686e+05	2.788505495311362492e-01	6.611150411488860013e-02
1.166383302578676667e+05	2.805143500991257866e-01	6.633348349049814074e-02
1.173339225433050888e+05	2.821872449865630572e-01	6.655623466397277144e-02
1.180333160429552372e+05	2.838692817703329374e-01	6.677976033224534980e-02
1.187365306401584821e+05	2.855605082697475483e-01	6.700406320184140729e-02
1.194435863195577549e+05	2.872609725477509590e-01	6.722914598891223392e-02
1.201545031676100043e+05	2.889707229121494247e-01	6.745501141927053024e-02
1.208693013730962848e+05	2.906898079168380722e-01	6.768166222842243729e-02
1.215880012276325142e+05	2.924182763630291393e-01	6.790910116160314702e-02
1.223106231261861540e+05	2.941561773004947589e-01	6.813733097381161063e-02
1.230371875675946794e+05	2.959035600288140166e-01	6.836635442984342892e-02
1.237677151550841227e+05	2.976604740986194542e-01	6.859617430432782270e-02
1.245022265967953863e+05	2.994269693128636667e-01	6.882679338175996808e-02
1.252407427063052310e+05	3.012030957280714683e-01	6.905821445653806401e-02
1.259832844031587883e+05	3.029889036556213666e-01	6.929044033299631977e-02
1.267298727133993962e+05	3.047844436630189890e-01	6.952347382544196708e-02
1.274805287701001216e+05	3.065897665751761703e-01	6.975731775818849734e-02
1.282352738139030116e+05	3.084049234757073599e-01	6.999197496559303455e-02
1.289941291935549671e+05	3.102299657082184803e-01	7.022744829209162654e-02
1.297571163664510677e+05	3.120649448776137147e-01	7.046374059223328712e-02
1.305242568991781591e+05	3.139099128514028503e-01	7.070085473071774373e-02
1.312955724680626299e+05	3.157649217610185022e-01	7.093879358242989597e-02
1.320710848597178410e+05	3.176300240031330047e-01	7.117756003247682761e-02
1.328508159715975635e+05	3.195052722409887358e-01	7.141715697622269543e-02
1.336347878125522111e+05	3.213907194057369909e-01	7.165758731932739267e-02
1.344230225033858733e+05	3.232864186977764676e-01	7.189885397778106313e-02
1.352155422774146718e+05	3.251924235880968572e-01	7.214095987794091891e-02
1.360123694810352172e+05	3.271087878196456966e-01	7.238390795656803045e-02
1.368135265742841293e+05	3.290355654086740134e-01	7.262770116086535166e-02
1.376190361314118782e+05	3.309728106461164998e-01	7.287234244851308052e-02
1.384289208414522582e+05	3.329205780989611951e-01	7.311783478770685074e-02
1.392432035087988479e+05	3.348789226116354323e-01	7.336418115719421651e-02
1.400619070537803345e+05	3.368478993073899530e-01	7.361138454631283023e-02
1.408850545132405241e+05	3.388275635896936810e-01	7.385944795502724647e-02
1.417126690411233285e+05	3.408179711436406523e-01	7.410837439396739112e-02
1.425447739090594696e+05	3.428191779373607750e-01	7.435816688446521272e-02
1.433813925069531251e+05	3.448312402234310348e-01	7.460882845859406753e-02
1.442225483435731730e+05	3.468542145402973009e-01	7.486036215920581494e-02
1.450682650471507222e+05	3.488881577137114554e-01	7.511277103996909232e-02
1.459185663659755082e+05	3.509331268581654117e-01	7.536605816540767333e-02
1.467734761689975567e+05	3.529891793783385689e-01	7.562022661093970033e-02
1.476330184464268386e+05	3.550563729705398797e-01	7.587527946291494629e-02
1.484972173103456444e+05	3.571347656241802282e-01	7.613121981865580978e-02
1.493660969953149906e+05	3.592244156232313190e-01	7.638805078649346658e-02
1.502396818589869945e+05	3.613253815476977771e-01	7.664577548580868427e-02
1.511179963827204774e+05	3.634377222750989067e-01	7.690439704707106860e-02
1.520010651722037001e+05	3.655614969819646620e-01	7.716391861187753276e-02
1.528889129580718873e+05	3.676967651453224573e-01	7.742434333299283433e-02
1.537815645965304284e+05	3.698435865441946913e-01	7.768567437438778089e-02
1.546790450699876237e+05	3.720020212611211963e-01	7.794791491128011396e-02
1.555813794876861793e+05	3.741721296836779120e-01	7.821106813017408843e-02
1.564885930863307731e+05	3.763539725059859009e-01	7.847513722890119003e-02
1.574007112307331990e+05	3.785476107302629956e-01	7.874012541665929843e-02
1.583177594144469476e+05	3.807531056683502446e-01	7.900603591405334913e-02
1.592397632604150276e+05	3.829705189432694445e-01	7.927287195313650892e-02
1.601667485216131317e+05	3.851999124907705130e-01	7.954063677744939442e-02
1.610987410817028431e+05	3.874413485609020658e-01	7.980933364206277414e-02
1.620357669556838227e+05	3.896948897195798844e-01	8.007896581361677313e-02
1.629778522905493155e+05	3.919605988501635441e-01	8.034953657036322805e-02
1.639250233659461082e+05	3.942385391550438101e-01	8.062104920220662663e-02
1.648773065948404255e+05	3.965287741572435798e-01	8.089350701074385364e-02
1.658347285241801583e+05	3.988313677020112191e-01	8.116691330930911330e-02
1.667973158355654159e+05	4.011463839584323843e-01	8.144127142301212097e-02
1.677650953459243465e+05	4.034738874210562765e-01	8.171658468878224835e-02
1.687380940081869194e+05	4.058139429115155683e-01	8.199285645540972667e-02
1.697163389119620842e+05	4.081666155801549900e-01	8.227009008358787678e-02
1.706998572842277645e+05	4.105319709076908352e-01	8.254828894595500621e-02
1.716886764900081907e+05	4.129100747068399357e-01	8.282745642713762457e-02
1.726828240330713161e+05	4.153009931239970420e-01	8.310759592379249328e-02
1.736823275566189259e+05	4.177047926408943845e-01	8.338871084464929972e-02
1.746872148439805314e+05	4.201215400762703389e-01	8.367080461055467766e-02
1.756975138193181483e+05	4.225513025875649031e-01	8.395388065451316051e-02
1.767132525483265345e+05	4.249941476726032952e-01	8.423794242173285318e-02
1.777344592389422469e+05	4.274501431713014776e-01	8.452299336966689891e-02
1.787611622420509520e+05	4.299193572673672969e-01	8.480903696805865144e-02
1.797933900522059994e+05	4.324018584900280460e-01	8.509607669898344717e-02
1.808311713083390787e+05	4.348977157157407625e-01	8.538411605689386064e-02
1.818745347944892128e+05	4.374069981699441612e-01	8.567315854866391911e-02
1.829235094405218842e+05	4.399297754287889162e-01	8.596320769363138825e-02
1.839781243228593376e+05	4.424661174208939785e-01	8.625426702364438758e-02
1.850384086652107362e+05	4.450160944291022824e-01	8.654634008310604920e-02
1.861043918393088679e+05	4.475797770922526064e-01	8.683943042901628995e-02
1.871761033656495565e+05	4.501572364069582610e-01	8.713354163101902361e-02
1.882535729142332275e+05	4.527485437293900516e-01	8.742867727144618128e-02
1.893368303053122363e+05	4.553537707770735077e-01	8.772484094536454891e-02
1.904259055101394770e+05	4.579729896306901082e-01	8.802203626061784469e-02
1.915208286517217639e+05	4.606062727358881670e-01	8.832026683787534693e-02
1.926216300055812462e+05	4.632536929051145891e-01	8.861953631067596981e-02
1.937283400005132426e+05	4.659153233194374133e-01	8.891984832547498996e-02
1.948409892193495471e+05	4.685912375303812882e-01	8.922120654168742837e-02
1.959596083997312235e+05	4.712815094617864298e-01	8.952361463173763578e-02
1.970842284348790708e+05	4.739862134116614167e-01	8.982707628110501996e-02
1.982148803743679018e+05	4.767054240540449794e-01	9.013159518836762196e-02
1.993515954249151400e+05	4.794392164409032597e-01	9.043717506525275618e-02
2.004944049511534104e+05	4.821876660039871587e-01	9.074381963667971229e-02
2.016433404764262086e+05	4.849508485567466387e-01	9.105153264080967368e-02
2.027984336835737340e+05	4.877288402962200453e-01	9.136031782909327659e-02
2.039597164157381339e+05	4.905217178049710580e-01	9.167017896631290963e-02
2.051272206771527708e+05	4.933295580529866720e-01	9.198111983063821107e-02
2.063009786339526472e+05	4.961524383996263610e-01	9.229314421366728582e-02
2.074810226149792725e+05	4.989904365955578069e-01	9.260625592047604104e-02
2.086673851125923684e+05	5.018436307847091715e-01	9.292045876966782691e-02
2.098600987834869011e+05	5.047120995062335247e-01	9.323575659342241140e-02
2.110591964495085122e+05	5.075959216964707199e-01	9.355215323753870993e-02
2.122647110984826577e+05	5.104951766909407995e-01	9.386965256148988024e-02
2.134766758850406623e+05	5.134099442263310165e-01	9.418825843846821699e-02
2.146951241314487415e+05	5.163403044424896837e-01	9.450797475543568082e-02
2.159200893284474441e+05	5.192863378844443378e-01	9.482880541317134648e-02
2.171516051360901038e+05	5.222481255044196802e-01	9.515075432632340291e-02
2.183897053845869377e+05	5.252257486638657324e-01	9.547382542345393686e-02
2.196344240751538891e+05	5.282192891355009801e-01	9.579802264709434689e-02
2.208857953808638849e+05	5.312288291053584022e-01	9.612334995379025193e-02
2.221438536475063593e+05	5.342544511748535951e-01	9.644981131415385212e-02
2.234086333944444195e+05	5.372962383628453464e-01	9.677741071291307007e-02
2.246801693154873792e+05	5.403542741077349554e-01	9.710615214896382852e-02
2.259584962797469925e+05	5.434286422695249197e-01	9.743603963541697111e-02
2.272436493325271003e+05	5.465194271319582242e-01	9.776707719965210819e-02
2.285356636961901386e+05	5.496267134046034508e-01	9.809926888336742423e-02
2.298345747710462019e+05	5.527505862249916246e-01	9.843261874262931865e-02
2.311404181362366653e+05	5.558911311607425132e-01	9.876713084792730635e-02
2.324532295506229857e+05	5.590484342117009176e-01	9.910280928422010582e-02
2.337730449536895903e+05	5.622225818121093788e-01	9.943965815099164995e-02
2.350999004664383538e+05	5.654136608327583469e-01	9.977768156230187868e-02
2.364338323922950658e+05	5.686217585831671029e-01	1.001168836468370738e-01
2.377748772180154920e+05	5.718469628137622385e-01	1.004572685479643429e-01
2.391230716146031336e+05	5.750893617180851125e-01	1.007988404237810387e-01
2.404784524382249219e+05	5.783490439349937562e-01	1.011416034471704917e-01
2.418410567311322375e+05	5.816260985508787673e-01	1.014855618058531361e-01
2.432109217225932807e+05	5.849206151019045175e-01	1.018307197024375943e-01
2.445880848298178462e+05	5.882326835762339279e-01	1.021770813544777001e-01
2.459725836588973179e+05	5.915623944162893277e-01	1.025246509945232642e-01
2.473644560057476629e+05	5.949098385210195294e-01	1.028734328701733924e-01
2.487637398570490768e+05	5.982751072481605759e-01	1.032234312441311225e-01
2.501704733911988733e+05	6.016582924165267965e-01	1.035746503942578112e-01
2.515846949792687665e+05	6.050594863083135211e-01	1.039270946136250928e-01
2.530064431859606702e+05	6.084787816713953523e-01	1.042807682105708345e-01
2.544357567705738766e+05	6.119162717216526381e-01	1.046356755087525792e-01
2.558726746879697894e+05	6.153720501452910607e-01	1.049918208472042924e-01
2.573172360895524907e+05	6.188462111012006384e-01	1.053492085803895556e-01
2.587694803242419439e+05	6.223388492232958535e-01	1.057078430782549261e-01
2.602294469394586340e+05	6.258500596228836477e-01	1.060677287262888624e-01
2.616971756821132440e+05	6.293799378910437392e-01	1.064288699255728499e-01
2.631727064995999681e+05	6.329285801010172685e-01	1.067912710928432263e-01
2.646560795407916303e+05	6.364960828106007718e-01	1.071549366605396847e-01
2.661473351570420200e+05	6.400825430645558090e-01	1.075198710768672378e-01
2.676465139032036532e+05	6.436880583970577829e-01	1.078860788058487175e-01
2.691536565386263537e+05	6.473127268340959084e-01	1.082535643273843384e-01
2.706688040281867143e+05	6.509566468959511187e-01	1.086223321373037121e-01
2.721919975433027139e+05	6.546199175996344488e-01	1.089923867474295871e-01
2.737232784629712114e+05	6.583026384613829274e-01	1.093637326856275460e-01
2.752626883747892571e+05	6.620049094991163896e-01	1.097363744958676779e-01
2.768102690760041005e+05	6.657268312349616801e-01	1.101103167382827541e-01
2.783660625745464349e+05	6.694685046977376652e-01	1.104855639892219771e-01
2.799301110900820931e+05	6.732300314254858753e-01	1.108621208413123338e-01
2.815024570550736389e+05	6.770115134680224633e-01	1.112399919035147039e-01
2.830831431158268824e+05	6.808130533894545255e-01	1.116191818011828679e-01
2.846722121335596312e+05	6.846347542707522660e-01	1.119996951761244308e-01
2.862697071854745154e+05	6.884767197123274896e-01	1.123815366866538212e-01
2.878756715658303001e+05	6.923390538366106517e-01	1.127647110076569203e-01
2.894901487870151759e+05	6.962218612906326820e-01	1.131492228306465730e-01
2.911131825806517154e+05	7.001252472486817480e-01	1.135350768638230812e-01
2.927448168986613746e+05	7.040493174148629851e-01	1.139222778321364316e-01
2.943850959143821965e+05	7.079941780257875683e-01	1.143108304773406275e-01
2.960340640236542094e+05	7.119599358531826239e-01	1.147007395580584427e-01
2.976917658459431841e+05	7.159466982065937346e-01	1.150920098498390831e-01
2.993582462254318525e+05	7.199545729360095070e-01	1.154846461452198464e-01
3.010335502321549575e+05	7.239836684345912765e-01	1.158786532537874475e-01
3.027177231631173636e+05	7.280340936413620678e-01	1.162740360022362501e-01
3.044108105434145546e+05	7.321059580439014391e-01	1.166707992344316464e-01
3.061128581273808959e+05	7.361993716811073840e-01	1.170689478114702725e-01
3.078239118997183396e+05	7.403144451459104936e-01	1.174684866117425563e-01
3.095440180766472477e+05	7.444512895880410763e-01	1.178694205309928494e-01
3.112732231070566922e+05	7.486100167167976105e-01	1.182717544823835842e-01
3.130115736736603430e+05	7.527907388038241887e-01	1.186754933965566416e-01
3.147591166941591073e+05	7.569935686859081692e-01	1.190806422216938720e-01
3.165158993224115111e+05	7.612186197677948130e-01	1.194872059235822237e-01
3.182819689496047213e+05	7.654660060250032538e-01	1.198951894856761374e-01
3.200573732054354041e+05	7.697358420066661155e-01	1.203045979091592887e-01
3.218421599592929706e+05	7.740282428383762348e-01	1.207154362130097441e-01
3.236363773214608082e+05	7.783433242250747952e-01	1.211277094340628691e-01
3.254400736442993511e+05	7.826812024538964963e-01	1.215414226270741110e-01
3.272532975234602345e+05	7.870419943970907717e-01	1.219565808647839339e-01
3.290760977990888641e+05	7.914258175149120333e-01	1.223731892379825992e-01
3.309085235570439836e+05	7.958327898585547677e-01	1.227912528555737681e-01
3.327506241301156115e+05	8.002630300730811941e-01	1.232107768446394636e-01
3.346024490992561914e+05	8.047166574003823403e-01	1.236317663505053233e-01
3.364640482948069111e+05	8.091937916821289045e-01	1.240542265368047015e-01
3.383354717977441614e+05	8.136945533627664151e-01	1.244781625855459345e-01
3.402167699409238412e+05	8.182190634925098349e-01	1.249035796971762202e-01
3.421079933103227522e+05	8.227674437303283961e-01	1.253304830906482870e-01
3.440091927463153261e+05	8.273398163470156996e-01	1.257588780034863407e-01
3.459204193449171144e+05	8.319363042281811005e-01	1.261887696918527479e-01
3.478417244590710034e+05	8.365570308773424557e-01	1.266201634306144685e-01
3.497731596999115427e+05	8.412021204189671364e-01	1.270530645134106962e-01
3.517147769380556419e+05	8.458716976015761002e-01	1.274874782527179451e-01
3.536666283048900659e+05	8.505658878008398593e-01	1.279234099799194391e-01
3.556287661938609090e+05	8.552848170226806657e-01	1.283608650453700040e-01
3.576012432617817540e+05	8.600286119064176615e-01	1.287998488184679824e-01
3.595841124301421223e+05	8.647973997279139180e-01	1.292403666877201263e-01
3.615774268864166806e+05	8.695913084027256934e-01	1.296824240608100698e-01
3.635812400853908621e+05	8.744104664892894396e-01	1.301260263646681625e-01
3.655956057504844503e+05	8.792550031921060327e-01	1.305711790455404142e-01
3.676205778750908794e+05	8.841250483649610858e-01	1.310178875690559130e-01
3.696562107239114121e+05	8.890207325141341599e-01	1.314661574202969363e-01
3.717025588343052077e+05	8.939421868016452777e-01	1.319159941038685890e-01
3.737596770176513237e+05	8.988895430485310811e-01	1.323674031439688314e-01
3.758276203606935451e+05	9.038629337380780226e-01	1.328203900844582563e-01
3.779064442269164138e+05	9.088624920191329393e-01	1.332749604889306716e-01
3.799962042579255067e+05	9.138883517094221753e-01	1.337311199407826834e-01
3.820969563748125802e+05	9.189406472988341790e-01	1.341888740432859439e-01
3.842087567795544746e+05	9.240195139527846990e-01	1.346482284196563739e-01
3.863316619564089342e+05	9.291250875155735445e-01	1.351091887131279923e-01
3.884657286733039655e+05	9.342575045137255785e-01	1.355717605870215559e-01
3.906110139832601999e+05	9.394169021594115376e-01	1.360359497248185279e-01
3.927675752257952699e+05	9.446034183538261075e-01	1.365017618302329372e-01
3.949354700283529237e+05	9.498171916906245071e-01	1.369692026272823770e-01
3.971147563077249215e+05	9.550583614593417536e-01	1.374382778603629174e-01
3.993054922714959830e+05	9.603270676488691038e-01	1.379089932943192431e-01
4.015077364194792463e+05	9.656234509509041830e-01	1.383813547145197886e-01
4.037215475451660459e+05	9.709476527634405274e-01	1.388553679269289853e-01
4.059469847371938522e+05	9.762998151942946512e-01	1.393310387581819798e-01
4.081841073808009969e+05	9.816800810646074682e-01	1.398083730556586024e-01
4.104329751592975226e+05	9.870885939123805741e-01	1.402873766875550043e-01
4.126936480555513990e+05	9.925254979960498325e-01	1.407680555429619007e-01
4.149661863534693839e+05	9.979909382980485244e-01	1.412504155319364296e-01
4.172506506394937751e+05	1.003485060528405581e+00	1.417344625855786466e-01
4.195471018040979397e+05	1.009008011128342819e+00	1.422202026561060484e-01
4.218556010433043703e+05	1.014559937273925794e+00	1.427076417169294009e-01
4.241762098601937178e+05	1.020140986879693790e+00	1.431967857627282625e-01
4.265089900664241286e+05	1.025751308602312672e+00	1.436876408095278113e-01
4.288540037837729906e+05	1.031391051844282813e+00	1.441802128947747841e-01
4.312113134456640691e+05	1.037060366757613039e+00	1.446745080774147763e-01
4.335809817987192073e+05	1.042759404247550981e+00	1.451705324379665152e-01
4.359630719043170684e+05	1.048488315976333185e+00	1.456682920786029900e-01
4.383576471401397139e+05	1.054247254366903697e+00	1.461677931232246153e-01
4.407647712017539889e+05	1.060036372606717459e+00	1.466690417175400551e-01
4.431845081041851081e+05	1.065855824651524841e+00	1.471720440291447163e-01
4.456169221834934433e+05	1.071705765229164387e+00	1.476768062475961596e-01
4.480620780983807635e+05	1.077586349843425051e+00	1.481833345844951744e-01
4.505200408317753463e+05	1.083497734777857824e+00	1.486916352735633828e-01
4.529908756924492773e+05	1.089440077099667503e+00	1.492017145707233705e-01
4.554746483166310354e+05	1.095413534663588040e+00	1.497135787541765128e-01
4.579714246696305345e+05	1.101418266115793854e+00	1.502272341244839937e-01
4.604812710474703927e+05	1.107454430897820474e+00	1.507426870046461587e-01
4.630042540785184246e+05	1.113522189250491401e+00	1.512599437401833391e-01
4.655404407251483644e+05	1.119621702217913350e+00	1.517790106992176202e-01
4.680898982853849302e+05	1.125753131651431094e+00	1.522998942725510008e-01
4.706526943945730454e+05	1.131916640213642467e+00	1.528226008737477160e-01
4.732288970270482241e+05	1.138112391382415600e+00	1.533471369392167272e-01
4.758185744978194125e+05	1.144340549454936351e+00	1.538735089282922130e-01
4.784217954642506083e+05	1.150601279551752620e+00	1.544017233233147823e-01
4.810386289277705946e+05	1.156894747620885733e+00	1.549317866297182933e-01
4.836691442355614272e+05	1.163221120441891854e+00	1.554637053761055709e-01
4.863134110822846997e+05	1.169580565630013336e+00	1.559974861143375857e-01
4.889714995118030347e+05	1.175973251640318296e+00	1.565331354196135838e-01
4.916434799189041369e+05	1.182399347771848408e+00	1.570706598905548257e-01
4.943294230510420166e+05	1.188859024171805778e+00	1.576100661492885746e-01
4.970294000100900885e+05	1.195352451839768460e+00	1.581513608415332506e-01
4.997434822540895548e+05	1.201879802631896421e+00	1.586945506366805592e-01
5.024717415990214213e+05	1.208441249265191919e+00	1.592396422278834212e-01
5.052142502205733908e+05	1.215036965321750539e+00	1.597866423321388785e-01
5.079710806559246848e+05	1.221667125253052877e+00	1.603355576903734980e-01
5.107423058055418660e+05	1.228331904384282858e+00	1.608863950675300525e-01
5.135279989349692478e+05	1.235031478918634296e+00	1.614391612526527853e-01
5.163282336766464286e+05	1.241766025941682283e+00	1.619938630589726203e-01
5.191430840317202383e+05	1.248535723425740374e+00	1.625505073239964793e-01
5.219726243718797923e+05	1.255340750234274605e+00	1.631091009095920474e-01
5.248169294411734445e+05	1.262181286126272006e+00	1.636696507020749813e-01
5.276760743578685215e+05	1.269057511760714352e+00	1.642321636122986428e-01
5.305501346163147828e+05	1.275969608701059688e+00	1.647966465757389476e-01
5.334391860887797084e+05	1.282917759419655690e+00	1.653631065525841826e-01
5.363433050273404224e+05	1.289902147302289803e+00	1.659315505278241287e-01
5.392625680657592602e+05	1.296922956652700742e+00	1.665019855113361869e-01
5.421970522213672521e+05	1.303980372697107093e+00	1.670744185379776925e-01
5.451468348969785729e+05	1.311074581588811405e+00	1.676488566676737069e-01
5.481119938827867154e+05	1.318205770412763211e+00	1.682253069855077499e-01
5.510926073582910467e+05	1.325374127190189100e+00	1.688037766018101182e-01
5.540887538942187093e+05	1.332579840883215683e+00	1.693842726522500897e-01
5.571005124544624705e+05	1.339823101399530980e+00	1.699668022979219373e-01
5.601279623980292818e+05	1.347104099597071558e+00	1.705513727254464318e-01
5.631711834809986176e+05	1.354423027288728543e+00	1.711379911470517212e-01
5.662302558584873332e+05	1.361780077247077614e+00	1.717266648006691987e-01
5.693052600866243010e+05	1.369175443209125209e+00	1.723174009500291481e-01
5.723962771245330805e+05	1.376609319881078042e+00	1.729102068847438445e-01
5.755033883363237837e+05	1.384081902943131936e+00	1.735050899204111374e-01
5.786266754931167234e+05	1.391593389054341046e+00	1.741020573986981901e-01
5.817662207750380039e+05	1.399143975857416011e+00	1.747011166874412602e-01
5.849221067732453812e+05	1.406733861983594513e+00	1.753022751807339075e-01
5.880944164919803152e+05	1.414363247057580653e+00	1.759055402990283568e-01
5.912832333505803254e+05	1.422032331702380636e+00	1.765109194892229560e-01
5.944886411855674814e+05	1.429741317544326540e+00	1.771184202247612915e-01
5.977107242526981281e+05	1.437490407218007027e+00	1.777280500057246415e-01
6.009495672290376388e+05	1.445279804371256471e+00	1.783398163589293983e-01
6.042052552150472766e+05	1.453109713670174274e+00	1.789537268380197443e-01
6.074778737366745481e+05	1.460980340804151290e+00	1.795697890235674610e-01
6.107675087474635802e+05	1.468891892490944651e+00	1.801880105231674356e-01
6.140742466306753922e+05	1.476844576481780358e+00	1.808083989715320028e-01
6.173981742014028132e+05	1.484838601566435434e+00	1.814309620305911142e-01
6.207393787087195087e+05	1.492874177578409123e+00	1.820557073895887612e-01
6.240979478378207423e+05	1.500951515400070768e+00	1.826826427651797036e-01
6.274739697121805511e+05	1.509070826967845669e+00	1.833117759015291393e-01
6.308675328957155580e+05	1.517232325277423355e+00	1.839431145704109871e-01
6.342787263949856861e+05	1.525436224389047135e+00	1.845766665713057808e-01
6.377076396613535471e+05	1.533682739432707498e+00	1.852124397315037252e-01
6.411543625932128634e+05	1.541972086613502047e+00	1.858504419061979829e-01
6.446189855381685775e+05	1.550304483216879747e+00	1.864906809785880915e-01
6.481015992952999659e+05	1.558680147614082134e+00	1.871331648599827979e-01
6.516022951173563488e+05	1.567099299267423751e+00	1.877779014898954268e-01
6.551211647130238125e+05	1.575562158735746010e+00	1.884248988361487964e-01
6.586583002491653897e+05	1.584068947679801331e+00	1.890741648949791631e-01
6.622137943530987250e+05	1.592619888867733646e+00	1.897257076911290086e-01
6.657877401148740901e+05	1.601215206180556239e+00	1.903795352779579508e-01
6.693802310895478586e+05	1.609855124617619149e+00	1.910356557375375852e-01
6.729913612995039439e+05	1.618539870302192929e+00	1.916940771807658650e-01
6.766212252367512556e+05	1.627269670486991782e+00	1.923548077474567242e-01
6.802699178652418777e+05	1.636044753559752429e+00	1.930178556064561790e-01
6.839375346232110169e+05	1.644865349048858505e+00	1.936832289557343378e-01
6.876241714255351108e+05	1.653731687629012903e+00	1.943509360225028904e-01
6.913299246660646750e+05	1.662644001126848847e+00	1.950209850633055908e-01
6.950548912200096529e+05	1.671602522526666634e+00	1.956933843641341098e-01
6.987991684463118436e+05	1.680607485976137516e+00	1.963681422405322285e-01
7.025628541900472483e+05	1.689659126792083743e+00	1.970452670376967030e-01
7.063460467848042026e+05	1.698757681466195768e+00	1.977247671305879528e-01
7.101488450551381102e+05	1.707903387670938411e+00	1.984066509240362819e-01
7.139713483189553954e+05	1.717096484265280720e+00	1.990909268528447962e-01
7.178136563899859320e+05	1.726337211300646324e+00	1.997776033819010921e-01
7.216758695802136790e+05	1.735625810026755644e+00	2.004666890062870022e-01
7.255580887023612158e+05	1.744962522897602453e+00	2.011581922513827059e-01
7.294604150723303901e+05	1.754347593577324727e+00	2.018521216729738665e-01
7.333829505117312074e+05	1.763781266946284898e+00	2.025484858573654567e-01
7.373257973503432004e+05	1.773263789106990007e+00	2.032472934214884785e-01
7.412890584286578232e+05	1.782795407390206144e+00	2.039485530130096258e-01
7.452728371003858047e+05	1.792376370360988957e+00	2.046522733104421676e-01
7.492772372349888319e+05	1.802006927824772564e+00	2.053584630232582753e-01
7.533023632202555891e+05	1.811687330833563703e+00	2.060671308919944100e-01
7.573483199648205191e+05	1.821417831692000222e+00	2.067782856883708109e-01
7.614152129007825861e+05	1.831198683963648932e+00	2.074919362153964386e-01
7.655031479862541892e+05	1.841030142477136256e+00	2.082080913074822737e-01
7.696122317079911008e+05	1.850912463332472946e+00	2.089267598305583062e-01
7.737425710839889944e+05	1.860845903907297538e+00	2.096479506821817551e-01
7.778942736661037197e+05	1.870830722863180196e+00	2.103716727916509766e-01
7.820674475426981226e+05	1.880867180151986728e+00	2.110979351201247023e-01
7.862622013412966626e+05	1.890955537022263488e+00	2.118267466607278160e-01
7.904786442312304862e+05	1.901096056025599168e+00	2.125581164386698696e-01
7.947168859263432678e+05	1.911289001023130485e+00	2.132920535113641824e-01
7.989770366876559565e+05	1.921534637191954609e+00	2.140285669685363379e-01
8.032592073260734323e+05	1.931833231031633291e+00	2.147676659323443649e-01
8.075635092051198008e+05	1.942185050370777155e+00	2.155093595574943954e-01
8.118900542436474934e+05	1.952590364373556264e+00	2.162536570313556561e-01
8.162389549185822252e+05	1.963049443546303729e+00	2.170005675740798168e-01
8.206103242676949594e+05	1.973562559744184153e+00	2.177501004387179806e-01
8.250042758923621150e+05	1.984129986177826988e+00	2.185022649113363691e-01
8.294209239603416063e+05	1.994751997420008083e+00	2.192570703111386132e-01
8.338603832085833419e+05	2.005428869412404946e+00	2.200145259905806061e-01
8.383227689460427500e+05	2.016160879472366663e+00	2.207746413354943482e-01
8.428081970564796356e+05	2.026948306299642510e+00	2.215374257652029666e-01
8.473167840013399255e+05	2.037791429983313751e+00	2.223028887326422842e-01
8.518486468225596473e+05	2.048690532008536014e+00	2.230710397244828613e-01
8.564039031454821816e+05	2.059645895263557680e+00	2.238418882612539240e-01
8.609826711816849420e+05	2.070657804046515338e+00	2.246154438974502510e-01
8.655850697319259634e+05	2.081726544072521445e+00	2.253917162216775849e-01
8.702112181890201755e+05	2.092852402480583240e+00	2.261707148567517756e-01
8.748612365407716716e+05	2.104035667840651325e+00	2.269524494598385012e-01
8.795352453729114495e+05	2.115276630160688676e+00	2.277369297225661504e-01
8.842333658720601816e+05	2.126575580893792949e+00	2.285241653711549414e-01
8.889557198286731727e+05	2.137932812945282368e+00	2.293141661665373532e-01
8.937024296400386374e+05	2.149348620679902400e+00	2.301069419044853570e-01
8.984736183132673614e+05	2.160823299929019559e+00	2.309025024157349004e-01
9.032694094683045987e+05	2.172357147997864057e+00	2.317008575661083092e-01
9.080899273409612942e+05	2.183950463672818199e+00	2.325020172566452936e-01
9.129352967859319178e+05	2.195603547228677233e+00	2.333059914237263222e-01
9.178056432798831956e+05	2.207316700436073198e+00	2.341127900391970773e-01
9.227010929244960425e+05	2.219090226568796620e+00	2.349224231105023208e-01
9.276217724495668663e+05	2.230924430411249659e+00	2.357349006808062142e-01
9.325678092160942033e+05	2.242819618265873949e+00	2.365502328291247125e-01
9.375393312194092432e+05	2.254776097960675685e+00	2.373684296704542396e-01
9.425364670923026279e+05	2.266794178856748054e+00	2.381895013559004182e-01
9.475593461081578862e+05	2.278874171855806541e+00	2.390134580728039693e-01
9.526080981841229368e+05	2.291016389407814824e+00	2.398403100448755210e-01
9.576828538842977723e+05	2.303221145518655089e+00	2.406700675323256156e-01
9.627837444228965323e+05	2.315488755757727279e+00	2.415027408319915803e-01
9.679109016675016610e+05	2.327819537265780170e+00	2.423383402774731132e-01
9.730644581422377378e+05	2.340213808762542147e+00	2.431768762392618188e-01
9.782445470310463570e+05	2.352671890554596690e+00	2.440183591248761830e-01
9.834513021809249185e+05	2.365194104543174358e+00	2.448627993789926904e-01
9.886848581052048830e+05	2.377780774232032712e+00	2.457102074835772754e-01
9.939453499868387589e+05	2.390432224735365985e+00	2.465605939580243766e-01
9.992329136817042017e+05	2.403148782785748505e+00	2.474139693592835587e-01
1.004547685721927672e+06	2.415930776742130082e+00	2.482703442820012318e-01
1.009889803319204366e+06	2.428778536597817617e+00	2.491297293586538508e-01
1.015259404368169839e+06	2.441692393988586840e+00	2.499921352596826407e-01
1.020656627449761494e+06	2.454672682200764733e+00	2.508575726936291272e-01
1.026081611834606389e+06	2.467719736179377676e+00	2.517260524072741368e-01
1.031534497486421256e+06	2.480833892536328911e+00	2.525975851857727439e-01
1.037015425065423362e+06	2.494015489558602194e+00	2.534721818527954085e-01
1.042524535931784543e+06	2.507264867216565829e+00	2.543498532706608972e-01
1.048061972149067326e+06	2.520582367172240712e+00	2.552306103404794468e-01
1.053627876487705624e+06	2.533968332787667865e+00	2.561144640022924857e-01
1.059222392428490100e+06	2.547423109133293284e+00	2.570014252352072481e-01
1.064845664166045375e+06	2.560947042996326584e+00	2.578915050575439349e-01
1.070497836612400599e+06	2.574540482889335902e+00	2.587847145269697169e-01
1.076179055400477489e+06	2.588203779058626974e+00	2.596810647406418426e-01
1.081889466887687566e+06	2.601937283492901543e+00	2.605805668353524673e-01
1.087629218159475364e+06	2.615741349931776760e+00	2.614832319876690403e-01
1.093398457032913109e+06	2.629616333874428946e+00	2.623890714140760805e-01
1.099197332060325425e+06	2.643562592588312388e+00	2.632980963711185063e-01
1.105025992532895645e+06	2.657580485117832403e+00	2.642103181555490732e-01
1.110884588484322652e+06	2.671670372293140083e+00	2.651257481044665965e-01
1.116773270694467239e+06	2.685832616738900391e+00	2.660443975954648321e-01
1.122692190693053417e+06	2.700067582883197037e+00	2.669662780467775276e-01
1.128641500763337361e+06	2.714375636966351202e+00	2.678914009174225286e-01
1.134621353945845738e+06	2.728757147049916565e+00	2.688197777073509931e-01
1.140631904042094247e+06	2.743212483025623261e+00	2.697514199575918314e-01
1.146673305618351325e+06	2.757742016624422643e+00	2.706863392503993659e-01
1.152745714009409538e+06	2.772346121425565801e+00	2.716245472094034885e-01
1.158849285322352545e+06	2.787025172865657208e+00	2.725660554997562102e-01
1.164984176440378884e+06	2.801779548247854024e+00	2.735108758282802088e-01
1.171150545026649488e+06	2.816609626751117812e+00	2.744590199436184874e-01
1.177348549528071424e+06	2.831515789439316144e+00	2.754104996363886393e-01
1.183578349179216661e+06	2.846498419270644842e+00	2.763653267393288426e-01
1.189840104006197304e+06	2.861557901106948076e+00	2.773235131274495169e-01
1.196133974830554100e+06	2.876694621723073553e+00	2.782850707181860894e-01
1.202460123273150763e+06	2.891908969816235686e+00	2.792500114715538717e-01
1.208818711758159567e+06	2.907201336015599491e+00	2.802183473902961075e-01
1.215209903517010156e+06	2.922572112891779650e+00	2.811900905200390155e-01
1.221633862592356279e+06	2.938021694966381769e+00	2.821652529494475536e-01
1.228090753842062084e+06	2.953550478721585382e+00	2.831438468103793515e-01
1.234580742943265475e+06	2.969158862609920124e+00	2.841258842780385874e-01
1.241103996396357892e+06	2.984847247063835418e+00	2.851113775711320852e-01
1.247660681529076770e+06	3.000616034505541041e+00	2.861003389520266338e-01
1.254250966500576818e+06	3.016465629356803291e+00	2.870927807269021415e-01
1.260875020305512473e+06	3.032396438048758025e+00	2.880887152459138956e-01
1.267533012778175995e+06	3.048408869031866253e+00	2.890881549033493814e-01
1.274225114596606931e+06	3.064503332785797340e+00	2.900911121377813817e-01
1.280951497286796104e+06	3.080680241829533816e+00	2.910975994322361760e-01
1.287712333226804156e+06	3.096940010731287440e+00	2.921076293143439750e-01
1.294507795651008608e+06	3.113283056118702596e+00	2.931212143565042338e-01
1.301338058654299239e+06	3.129709796688952217e+00	2.941383671760478546e-01
1.308203297196318163e+06	3.146220653218933183e+00	2.951591004353926184e-01
1.315103687105718069e+06	3.162816048575506578e+00	2.961834268422106620e-01
1.322039405084460974e+06	3.179496407725839635e+00	2.972113591495898488e-01
1.329010628712089267e+06	3.196262157747674415e+00	2.982429101561942519e-01
1.336017536450082669e+06	3.213113727839804312e+00	2.992780927064291885e-01
1.343060307646180969e+06	3.230051549332476846e+00	3.003169196906089744e-01
1.350139122538738418e+06	3.247076055697860841e+00	3.013594040451141320e-01
1.357254162261156132e+06	3.264187682560705905e+00	3.024055587525650290e-01
1.364405608846242307e+06	3.281386867708831812e+00	3.034553968419835268e-01
1.371593645230660914e+06	3.298674051103825722e+00	3.045089313889580152e-01
1.378818455259392038e+06	3.316049674891770049e+00	3.055661755158151083e-01
1.386080223690184765e+06	3.333514183413951226e+00	3.066271423917845684e-01
1.393379136198061751e+06	3.351068023217692371e+00	3.076918452331708909e-01
1.400715379379861057e+06	3.368711643067279216e+00	3.087602973035164511e-01
1.408089140758735361e+06	3.386445493954775010e+00	3.098325119137790296e-01
1.415500608788731508e+06	3.404270029111042373e+00	3.109085024224947369e-01
