0.000000000000000000e+00
3.706885284137679264e+03
7.427568406048347242e+03
1.116210073858464602e+04
1.491053386367356870e+04
1.867291957078140695e+04
2.244930985584156588e+04
2.623975692042312585e+04
3.004431317121046595e+04
3.386303121966123581e+04
3.769596388184186071e+04
4.154316417841403745e+04
4.540468533473939169e+04
4.928058078105747700e+04
5.317090415276656859e+04
5.707570929075963795e+04
6.099505024184612557e+04
6.492898125918582082e+04
6.887755680277384818e+04
7.284083153998921625e+04
7.681886034614080563e+04
8.081169830503733829e+04
8.481940070963767357e+04
8.884202306264825165e+04
9.287962107717501931e+04
9.693225067740306258e+04
1.009999679992806632e+05
1.050828293911977671e+05
1.091808914146970492e+05
1.132942108451931272e+05
1.174228446726996917e+05
1.215668501025729347e+05
1.257262845562584698e+05
1.299012056720319670e+05
1.340916713057616726e+05
1.382977395316956099e+05
1.425194686432275921e+05
1.467569171536816284e+05
1.510101437970905099e+05
1.552792075289976783e+05
1.595641675272574648e+05
1.638650831928551197e+05
1.681820141506907530e+05
1.725150202504005283e+05
1.768641615672013722e+05
1.812294984026988968e+05
1.856110912857183721e+05
1.900090009731322061e+05
1.944232884507256094e+05
1.988540149340131320e+05
2.033012418691045605e+05
2.077650309335479978e+05
2.122454440371969249e+05
2.167425433230665512e+05
2.212563911681864411e+05
2.257870501844938844e+05
2.303345832196844276e+05
2.348990533581252676e+05
2.394805239216974005e+05
2.440790584706848022e+05
2.486947208046943415e+05
2.533275749635274988e+05
2.579776852280781604e+05
2.626451161212536972e+05
2.673299324088345747e+05
2.720321991004426964e+05
2.767519814504077658e+05
2.814893449587041978e+05
2.862443553718824405e+05
2.910170786839639768e+05
2.958075811373982579e+05
3.006159292239907663e+05
3.054421896858089603e+05
3.102864295161706395e+05
3.151487159605510533e+05
3.200291165175356437e+05
3.249276989397979341e+05
3.298445312350241002e+05
3.347796816668889951e+05
3.397332187560081948e+05
3.447052112809212413e+05
3.496957282790436875e+05
3.547048390476629138e+05
3.597326131448978558e+05
3.647791203906927258e+05
3.698444308677990921e+05
3.749286149227679707e+05
3.800317431669412181e+05
3.851538864774641115e+05
3.902951159982651006e+05
3.954555031410723459e+05
4.006351195864374749e+05
4.058340372847223189e+05
4.110523284571520053e+05
4.162900655967858620e+05
4.215473214696093928e+05
4.268241691155105364e+05
4.321206818493306637e+05
4.374369332619197667e+05
4.427729972211543936e+05
4.481289478729984257e+05
4.535048596425459255e+05
4.589008072350828443e+05
4.643168656371482648e+05
4.697531101175753865e+05
4.752096162285832688e+05
4.806864598068376072e+05
4.861837169745240826e+05
4.917014641404289287e+05
4.972397780010320712e+05
5.027987355415883940e+05
5.083784140372027177e+05
5.139788910539567005e+05
5.196002444499803241e+05
5.252425523765888065e+05
5.309058932793482672e+05
5.365903458992317319e+05
5.422959892737122718e+05
5.480229027378880419e+05
5.537711659256152343e+05
5.595408587706389371e+05
5.653320615077116527e+05
5.711448546737532597e+05
5.769793191089832690e+05
5.828355359580705408e+05
5.887135866712881252e+05
5.946135530056722928e+05
6.005355170261685271e+05
6.064795611068212893e+05
6.124457679319221061e+05
6.184342204972035252e+05
6.244450021110018715e+05
6.304781963954481762e+05
6.365338872876691166e+05
6.426121590409453493e+05
6.487130962259443477e+05
6.548367837319127284e+05
6.609833067678767256e+05
6.671527508638415020e+05
6.733452018720575143e+05
6.795607459681711625e+05
6.857994696524939500e+05
6.920614597512334585e+05
6.983468034177147783e+05
7.046555881336233579e+05
7.109879017102490179e+05
7.173438322897297330e+05
7.237234683463098481e+05
7.301268986876145937e+05
7.365542124558887444e+05
7.430054991292953491e+05
7.494808485231322702e+05
7.559803507911760826e+05
7.625040964269393589e+05
7.690521762649449520e+05
7.756246814820240252e+05
7.822217035986229312e+05
7.888433344801224303e+05
7.954896663381124381e+05
8.021607917317044921e+05
8.088568035688893870e+05
8.155777951078037731e+05
8.223238599581287708e+05
8.290950920823432971e+05
8.358915857971429359e+05
8.427134357747212052e+05
8.495607370441330131e+05
8.564335849926560186e+05
8.633320753671680577e+05
8.702563042754672933e+05
8.772063681876896881e+05
8.841823639376468491e+05
8.911843887242060155e+05
8.982125401127245277e+05
9.052669160363764968e+05
9.123476147975779604e+05
9.194547350694006309e+05
9.265883758969490882e+05
9.337486366987982765e+05
9.409356172683946788e+05
9.481494177754779812e+05
9.553901387675306760e+05
9.626578811711969320e+05
9.699527462937140372e+05
9.772748358243578114e+05
9.846242518359264359e+05
9.920010967861488461e+05
9.994054735191639047e+05
1.006837485267006792e+06
1.014297235651058145e+06
1.021784828683533240e+06
1.029300368768958375e+06
1.036843960705670295e+06
1.044415709687285358e+06
1.052015721304256003e+06
1.059644101545333862e+06
1.067300956799067790e+06
1.074986393855364993e+06
1.082700519907000009e+06
1.090443442551136250e+06
1.098215269790861290e+06
1.106016110036743805e+06
1.113846072108357679e+06
1.121705265235869680e+06
1.129593799061549362e+06
1.137511783641403541e+06
1.145459329446687363e+06
1.153436547365496401e+06
1.161443548704375979e+06
1.169480445189888589e+06
1.177547348970201332e+06
1.185644372616725508e+06
1.193771629125671927e+06
1.201929231919701211e+06
1.210117294849558268e+06
1.218335932195645291e+06
1.226585258669706527e+06
1.234865389416446444e+06
1.243176440015175380e+06
1.251518526481446810e+06
1.259891765268758871e+06
1.268296273270178586e+06
1.276732167820006143e+06
1.285199566695509478e+06
1.293698588118546177e+06
1.302229350757278502e+06
1.310791973727878649e+06
1.319386576596216764e+06
1.328013279379584827e+06
1.336672202548396308e+06
1.345363467027918901e+06
1.354087194200004451e+06
1.362843505904823542e+06
1.371632524442612194e+06
1.380454372575416230e+06
1.389309173528853804e+06
1.398197050993865356e+06
1.407118129128502682e+06
1.416072532559676096e+06
1.425060386384970974e+06
1.434081816174424253e+06
1.443136947972320952e+06
1.452225908298990224e+06
1.461348824152633548e+06
1.470505823011129629e+06
1.479697032833861187e+06
1.488922582063536625e+06
1.498182599628066178e+06
1.507477214942366816e+06
1.516806557910238858e+06
1.526170758926218841e+06
1.535569948877430055e+06
1.545004259145496413e+06
1.554473821608382743e+06
1.563978768642310984e+06
1.573519233123648446e+06
1.583095348430810496e+06
1.592707248446162324e+06
1.602355067557958420e+06
1.612038940662255976e+06
1.621759003164844122e+06
1.631515390983179212e+06
1.641308240548348054e+06
1.651137688807016239e+06
1.661003873223396018e+06
1.670906931781199761e+06
1.680847002985635772e+06
1.690824225865388755e+06
1.700838739974616561e+06
1.710890685394937173e+06
1.720980202737453394e+06
1.731107433144748677e+06
1.741272518292942084e+06
1.751475600393692963e+06
1.761716822196250316e+06
1.771996326989496127e+06
1.782314258604008239e+06
1.792670761414121836e+06
1.803065980339998845e+06
1.813500060849691276e+06
1.823973148961259052e+06
1.834485391244852915e+06
1.845036934824794531e+06
1.855627927381719463e+06
1.866258517154686619e+06
1.876928852943284437e+06
1.887639084109808318e+06
1.898389360581365414e+06
1.909179832852052525e+06
1.920010651985104196e+06
1.930881969615061767e+06
1.941793937949945219e+06
1.952746709773461334e+06
1.963740438447172754e+06
1.974775277912705205e+06
1.985851382693968248e+06
1.996968907899375539e+06
2.008128009224049281e+06
2.019328842952084728e+06
2.030571565958783496e+06
2.041856335712901782e+06
2.053183310278920922e+06
2.064552648319311440e+06
2.075964509096821304e+06
2.087419052476759534e+06
2.098916438929297030e+06
2.110456829531759024e+06
2.122040385970955715e+06
2.133667270545500796e+06
2.145337646168147679e+06
2.157051676368118264e+06
2.168809525293476880e+06
2.180611357713473029e+06
2.192457339020911139e+06
2.204347635234524030e+06
2.216282413001377601e+06
2.228261839599266648e+06
2.240286082939093001e+06
2.252355311567303259e+06
2.264469694668316748e+06
2.276629402066948824e+06
2.288834604230850004e+06
2.301085472272970248e+06
2.313382177954015788e+06
2.325724893684913870e+06
2.338113792529289145e+06
2.350549048205993138e+06
2.363030835091548506e+06
2.375559328222715762e+06
2.388134703298939858e+06
2.400757136684952304e+06
2.413426805413271300e+06
2.426143887186754029e+06
2.438908560381156858e+06
2.451721004047707655e+06
2.464581397915703245e+06
2.477489922395036556e+06
2.490446758578860667e+06
2.503452088246158324e+06
2.516506093864385970e+06
2.529608958592076320e+06
2.542760866281479131e+06
2.555962001481230371e+06
2.569212549439003225e+06
2.582512696104157716e+06
2.595862628130453173e+06
2.609262532878697850e+06
2.622712598419489805e+06
2.636213013535887934e+06
2.649763967726158909e+06
2.663365651206508279e+06
2.677018254913821816e+06
2.690721970508409198e+06
2.704476990376740228e+06
2.718283507634295151e+06
2.732141716128252912e+06
2.746051810440374538e+06
2.760013985889749601e+06
2.774028438535622321e+06
2.788095365180252586e+06
2.802214963371723425e+06
2.816387431406782940e+06
2.830612968333750032e+06
2.844891773955313955e+06
2.859224048831504304e+06
2.873609994282492902e+06
2.888049812391581479e+06
2.902543706008055247e+06
2.917091878750149626e+06
2.931694535007948522e+06
2.946351879946394823e+06
2.961064119508194271e+06
2.975831460416823160e+06
2.990654110179502983e+06
3.005532277090163436e+06
3.020466170232506935e+06
3.035455999482994899e+06
3.050501975513868034e+06
3.065604309796222020e+06
3.080763214603041299e+06
3.095978903012244031e+06
3.111251588909809012e+06
3.126581486992820166e+06
3.141968812772583682e+06
3.157413782577762846e+06
3.172916613557463512e+06
3.188477523684406653e+06
3.204096731758068316e+06
3.219774457407799549e+06
3.235510921096069738e+06
3.251306344121607952e+06
3.267160948622629978e+06
3.283074957580015063e+06
3.299048594820536673e+06
3.315082085020131432e+06
3.331175653707123362e+06
3.347329527265471406e+06
3.363543932938056998e+06
3.379819098829972558e+06
3.396155253911827691e+06
3.412552628023034893e+06
3.429011451875161380e+06
3.445531957055248320e+06
3.462114376029166393e+06
3.478758942144989036e+06
3.495465889636350796e+06
3.512235453625824302e+06
3.529067870128368028e+06
3.545963376054701395e+06
3.562922209214761853e+06
3.579944608321128413e+06
3.597030812992451712e+06
3.614181063756992109e+06
3.631395602056033909e+06
3.648674670247420669e+06
3.666018511609034613e+06
3.683427370342340320e+06
3.700901491575926542e+06
3.718441121369037777e+06
3.736046506715130992e+06
3.753717895545473322e+06
3.771455536732736975e+06
3.789259680094580166e+06
3.807130576397285797e+06
3.825068477359385230e+06
3.843073635655287653e+06
3.861146304918988608e+06
3.879286739747693762e+06
3.897495195705548860e+06
3.915771929327310994e+06
3.934117198122097179e+06
3.952531260577071458e+06
3.971014376161254942e+06
3.989566805329239927e+06
4.008188809524968266e+06
4.026880651185558178e+06
4.045642593745049089e+06
4.064474901638288051e+06
4.083377840304700658e+06
4.102351676192210987e+06
4.121396676761046983e+06
4.140513110487618484e+06
4.159701246868466027e+06
4.178961356424120255e+06
4.198293710703060962e+06
4.217698582285614684e+06
4.237176244787945412e+06
4.256726972866034135e+06
4.276351042219620198e+06
4.296048729596241377e+06
4.315820312795219943e+06
4.335666070671726950e+06
4.355586283140812069e+06
4.375581231181452051e+06
4.395651196840678342e+06
4.415796463237621821e+06
4.436017314567643218e+06
4.456314036106469110e+06
4.476686914214311168e+06
4.497136236340060830e+06
4.517662291025415994e+06
4.538265367909130640e+06
4.558945757731166668e+06
4.579703752336960286e+06
4.600539644681633450e+06
4.621453728834258392e+06
4.642446299982139841e+06
4.663517654435097240e+06
4.684668089629771188e+06
4.705897904133948497e+06
4.727207397650898434e+06
4.748596871023732238e+06
4.770066626239783131e+06
4.791616966434984468e+06
4.813248195898272097e+06
4.834960620076036081e+06
4.856754545576546341e+06
4.878630280174394138e+06
4.900588132814975455e+06
4.922628413619031198e+06
4.944751433887097985e+06
4.966957506104068831e+06
4.989246943943724036e+06
5.011620062273291871e+06
5.034077177158045582e+06
5.056618605865912512e+06
5.079244666872056201e+06
5.101955679863534868e+06
5.124751965743947774e+06
5.147633846638116054e+06
5.170601645896742120e+06
5.193655688101163134e+06
5.216796299068044871e+06
5.240023805854112841e+06
5.263338536760964431e+06
5.286740821339811198e+06
5.310230990396275185e+06
5.333809375995222479e+06
5.357476311465600505e+06
5.381232131405296735e+06
5.405077171685996465e+06
5.429011769458065741e+06
5.453036263155519962e+06
5.477150992500889115e+06
5.501356298510219902e+06
5.525652523498003371e+06
5.550040011082187295e+06
5.574519106189197861e+06
5.599090155058928765e+06
5.623753505249828100e+06
5.648509505643927492e+06
5.673358506451959722e+06
5.698300859218479134e+06
5.723336916826909408e+06
5.748467033504793420e+06
5.773691564828890376e+06
5.799010867730356753e+06
5.824425300500024110e+06
5.849935222793552093e+06
5.875540995636698790e+06
5.901242981430588290e+06
5.927041543957036920e+06
5.952937048383785412e+06
5.978929861269894056e+06
6.005020350571069866e+06
6.031208885644990951e+06
6.057495837256803177e+06
6.083881577584424987e+06
6.110366480224044994e+06
6.136950920195567422e+06
6.163635273948066868e+06
6.190419919365298003e+06
6.217305235771217383e+06
6.244291603935495950e+06
6.271379406079150736e+06
6.298569025880037807e+06
6.325860848478558473e+06
6.353255260483137332e+06
6.380752649976022542e+06
6.408353406518892385e+06
6.436057921158557758e+06
6.463866586432620883e+06
6.491779796375298873e+06
6.519797946523153223e+06
6.547921433920827694e+06
6.576150657126916572e+06
6.604486016219754703e+06
6.632927912803271785e+06
6.661476750012864359e+06
6.690132932521296665e+06
6.718896866544640623e+06
6.747768959848139435e+06
6.776749621752266772e+06
6.805839263138656504e+06
6.835038296456138603e+06
6.864347135726745240e+06
6.893766196551802568e+06
6.923295896117972210e+06
6.952936653203412890e+06
6.982688888183847070e+06
7.012553023038746789e+06
7.042529481357515790e+06
7.072618688345682807e+06
7.102821070831088349e+06
7.133137057270218618e+06
7.163567077754380181e+06
7.194111564016063698e+06
7.224770949435277842e+06
7.255545669045813382e+06
7.286436159541693516e+06
7.317442859283558093e+06
7.348566208305033855e+06
7.379806648319238797e+06
7.411164622725252062e+06
7.442640576614547521e+06
7.474234956777585670e+06
7.505948211710337549e+06
7.537780791620831937e+06
7.569733148435803130e+06
7.601805735807253048e+06
7.633999009119175375e+06
7.666313425494182855e+06
7.698749443800186738e+06
7.731307524657212198e+06
7.763988130444066599e+06
7.796791725305140018e+06
7.829718775157243013e+06
7.862769747696407139e+06
7.895945112404763699e+06
7.929245340557448566e+06
7.962670905229458585e+06
7.996222281302651390e+06
8.029899945472676307e+06
8.063704376255987212e+06
8.097636053996879607e+06
8.131695460874484852e+06
8.165883080909926444e+06
8.200199399973345920e+06
8.234644905791100115e+06
8.269220087952859700e+06
8.303925437918880954e+06
8.338761449027132243e+06
8.373728616500586271e+06
8.408827437454529107e+06
8.444058410903751850e+06
8.479422037770012394e+06
8.514918820889264345e+06
8.550549265019167215e+06
8.586313876846417785e+06
8.622213164994221181e+06
8.658247640029771253e+06
8.694417814471747726e+06
8.730724202797858045e+06
8.767167321452369913e+06
8.803747688853729516e+06
8.840465825402190909e+06
8.877322253487449139e+06
8.914317497496308759e+06
8.951452083820419386e+06
8.988726540864024311e+06
9.026141399051671848e+06
9.063697190836096182e+06
9.101394450706006959e+06
9.139233715193957090e+06
9.177215522884234786e+06
9.215340414420790970e+06
9.253608932515190914e+06
9.292021621954603121e+06
9.330579029609808698e+06
9.369281704443283379e+06
9.408130197517229244e+06
9.447125062001701444e+06
9.486266853182788938e+06
9.525556128470743075e+06
9.564993447408201173e+06
9.604579371678443626e+06
9.644314465113617480e+06
9.684199293703092262e+06
9.724234425601791590e+06
9.764420431138513610e+06
9.804757882824391127e+06
9.845247355361275375e+06
9.885889425650265068e+06
9.926684672800131142e+06
9.967633678135918453e+06
1.000873702520747297e+07
1.004999529979807138e+07
1.009140908993301913e+07
1.013297898588834144e+07
1.017470558019949123e+07
1.021658946767006628e+07
1.025863124538060650e+07
1.030083151269736513e+07
1.034319087128117867e+07
1.038570992509630881e+07
1.042838928041939065e+07
1.047122954584834725e+07
1.051423133231136948e+07
1.055739525307594053e+07
1.060072192375787534e+07
1.064421196233041212e+07
1.068786598913333192e+07
1.073168462688210420e+07
1.077566850067709200e+07
1.081981823801276460e+07
1.086413446878699213e+07
1.090861782531028986e+07
1.095326894231521338e+07
1.099808845696568117e+07
1.104307700886642002e+07
1.108823524007240497e+07
1.113356379509833083e+07
1.117906332092813402e+07
1.122473446702456474e+07
1.127057788533875532e+07
1.131659423031987809e+07
1.136278415892482176e+07
1.140914833062786795e+07
1.145568740743046440e+07
1.150240205387098901e+07
1.154929293703460321e+07
1.159636072656306997e+07
1.164360609466469847e+07
1.169102971612426639e+07
1.173863226831297949e+07
1.178641443119851127e+07
1.183437688735505193e+07
1.188252032197339833e+07
1.193084542287110537e+07
1.197935288050264120e+07
1.202804338796962239e+07
1.207691764103104360e+07
1.212597633811360225e+07
1.217522018032200821e+07
1.222464987144937739e+07
1.227426611798764393e+07
1.232406962913801149e+07
1.237406111682146415e+07
1.242424129568929411e+07
1.247461088313367218e+07
1.252517059929830208e+07
1.257592116708907299e+07
1.262686331218476221e+07
1.267799776304775849e+07
1.272932525093491375e+07
1.278084650990832970e+07
1.283256227684622817e+07
1.288447329145389795e+07
1.293658029627463035e+07
1.298888403670073859e+07
1.304138526098458096e+07
1.309408472024970502e+07
1.314698316850193031e+07
1.320008136264054105e+07
1.325338006246952340e+07
1.330688003070881218e+07
1.336058203300560080e+07
1.341448683794570528e+07
1.346859521706494130e+07
1.352290794486064650e+07
1.357742579880301654e+07
1.363214955934679136e+07
1.368708000994276628e+07
1.374221793704943545e+07
1.379756413014460728e+07
1.385311938173720799e+07
1.390888448737897351e+07
1.396486024567629211e+07
1.402104745830205083e+07
1.407744693000753783e+07
1.413405946863439307e+07
1.419088588512660004e+07
1.424792699354250915e+07
1.430518361106696725e+07
1.436265655802343227e+07
1.442034665788615495e+07
1.447825473729240708e+07
1.453638162605477870e+07
1.459472815717350505e+07
1.465329516684882715e+07
1.471208349449341744e+07
1.477109398274490982e+07
1.483032747747834399e+07
1.488978482781878673e+07
1.494946688615394197e+07
1.500937450814682432e+07
1.506950855274848826e+07
1.512986988221078180e+07
1.519045936209918745e+07
1.525127786130569130e+07
1.531232625206171721e+07
1.537360540995104425e+07
1.543511621392292716e+07
1.549685954630510509e+07
1.555883629281693883e+07
1.562104734258261509e+07
1.568349358814435452e+07
1.574617592547570728e+07
1.580909525399486348e+07
1.587225247657812014e+07
1.593564849957318977e+07
1.599928423281284422e+07
1.606316058962835744e+07
1.612727848686312884e+07
1.619163884488637373e+07
1.625624258760679513e+07
1.632109064248633757e+07
1.638618394055405259e+07
1.645152341641992331e+07
1.651711000828881562e+07
1.658294465797441453e+07
1.664902831091335043e+07
1.671536191617917642e+07
1.678194642649661750e+07
1.684878279825568944e+07
1.691587199152602628e+07
1.698321497007113323e+07
1.705081270136279613e+07
1.711866615659548715e+07
1.718677631070086360e+07
1.725514414236231148e+07
1.732377063402954862e+07
1.739265677193323523e+07
1.746180354609974474e+07
1.753121195036587864e+07
1.760088298239376768e+07
1.767081764368570223e+07
1.774101693959909678e+07
1.781148187936152145e+07
1.788221347608570009e+07
1.795321274678472057e+07
1.802448071238714084e+07
1.809601839775229245e+07
1.816782683168554306e+07
1.823990704695368931e+07
1.831226008030036092e+07
1.838488697246152535e+07
1.845778876818104461e+07
1.853096651622620970e+07
1.860442126940352842e+07
1.867815408457436413e+07
1.875216602267075703e+07
1.882645814871129394e+07
1.890103153181701526e+07
1.897588724522739649e+07
1.905102636631641164e+07
1.912644997660857439e+07
1.920215916179522872e+07
1.927815501175065711e+07
1.935443862054849043e+07
1.943101108647797257e+07
1.950787351206045598e+07
1.958502700406588987e+07
1.966247267352933064e+07
1.974021163576763123e+07
1.981824501039611176e+07
1.989657392134524509e+07
1.997519949687759578e+07
2.005412286960461363e+07
2.013334517650360242e+07
2.021286755893484131e+07
2.029269116265851259e+07
2.037281713785199821e+07
2.045324663912699744e+07
2.053398082554692775e+07
2.061502086064417288e+07
2.069636791243756562e+07
2.077802315344993770e+07
2.085998776072558761e+07
2.094226291584800929e+07
2.102484980495750532e+07
2.110774961876904592e+07
2.119096355259007961e+07
2.127449280633844808e+07
2.135833858456036448e+07
2.144250209644853324e+07
2.152698455586018041e+07
2.161178718133535981e+07
2.169691119611515105e+07
2.178235782816007361e+07
2.186812831016839296e+07
2.195422387959475815e+07
2.204064577866867185e+07
2.212739525441315398e+07
2.221447355866344646e+07
2.230188194808582589e+07
2.238962168419642746e+07
2.247769403338019550e+07
2.256610026690993458e+07
2.265484166096530855e+07
2.274391949665208161e+07
2.283333506002130359e+07
2.292308964208865911e+07
2.301318453885385022e+07
2.310362105132002756e+07
2.319440048551339284e+07
2.328552415250273421e+07
2.337699336841925234e+07
2.346880945447621867e+07
2.356097373698885739e+07
2.365348754739434272e+07
2.374635222227172181e+07
2.383956910336210206e+07
2.393313953758870438e+07
2.402706487707722932e+07
2.412134647917607799e+07
2.421598570647690818e+07
2.431098392683495954e+07
2.440634251338977367e+07
2.450206284458575025e+07
2.459814630419291928e+07
2.469459428132781386e+07
2.479140817047423124e+07
2.488858937150440738e+07
2.498613928969986737e+07
2.508405933577280119e+07
2.518235092588712648e+07
2.528101548167990148e+07
2.538005443028268963e+07
2.547946920434305072e+07
2.557926124204614386e+07
2.567943198713636026e+07
2.577998288893904909e+07
2.588091540238239616e+07
2.598223098801932484e+07
2.608393111204949394e+07
2.618601724634137750e+07
2.628849086845447123e+07
2.639135346166156977e+07
2.649460651497109234e+07
2.659825152314949781e+07
2.670228998674390838e+07
2.680672341210464388e+07
2.691155331140803173e+07
2.701678120267912373e+07
2.712240860981459916e+07
2.722843706260580570e+07
2.733486809676178172e+07
2.744170325393244624e+07
2.754894408173189685e+07
2.765659213376162946e+07
2.776464896963412687e+07
2.787311615499637648e+07
2.798199526155337691e+07
2.809128786709206179e+07
2.820099555550493672e+07
2.831111991681410000e+07
2.842166254719519615e+07
2.853262504900154471e+07
2.864400903078837693e+07
2.875581610733704641e+07
2.886804789967948571e+07
2.898070603512267768e+07
2.909379214727324620e+07
2.920730787606212869e+07
2.932125486776940152e+07
2.943563477504907921e+07
2.955044925695414469e+07
2.966569997896162793e+07
2.978138861299782991e+07
2.989751683746351674e+07
3.001408633725929260e+07
3.013109880381119251e+07
3.024855593509615213e+07
3.036645943566775322e+07
3.048481101668197662e+07
3.060361239592309669e+07
3.072286529782969505e+07
3.084257145352072269e+07
3.096273260082173347e+07
3.108335048429112136e+07
3.120442685524658859e+07
3.132596347179167345e+07
3.144796209884227812e+07
3.157042450815352798e+07
3.169335247834644467e+07
3.181674779493493959e+07
3.194061225035294890e+07
3.206494764398143813e+07
3.218975578217578307e+07
3.231503847829310223e+07
3.244079755271968246e+07
3.256703483289854974e+07
3.269375215335730463e+07
3.282095135573578626e+07
3.294863428881409019e+07
3.307680280854050815e+07
3.320545877805966884e+07
3.333460406774092466e+07
3.346424055520651489e+07
3.359437012536022067e+07
3.372499467041583359e+07
3.385611608992591500e+07
3.398773629081056267e+07
3.411985718738649040e+07
3.425248070139585435e+07
3.438560876203565300e+07
3.451924330598673970e+07
3.465338627744348347e+07
3.478803962814310938e+07
3.492320531739539653e+07
3.505888531211245805e+07
3.519508158683849126e+07
3.533179612377988547e+07
3.546903091283533722e+07
3.560678795162592083e+07
3.574506924552561343e+07
3.588387680769167840e+07
3.602321265909522027e+07
3.616307882855203748e+07
3.630347735275325924e+07
3.644441027629645169e+07
3.658587965171663463e+07
3.672788753951752931e+07
3.687043600820283592e+07
3.701352713430772722e+07
3.715716300243040919e+07
3.730134570526383817e+07
3.744607734362751245e+07
3.759136002649945766e+07
3.773719587104837596e+07
3.788358700266571343e+07
3.803053555499817431e+07
3.817804366998003423e+07
3.832611349786590040e+07
3.847474719726327807e+07
3.862394693516556174e+07
3.877371488698500395e+07
3.892405323658573627e+07
3.907496417631718516e+07
3.922644990704730898e+07
3.937851263819628954e+07
3.953115458776997030e+07
3.968437798239389062e+07
3.983818505734700710e+07
3.999257805659592152e+07
4.014755923282894492e+07
4.030313084749050438e+07
4.045929517081557959e+07
4.061605448186432570e+07
