1.000000000000000000e+06
1.003504041273425333e+06
1.007024125664542196e+06
1.010560000035644975e+06
1.014111455366729875e+06
1.017678319027692545e+06
1.021260448557558586e+06
1.024857726637006854e+06
1.028470057008960634e+06
1.032097361154694343e+06
1.035739575574133545e+06
1.039396649550968548e+06
1.043068543308173539e+06
1.046755226479017758e+06
1.050456676834047539e+06
1.054172879216458881e+06
1.057903824647842441e+06
1.061649509573679185e+06
1.065409935223991983e+06
1.069185107069259975e+06
1.072975034355380340e+06
1.076779729704546975e+06
1.080599208771362202e+06
1.084433489945238922e+06
1.088282594091945095e+06
1.092146544328281889e+06
1.096025365824909182e+06
1.099919085633173818e+06
1.103827732532541500e+06
1.107751336895711720e+06
1.111689930568992626e+06
1.115643546765891137e+06
1.119612219972173683e+06
1.123595985860913992e+06
1.127594881216294365e+06
1.131608943865095964e+06
1.135638212614900898e+06
1.139682727198260138e+06
1.143742528222113615e+06
1.147817657121893018e+06
1.151908156119773397e+06
1.156014068186646095e+06
1.160135437007353874e+06
1.164272306948932353e+06
1.168424723031526664e+06
1.172592730901672971e+06
1.176776376807753230e+06
1.180975707577398978e+06
1.185190770596704911e+06
1.189421613790987292e+06
1.193668285607052734e+06
1.197930834996766178e+06
1.202209311401856598e+06
1.206503764739810256e+06
1.210814245390778873e+06
1.215140804185443791e+06
1.219483492393699009e+06
1.223842361714167288e+06
1.228217464264371432e+06
1.232608852571612224e+06
1.237016579564486630e+06
1.241440698564926628e+06
1.245881263280784478e+06
1.250338327798921615e+06
1.254811946578694042e+06
1.259302174445951125e+06
1.263809066587331938e+06
1.268332678544980939e+06
1.272873066211600089e+06
1.277430285825775471e+06
1.282004393967657816e+06
1.286595447554883314e+06
1.291203503838734003e+06
1.295828620400610147e+06
1.300470855148650939e+06
1.305130266314605251e+06
1.309806912450927543e+06
1.314500852427999722e+06
1.319212145431582117e+06
1.323940850960400887e+06
1.328687028823916567e+06
1.333450739140209276e+06
1.338232042334042955e+06
1.343030999135018094e+06
1.347847670575883472e+06
1.352682117990944069e+06
1.357534403014593059e+06
1.362404587579939747e+06
1.367292733917555073e+06
1.372198904554280685e+06
1.377123162312153261e+06
1.382065570307420334e+06
1.387026191949598957e+06
1.392005090940671042e+06
1.397002331274265423e+06
1.402017977235030849e+06
1.407052093397949822e+06
1.412104744627794018e+06
1.417175996078633005e+06
1.422265913193364628e+06
1.427374561703338055e+06
1.432502007628008258e+06
1.437648317274651956e+06
1.442813557238131994e+06
1.447997794400681509e+06
1.453201095931780292e+06
1.458423529288034653e+06
1.463665162213110831e+06
1.468926062737711240e+06
1.474206299179588910e+06
1.479505940143591492e+06
1.484825054521722021e+06
1.490163711493285373e+06
1.495521980525005609e+06
1.500899931371233193e+06
1.506297634074108908e+06
1.511715158963842550e+06
1.517152576658949256e+06
1.522609958066542866e+06
1.528087374382657232e+06
1.533584897092586849e+06
1.539102597971234238e+06
1.544640549083515536e+06
1.550198822784761665e+06
1.555777491721144645e+06
1.561376628830138128e+06
1.566996307340988657e+06
1.572636600775191328e+06
1.578297582947025774e+06
1.583979327964061871e+06
1.589681910227730870e+06
1.595405404433865799e+06
1.601149885573296342e+06
1.606915428932457231e+06
1.612702110093968688e+06
1.618510004937301390e+06
1.624339189639409771e+06
1.630189740675390000e+06
1.636061734819138423e+06
1.641955249144088011e+06
1.647870361023847014e+06
1.653807148132954258e+06
1.659765688447607681e+06
1.665746060246394482e+06
1.671748342111043865e+06
1.677772612927200040e+06
1.683818951885188697e+06
1.689887438480811892e+06
1.695978152516165050e+06
1.702091174100425094e+06
1.708226583650706569e+06
1.714384461892831139e+06
1.720564889862242155e+06
1.726767948904839111e+06
1.732993720677819569e+06
1.739242287150564371e+06
1.745513730605532648e+06
1.751808133639166364e+06
1.758125579162765993e+06
1.764466150403409032e+06
1.770829930904896697e+06
1.777217004528644262e+06
1.783627455454683630e+06
1.790061368182535050e+06
1.796518827532244846e+06
1.802999918645292288e+06
1.809504726985576097e+06
1.816033338340406073e+06
1.822585838821513578e+06
1.829162314866007306e+06
1.835762853237429168e+06
1.842387541026726132e+06
1.849036465653287480e+06
1.855709714866010938e+06
1.862407376744286856e+06
1.869129539699063636e+06
1.875876292473928304e+06
1.882647724146125372e+06
1.889443924127657898e+06
1.896264982166339643e+06
1.903110988346886821e+06
1.909982033092024736e+06
1.916878207163565559e+06
1.923799601663512876e+06
1.930746308035167633e+06
1.937718418064282043e+06
1.944716023880134802e+06
1.951739217956687557e+06
1.958788093113734387e+06
1.965862742518029874e+06
1.972963259684448363e+06
1.980089738477135543e+06
1.987242273110684706e+06
1.994420958151283907e+06
2.001625888517947635e+06
2.008857159483658150e+06
2.016114866676542908e+06
2.023399106081117643e+06
2.030709974039471941e+06
2.038047567252473207e+06
2.045411982780983672e+06
2.052803318047098117e+06
2.060221670835354365e+06
2.067667139293993823e+06
2.075139821936167311e+06
2.082639817641240545e+06
2.090167225655998569e+06
2.097722145595914684e+06
2.105304677446445450e+06
2.112914921564288903e+06
2.120552978678642772e+06
2.128218949892540928e+06
2.135912936684087850e+06
2.143635040907790419e+06
2.151385364795879461e+06
2.159164010959571693e+06
2.166971082390427124e+06
2.174806682461665943e+06
2.182670914929482155e+06
2.190563883934376761e+06
2.198485694002535660e+06
2.206436450047141407e+06
2.214416257369715720e+06
2.222425221661540214e+06
2.230463449004960712e+06
2.238531045874779113e+06
2.246628119139647111e+06
2.254754776063428726e+06
2.262911124306611717e+06
2.271097271927676629e+06
2.279313327384522185e+06
2.287559399535865989e+06
2.295835597642657347e+06
2.304142031369505916e+06
2.312478810786097776e+06
2.320846046368645504e+06
2.329243849001302384e+06
2.337672329977631103e+06
2.346131601002029609e+06
2.354621774191219825e+06
2.363142962075688411e+06
2.371695277601172682e+06
2.380278834130117204e+06
2.388893745443174150e+06
2.397540125740680844e+06
2.406218089644154068e+06
2.414927752197784837e+06
2.423669228869978804e+06
2.432442635554824956e+06
2.441248088573644869e+06
2.450085704676509835e+06
2.458955601043748204e+06
2.467857895287537016e+06
2.476792705453387462e+06
2.485760150021735113e+06
2.494760347909483127e+06
2.503793418471567798e+06
2.512859481502512470e+06
2.521958657238030806e+06
2.531091066356595606e+06
2.540256829981020652e+06
2.549456069680050481e+06
2.558688907469977159e+06
2.567955465816244949e+06
2.577255867635060567e+06
2.586590236295003444e+06
2.595958695618665311e+06
2.605361369884283748e+06
2.614798383827376179e+06
2.624269862642379943e+06
2.633775931984317489e+06
2.643316717970437370e+06
2.652892347181902267e+06
2.662502946665446740e+06
2.672148643935049884e+06
2.681829566973631270e+06
2.691545844234740827e+06
2.701297604644254781e+06
2.711084977602083702e+06
2.720908092983864248e+06
2.730767081142709125e+06
2.740662072910917457e+06
2.750593199601687025e+06
2.760560593010881916e+06
2.770564385418763384e+06
2.780604709591723979e+06
2.790681698784088250e+06
2.800795486739836168e+06
2.810946207694399636e+06
2.821133996376433410e+06
2.831358988009591121e+06
2.841621318314326927e+06
2.851921123509702273e+06
2.862258540315171704e+06
2.872633705952411518e+06
2.883046758147126529e+06
2.893497835130903870e+06
2.903987075643004850e+06
2.914514618932238780e+06
2.925080604758800939e+06
2.935685173396121245e+06
2.946328465632729232e+06
2.957010622774123214e+06
2.967731786644652486e+06
2.978492099589393940e+06
2.989291704476045445e+06
3.000130744696807582e+06
3.011009364170307759e+06
3.021927707343509421e+06
3.032885919193618931e+06
3.043884145230022259e+06
3.054922531496219337e+06
3.066001224571761210e+06
3.077120371574193239e+06
3.088280120161006693e+06
3.099480618531623390e+06
3.110722015429352876e+06
3.122004460143359378e+06
3.133328102510654833e+06
3.144693092918105889e+06
3.156099582304417621e+06
3.167547722162132617e+06
3.179037664539668243e+06
3.190569562043332029e+06
3.202143567839339375e+06
3.213759835655854549e+06
3.225418519785066135e+06
3.237119775085194968e+06
3.248863756982597522e+06
3.260650621473776177e+06
3.272480525127530098e+06
3.284353625086982269e+06
3.296270079071689397e+06
3.308230045379749965e+06
3.320233682889892254e+06
3.332281151063633151e+06
3.344372609947328456e+06
3.356508220174371731e+06
3.368688142967296764e+06
3.380912540139948018e+06
3.393181574099609163e+06
3.405495407849176321e+06
3.417854204989348538e+06
3.430258129720787052e+06
3.442707346846296918e+06
3.455202021773053799e+06
3.467742320514756721e+06
3.480328409693901427e+06
3.492960456543942448e+06
3.505638628911560867e+06
3.518363095258891117e+06
3.531134024665764999e+06
3.543951586831967812e+06
3.556815952079466544e+06
3.569727291354757734e+06
3.582685776231045835e+06
3.595691578910622280e+06
3.608744872227102052e+06
3.621845829647742212e+06
3.634994625275773462e+06
3.648191433852709364e+06
3.661436430760654621e+06
3.674729792024691589e+06
3.688071694315158296e+06
3.701462314950091764e+06
3.714901831897502765e+06
3.728390423777828459e+06
3.741928269866246730e+06
3.755515550095119048e+06
3.769152445056347176e+06
3.782839136003839318e+06
3.796575804855857510e+06
3.810362634197510779e+06
3.824199807283155620e+06
3.838087508038807195e+06
3.852025921064675786e+06
3.866015231637563091e+06
3.880055625713347923e+06
3.894147289929491933e+06
3.908290411607512273e+06
3.922485178755459841e+06
3.936731780070473440e+06
3.951030404941256624e+06
3.965381243450618815e+06
3.979784486378035974e+06
3.994240325202151202e+06
4.008748952103371266e+06
4.023310559966420755e+06
4.037925342382871080e+06
4.052593493653793354e+06
4.067315208792312071e+06
4.082090683526236564e+06
4.096920114300624933e+06
4.111803698280437849e+06
4.126741633353183046e+06
4.141734118131546304e+06
4.156781351956014521e+06
4.171883534897563513e+06
4.187040867760343011e+06
4.202253552084324881e+06
4.217521790148008615e+06
4.232845784971129149e+06
4.248225740317353979e+06
4.263661860697014257e+06
4.279154351369829848e+06
4.294703418347653933e+06
4.310309268397196196e+06
4.325972109042834491e+06
4.341692148569347337e+06
4.357469596024716273e+06
4.373304661222906783e+06
4.389197554746645503e+06
4.405148487950297073e+06
4.421157672962627374e+06
4.437225322689656168e+06
4.453351650817499496e+06
4.469536871815223247e+06
4.485781200937722810e+06
4.502084854228581302e+06
4.518448048522936180e+06
4.534871001450411975e+06
4.551353931438018568e+06
4.567897057713059708e+06
4.584500600306049921e+06
4.601164780053683557e+06
4.617889818601739593e+06
4.634675938408110291e+06
4.651523362745697610e+06
4.668432315705452114e+06
4.685403022199335508e+06
4.702435707963339984e+06
4.719530599560487084e+06
4.736687924383880571e+06
4.753907910659727640e+06
4.771190787450368516e+06
4.788536784657398239e+06
4.805946133024657145e+06
4.823419064141379669e+06
4.840955810445231386e+06
4.858556605225491337e+06
4.876221682626102120e+06
4.893951277648789808e+06
4.911745626156273298e+06
4.929604964875351638e+06
4.947529531400115229e+06
4.965519564195063896e+06
4.983575302598346025e+06
5.001696986824946478e+06
5.019884857969862409e+06
5.038139158011361025e+06
5.056460129814189859e+06
5.074848017132844776e+06
5.093303064614809118e+06
5.111825517803817056e+06
5.130415623143168166e+06
5.149073627978994511e+06
5.167799780563553795e+06
5.186594330058579333e+06
5.205457526538583450e+06
5.224389620994225144e+06
5.243390865335623734e+06
5.262461512395777740e+06
5.281601815933901817e+06
5.300812030638843775e+06
5.320092412132468075e+06
5.339443216973086819e+06
5.358864702658876777e+06
5.378357127631345764e+06
5.397920751278748736e+06
5.417555833939588629e+06
5.437262636906080879e+06
5.457041422427639365e+06
5.476892453714398667e+06
5.496815994940722361e+06
5.516812311248729005e+06
5.536881668751844205e+06
5.557024334538371302e+06
5.577240576675018296e+06
5.597530664210514165e+06
5.617894867179216817e+06
5.638333456604694016e+06
5.658846704503365792e+06
5.679434883888120763e+06
5.700098268771983683e+06
5.720837134171761572e+06
5.741651756111754104e+06
5.762542411627398804e+06
5.783509378769004717e+06
5.804552936605460010e+06
5.825673365227960050e+06
5.846870945753751323e+06
5.868145960329904221e+06
5.889498692137073725e+06
5.910929425393264741e+06
5.932438445357671939e+06
5.954026038334483281e+06
5.975692491676676087e+06
5.997438093789882958e+06
6.019263134136257693e+06
6.041167903238331899e+06
6.063152692682901397e+06
6.085217795124900527e+06
6.107363504291376099e+06
6.129590114985348657e+06
6.151897923089799471e+06
6.174287225571599789e+06
6.196758320485486649e+06
6.219311506978066638e+06
6.241947085291796364e+06
6.264665356769005768e+06
6.287466623855905607e+06
6.310351190106660128e+06
6.333319360187460668e+06
6.356371439880526625e+06
6.379507736088279635e+06
6.402728556837398559e+06
6.426034211282923818e+06
6.449425009712472558e+06
6.472901263550289907e+06
6.496463285361459479e+06
6.520111388856073841e+06
6.543845888893469237e+06
6.567667101486368105e+06
6.591575343805142678e+06
6.615570934182076715e+06
6.639654192115549929e+06
6.663825438274400309e+06
6.688084994502156973e+06
6.712433183821341023e+06
6.736870330437840894e+06
6.761396759745171294e+06
6.786012798328872770e+06
6.810718773970889859e+06
6.835515015653888695e+06
6.860401853565748781e+06
6.885379619103905745e+06
6.910448644879836589e+06
6.935609264723430388e+06
6.960861813687539659e+06
6.986206628052422777e+06
7.011644045330250636e+06
7.037174404269577004e+06
7.062798044859932736e+06
7.088515308336361311e+06
7.114326537183915265e+06
7.140232075142340735e+06
7.166232267210601829e+06
7.192327459651512094e+06
7.218517999996379949e+06
7.244804237049633637e+06
7.271186520893520676e+06
7.297665202892740257e+06
7.324240635699190199e+06
7.350913173256662674e+06
7.377683170805591159e+06
7.404550984887756407e+06
7.431516973351127468e+06
7.458581495354586281e+06
7.485744911372778937e+06
7.513007583200898021e+06
7.540369873959532008e+06
7.567832148099556565e+06
7.595394771406969987e+06
7.623058111007780768e+06
7.650822535372973420e+06
7.678688414323357865e+06
7.706656119034575298e+06
7.734726022042071447e+06
7.762898497246017680e+06
7.791173919916364364e+06
7.819552666697857901e+06
7.848035115615046583e+06
7.876621646077362821e+06
7.905312638884210028e+06
7.934108476230021566e+06
7.963009541709410027e+06
7.992016220322262496e+06
8.021128898478909396e+06
8.050347964005305432e+06
8.079673806148196571e+06
8.109106815580355003e+06
8.138647384405784309e+06
8.168295906164929271e+06
8.198052775840031914e+06
8.227918389860337600e+06
8.257893146107422188e+06
8.287977443920522928e+06
8.318171684101866558e+06
8.348476268922042102e+06
8.378891602125397883e+06
8.409418088935395703e+06
8.440056136060087010e+06
8.470806151697503403e+06
8.501668545541167259e+06
8.532643728785540909e+06
8.563732114131538197e+06
8.594934115792032331e+06
8.626250149497421458e+06
8.657680632501175627e+06
8.689225983585409820e+06
8.720886623066518456e+06
8.752662972800767049e+06
8.784555456189950928e+06
8.816564498187072575e+06
8.848690525301983580e+06
8.880933965607153252e+06
8.913295248743331060e+06
8.945774805925356224e+06
8.978373069947883487e+06
9.011090475191198289e+06
9.043927457627011463e+06
9.076884454824307933e+06
9.109961905955195427e+06
9.143160251800766215e+06
9.176479934757016599e+06
9.209921398840764537e+06
9.243485089695585892e+06
9.277171454597769305e+06
9.310980942462295294e+06
9.344914003848887980e+06
9.378971090967971832e+06
9.413152657686801627e+06
9.447459159535465762e+06
9.481891053713031113e+06
9.516448799093635753e+06
9.551132856232643127e+06
9.585943687372788787e+06
9.620881756450371817e+06
9.655947529101464897e+06
9.691141472668161616e+06
9.726464056204808876e+06
9.761915750484270975e+06
9.797497028004279360e+06
9.833208362993696705e+06
9.869050231418903917e+06
9.905023110990151763e+06
9.941127481167964637e+06
9.977363823169527575e+06
1.001373261997518502e+07
1.005023435633482970e+07
1.008686951877445541e+07
1.012363859560261667e+07
1.016054207691700943e+07
1.019758045461098850e+07
1.023475422238018177e+07
1.027206387572907843e+07
1.030950991197766550e+07
1.034709283026809245e+07
1.038481313157132454e+07
1.042267131869388185e+07
1.046066789628454484e+07
1.049880337084112503e+07
1.053707825071721151e+07
1.057549304612901807e+07
1.061404826916218363e+07
1.065274443377862126e+07
1.069158205582342856e+07
1.073056165303175710e+07
1.076968374503575452e+07
1.080894885337151773e+07
1.084835750148608722e+07
1.088791021474443190e+07
1.092760752043648623e+07
1.096744994778420962e+07
1.100743802794868127e+07
1.104757229403718933e+07
1.108785328111036867e+07
1.112828152618937753e+07
1.116885756826307811e+07
1.120958194829523936e+07
1.125045520923180506e+07
1.129147789600811899e+07
1.133265055555625446e+07
1.137397373681232333e+07
1.141544799072381668e+07
1.145707387025698647e+07
1.149885193040425144e+07
1.154078272819160111e+07
1.158286682268609665e+07
1.162510477500331029e+07
1.166749714831485599e+07
1.171004450785592198e+07
1.175274742093284987e+07
1.179560645693069696e+07
1.183862218732089549e+07
1.188179518566888757e+07
1.192512602764177695e+07
1.196861529101608135e+07
1.201226355568543077e+07
1.205607140366834775e+07
1.210003941911602207e+07
1.214416818832013942e+07
1.218845829972074181e+07
1.223291034391408600e+07
1.227752491366055608e+07
1.232230260389259458e+07
1.236724401172267273e+07
1.241234973645127751e+07
1.245762037957493775e+07
1.250305654479427822e+07
1.254865883802209795e+07
1.259442786739146523e+07
1.264036424326389469e+07
1.268646857823748514e+07
1.273274148715514503e+07
1.277918358711280487e+07
1.282579549746768177e+07
1.287257783984657191e+07
1.291953123815418407e+07
1.296665631858147122e+07
1.301395370961400680e+07
1.306142404204044677e+07
1.310906794896092080e+07
1.315688606579552963e+07
1.320487903029287606e+07
1.325304748253853619e+07
1.330139206496370398e+07
1.334991342235375568e+07
1.339861220185686275e+07
1.344748905299269967e+07
1.349654462766109966e+07
1.354577958015079796e+07
1.359519456714820117e+07
1.364479024774618633e+07
1.369456728345287405e+07
1.374452633820056356e+07
1.379466807835453004e+07
1.384499317272203602e+07
1.389550229256120138e+07
1.394619611159006506e+07
1.399707530599555932e+07
1.404814055444257334e+07
1.409939253808304481e+07
1.415083194056508318e+07
1.420245944804210030e+07
1.425427574918204919e+07
1.430628153517655469e+07
1.435847749975025654e+07
1.441086433917004243e+07
1.446344275225440972e+07
1.451621344038277306e+07
1.456917710750492662e+07
1.462233446015041508e+07
1.467568620743794553e+07
1.472923306108503789e+07
1.478297573541737720e+07
1.483691494737850688e+07
1.489105141653935611e+07
1.494538586510792188e+07
1.499991901793889143e+07
1.505465160254338011e+07
1.510958434909865446e+07
1.516471799045794085e+07
1.522005326216020621e+07
1.527559090244000219e+07
1.533133165223739296e+07
1.538727625520782359e+07
1.544342545773212984e+07
1.549978000892647170e+07
1.555634066065241210e+07
1.561310816752696969e+07
1.567008328693272173e+07
1.572726677902794816e+07
1.578465940675680153e+07
1.584226193585955165e+07
1.590007513488280028e+07
1.595809977518978901e+07
1.601633663097074255e+07
1.607478647925320268e+07
1.613345009991247952e+07
1.619232827568205446e+07
1.625142179216407798e+07
1.631073143783989549e+07
1.637025800408056937e+07
1.643000228515754454e+07
1.648996507825320959e+07
1.655014718347163498e+07
1.661054940384922922e+07
1.667117254536556453e+07
1.673201741695409454e+07
1.679308483051303774e+07
1.685437560091622174e+07
1.691589054602399468e+07
1.697763048669423908e+07
1.703959624679327011e+07
1.710178865320692584e+07
1.716420853585163131e+07
1.722685672768551484e+07
1.728973406471956521e+07
1.735284138602879643e+07
1.741617953376352787e+07
1.747974935316063464e+07
1.754355169255486131e+07
1.760758740339023620e+07
1.767185734023140371e+07
1.773636236077510566e+07
1.780110332586168870e+07
1.786608109948656335e+07
1.793129654881185666e+07
1.799675054417795315e+07
1.806244395911522210e+07
1.812837767035566643e+07
1.819455255784465373e+07
1.826096950475275889e+07
1.832762939748754725e+07
1.839453312570545822e+07
1.846168158232371137e+07
1.852907566353229806e+07
1.859671626880594343e+07
1.866460430091614649e+07
1.873274066594333574e+07
1.880112627328893542e+07
1.886976203568758443e+07
1.893864886921933293e+07
1.900778769332196563e+07
1.907717943080325052e+07
1.914682500785334036e+07
1.921672535405715555e+07
1.928688140240682662e+07
1.935729408931424841e+07
1.942796435462355241e+07
1.949889314162372425e+07
1.957008139706126228e+07
1.964153007115279138e+07
1.971324011759787425e+07
1.978521249359171093e+07
1.985744815983801335e+07
1.992994808056183904e+07
2.000271322352252528e+07
2.007574456002665311e+07
2.014904306494103745e+07
2.022260971670579165e+07
2.029644549734745547e+07
2.037055139249211550e+07
2.044492839137863368e+07
2.051957748687188327e+07
2.059449967547604442e+07
2.066969595734797791e+07
2.074516733631059527e+07
2.082091481986631081e+07
2.089693941921053082e+07
2.097324214924524724e+07
2.104982402859254181e+07
2.112668607960831001e+07
2.120382932839591056e+07
2.128125480481996760e+07
2.135896354252006859e+07
2.143695657892470062e+07
2.151523495526510850e+07
2.159379971658923849e+07
2.167265191177574918e+07
2.175179259354807436e+07
2.183122281848848984e+07
2.191094364705230296e+07
2.199095614358202368e+07
2.207126137632166222e+07
2.215186041743098572e+07
2.223275434299995005e+07
2.231394423306304589e+07
2.239543117161383107e+07
2.247721624661936983e+07
2.255930055003490299e+07
2.264168517781840265e+07
2.272437122994530946e+07
2.280735981042319164e+07
2.289065202730663493e+07
2.297424899271199852e+07
2.305815182283236086e+07
2.314236163795246556e+07
2.322687956246373802e+07
2.331170672487928346e+07
2.339684425784911215e+07
2.348229329817524552e+07
2.356805498682693020e+07
2.365413046895597503e+07
2.374052089391207322e+07
2.382722741525817662e+07
2.391425119078599662e+07
2.400159338253145292e+07
2.408925515679031238e+07
2.417723768413374573e+07
2.426554213942407072e+07
2.435416970183044299e+07
2.444312155484468117e+07
2.453239888629710674e+07
2.462200288837249577e+07
2.471193475762597099e+07
2.480219569499916211e+07
2.489278690583615750e+07
2.498370959989973903e+07
2.507496499138752371e+07
2.516655429894833639e+07
2.525847874569839612e+07
2.535073955923784524e+07
2.544333797166711465e+07
2.553627521960343793e+07
2.562955254419744015e+07
2.572317119114973769e+07
2.581713241072764620e+07
2.591143745778200775e+07
2.600608759176379442e+07
2.610108407674124464e+07
2.619642818141657859e+07
2.629212117914314941e+07
2.638816434794243798e+07
2.648455897052113339e+07
2.658130633428847790e+07
2.667840773137328029e+07
2.677586445864143595e+07
2.687367781771321595e+07
2.697184911498069391e+07
2.707037966162530333e+07
2.716927077363530919e+07
2.726852377182358503e+07
2.736813998184521869e+07
2.746812073421525583e+07
2.756846736432657018e+07
2.766918121246773377e+07
2.777026362384103984e+07
2.787171594858041406e+07
2.797353954176960886e+07
2.807573576346031949e+07
2.817830597869036347e+07
2.828125155750208348e+07
2.838457387496059015e+07
2.848827431117225438e+07
2.859235425130313635e+07
2.869681508559767902e+07
2.880165820939718559e+07
2.890688502315859869e+07
2.901249693247324973e+07
2.911849534808568656e+07
2.922488168591257557e+07
2.933165736706172675e+07
2.943882381785104796e+07
2.954638246982769668e+07
2.965433475978729129e+07
2.976268212979317829e+07
2.987142602719562873e+07
2.998056790465140715e+07
3.009010922014313191e+07
3.020005143699881807e+07
3.031039602391156182e+07
3.042114445495904982e+07
3.053229820962353796e+07
3.064385877281154320e+07
3.075582763487375155e+07
3.086820629162500054e+07
3.098099624436436966e+07
3.109419899989521131e+07
3.120781607054543868e+07
3.132184897418767959e+07
3.143629923425972834e+07
3.155116837978490442e+07
3.166645794539255649e+07
3.178216947133864835e+07
3.189830450352633744e+07
3.201486459352678061e+07
3.213185129859986901e+07
3.224926618171507120e+07
3.236711081157243997e+07
3.248538676262360811e+07
3.260409561509292573e+07
3.272323895499855652e+07
3.284281837417382374e+07
3.296283547028845549e+07
3.308329184687011689e+07
3.320418911332574487e+07
3.332552888496323675e+07
3.344731278301303089e+07
3.356954243464992940e+07
3.369221947301476449e+07
3.381534553723642975e+07
3.393892227245374024e+07
3.406295132983748615e+07
3.418743436661267281e+07
3.431237304608062655e+07
3.443776903764130920e+07
3.456362401681566983e+07
3.468993966526816785e+07
3.481671767082929611e+07
3.494395972751810402e+07
3.507166753556503356e+07
3.519984280143466592e+07
3.532848723784852773e+07
3.545760256380809844e+07
3.558719050461788476e+07
3.571725279190851003e+07
3.584779116365989298e+07
3.597880736422456801e+07
3.611030314435108006e+07
3.624228026120745391e+07
3.637474047840470076e+07
3.650768556602046639e+07
3.664111730062283576e+07
3.677503746529404819e+07
3.690944784965442866e+07
3.704435024988637120e+07
3.717974646875839680e+07
3.731563831564941257e+07
