1.000000000000000000e+06
1.003604945051366463e+06
1.007223836432293057e+06
1.010856655161718838e+06
1.014503392156283837e+06
1.018164046530567110e+06
1.021838624228067813e+06
1.025527136914075469e+06
1.029229601076799445e+06
1.032946037294470123e+06
1.036676469635274145e+06
1.040420925163922715e+06
1.044179433534144657e+06
1.047952026650631567e+06
1.051738738387399120e+06
1.055539604352089809e+06
1.059354661687882151e+06
1.063183948906235397e+06
1.067027505745080533e+06
1.070885373048104113e+06
1.074757592661498114e+06
1.078644207345308736e+06
1.082545260697078425e+06
1.086460797085696599e+06
1.090390861593978480e+06
1.094335499968616059e+06
1.098294758576385677e+06
1.102268684365690919e+06
1.106257324832712533e+06
1.110260727991506923e+06
1.114278942347512348e+06
1.118312016874017427e+06
1.122360000991195207e+06
1.126422944547365652e+06
1.130500897802235791e+06
1.134593911411880283e+06
1.138702036415212089e+06
1.142825324221806135e+06
1.146963826600901550e+06
1.151117595671472605e+06
1.155286683893230511e+06
1.159471144058486912e+06
1.163671029284716584e+06
1.167886393007836770e+06
1.172117288976101670e+06
1.176363771244508913e+06
1.180625894169714069e+06
1.184903712405382888e+06
1.189197280897988472e+06
1.193506654882915318e+06
1.197831889880950563e+06
1.202173041695048334e+06
1.206530166407398880e+06
1.210903320376733085e+06
1.215292560235860990e+06
1.219697942889452213e+06
1.224119525511980057e+06
1.228557365545897279e+06
1.233011520699908026e+06
1.237482048947443720e+06
1.241969008525300073e+06
1.246472457932363963e+06
1.250992455928482115e+06
1.255529061533464817e+06
1.260082334026134107e+06
1.264652332943570102e+06
1.269239118080352899e+06
1.273842749487950932e+06
1.278463287474183599e+06
1.283100792602721602e+06
1.287755325692712329e+06
1.292426947818443645e+06
1.297115720309039578e+06
1.301821704748298973e+06
1.306544962974499213e+06
1.311285557080296567e+06
1.316043549412698252e+06
1.320819002573018661e+06
1.325611979416933842e+06
1.330422543054544367e+06
1.335250756850507343e+06
1.340096684424168197e+06
1.344960389649771620e+06
1.349841936656661564e+06
1.354741389829545747e+06
1.359658813808773179e+06
1.364594273490650579e+06
1.369547834027775330e+06
1.374519560829414753e+06
1.379509519561878406e+06
1.384517776148937875e+06
1.389544396772277541e+06
1.394589447871930199e+06
1.399652996146787656e+06
1.404735108555048471e+06
1.409835852314806543e+06
1.414955294904530281e+06
1.420093504063638160e+06
1.425250547793085221e+06
1.430426494355926989e+06
1.435621412277939031e+06
1.440835370348230936e+06
1.446068437619882636e+06
1.451320683410600293e+06
1.456592177303353092e+06
1.461882989147076849e+06
1.467193189057347365e+06
1.472522847417084267e+06
1.477872034877261380e+06
1.483240822357642464e+06
1.488629281047508353e+06
1.494037482406389434e+06
1.499465498164853081e+06
1.504913400325242430e+06
1.510381261162485229e+06
1.515869153224841459e+06
1.521377149334742222e+06
1.526905322589571588e+06
1.532453746362487087e+06
1.538022494303252548e+06
1.543611640339070698e+06
1.549221258675411576e+06
1.554851423796883551e+06
1.560502210468080826e+06
1.566173693734451430e+06
1.571865948923177551e+06
1.577579051644060528e+06
1.583313077790393261e+06
1.589068103539886652e+06
1.594844205355548998e+06
1.600641459986623842e+06
1.606459944469485199e+06
1.612299736128579592e+06
1.618160912577368785e+06
1.624043551719235722e+06
1.629947731748470338e+06
1.635873531151211821e+06
1.641821028706404148e+06
1.647790303486751625e+06
1.653781434859736357e+06
1.659794502488544211e+06
1.665829586333078565e+06
1.671886766650961246e+06
1.677966123998520197e+06
1.684067739231790882e+06
1.690191693507533520e+06
1.696338068284238689e+06
1.702506945323160384e+06
1.708698406689355150e+06
1.714912534752696520e+06
1.721149412188942777e+06
1.727409121980725089e+06
1.733691747418667888e+06
1.739997372102421708e+06
1.746326079941707663e+06
1.752677955157395918e+06
1.759053082282587420e+06
1.765451546163706109e+06
1.771873431961559923e+06
1.778318825152425561e+06
1.784787811529182130e+06
1.791280477202361217e+06
1.797796908601326169e+06
1.804337192475297721e+06
1.810901415894559352e+06
1.817489666251514340e+06
1.824102031261834549e+06
1.830738598965596640e+06
1.837399457728441106e+06
1.844084696242675651e+06
1.850794403528471012e+06
1.857528668934979476e+06
1.864287582141500665e+06
1.871071233158685965e+06
1.877879712329658214e+06
1.884713110331206117e+06
1.891571518174989149e+06
1.898455027208688203e+06
1.905363729117223527e+06
1.912297715923934011e+06
1.919257079991789302e+06
1.926241914024607977e+06
1.933252311068258947e+06
1.940288364511871012e+06
1.947350168089060346e+06
1.954437815879192203e+06
1.961551402308559511e+06
1.968691022151655052e+06
1.975856770532417344e+06
1.983048742925474187e+06
1.990267035157393664e+06
1.997511743407945149e+06
2.004782964211370796e+06
2.012080794457633281e+06
2.019405331393743167e+06
2.026756672624997329e+06
2.034134916116253007e+06
2.041540160193259362e+06
2.048972503543938044e+06
2.056432045219683321e+06
2.063918884636658942e+06
2.071433121577131795e+06
2.078974856190770166e+06
2.086544188995986944e+06
2.094141220881239045e+06
2.101766053106408566e+06
2.109418787304099184e+06
2.117099525480982848e+06
2.124808370019180235e+06
2.132545423677597661e+06
2.140310789593270048e+06
2.148104571282771882e+06
2.155926872643533628e+06
2.163777797955254093e+06
2.171657451881296933e+06
2.179565939470024779e+06
2.187503366156244650e+06
2.195469837762581185e+06
2.203465460500889458e+06
2.211490340973639861e+06
2.219544586175384466e+06
2.227628303494134918e+06
2.235741600712778978e+06
2.243884586010572966e+06
2.252057367964512669e+06
2.260260055550805759e+06
2.268492758146326058e+06
2.276755585530050565e+06
2.285048647884539329e+06
2.293372055797372945e+06
2.301725920262646396e+06
2.310110352682433557e+06
2.318525464868273586e+06
2.326971369042662904e+06
2.335448177840541117e+06
2.343956004310799297e+06
2.352494961917768698e+06
2.361065164542751387e+06
2.369666726485507563e+06
2.378299762465813663e+06
2.386964387624967843e+06
2.395660717527335975e+06
2.404388868161872029e+06
2.413148955943685025e+06
2.421941097715580370e+06
2.430765410749609582e+06
2.439622012748637237e+06
2.448511021847934928e+06
2.457432556616719812e+06
2.466386736059758347e+06
2.475373679618948139e+06
2.484393507174890023e+06
2.493446339048529509e+06
2.502532296002719551e+06
2.511651499243853614e+06
2.520804070423485711e+06
2.529990131639943458e+06
2.539209805439949967e+06
2.548463214820281137e+06
2.557750483229400124e+06
2.567071734569091350e+06
2.576427093196116388e+06
2.585816683923888952e+06
2.595240632024132647e+06
2.604699063228555955e+06
2.614192103730522096e+06
2.623719880186743569e+06
2.633282519718972500e+06
2.642880149915700778e+06
2.652512898833850864e+06
2.662180895000503398e+06
2.671884267414594535e+06
2.681623145548664499e+06
2.691397659350567032e+06
2.701207939245207235e+06
2.711054116136292927e+06
2.720936321408079006e+06
2.730854686927127186e+06
2.740809345044065267e+06
2.750800428595340811e+06
2.760828070905026514e+06
2.770892405786591116e+06
2.780993567544662394e+06
2.791131690976859536e+06
2.801306911375579424e+06
2.811519364529786166e+06
2.821769186726867687e+06
2.832056514754420146e+06
2.842381485902102664e+06
2.852744237963459454e+06
2.863144909237762447e+06
2.873583638531860430e+06
2.884060565162045881e+06
2.894575828955905978e+06
2.905129570254195947e+06
2.915721929912714753e+06
2.926353049304206856e+06
2.937023070320217405e+06
2.947732135373020079e+06
2.958480387397516519e+06
2.969267969853137154e+06
2.980095026725768577e+06
2.990961702529677190e+06
3.001868142309449613e+06
3.012814491641925182e+06
3.023800896638150793e+06
3.034827503945318982e+06
3.045894460748751648e+06
3.057001914773857221e+06
3.068150014288112056e+06
3.079338908103038091e+06
3.090568745576208923e+06
3.101839676613232587e+06
3.113151851669765543e+06
3.124505421753514558e+06
3.135900538426275365e+06
3.147337353805966210e+06
3.158816020568629261e+06
3.170336691950502805e+06
3.181899521750073880e+06
3.193504664330123458e+06
3.205152274619791657e+06
3.216842508116666693e+06
3.228575520888853353e+06
3.240351469577067532e+06
3.252170511396716349e+06
3.264032804140053689e+06
3.275938506178223528e+06
3.287887776463448070e+06
3.299880774531079922e+06
3.311917660501809791e+06
3.323998595083777793e+06
3.336123739574718755e+06
3.348293255864129867e+06
3.360507306435445789e+06
3.372766054368230980e+06
3.385069663340294268e+06
3.397418297629960813e+06
3.409812122118223924e+06
3.422251302290983498e+06
3.434736004241228569e+06
3.447266394671276212e+06
3.459842640895020682e+06
3.472464910840159282e+06
3.485133373050432652e+06
3.497848196687909309e+06
3.510609551535204053e+06
3.523417607997810002e+06
3.536272537106332835e+06
3.549174510518807452e+06
3.562123700522994157e+06
3.575120280038682744e+06
3.588164422620018013e+06
3.601256302457786165e+06
3.614396094381816685e+06
3.627583973863238934e+06
3.640820117016916629e+06
3.654104700603755191e+06
3.667437902033067308e+06
3.680819899364987854e+06
3.694250871312836651e+06
3.707730997245490551e+06
3.721260457189840265e+06
3.734839431833125185e+06
3.748468102525449358e+06
3.762146651282120030e+06
3.775875260786156636e+06
3.789654114390679635e+06
3.803483396121420432e+06
3.817363290679129306e+06
3.831293983442124911e+06
3.845275660468707327e+06
3.859308508499688935e+06
3.873392714960904792e+06
3.887528467965657823e+06
3.901715956317327917e+06
3.915955369511851575e+06
3.930246897740256507e+06
3.944590731891246513e+06
3.958987063553727698e+06
3.973436085019371007e+06
3.987937989285225049e+06
4.002492970056263730e+06
4.017101221747993026e+06
4.031762939489082899e+06
4.046478319123944268e+06
4.061247557215374894e+06
4.076070851047201082e+06
4.090948398626871873e+06
4.105880398688172456e+06
4.120867050693858881e+06
4.135908554838354699e+06
4.151005112050390337e+06
4.166156923995719291e+06
4.181364193079837132e+06
4.196627122450686991e+06
4.211945916001348756e+06
4.227320778372799978e+06
4.242751914956672117e+06
4.258239531897976995e+06
4.273783836097875610e+06
4.289385035216462798e+06
4.305043337675537914e+06
4.320758952661405317e+06
4.336532090127672069e+06
4.352362960798072629e+06
4.368251776169260032e+06
4.384198748513690196e+06
4.400204090882440098e+06
4.416268017108061351e+06
4.432390741807459854e+06
4.448572480384740978e+06
4.464813449034153484e+06
4.481113864742924459e+06
4.497473945294214413e+06
4.513893909270002507e+06
4.530373976054039784e+06
4.546914365834795870e+06
4.563515299608389847e+06
4.580176999181543477e+06
4.596899687174584717e+06
4.613683587024429813e+06
4.630528922987544909e+06
4.647435920142988674e+06
4.664404804395412095e+06
4.681435802478068508e+06
4.698529141955912113e+06
4.715685051228582859e+06
4.732903759533503093e+06
4.750185496948942542e+06
4.767530494397104718e+06
4.784938983647212386e+06
4.802411197318635881e+06
4.819947368884002790e+06
4.837547732672301121e+06
4.855212523872081190e+06
4.872941978534526192e+06
4.890736333576698788e+06
4.908595826784647070e+06
4.926520696816665120e+06
4.944511183206431568e+06
4.962567526366220787e+06
4.980689967590184882e+06
4.998878749057521112e+06
5.017134113835781813e+06
5.035456305884065107e+06
5.053845570056336932e+06
5.072302152104713023e+06
5.090826298682716675e+06
5.109418257348618470e+06
5.128078276568729430e+06
5.146806605720766820e+06
5.165603495097171515e+06
5.184469195908454247e+06
5.203403960286607035e+06
5.222408041288441047e+06
5.241481692898999900e+06
5.260625170034956187e+06
5.279838728548032232e+06
5.299122625228442252e+06
5.318477117808307521e+06
5.337902464965149760e+06
5.357398926325325854e+06
5.376966762467533350e+06
5.396606234926285222e+06
5.416317606195425615e+06
5.436101139731644653e+06
5.455957099958029576e+06
5.475885752267585136e+06
5.495887363026807085e+06
5.515962199579252861e+06
5.536110530249112286e+06
5.556332624344834127e+06
5.576628752162708901e+06
5.596999184990499169e+06
5.617444195111102425e+06
5.637964055806169286e+06
5.658559041359780356e+06
5.679229427062115632e+06
5.699975489213177003e+06
5.720797505126464181e+06
5.741695753132701851e+06
5.762670512583569624e+06
5.783722063855445944e+06
5.804850688353165984e+06
5.826056668513824232e+06
5.847340287810523994e+06
5.868701830756193958e+06
5.890141582907403819e+06
5.911659830868197605e+06
5.933256862293924205e+06
5.954932965895116329e+06
5.976688431441345252e+06
5.998523549765087664e+06
6.020438612765687518e+06
6.042433913413220085e+06
6.064509745752420276e+06
6.086666404906643555e+06
6.108904187081831507e+06
6.131223389570464380e+06
6.153624310755556449e+06
6.176107250114643946e+06
6.198672508223843761e+06
6.221320386761824600e+06
6.244051188513911329e+06
6.266865217376099899e+06
6.289762778359148651e+06
6.312744177592689171e+06
6.335809722329302691e+06
6.358959720948660746e+06
6.382194482961636968e+06
6.405514319014474750e+06
6.428919540892988443e+06
6.452410461526663974e+06
6.475987394992931746e+06
6.499650656521340832e+06
6.523400562497769482e+06
6.547237430468750186e+06
6.571161579145622440e+06
6.595173328408873640e+06
6.619272999312401749e+06
6.643460914087870158e+06
6.667737396148962900e+06
6.692102770095751621e+06
6.716557361719067208e+06
6.741101498004809953e+06
6.765735507138426416e+06
6.790459718509240076e+06
6.815274462714887224e+06
6.840180071565782651e+06
6.865176878089508973e+06
6.890265216535331681e+06
6.915445422378684394e+06
6.940717832325610332e+06
6.966082784317369573e+06
6.991540617534897290e+06
7.017091672403408214e+06
7.042736290596876293e+06
7.068474815042722039e+06
7.094307589926361106e+06
7.120234960695837624e+06
7.146257274066400714e+06
7.172374878025231883e+06
7.198588121836096048e+06
7.224897356043975800e+06
7.251302932479840703e+06
7.277805204265322536e+06
7.304404525817471556e+06
7.331101252853492275e+06
7.357895742395542562e+06
7.384788352775520645e+06
7.411779443639820442e+06
7.438869375954210758e+06
7.466058512008680031e+06
7.493347215422280133e+06
7.520735851147961803e+06
7.548224785477544181e+06
7.575814386046567000e+06
7.603505021839288063e+06
7.631297063193562441e+06
7.659190881805850193e+06
7.687186850736210123e+06
7.715285344413281418e+06
7.743486738639298826e+06
7.771791410595173016e+06
7.800199738845507614e+06
7.828712103343704715e+06
7.857328885437076911e+06
7.886050467871902511e+06
7.914877234798625112e+06
7.943809571776974946e+06
7.972847865781137720e+06
8.001992505204955116e+06
8.031243879867170937e+06
8.060602381016575731e+06
8.090068401337333024e+06
8.119642334954216145e+06
8.149324577437882312e+06
8.179115525810228661e+06
8.209015578549647704e+06
8.239025135596450418e+06
8.269144598358185031e+06
8.299374369714986533e+06
8.329714854025101289e+06
8.360166457130183466e+06
8.390729586360802874e+06
8.421404650541907176e+06
8.452192059998292476e+06
8.483092226560112089e+06
8.514105563568426296e+06
8.545232485880699009e+06
8.576473409876421094e+06
8.607828753462636843e+06
8.639298936079602689e+06
8.670884378706388175e+06
8.702585503866529092e+06
8.734402735633689910e+06
8.766336499637370929e+06
8.798387223068609834e+06
8.830555334685681388e+06
8.862841264819920063e+06
8.895245445381430909e+06
8.927768309864917770e+06
8.960410293355487287e+06
8.993171832534478977e+06
9.026053365685353056e+06
9.059055332699526101e+06
9.092178175082322210e+06
9.125422335958862677e+06
9.158788260080030188e+06
9.192276393828418106e+06
9.225887185224335641e+06
9.259621083931827918e+06
9.293478541264669970e+06
9.327460010192457587e+06
9.361565945346683264e+06
9.395796803026825190e+06
9.430153041206475347e+06
9.464635119539467618e+06
9.499243499366087839e+06
9.533978643719203770e+06
9.568841017330534756e+06
9.603831086636845022e+06
9.638949319786245003e+06
9.674196186644438654e+06
9.709572158801032230e+06
9.745077709575876594e+06
9.780713314025402069e+06
9.816479448949003592e+06
9.852376592895446345e+06
9.888405226169271395e+06
9.924565830837240443e+06
9.960858890734819695e+06
9.997284891472661868e+06
1.003384432044312544e+07
1.007053766682681441e+07
1.010736542159912549e+07
1.014432807753686048e+07
1.018142612922485732e+07
1.021866007306255214e+07
1.025603040727073327e+07
1.029353763189815357e+07
1.033118224882829189e+07
1.036896476178604737e+07
1.040688567634451576e+07
1.044494549993179925e+07
1.048314474183777533e+07
1.052148391322094947e+07
1.055996352711530216e+07
1.059858409843720682e+07
1.063734614399229549e+07
1.067625018248244375e+07
1.071529673451266810e+07
1.075448632259817980e+07
1.079381947117134184e+07
1.083329670658874139e+07
1.087291855713825114e+07
1.091268555304609612e+07
1.095259822648398578e+07
1.099265711157625727e+07
1.103286274440703169e+07
1.107321566302742250e+07
1.111371640746274218e+07
1.115436551971976645e+07
1.119516354379400425e+07
1.123611102567698248e+07
1.127720851336357184e+07
1.131845655685936660e+07
1.135985570818805881e+07
1.140140652139883302e+07
1.144310955257380567e+07
1.148496535983549617e+07
1.152697450335431285e+07
1.156913754535606876e+07
1.161145505012952909e+07
1.165392758403398283e+07
1.169655571550685167e+07
1.173934001507130265e+07
1.178228105534393340e+07
1.182537941104241647e+07
1.186863565899324976e+07
1.191205037813947536e+07
1.195562414954846352e+07
1.199935755641970411e+07
1.204325118409263529e+07
1.208730562005449831e+07
1.213152145394822583e+07
1.217589927758034505e+07
1.222043968492894247e+07
1.226514327215161733e+07
1.231001063759348728e+07
1.235504238179521263e+07
1.240023910750107281e+07
1.244560141966705211e+07
1.249112992546894029e+07
1.253682523431051150e+07
1.258268795783168636e+07
1.262871870991672762e+07
1.267491810670250095e+07
1.272128676658675633e+07
1.276782531023639254e+07
1.281453436059581302e+07
1.286141454289526865e+07
1.290846648465927504e+07
1.295569081571502425e+07
1.300308816820083186e+07
1.305065917657462880e+07
1.309840447762245312e+07
1.314632471046706475e+07
1.319442051657642424e+07
1.324269253977236152e+07
1.329114142623926140e+07
1.333976782453264669e+07
1.338857238558791019e+07
1.343755576272912137e+07
1.348671861167769507e+07
1.353606159056125581e+07
1.358558535992245004e+07
1.363529058272781968e+07
1.368517792437672243e+07
1.373524805271019042e+07
1.378550163801996782e+07
1.383593935305749625e+07
1.388656187304292805e+07
1.393736987567418814e+07
1.398836404113607481e+07
1.403954505210940354e+07
1.409091359378014132e+07
1.414247035384865105e+07
1.419421602253887802e+07
1.424615129260763153e+07
1.429827685935388878e+07
1.435059342062812299e+07
1.440310167684167437e+07
1.445580233097614534e+07
1.450869608859284408e+07
1.456178365784224309e+07
1.461506574947351217e+07
1.466854307684403285e+07
1.472221635592899472e+07
1.477608630533097498e+07
1.483015364628962055e+07
1.488441910269133374e+07
1.493888340107892454e+07
1.499354727066145465e+07
1.504841144332396425e+07
1.510347665363730118e+07
1.515874363886803389e+07
1.521421313898827881e+07
1.526988589668567106e+07
1.532576265737334453e+07
1.538184416919988580e+07
1.543813118305946141e+07
1.549462445260184817e+07
1.555132473424252309e+07
1.560823278717285953e+07
1.566534937337032892e+07
1.572267525760869868e+07
1.578021120746828616e+07
1.583795799334632792e+07
1.589591638846724853e+07
1.595408716889310814e+07
1.601247111353395879e+07
1.607106900415833853e+07
1.612988162540374883e+07
1.618890976478722133e+07
1.624815421271584183e+07
1.630761576249741949e+07
1.636729521035106666e+07
1.642719335541793145e+07
1.648731099977193400e+07
1.654764894843050465e+07
1.660820800936543941e+07
1.666898899351366796e+07
1.672999271478824317e+07
1.679121999008917436e+07
1.685267163931443542e+07
1.691434848537098989e+07
1.697625135418581590e+07
1.703838107471698150e+07
1.710073847896482423e+07
1.716332440198306367e+07
1.722613968189002201e+07
1.728918515987992659e+07
1.735246168023416400e+07
1.741597009033261240e+07
1.747971124066501483e+07
1.754368598484241217e+07
1.760789517960864678e+07
1.767233968485175818e+07
1.773702036361563206e+07
1.780193808211149648e+07
1.786709370972966030e+07
1.793248811905109510e+07
1.799812218585917354e+07
1.806399678915147111e+07
1.813011281115149707e+07
1.819647113732058927e+07
1.826307265636979043e+07
1.832991826027178764e+07
1.839700884427287057e+07
1.846434530690494552e+07
1.853192854999765381e+07
1.859975947869041190e+07
1.866783900144458935e+07
1.873616803005575016e+07
1.880474747966582328e+07
1.887357826877542213e+07
1.894266131925620511e+07
1.901199755636321008e+07
1.908158790874730423e+07
1.915143330846762285e+07
1.922153469100412354e+07
1.929189299527014047e+07
1.936250916362494230e+07
1.943338414188648015e+07
1.950451887934396788e+07
1.957591432877074555e+07
1.964757144643697888e+07
1.971949119212255627e+07
1.979167452912995592e+07
1.986412242429719120e+07
1.993683584801077843e+07
2.000981577421877161e+07
2.008306318044383451e+07
2.015657904779640213e+07
2.023036436098780483e+07
2.030442010834352672e+07
2.037874728181644157e+07
2.045334687700018287e+07
2.052821989314245060e+07
2.060336733315850049e+07
2.067879020364455506e+07
2.075448951489132643e+07
2.083046628089759871e+07
2.090672151938387007e+07
2.098325625180593506e+07
2.106007150336871669e+07
2.113716830303991958e+07
2.121454768356392533e+07
2.129221068147562444e+07
2.137015833711435646e+07
2.144839169463785738e+07
2.152691180203629658e+07
2.160571971114633232e+07
2.168481647766528651e+07
2.176420316116526350e+07
2.184388082510736957e+07
2.192385053685607016e+07
2.200411336769346148e+07
2.208467039283365011e+07
2.216552269143724814e+07
2.224667134662581235e+07
2.232811744549640641e+07
2.240986207913621515e+07
2.249190634263716266e+07
2.257425133511065319e+07
2.265689815970230475e+07
2.273984792360679805e+07
2.282310173808269948e+07
2.290666071846739575e+07
2.299052598419211805e+07
2.307469865879692137e+07
2.315917986994579062e+07
2.324397074944179878e+07
2.332907243324228376e+07
2.341448606147410721e+07
2.350021277844896913e+07
2.358625373267881200e+07
2.367261007689117640e+07
2.375928296804473177e+07
2.384627356734478101e+07
2.393358304025890678e+07
2.402121255653255805e+07
2.410916329020480812e+07
2.419743641962407529e+07
2.428603312746404111e+07
2.437495460073940456e+07
2.446420203082193062e+07
2.455377661345639080e+07
2.464367954877664894e+07
2.473391204132174700e+07
2.482447530005215481e+07
2.491537053836590797e+07
2.500659897411496192e+07
2.509816182962157950e+07
2.519006033169464022e+07
2.528229571164625138e+07
2.537486920530817658e+07
2.546778205304850638e+07
2.556103549978825077e+07
2.565463079501809180e+07
2.574856919281520322e+07
2.584285195186000690e+07
2.593748033545320109e+07
2.603245561153256148e+07
2.612777905269015953e+07
2.622345193618930131e+07
2.631947554398172721e+07
2.641585116272490099e+07
2.651258008379914612e+07
2.660966360332513601e+07
2.670710302218123898e+07
2.680489964602097496e+07
2.690305478529059887e+07
2.700156975524659455e+07
2.710044587597352639e+07
2.719968447240155935e+07
2.729928687432446703e+07
2.739925441641727462e+07
2.749958843825435638e+07
2.760029028432733938e+07
2.770136130406318605e+07
2.780280285184234008e+07
2.790461628701687232e+07
2.800680297392876074e+07
2.810936428192826733e+07
2.821230158539224416e+07
2.831561626374262571e+07
2.841930970146495476e+07
2.852338328812699020e+07
2.862783841839739308e+07
2.873267649206446484e+07
2.883789891405483335e+07
2.894350709445242211e+07
2.904950244851746783e+07
2.915588639670531452e+07
2.926266036468571424e+07
2.936982578336186334e+07
2.947738408888956904e+07
2.958533672269667685e+07
2.969368513150238246e+07
2.980243076733659953e+07
2.991157508755951375e+07
3.002111955488118902e+07
3.013106563738112897e+07
3.024141480852814391e+07
3.035216854719998688e+07
3.046332833770323545e+07
3.057489566979336739e+07
3.068687203869462386e+07
3.079925894512018561e+07
3.091205789529226348e+07
3.102527040096238256e+07
3.113889797943166643e+07
3.125294215357123688e+07
3.136740445184262842e+07
3.148228640831838176e+07
3.159758956270254403e+07
3.171331546035155281e+07
3.182946565229474008e+07
3.194604169525533915e+07
3.206304515167138353e+07
3.218047758971660584e+07
3.229834058332159370e+07
3.241663571219490096e+07
3.253536456184425950e+07
3.265452872359786555e+07
3.277412979462579638e+07
3.289416937796143442e+07
3.301464908252303302e+07
3.313557052313528582e+07
3.325693532055104151e+07
3.337874510147307813e+07
3.350100149857596308e+07
3.362370615052796155e+07
3.374686070201306790e+07
3.387046680375310779e+07
3.399452611252988130e+07
3.411904029120746255e+07
3.424401100875446945e+07
3.436943994026661664e+07
3.449532876698905975e+07
3.462167917633907497e+07
3.474849286192870140e+07
3.487577152358750254e+07
3.500351686738543212e+07
3.513173060565567017e+07
3.526041445701766759e+07
3.538957014640030265e+07
3.551919940506491810e+07
3.564930397062869370e+07
3.577988558708795905e+07
3.591094600484161824e+07
3.604248698071464151e+07
3.617451027798165381e+07
3.630701766639073193e+07
3.644001092218705267e+07
3.657349182813682407e+07
3.670746217355122417e+07
3.684192375431043655e+07
3.697687837288774550e+07
3.711232783837382495e+07
3.724827396650098264e+07
3.738471857966754586e+07
3.752166350696239620e+07
3.765911058418951929e+07
3.779706165389266610e+07
3.793551856538008153e+07
3.807448317474943399e+07
