0.000000000000000000e+00
3.706856885403161868e+03
7.427454558773664758e+03
1.116184395524580032e+04
1.491007619877206162e+04
1.867220260279241484e+04
2.244827467097982299e+04
2.623834409790975042e+04
3.004246276979206596e+04
3.386068276516732294e+04
3.769305635562120005e+04
4.153963600650243461e+04
4.540047437765053473e+04
4.927562432410148904e+04
5.316513889681571163e+04
5.706907134340028279e+04
6.098747510885447264e+04
6.492040383628965355e+04
6.886791136765456758e+04
7.283005174449412152e+04
7.680687920867698267e+04
8.079844820312014781e+04
8.480481337257754058e+04
8.882602956435224041e+04
9.286215182905131951e+04
9.691323542135232128e+04
1.009793358007622883e+05
1.050605086323630530e+05
1.091568097875765525e+05
1.132682953449313063e+05
1.173950215908295941e+05
1.215370450203246437e+05
1.256944223378936294e+05
1.298672104582011234e+05
1.340554665068790782e+05
1.382592478213263676e+05
1.424786119514831807e+05
1.467136166606214829e+05
1.509643199261268601e+05
1.552307799402994569e+05
1.595130551111467648e+05
1.638112040632029530e+05
1.681252856382993050e+05
1.724553588963802904e+05
1.768014831163308118e+05
1.811637177967731841e+05
1.855421226568806451e+05
1.899367576371850446e+05
1.943476829004280735e+05
1.987749588323526550e+05
2.032186460425497498e+05
2.076788053652765229e+05
2.121554978603001218e+05
2.166487848137277178e+05
2.211587277388344519e+05
2.256853883769249078e+05
2.302288286981612910e+05
2.347891109024428297e+05
2.393662974202178884e+05
2.439604509133461397e+05
2.485716342759819236e+05
2.531999106354149990e+05
2.578453433529357426e+05
2.625079960247206036e+05
2.671879324826595839e+05
2.718852167952852324e+05
2.765999132686068770e+05
2.813320864470086526e+05
2.860818011141431052e+05
2.908491222937908024e+05
2.956341152507760562e+05
3.004368454918586649e+05
3.052573787665972486e+05
3.100957810683008283e+05
3.149521186348933261e+05
3.198264579498253297e+05
3.247188657430121675e+05
3.296294089917135425e+05
3.345581549214695115e+05
3.395051710070087574e+05
3.444705249731889926e+05
3.494542847959031351e+05
3.544565187030334491e+05
3.594772951753649395e+05
3.645166829475339036e+05
3.695747510089639109e+05
3.746515686048143543e+05
3.797472052369227167e+05
3.848617306647694204e+05
3.899952149064149708e+05
3.951477282394638751e+05
4.003193412020409014e+05
4.055101245937335771e+05
4.107201494765919633e+05
4.159494871760501992e+05
4.211982092819714453e+05
4.264663876495715231e+05
4.317540944004219491e+05
4.370614019234520383e+05
4.423883828759153839e+05
4.477351101844001096e+05
4.531016570458209608e+05
4.584880969284242019e+05
4.638945035728008952e+05
4.693209509928706102e+05
4.747675134769238066e+05
4.802342655886227731e+05
4.857212821680267807e+05
4.912286383326135110e+05
4.967564094783195760e+05
5.023046712805633433e+05
5.078734996952670626e+05
5.134629709599267226e+05
5.190731615946262609e+05
5.247041484031158034e+05
5.303560084738235455e+05
5.360288191809512209e+05
5.417226581855092663e+05
5.474376034363829531e+05
5.531737331714082975e+05
5.589311259184407536e+05
5.647098604964169208e+05
5.705100160164525732e+05
5.763316718829143792e+05
5.821749077945072204e+05
5.880398037453712896e+05
5.939264400261773262e+05
5.998348972252085805e+05
6.057652562294923700e+05
6.117175982258804142e+05
6.176920047021859791e+05
6.236885574482737575e+05
6.297073385571944527e+05
6.357484304263186641e+05
6.418119157584281638e+05
6.478978775628875010e+05
6.540063991567674093e+05
6.601375641659810208e+05
6.662914565264158882e+05
6.724681604851274751e+05
6.786677606014371850e+05
6.848903417481190991e+05
6.911359891125685535e+05
6.974047881979581434e+05
7.036968248244035058e+05
7.100121851301465649e+05
7.163509555727213155e+05
7.227132229301494081e+05
7.290990743021371309e+05
7.355085971112486441e+05
7.419418791041299701e+05
7.483990083526517265e+05
7.548800732551841065e+05
7.613851625377824530e+05
7.679143652553821448e+05
7.744677707930286415e+05
7.810454688671082258e+05
7.876475495265887585e+05
7.942741031542273704e+05
8.009252204678021371e+05
8.076009925213912502e+05
8.143015107065686025e+05
8.210268667537248693e+05
8.277771527332384139e+05
8.345524610568224452e+05
8.413528844787229318e+05
8.481785160970096476e+05
8.550294493548518512e+05
8.619057780418177135e+05
8.688075962951167021e+05
8.757349986009343993e+05
8.826880797956883907e+05
8.896669350673332810e+05
8.966716599567006342e+05
9.037023503587567247e+05
9.107591025239329319e+05
9.178420130594663788e+05
9.249511789306872524e+05
9.320866974623706192e+05
9.392486663400523830e+05
9.464371836113745812e+05
9.536523476874390617e+05
9.608942573441432323e+05
9.681630117235223297e+05
9.754587103351121768e+05
9.827814530573433731e+05
9.901313401388546918e+05
9.975084721998968162e+05
1.004912950233711861e+06
1.012344875607911265e+06
1.019804350065857638e+06
1.027291475728060585e+06
1.034806355093579041e+06
1.042349091041402658e+06
1.049919786831912352e+06
1.057518546108250041e+06
1.065145472897726111e+06
1.072800671613283223e+06
1.080484247054910287e+06
1.088196304411073914e+06
1.095936949260148453e+06
1.103706287571882829e+06
1.111504425708831288e+06
1.119331470427828375e+06
1.127187528881423641e+06
1.135072708619393874e+06
1.142987117590172216e+06
1.150930864142329898e+06
1.158904057026088703e+06
1.166906805394792464e+06
1.174939218806382269e+06
1.183001407224942464e+06
1.191093481022150721e+06
1.199215550978823099e+06
1.207367728286447469e+06
1.215550124548650347e+06
1.223762851782776415e+06
1.232006022421400063e+06
1.240279749313868582e+06
1.248584145727826282e+06
1.256919325350814499e+06
1.265285402291785926e+06
1.273682491082657594e+06
1.282110706679938361e+06
1.290570164466238581e+06
1.299060980251877569e+06
1.307583270276474766e+06
1.316137151210526470e+06
1.324722740157021675e+06
1.333340154653018340e+06
1.341989512671274599e+06
1.350670932621853892e+06
1.359384533353748266e+06
1.368130434156510979e+06
1.376908754761881661e+06
1.385719615345434286e+06
1.394563136528207455e+06
1.403439439378374722e+06
1.412348645412872545e+06
1.421290876599101350e+06
1.430266255356571637e+06
1.439274904558592476e+06
1.448316947533934377e+06
1.457392508068539202e+06
1.466501710407205857e+06
1.475644679255282041e+06
1.484821539780376013e+06
1.494032417614096310e+06
1.503277438853732776e+06
1.512556730064008851e+06
1.521870418278805912e+06
1.531218631002884824e+06
1.540601496213670820e+06
1.550019142362966668e+06
1.559471698378731497e+06
1.568959293666848913e+06
1.578482058112887666e+06
1.588040122083875351e+06
1.597633616430102382e+06
1.607262672486907337e+06
1.616927422076461371e+06
1.626627997509575449e+06
1.636364531587524805e+06
1.646137157603860367e+06
1.655946009346235543e+06
1.665791221098227892e+06
1.675672927641189191e+06
1.685591264256086666e+06
1.695546366725359578e+06
1.705538371334764641e+06
1.715567414875257760e+06
1.725633634644848295e+06
1.735737168450504076e+06
1.745878154610016383e+06
1.756056731953897048e+06
1.766273039827286266e+06
1.776527218091857620e+06
1.786819407127733342e+06
1.797149747835407034e+06
1.807518381637655199e+06
1.817925450481504202e+06
1.828371096840162296e+06
1.838855463714944199e+06
1.849378694637266453e+06
1.859940933670595754e+06
1.870542325412403792e+06
1.881183014996186364e+06
1.891863148093414027e+06
1.902582870915550273e+06
1.913342330216041300e+06
1.924141673292324878e+06
1.934981047987846192e+06
1.945860602694092318e+06
1.956780486352611333e+06
1.967740848457057029e+06
1.978741839055231307e+06
1.989783608751156367e+06
2.000866308707104065e+06
2.011990090645689517e+06
2.023155106851949822e+06
2.034361510175410192e+06
2.045609454032190610e+06
2.056899092407099903e+06
2.068230579855753575e+06
2.079604071506677195e+06
2.091019723063442856e+06
2.102477690806781873e+06
2.113978131596743129e+06
2.125521202874829993e+06
2.137107062666162848e+06
2.148735869581632782e+06
2.160407782820088323e+06
2.172122962170498911e+06
2.183881568014152348e+06
2.195683761326835025e+06
2.207529703681056853e+06
2.219419557248265948e+06
2.231353484801035374e+06
2.243331649715319742e+06
2.255354215972692706e+06
2.267421348162579816e+06
2.279533211484509520e+06
2.291689971750390716e+06
2.303891795386768412e+06
2.316138849437109195e+06
2.328431301564069930e+06
2.340769320051843300e+06
2.353153073808393907e+06
2.365582732367838267e+06
2.378058465892688371e+06
2.390580445176254492e+06
2.403148841644951142e+06
2.415763827360635623e+06
2.428425575022973120e+06
2.441134257971807383e+06
2.453890050189550035e+06
2.466693126303494908e+06
2.479543661588288844e+06
2.492441831968280952e+06
2.505387814019962680e+06
2.518381784974353388e+06
2.531423922719438560e+06
2.544514405802622903e+06
2.557653413433160633e+06
2.570841125484599266e+06
2.584077722497268580e+06
2.597363385680706240e+06
2.610698296916197985e+06
2.624082638759214897e+06
2.637516594441943802e+06
2.651000347875790671e+06
2.664534083653892390e+06
2.678117987053658813e+06
2.691752244039264042e+06
2.705437041264267638e+06
2.719172566074077971e+06
2.732959006508608814e+06
2.746796551304795314e+06
2.760685389899175614e+06
2.774625712430527899e+06
2.788617709742448293e+06
2.802661573385937605e+06
2.816757495622084010e+06
2.830905669424613472e+06
2.845106288482629694e+06
2.859359547203172930e+06
2.873665640713953413e+06
2.888024764865962323e+06
2.902437116236208938e+06
2.916902892130350228e+06
2.931422290585472248e+06
2.945995510372725315e+06
2.960622751000086311e+06
2.975304212715099100e+06
2.990040096507546492e+06
3.004830604112293106e+06
3.019675938011995982e+06
3.034576301439873409e+06
3.049531898382522166e+06
3.064542933582678437e+06
3.079609612542017363e+06
3.094732141524001025e+06
3.109910727556666825e+06
3.125145578435468022e+06
3.140436902726149652e+06
3.155784909767563455e+06
3.171189809674555436e+06
3.186651813340851571e+06
3.202171132441894151e+06
3.217747979437798262e+06
3.233382567576235160e+06
3.249075110895373859e+06
3.264825824226765893e+06
3.280634923198312521e+06
3.296502624237231910e+06
3.312429144573014230e+06
3.328414702240363695e+06
3.344459516082212329e+06
3.360563805752725340e+06
3.376727791720287874e+06
3.392951695270525292e+06
3.409235738509346731e+06
3.425580144365969114e+06
3.441985136595982127e+06
3.458450939784399234e+06
3.474977779348748736e+06
3.491565881542122923e+06
3.508215473456325941e+06
3.524926783024954610e+06
3.541700039026521146e+06
3.558535471087593585e+06
3.575433309685910121e+06
3.592393786153590307e+06
3.609417132680241950e+06
3.626503582316182554e+06
3.643653368975598365e+06
3.660866727439767681e+06
3.678143893360286020e+06
3.695485103262263350e+06
3.712890594547562301e+06
3.730360605498069897e+06
3.747895375278965570e+06
3.765495143941954710e+06
3.783160152428598143e+06
3.800890642573585734e+06
3.818686857108037919e+06
3.836549039662878029e+06
3.854477434772112407e+06
3.872472287876200862e+06
3.890533845325418748e+06
3.908662354383228347e+06
3.926858063229653984e+06
3.945121220964697190e+06
3.963452077611745335e+06
3.981850884120961651e+06
4.000317892372782342e+06
4.018853355181285180e+06
4.037457526297730394e+06
4.056130660413964652e+06
4.074873013165978715e+06
4.093684841137349606e+06
4.112566401862752624e+06
4.131517953831542283e+06
4.150539756491227075e+06
4.169632070251083001e+06
4.188795156485650688e+06
4.208029277538365684e+06
4.227334696725145914e+06
4.246711678337966092e+06
4.266160487648500130e+06
4.285681390911733732e+06
4.305274655369639397e+06
4.324940549254814163e+06
4.344679341794133186e+06
4.364491303212490864e+06
4.384376704736444168e+06
4.404335818597958423e+06
4.424368918038115837e+06
4.444476277310866863e+06
4.464658171686788090e+06
4.484914877456829883e+06
4.505246671936132945e+06
4.525653833467792720e+06
4.546136641426689923e+06
4.566695376223304309e+06
4.587330319307556376e+06
4.608041753172652796e+06
4.628829961358981207e+06
4.649695228457959369e+06
4.670637840115948580e+06
4.691658083038163371e+06
4.712756244992582127e+06
4.733932614813914523e+06
4.755187482407527976e+06
4.776521138753422536e+06
4.797933875910238363e+06
4.819425987019225024e+06
4.840997766308259219e+06
4.862649509095869958e+06
4.884381511795313098e+06
4.906194071918597445e+06
4.928087488080565818e+06
4.950062060002981685e+06
4.972118088518632576e+06
4.994255875575440936e+06
5.016475724240631796e+06
5.038777938704842702e+06
5.061162824286298826e+06
5.083630687435002066e+06
5.106181835736920126e+06
5.128816577918191440e+06
5.151535223849370144e+06
5.174338084549650550e+06
5.197225472191110253e+06
5.220197700103040785e+06
5.243255082776186988e+06
5.266397935867051594e+06
5.289626576202237979e+06
5.312941321782791056e+06
5.336342491788533516e+06
5.359830406582441181e+06
5.383405387715017423e+06
5.407067757928735577e+06
5.430817841162396595e+06
5.454655962555628270e+06
5.478582448453280143e+06
5.502597626409918070e+06
5.526701825194322504e+06
5.550895374793958850e+06
5.575178606419517659e+06
5.599551852509424090e+06
5.624015446734405123e+06
5.648569724002094008e+06
5.673215020461533219e+06
5.697951673507848755e+06
5.722780021786835976e+06
5.747700405199577101e+06
5.772713164907175116e+06
5.797818643335316330e+06
5.823017184179027565e+06
5.848309132407352328e+06
5.873694834268122911e+06
5.899174637292632833e+06
5.924748890300421976e+06
5.950417943404074758e+06
5.976182148013949394e+06
6.002041856843081303e+06
6.027997423911938444e+06
6.054049204553292133e+06
6.080197555417103693e+06
6.106442834475353360e+06
6.132785401026984677e+06
6.159225615702825598e+06
6.185763840470472351e+06
6.212400438639327884e+06
6.239135774865507148e+06
6.265970215156880207e+06
6.292904126877998933e+06
6.319937878755225800e+06
6.347071840881739743e+06
6.374306384722610004e+06
6.401641883119829930e+06
6.429078710297490470e+06
6.456617241866898723e+06
6.484257854831660166e+06
6.512000927592908032e+06
6.539846839954441413e+06
6.567795973127944395e+06
6.595848709738183767e+06
6.624005433828277513e+06
6.652266530864950269e+06
6.680632387743754312e+06
6.709103392794427462e+06
6.737679935786208138e+06
6.766362407933157869e+06
6.795151201899470761e+06
6.824046711804922670e+06
6.853049333230210468e+06
6.882159463222433813e+06
6.911377500300449319e+06
6.940703844460378401e+06
6.970138897181084380e+06
6.999683061429645866e+06
7.029336741666869260e+06
7.059100343852862716e+06
7.088974275452547707e+06
7.118958945441267453e+06
7.149054764310402796e+06
7.179262144072931260e+06
7.209581498269122094e+06
7.240013241972180083e+06
7.270557791793914512e+06
7.301215565890456550e+06
7.331986983968016692e+06
7.362872467288545333e+06
7.393872438675584272e+06
7.424987322520010173e+06
7.456217544785842299e+06
7.487563533016117290e+06
7.519025716338681057e+06
7.550604525472126901e+06
7.582300392731651664e+06
7.614113752034943551e+06
7.646045038908233866e+06
7.678094690492132679e+06
7.710263145547676831e+06
7.742550844462338835e+06
7.774958229256033897e+06
7.807485743587182835e+06
7.840133832758801058e+06
7.872902943724552169e+06
7.905793525094924495e+06
7.938806027143305168e+06
7.971940901812208816e+06
8.005198602719426155e+06
8.038579585164245218e+06
8.072084306133678183e+06
8.105713224308734760e+06
8.139466800070684403e+06
8.173345495507342741e+06
8.207349774419452995e+06
8.241480102326974273e+06
8.275736946475503966e+06
8.310120775842640549e+06
8.344632061144411564e+06
8.379271274841731414e+06
8.414038891146842390e+06
8.448935386029843241e+06
8.483961237225173041e+06
8.519116924238180742e+06
8.554402928351648152e+06
8.589819732632417232e+06
8.625367821938002482e+06
8.661047682923190296e+06
8.696859804046737030e+06
8.732804675578052178e+06
8.768882789603896439e+06
8.805094640035133809e+06
8.841440722613472492e+06
8.877921534918284044e+06
8.914537576373364776e+06
8.951289348253829405e+06
8.988177353692930192e+06
9.025202097688982263e+06
9.062364087112249807e+06
9.099663830711886287e+06
9.137101839122910053e+06
9.174678624873187393e+06
9.212394702390447259e+06
9.250250588009346277e+06
9.288246799978503957e+06
9.326383858467616141e+06
9.364662285574572161e+06
9.403082605332614854e+06
9.441645343717494980e+06
9.480351028654683381e+06
9.519200190026583150e+06
9.558193359679797664e+06
9.597331071432435885e+06
9.636613861081350595e+06
9.676042266409559175e+06
9.715616827193530276e+06
9.755338085210639983e+06
9.795206584246523678e+06
9.835222870102560148e+06
9.875387490603353828e+06
9.915700995604205877e+06
9.956163936998646706e+06
9.996776868725992739e+06
1.003754034677895159e+07
1.007845492921119742e+07
1.011952117614505999e+07
1.016073964977911487e+07
1.020211091439596750e+07
1.024363553636991978e+07
1.028531408417474106e+07
1.032714712839147449e+07
1.036913524171619862e+07
1.041127899896790460e+07
1.045357897709635831e+07
1.049603575518998876e+07
1.053864991448382474e+07
1.058142203836744837e+07
1.062435271239299513e+07
1.066744252428315207e+07
1.071069206393921375e+07
1.075410192344913259e+07
1.079767269709566422e+07
1.084140498136449046e+07
1.088529937495237775e+07
1.092935647877536342e+07
1.097357689597700723e+07
1.101796123193662800e+07
1.106251009427760728e+07
1.110722409287568927e+07
1.115210383986734599e+07
1.119714994965815172e+07
1.124236303893119283e+07
1.128774372665552050e+07
1.133329263409459963e+07
1.137901038481483981e+07
1.142489760469412431e+07
1.147095492193036899e+07
1.151718296705013514e+07
1.156358237291725166e+07
1.161015377474148385e+07
1.165689781008723378e+07
1.170381511888224818e+07
1.175090634342641756e+07
1.179817212840052880e+07
1.184561312087512016e+07
1.189322997031931393e+07
1.194102332860972174e+07
1.198899385003939271e+07
1.203714219132671319e+07
1.208546901162445731e+07
1.213397497252877988e+07
1.218266073808825947e+07
1.223152697481302358e+07
1.228057435168385692e+07
1.232980354016135260e+07
1.237921521419512480e+07
1.242881005023299344e+07
1.247858872723029926e+07
1.252855192665918358e+07
1.257870033251788281e+07
1.262903463134013675e+07
1.267955551220454276e+07
1.273026366674406454e+07
1.278115978915538453e+07
1.283224457620848157e+07
1.288351872725622728e+07
1.293498294424382225e+07
1.298663793171849474e+07
1.303848439683916047e+07
1.309052304938603751e+07
1.314275460177041218e+07
1.319517976904437505e+07
1.324779926891060919e+07
1.330061382173224725e+07
1.335362415054265596e+07
1.340683098105540127e+07
1.346023504167418182e+07
1.351383706350278482e+07
1.356763778035507351e+07
1.362163792876506969e+07
1.367583824799701013e+07
1.373023948005547933e+07
1.378484236969557591e+07
1.383964766443309933e+07
1.389465611455477588e+07
1.394986847312854044e+07
1.400528549601384252e+07
1.406090794187199697e+07
1.411673657217656821e+07
1.417277215122378804e+07
1.422901544614301622e+07
1.428546722690727562e+07
1.434212826634374633e+07
1.439899934014439583e+07
1.445608122687653825e+07
1.451337470799353160e+07
1.457088056784551218e+07
1.462859959369002096e+07
1.468653257570290752e+07
1.474468030698906258e+07
1.480304358359329030e+07
1.486162320451126061e+07
1.492041997170037590e+07
1.497943469009078108e+07
1.503866816759640165e+07
1.509812121512594260e+07
1.515779464659407362e+07
1.521768927893253416e+07
1.527780593210127391e+07
1.533814542909973115e+07
1.539870859597810730e+07
1.545949626184863783e+07
1.552050925889693387e+07
1.558174842239343561e+07
1.564321459070479870e+07
1.570490860530539043e+07
1.576683131078878976e+07
1.582898355487937480e+07
1.589136618844389170e+07
1.595398006550317630e+07
1.601682604324374720e+07
1.607990498202964291e+07
1.614321774541410431e+07
1.620676520015144348e+07
1.627054821620892733e+07
1.633456766677864268e+07
1.639882442828951403e+07
1.646331938041920587e+07
1.652805340610628575e+07
1.659302739156220853e+07
1.665824222628347576e+07
1.672369880306385830e+07
1.678939801800658181e+07
1.685534077053657547e+07
1.692152796341283247e+07
1.698796050274073705e+07
1.705463929798444733e+07
1.712156526197941601e+07
1.718873931094483286e+07
1.725616236449619010e+07
1.732383534565782920e+07
1.739175918087562546e+07
1.745993480002970248e+07
1.752836313644704968e+07
1.759704512691441551e+07
1.766598171169102192e+07
1.773517383452156931e+07
1.780462244264904410e+07
1.787432848682773113e+07
1.794429292133623734e+07
1.801451670399053767e+07
1.808500079615708441e+07
1.815574616276598722e+07
1.822675377232421562e+07
1.829802459692885727e+07
1.836955961228039861e+07
1.844135979769615084e+07
1.851342613612358645e+07
1.858575961415380985e+07
1.865836122203513235e+07
1.873123195368652046e+07
1.880437280671126768e+07
1.887778478241065517e+07
1.895146888579763845e+07
1.902542612561061233e+07
1.909965751432720572e+07
1.917416406817816570e+07
1.924894680716129020e+07
1.932400675505530089e+07
1.939934493943399563e+07
1.947496239168018103e+07
1.955086014699988440e+07
1.962703924443647638e+07
1.970350072688492388e+07
1.978024564110604674e+07
1.985727503774087131e+07
1.993458997132499143e+07
2.001219150030301139e+07
2.009008068704302981e+07
2.016825859785121679e+07
2.024672630298636481e+07
2.032548487667457759e+07
2.040453539712394774e+07
2.048387894653934240e+07
2.056351661113719642e+07
2.064344948116040602e+07
2.072367865089323372e+07
2.080420521867629513e+07
2.088503028692159057e+07
2.096615496212763339e+07
2.104758035489453003e+07
2.112930757993925735e+07
2.121133775611086935e+07
2.129367200640582293e+07
2.137631145798337832e+07
2.145925724218102917e+07
2.154251049452994391e+07
2.162607235477055982e+07
2.170994396686815098e+07
2.179412647902854532e+07
2.187862104371377826e+07
2.196342881765788049e+07
2.204855096188277751e+07
2.213398864171408862e+07
2.221974302679714561e+07
2.230581529111300781e+07
2.239220661299448833e+07
2.247891817514232174e+07
2.256595116464135423e+07
2.265330677297675610e+07
2.274098619605039433e+07
2.282899063419714570e+07
2.291732129220139980e+07
2.300597937931347266e+07
2.309496610926618055e+07
2.318428270029153302e+07
2.327393037513730675e+07
2.336391036108383536e+07
2.345422388996082544e+07
2.354487219816417620e+07
2.363585652667294070e+07
2.372717812106629461e+07
2.381883823154061288e+07
2.391083811292655766e+07
2.400317902470628545e+07
2.409586223103062809e+07
2.418888900073651224e+07
2.428226060736420751e+07
2.437597832917482033e+07
2.447004344916779175e+07
2.456445725509849936e+07
2.465922103949578106e+07
2.475433609967975318e+07
2.484980373777947575e+07
2.494562526075081900e+07
2.504180198039434105e+07
2.513833521337331086e+07
2.523522628123161942e+07
2.533247651041193679e+07
2.543008723227391019e+07
2.552805978311229125e+07
2.562639550417533144e+07
2.572509574168306589e+07
2.582416184684580937e+07
2.592359517588259280e+07
2.602339709003973380e+07
2.612356895560954511e+07
2.622411214394895732e+07
2.632502803149836138e+07
2.642631799980034307e+07
2.652798343551876396e+07
2.663002573045758903e+07
2.673244628158000112e+07
2.683524649102756754e+07
2.693842776613933593e+07
2.704199151947117597e+07
2.714593916881513968e+07
2.725027213721879572e+07
2.735499185300476849e+07
2.746009974979020283e+07
2.756559726650656015e+07
2.767148584741911665e+07
2.777776694214695320e+07
2.788444200568255037e+07
2.799151249841192365e+07
2.809897988613448665e+07
2.820684564008317515e+07
2.831511123694459721e+07
2.842377815887918323e+07
2.853284789354155585e+07
2.864232193410086259e+07
2.875220177926120535e+07
2.886248893328214437e+07
2.897318490599933639e+07
2.908429121284515783e+07
2.919580937486949936e+07
2.930774091876063868e+07
2.942008737686592340e+07
2.953285028721296042e+07
2.964603119353066012e+07
2.975963164527021348e+07
2.987365319762648270e+07
2.998809741155921668e+07
3.010296585381433368e+07
3.021826009694552422e+07
3.033398171933573484e+07
3.045013230521868914e+07
3.056671344470065460e+07
3.068372673378222808e+07
3.080117377438008413e+07
3.091905617434907705e+07
3.103737554750407860e+07
3.115613351364210248e+07
3.127533169856461510e+07
3.139497173409961164e+07
3.151505525812411308e+07
3.163558391458646208e+07
3.175655935352889821e+07
3.187798323111014813e+07
3.199985720962806791e+07
3.212218295754240453e+07
3.224496214949768037e+07
3.236819646634599566e+07
3.249188759517028928e+07
3.261603722930710763e+07
3.274064706837002933e+07
3.286571881827288866e+07
3.299125419125302881e+07
3.311725490589485317e+07
3.324372268715331703e+07
3.337065926637752354e+07
3.349806638133442402e+07
3.362594577623263747e+07
3.375429920174632967e+07
3.388312841503915191e+07
3.401243517978831381e+07
3.414222126620872319e+07
3.427248845107719302e+07
3.440323851775684208e+07
3.453447325622142851e+07
3.466619446307988465e+07
3.479840394160094112e+07
3.493110350173777342e+07
3.506429496015278250e+07
3.519798014024246484e+07
3.533216087216246128e+07
3.546683899285244942e+07
3.560201634606143087e+07
3.573769478237289935e+07
3.587387615923018754e+07
3.601056234096198529e+07
3.614775519880767167e+07
3.628545661094306409e+07
3.642366846250618249e+07
3.656239264562290907e+07
3.670163105943297595e+07
3.684138561011599004e+07
3.698165821091747284e+07
3.712245078217507154e+07
3.726376525134482980e+07
3.740560355302763730e+07
3.754796762899565697e+07
3.769085942821888626e+07
3.783428090689194202e+07
3.797823402846074104e+07
3.812272076364938915e+07
3.826774309048722684e+07
3.841330299433584511e+07
3.855940246791628748e+07
3.870604351133629680e+07
3.885322813211779296e+07
3.900095834522423893e+07
3.914923617308833450e+07
3.929806364563961327e+07
