0.000000000000000000e+00	0.000000000000000000e+00	0.000000000000000000e+00
2.561979739807798850e+01	9.474565028932045404e-05	1.277009420046541777e-02
5.146064452389648380e+01	1.903563729864125940e-04	1.278574480563874488e-02
7.752548332847430856e+01	2.867958594714774484e-04	1.280203243531087207e-02
1.038172356764132473e+02	3.840749206789118887e-04	1.281893671911708138e-02
1.303388052493266400e+02	4.822043002626228911e-04	1.283643828156303714e-02
1.570930793546132520e+02	5.811946812886618170e-04	1.285451868939697755e-02
1.840829306450296485e+02	6.810566925978018974e-04	1.287316040195696405e-02
2.113112187542081131e+02	7.818009148571052492e-04	1.289234672431729609e-02
2.387807918529229312e+02	8.834378863182510431e-04	1.291206176306884494e-02
2.664944881306674347e+02	9.859781082995038980e-04	1.293229038457875506e-02
2.944551372068067963e+02	1.089432050407106861e-03	1.295301817558394686e-02
3.226655614753303780e+02	1.193810155510983658e-03	1.297423140598057828e-02
3.511285773870030198e+02	1.299122844488810038e-03	1.299591699368249538e-02
3.798469966724433675e+02	1.405380520751511701e-03	1.301806247142683892e-02
4.088236275095322299e+02	1.512593574562773671e-03	1.304065595541435696e-02
4.380612756382807333e+02	1.620772387164147238e-03	1.306368611567715679e-02
4.675627454261426692e+02	1.729927334716794890e-03	1.308714214807400571e-02
4.973308408865775618e+02	1.840068792070257949e-03	1.311101374781922443e-02
5.273683666535060865e+02	1.951207136368020550e-03	1.313529108445647166e-02
5.576781289141326852e+02	2.063352750499026708e-03	1.315996477819464210e-02
5.882629363025223483e+02	2.176516026403987804e-03	1.318502587752684065e-02
6.191256007560679109e+02	2.290707368244375864e-03	1.321046583806052312e-02
6.502689383370088763e+02	2.405937195442107296e-03	1.323627650248740406e-02
6.816957700209401310e+02	2.522215945597084969e-03	1.326245008163040064e-02
7.134089224541233989e+02	2.639554077289302681e-03	1.328897913650464377e-02
7.454112286814162189e+02	2.757962072772241879e-03	1.331585656133616423e-02
7.777055288464064233e+02	2.877450440563414022e-03	1.334307556748376769e-02
8.102946708653593078e+02	2.998029717938013004e-03	1.337062966821261044e-02
8.431815110763993744e+02	3.119710473330932973e-03	1.339851266427232596e-02
8.763689148653400025e+02	3.242503308652381309e-03	1.342671863023411211e-02
9.098597572694624205e+02	3.366418861521898453e-03	1.345524190154458698e-02
9.436569235604769119e+02	3.491467807425350806e-03	1.348407706225593881e-02
9.777633098078107423e+02	3.617660861799134632e-03	1.351321893339520880e-02
1.012181823423366041e+03	3.745008782045812414e-03	1.354266256193689504e-02
1.046915383688761040e+03	3.873522369484934304e-03	1.357240321034582954e-02
1.081966922266024085e+03	4.003212471242641179e-03	1.360243634665827053e-02
1.117339383692723686e+03	4.134089982083664905e-03	1.363275763507221586e-02
1.153035725862313029e+03	4.266165846188641440e-03	1.366336292701834411e-02
1.189058920490620721e+03	4.399451058880139882e-03	1.369424825268630679e-02
1.225411953569247544e+03	4.533956668300264531e-03	1.372540981298008000e-02
1.262097825806534956e+03	4.669693777042248188e-03	1.375684397187996316e-02
1.299119553056913446e+03	4.806673543739077223e-03	1.378854724918969141e-02
1.336480166739251217e+03	4.944907184611386196e-03	1.382051631364612093e-02
1.374182714244763702e+03	5.084405974976754887e-03	1.385274797637353790e-02
1.412230259335234678e+03	5.225181250723134711e-03	1.388523918466362528e-02
1.450625882531949173e+03	5.367244409747919803e-03	1.391798701606280358e-02
1.489372681495952065e+03	5.510606913364923115e-03	1.395098867275201826e-02
1.528473771400179885e+03	5.655280287681272409e-03	1.398424147620214338e-02
1.567932285293830546e+03	5.801276124945598314e-03	1.401774286209079949e-02
1.607751374459506678e+03	5.948606084869468603e-03	1.405149037546710167e-02
1.647934208763549577e+03	6.097281895923649907e-03	1.408548166615057433e-02
1.688483976999963033e+03	6.247315356610625391e-03	1.411971448435281676e-02
1.729403887228327903e+03	6.398718336714894102e-03	1.415418667650895045e-02
1.770697167106007782e+03	6.551502778532140511e-03	1.418889618130952761e-02
1.812367064215108940e+03	6.705680698078997706e-03	1.422384102592090527e-02
1.854416846384443033e+03	6.861264186284319298e-03	1.425901932238585017e-02
1.896849802006813889e+03	7.018265410163143994e-03	1.429442926419328963e-02
1.939669240351917324e+03	7.176696613974437901e-03	1.433006912300994855e-02
1.982878491875282634e+03	7.336570120364183621e-03	1.436593724556553542e-02
2.026480908523216385e+03	7.497898331493675628e-03	1.440203205068216717e-02
2.070479864034304683e+03	7.660693730155089705e-03	1.443835202644241401e-02
2.114878754237618068e+03	7.824968880874850347e-03	1.447489572748797935e-02
2.159680997347749781e+03	7.990736431005262749e-03	1.451166177244262931e-02
2.204890034257020488e+03	8.158009111805693964e-03	1.454864884145294288e-02
2.250509328825143712e+03	8.326799739514325824e-03	1.458585567384138373e-02
2.296542368166225515e+03	8.497121216410070260e-03	1.462328106586583722e-02
2.342992662933724205e+03	8.668986531866909942e-03	1.466092386858014116e-02
2.389863747603089450e+03	8.842408763399678059e-03	1.469878298579072561e-02
2.437159180752754310e+03	9.017401077703730145e-03	1.473685737210456842e-02
2.484882545343165475e+03	9.193976731687352605e-03	1.477514603106447853e-02
2.533037448994376973e+03	9.372149073498868208e-03	1.481364801336649238e-02
2.581627524262083170e+03	9.551931543547964934e-03	1.485236241515601116e-02
2.630656428912461251e+03	9.733337675522601290e-03	1.489128837639891283e-02
2.680127846195782695e+03	9.916381097401387457e-03	1.493042507932311816e-02
2.730045485119058412e+03	1.010107553246235995e-02	1.496977174692891085e-02
2.780413080717754383e+03	1.028743480028834235e-02	1.500932764156289768e-02
2.831234394326646452e+03	1.047547281776909853e-02	1.504909206355321653e-02
2.882513213850187185e+03	1.066520360010169907e-02	1.508906434990392280e-02
2.934253354032135576e+03	1.085664126178815386e-02	1.512924387304429366e-02
2.986458656724868433e+03	1.104980001763185629e-02	1.516963003963150459e-02
3.039132991158248387e+03	1.124469418373239861e-02	1.521022228940382449e-02
3.092280254208255883e+03	1.144133817847951644e-02	1.525102009408186091e-02
3.145904370665487022e+03	1.163974652354653021e-02	1.529202295631572860e-02
3.200009293503579102e+03	1.183993384488350210e-02	1.533323040867600774e-02
3.254599004147523374e+03	1.204191487371002005e-02	1.537464201268616201e-02
3.309677512742318868e+03	1.224570444750920466e-02	1.541625735789543122e-02
3.365248858421547993e+03	1.245131751102142997e-02	1.545807606098898758e-02
3.421317109576324128e+03	1.265876911723943891e-02	1.550009776493490449e-02
3.477886364124541615e+03	1.286807442840456894e-02	1.554232213816511207e-02
3.534960749780517745e+03	1.307924871700441929e-02	1.558474887378994388e-02
3.592544424325058571e+03	1.329230736677209854e-02	1.562737768884427808e-02
3.650641575876104980e+03	1.350726587368761451e-02	1.567020832356286544e-02
3.709256423159873975e+03	1.372413984698110136e-02	1.571324054068559684e-02
3.768393215782756670e+03	1.394294501013881513e-02	1.575647412478969195e-02
3.828056234503883388e+03	1.416369720191165693e-02	1.579990888164825233e-02
3.888249791508357703e+03	1.438641237732611947e-02	1.584354463761364004e-02
3.948978230681426339e+03	1.461110660869871514e-02	1.588738123902560737e-02
4.010245927883535387e+03	1.483779608665368802e-02	1.593141855164155463e-02
4.072057291226162306e+03	1.506649712114358289e-02	1.597565646008925269e-02
4.134416761348765249e+03	1.529722614247395682e-02	1.602009486734053134e-02
4.197328811696625053e+03	1.552999970233141271e-02	1.606473369420461164e-02
4.260797948799984624e+03	1.576483447481637212e-02	1.610957287884181438e-02
4.324828712553907280e+03	1.600174725747859072e-02	1.615461237629425145e-02
4.389425676499779001e+03	1.624075497235868623e-02	1.619985215803506143e-02
4.454593448107584663e+03	1.648187466703257553e-02	1.624529221153451358e-02
4.520336669059624001e+03	1.672512351566121311e-02	1.629093253984181117e-02
4.586660015535566345e+03	1.697051882004528556e-02	1.633677316118289577e-02
4.653568198498689526e+03	1.721807801068431232e-02	1.638281410857306275e-02
4.721065963983573965e+03	1.746781864784108587e-02	1.642905542944332262e-02
4.789158093385168286e+03	1.771975842261123632e-02	1.647549718528088653e-02
4.857849403749250087e+03	1.797391515799792033e-02	1.652213945128268649e-02
4.927144748064511077e+03	1.823030680999251918e-02	1.656898231602122601e-02
4.997049015555879123e+03	1.848895146865996847e-02	1.661602588112319132e-02
5.067567131979735677e+03	1.874986735923101985e-02	1.666327026095815525e-02
5.138704059920412874e+03	1.901307284319929403e-02	1.671071558233987869e-02
5.210464799088399559e+03	1.927858641942463772e-02	1.675836198423784340e-02
5.282854386620432706e+03	1.954642672524346467e-02	1.680620961749837092e-02
5.355877897380712056e+03	1.981661253758323568e-02	1.685425864457599718e-02
5.429540444264401231e+03	2.008916277408541798e-02	1.690250923927468299e-02
5.503847178502574934e+03	2.036409649423378751e-02	1.695096158649764956e-02
5.578803289969025172e+03	2.064143290048958690e-02	1.699961588200564130e-02
5.654414007488746392e+03	2.092119133943297349e-02	1.704847233218403230e-02
5.730684599148394227e+03	2.120339130291162832e-02	1.709753115381786731e-02
5.807620372608572325e+03	2.148805242919629363e-02	1.714679257387467098e-02
5.885226675417985462e+03	2.177519450414308610e-02	1.719625682929443525e-02
5.963508895329573534e+03	2.206483746236322444e-02	1.724592416678710077e-02
6.042472460618418154e+03	2.235700138839924120e-02	1.729579484263655056e-02
6.122122840401864778e+03	2.265170651790945899e-02	1.734586912251138632e-02
6.202465544961434716e+03	2.294897323885905852e-02	1.739614728128248411e-02
6.283506126066948127e+03	2.324882209271931024e-02	1.744662960284600745e-02
6.365250177302589691e+03	2.355127377567404340e-02	1.749731637995256134e-02
6.447703334395095226e+03	2.385634913983392114e-02	1.754820791404240396e-02
6.530871275544051969e+03	2.416406919445852203e-02	1.759930451508561963e-02
6.614759721754305247e+03	2.447445510718627981e-02	1.765060650142769375e-02
6.699374437170586134e+03	2.478752820527258330e-02	1.770211419964044797e-02
6.784721229414219124e+03	2.510330997683558538e-02	1.775382794437772166e-02
6.870805949922320906e+03	2.542182207211124423e-02	1.780574807823551153e-02
6.957634494288763563e+03	2.574308630471487322e-02	1.785787495161719404e-02
7.045212802607980848e+03	2.606712465291324485e-02	1.791020892260248437e-02
7.133546859820571626e+03	2.639395926090328318e-02	1.796275035682134980e-02
7.222642696061524475e+03	2.672361244010051234e-02	1.801549962733135779e-02
7.312506387010624167e+03	2.705610667043554726e-02	1.806845711449943728e-02
7.403144054245369261e+03	2.739146460165989977e-02	1.812162320588719955e-02
7.494561865596099778e+03	2.772970905465993452e-02	1.817499829614004081e-02
7.586766035503746025e+03	2.807086302278052545e-02	1.822858278687971081e-02
7.679762825379943934e+03	2.841494967315749340e-02	1.828237708660035432e-02
7.773558543969411403e+03	2.876199234805839472e-02	1.833638161056764734e-02
7.868159547715307781e+03	2.911201456623433922e-02	1.839059678072172549e-02
7.963572241126588779e+03	2.946504002427920155e-02	1.844502302558254786e-02
8.059803077148174452e+03	2.982109259799922696e-02	1.849966078015848753e-02
8.156858557533685598e+03	3.018019634379218510e-02	1.855451048585777390e-02
8.254745233220721275e+03	3.054237550003583226e-02	1.860957259040292230e-02
8.353469704708722929e+03	3.090765448848608460e-02	1.866484754774763027e-02
8.453038622439520623e+03	3.127605791568495441e-02	1.872033581799613031e-02
8.553458687180678680e+03	3.164761057437897457e-02	1.877603786732560953e-02
8.654736650411143273e+03	3.202233744494606404e-02	1.883195416791048557e-02
8.756879314710155086e+03	3.240026369683451923e-02	1.888808519784936080e-02
8.859893534148397521e+03	3.278141469001025210e-02	1.894443144109408256e-02
8.963786214682237187e+03	3.316581597641547058e-02	1.900099338738133956e-02
9.068564314550561903e+03	3.355349330143693465e-02	1.905777153216588887e-02
9.174234844674758278e+03	3.394447260538598771e-02	1.911476637655619079e-02
9.280804869060892088e+03	3.433878002498646359e-02	1.917197842725225018e-02
9.388281505205530266e+03	3.473644189487632566e-02	1.922940819648471036e-02
9.496671924503763876e+03	3.513748474911732728e-02	1.928705620195659415e-02
9.605983352660814489e+03	3.554193532271793937e-02	1.934492296678629736e-02
9.716223070105996158e+03	3.594982055316498643e-02	1.940300901945270912e-02
9.827398412409949742e+03	3.636116758196743931e-02	1.946131489374197318e-02
9.939516770704824012e+03	3.677600375621108142e-02	1.951984112869543583e-02
1.005258559210738531e+04	3.719435663012397170e-02	1.957858826856016116e-02
1.016661238014522314e+04	3.761625396665345400e-02	1.963755686274002224e-02
1.028160469518615173e+04	3.804172373905485849e-02	1.969674746574902324e-02
1.039757015487062927e+04	3.847079413249155505e-02	1.975616063716580800e-02
1.051451643454718032e+04	3.890349354564589385e-02	1.981579694158909152e-02
1.063245126771099967e+04	3.933985059234213627e-02	1.987565694859568313e-02
1.075138244644598853e+04	3.977989410318190366e-02	1.993574123269869700e-02
1.087131782186951023e+04	4.022365312718981928e-02	1.999605037330763613e-02
1.099226530458078923e+04	4.067115693347256311e-02	2.005658495468953459e-02
1.111423286511253536e+04	4.112243501288986164e-02	2.011734556593144582e-02
1.123722853438556376e+04	4.157751707973658672e-02	2.017833280090406550e-02
1.136126040416713295e+04	4.203643307343860047e-02	2.023954725822655135e-02
1.148633662753193494e+04	4.249921316025842555e-02	2.030098954123259192e-02
1.161246541932733271e+04	4.296588773501659048e-02	2.036266025793683973e-02
1.173965505664132434e+04	4.343648742282309183e-02	2.042456002100390480e-02
1.186791387927417054e+04	4.391104308082246360e-02	2.048668944771656064e-02
1.199725029021344562e+04	4.438958579995137821e-02	2.054904915994638231e-02
1.212767275611250625e+04	4.487214690670903589e-02	2.061163978412467943e-02
1.225918980777243996e+04	4.535875796494033552e-02	2.067446195121462604e-02
1.239181004062784086e+04	4.584945077763324939e-02	2.073751629668391799e-02
1.252554211523559388e+04	4.634425738872732792e-02	2.080080346047917181e-02
1.266039475776766631e+04	4.684321008493700506e-02	2.086432408700000796e-02
1.279637676050729169e+04	4.734634139758747695e-02	2.092807882507500064e-02
1.293349698234906646e+04	4.785368410446504822e-02	2.099206832793848454e-02
1.307176434930233154e+04	4.836527123167964209e-02	2.105629325320648726e-02
1.321118785499845035e+04	4.888113605554175733e-02	2.112075426285625612e-02
1.335177656120204119e+04	4.940131210445393439e-02	2.118545202320397738e-02
1.349353959832537839e+04	4.992583316081413564e-02	2.125038720488462221e-02
1.363648616594708619e+04	5.045473326293481442e-02	2.131556048283244492e-02
1.378062553333461983e+04	5.098804670697616032e-02	2.138097253626123836e-02
1.392596703997020995e+04	5.152580804889202171e-02	2.144662404864668484e-02
1.407252009608101980e+04	5.206805210639153803e-02	2.151251570770812069e-02
1.422029418317308773e+04	5.261481396091469837e-02	2.157864820539175804e-02
1.436929885456926968e+04	5.316612895962269381e-02	2.164502223785427434e-02
1.451954373595089783e+04	5.372203271740210589e-02	2.171163850544655105e-02
1.467103852590403949e+04	5.428256111888599134e-02	2.177849771269927542e-02
1.482379299646888649e+04	5.484775032048665178e-02	2.184560056830775129e-02
1.497781699369399757e+04	5.541763675244634063e-02	2.191294778511792760e-02
1.513312043819413520e+04	5.599225712090120932e-02	2.198054008011317978e-02
1.528971332571259700e+04	5.657164840996193461e-02	2.204837817440138958e-02
1.544760572768727252e+04	5.715584788380816822e-02	2.211646279320198666e-02
1.560680779182127480e+04	5.774489308879977856e-02	2.218479466583494000e-02
1.576732974265740268e+04	5.833882185560246292e-02	2.225337452570867042e-02
1.592918188215738155e+04	5.893767230133083179e-02	2.232220311030986074e-02
1.609237459028481499e+04	5.954148283170537792e-02	2.239128116119247502e-02
1.625691832559272007e+04	6.015029214322632073e-02	2.246060942396851945e-02
1.642282362581553025e+04	6.076413922536402779e-02	2.253018864829748821e-02
1.659010110846508178e+04	6.138306336276416059e-02	2.260001958787883833e-02
1.675876147143172057e+04	6.200710413747172883e-02	2.267010300044230292e-02
1.692881549358864504e+04	6.263630143116719062e-02	2.274043964774068519e-02
1.710027403540211890e+04	6.327069542742419506e-02	2.281103029554133396e-02
1.727314803954562012e+04	6.391032661398199366e-02	2.288187571361945810e-02
1.744744853151766438e+04	6.455523578503125082e-02	2.295297667575101758e-02
1.762318662026595121e+04	6.520546404352353664e-02	2.302433395970648541e-02
1.780037349881441332e+04	6.586105280349123514e-02	2.309594834724446044e-02
1.797902044489647960e+04	6.652204379239076704e-02	2.316782062410598780e-02
1.815913882159135756e+04	6.718847905345669280e-02	2.323995158000960806e-02
1.834074007796672595e+04	6.786040094807978262e-02	2.331234200864603159e-02
1.852383574972491260e+04	6.853785215819774290e-02	2.338499270767381913e-02
1.870843745985457645e+04	6.922087568870653740e-02	2.345790447871463208e-02
1.889455691928627493e+04	6.990951486988591923e-02	2.353107812734970064e-02
1.908220592755500547e+04	7.060381335985084494e-02	2.360451446311651047e-02
1.927139637346467862e+04	7.130381514701003565e-02	2.367821429950452833e-02
1.946214023576010004e+04	7.200956455255226596e-02	2.375217845395349511e-02
1.965444958380279422e+04	7.272110623294686382e-02	2.382640774784966844e-02
1.984833657825171395e+04	7.343848518246244572e-02	2.390090300652427183e-02
2.004381347174941766e+04	7.416174673570570530e-02	2.397566505925123256e-02
2.024089260961300533e+04	7.489093657017775740e-02	2.405069473924531520e-02
2.043958643053062042e+04	7.562610070885138203e-02	2.412599288366062272e-02
2.063990746726263387e+04	7.636728552276526860e-02	2.420156033358998940e-02
2.084186834734866716e+04	7.711453773364003450e-02	2.427739793406338831e-02
2.104548179381892260e+04	7.786790441651007810e-02	2.435350653404763990e-02
2.125076062591169830e+04	7.862743300237845512e-02	2.442988698644607201e-02
2.145771775979548693e+04	7.939317128088861641e-02	2.450654014809843656e-02
2.166636620929761557e+04	8.016516740302030708e-02	2.458346687978130510e-02
2.187671908663688737e+04	8.094346988380041186e-02	2.466066804620759695e-02
2.208878960316229859e+04	8.172812760503612994e-02	2.473814451602844577e-02
2.230259107009730360e+04	8.251918981806875830e-02	2.481589716183316488e-02
2.251813689928943131e+04	8.331670614654734797e-02	2.489392686015117623e-02
2.273544060396592613e+04	8.412072658922443991e-02	2.497223449145269045e-02
2.295451579949437655e+04	8.493130152277043876e-02	2.505082094015083014e-02
2.317537620414927005e+04	8.574848170460980246e-02	2.512968709460321887e-02
2.339803563988435781e+04	8.657231827577897831e-02	2.520883384711413572e-02
2.362250803311062555e+04	8.740286276380458685e-02	2.528826209393660387e-02
2.384880741548017977e+04	8.824016708560401823e-02	2.536797273527539170e-02
2.407694792467544539e+04	8.908428355040534652e-02	2.544796667528937892e-02
2.430694380520506820e+04	8.993526486269219633e-02	2.552824482209425580e-02
2.453880940920557623e+04	9.079316412516989787e-02	2.560880808776569081e-02
2.477255919724755222e+04	9.165803484174819826e-02	2.568965738834334128e-02
2.500820773915056998e+04	9.252993092055668278e-02	2.577079364383354915e-02
2.524576971480100838e+04	9.340890667697054894e-02	2.585221777821349737e-02
2.548525991497897849e+04	9.429501683667031176e-02	2.593393071943481815e-02
2.572669324218907059e+04	9.518831653871549781e-02	2.601593339942825586e-02
2.597008471149834440e+04	9.608886133864517898e-02	2.609822675410712611e-02
2.621544945138069306e+04	9.699670721160219555e-02	2.618081172337244356e-02
2.646280270456660946e+04	9.791191055547719679e-02	2.626368925111707484e-02
2.671215982890059240e+04	9.883452819408107548e-02	2.634686028523123766e-02
2.696353629820352580e+04	9.976461738033572113e-02	2.643032577760686883e-02
2.721694770314226116e+04	1.007022357994915712e-01	2.651408668414270350e-02
2.747240975210580655e+04	1.016474415723692959e-01	2.659814396475007614e-02
2.772993827208765651e+04	1.026002932586246169e-01	2.668249858335835015e-02
2.798954920957464856e+04	1.035608498600369409e-01	2.676715150792019493e-02
2.825125863144265531e+04	1.045291708238234168e-01	2.685210371041796273e-02
2.851508272585889426e+04	1.055053160459775707e-01	2.693735616686930914e-02
2.878103780319089856e+04	1.064893458746323240e-01	2.702290985733337564e-02
2.904914029692219992e+04	1.074813211134481306e-01	2.710876576591724971e-02
2.931940676457508744e+04	1.084813030250271620e-01	2.719492488078187678e-02
2.959185388864016932e+04	1.094893533343525710e-01	2.728138819414962363e-02
2.986649847751187554e+04	1.105055342322499717e-01	2.736815670231017295e-02
3.014335746643286257e+04	1.115299083788816870e-01	2.745523140562781267e-02
3.042244791844392967e+04	1.125625389072612836e-01	2.754261330854873221e-02
3.070378702534109470e+04	1.136034894267950041e-01	2.763030341960729871e-02
3.098739210864066990e+04	1.146528240268523263e-01	2.771830275143429695e-02
3.127328062055055125e+04	1.157106072803597563e-01	2.780661232076432621e-02
3.156147014494990435e+04	1.167769042474257057e-01	2.789523314844290225e-02
3.185197839837423817e+04	1.178517804789852436e-01	2.798416625943457928e-02
3.214482323100981012e+04	1.189353020204793471e-01	2.807341268283071109e-02
3.244002262769439039e+04	1.200275354155576762e-01	2.816297345185725387e-02
3.273759470892608806e+04	1.211285477098114211e-01	2.825284960388374511e-02
3.303755773187821615e+04	1.222384064545280064e-01	2.834304218043062762e-02
3.333993009142421215e+04	1.233571797104833917e-01	2.843355222717811048e-02
3.364473032116782269e+04	1.244849360517538972e-01	2.852438079397478024e-02
3.395197709448157548e+04	1.256217445695583523e-01	2.861552893484548693e-02
3.426168922555450990e+04	1.267676748761346894e-01	2.870699770800192938e-02
3.457388567044531374e+04	1.279227971086365767e-01	2.879878817584931999e-02
3.488858552814556606e+04	1.290871819330675074e-01	2.889090140499701170e-02
3.520580804164864094e+04	1.302609005482355253e-01	2.898333846626706400e-02
3.552557259902827354e+04	1.314440246897441156e-01	2.907610043470366251e-02
3.584789873452509346e+04	1.326366266340121280e-01	2.916918838958245525e-02
3.617280612964050670e+04	1.338387792023213174e-01	2.926260341442004156e-02
3.650031461423847213e+04	1.350505557648928601e-01	2.935634659698374560e-02
3.683044416765639471e+04	1.362720302449975662e-01	2.945041902930118846e-02
3.716321491982384759e+04	1.375032771230952910e-01	2.954482180767023861e-02
3.749864715238995996e+04	1.387443714410059870e-01	2.963955603266886160e-02
3.783676129985827720e+04	1.399953888061090113e-01	2.973462280916574010e-02
3.817757795073132729e+04	1.412564053955777665e-01	2.983002324632955463e-02
3.852111784866297967e+04	1.425274979606433734e-01	2.992575845764020720e-02
3.886740189361931698e+04	1.438087438308901789e-01	3.002182956089845950e-02
3.921645114304797607e+04	1.451002209185819625e-01	3.011823767823729875e-02
3.956828681305718783e+04	1.464020077230245576e-01	3.021498393613162095e-02
3.992293027960252221e+04	1.477141833349567557e-01	3.031206946540966271e-02
4.028040307968377601e+04	1.490368274409787919e-01	3.040949540126402367e-02
4.064072691254824167e+04	1.503700203280043668e-01	3.050726288326184935e-02
4.100392364090561750e+04	1.517138428877558565e-01	3.060537305535618313e-02
4.137001529215152550e+04	1.530683766212911356e-01	3.070382706589778327e-02
4.173902405959818134e+04	1.544337036435574351e-01	3.080262606764557626e-02
4.211097230371661863e+04	1.558099066879871375e-01	3.090177121777816852e-02
4.248588255338696035e+04	1.571970691111239660e-01	3.100126367790575696e-02
4.286377750715748698e+04	1.585952748972815629e-01	3.110110461408120350e-02
4.324468003451479308e+04	1.600046086632428144e-01	3.120129519681218502e-02
4.362861317716153280e+04	1.614251556629878737e-01	3.130183660107241361e-02
4.401560015030479553e+04	1.628570017924606816e-01	3.140273000631371020e-02
4.440566434395476244e+04	1.643002335943743453e-01	3.150397659647862642e-02
4.479882932423010061e+04	1.657549382630409407e-01	3.160557756001130397e-02
4.519511883467689040e+04	1.672212036492514986e-01	3.170753408987068978e-02
4.559455679759423219e+04	1.686991182651808030e-01	3.180984738354233898e-02
4.599716731537194573e+04	1.701887712893366822e-01	3.191251864305073155e-02
4.640297467183665867e+04	1.716902525715408023e-01	3.201554907497188712e-02
4.681200333360959485e+04	1.732036526379522878e-01	3.211893989044595221e-02
4.722427795147166762e+04	1.747290626961184867e-01	3.222269230518951671e-02
4.763982336174244119e+04	1.762665746400773059e-01	3.232680753950894353e-02
4.805866458766636788e+04	1.778162810554861362e-01	3.243128681831260185e-02
4.848082684081007028e+04	1.793782752247917167e-01	3.253613137112409959e-02
4.890633552247146872e+04	1.809526511324441311e-01	3.264134243209529385e-02
4.933521622509779991e+04	1.825395034701431385e-01	3.274692124001926663e-02
4.976749473371438944e+04	1.841389276421248888e-01	3.285286903834358507e-02
5.020319702736474574e+04	1.857510197704900501e-01	3.295918707518367269e-02
5.064234928056093486e+04	1.873758767005704040e-01	3.306587660333616674e-02
5.108497786474460736e+04	1.890135960063342446e-01	3.317293888029238663e-02
5.153110934975985583e+04	1.906642759958363520e-01	3.328037516825195496e-02
5.198077050533526199e+04	1.923280157167013282e-01	3.338818673413627286e-02
5.243398830257858936e+04	1.940049149616539792e-01	3.349637484960232836e-02
5.289078991548204067e+04	1.956950742740886651e-01	3.360494079105692811e-02
5.335120272243888758e+04	1.973985949536810058e-01	3.371388583966979796e-02
5.381525430777057045e+04	1.991155790620378618e-01	3.382321128138827959e-02
5.428297246326647291e+04	2.008461294283948040e-01	3.393291840695142336e-02
5.475438518973473401e+04	2.025903496553537464e-01	3.404300851190383143e-02
5.522952069856307207e+04	2.043483441246582710e-01	3.415348289660995185e-02
5.570840741329396405e+04	2.061202180030215492e-01	3.426434286626885845e-02
5.619107397120976384e+04	2.079060772479914554e-01	3.437558973092815634e-02
5.667754922492919286e+04	2.097060286138573704e-01	3.448722480549883118e-02
5.716786224401801155e+04	2.115201796576096915e-01	3.459924940977018859e-02
5.766204231660848018e+04	2.133486387449320676e-01	3.471166486842381521e-02
5.816011895103399729e+04	2.151915150562490608e-01	3.482447251104888591e-02
5.866212187747350254e+04	2.170489185928108633e-01	3.493767367215711017e-02
5.916808104961005301e+04	2.189209601828297491e-01	3.505126969119714414e-02
5.967802664630021172e+04	2.208077514876569392e-01	3.516526191257070277e-02
6.019198907325675100e+04	2.227094050080082877e-01	3.527965168564620863e-02
6.070999896474263369e+04	2.246260340902325736e-01	3.539444036477558397e-02
6.123208718528078316e+04	2.265577529326368855e-01	3.550962930930835065e-02
6.175828483137182775e+04	2.285046765918428147e-01	3.562521988360766584e-02
6.228862323322831799e+04	2.304669209892029336e-01	3.574121345706570557e-02
6.282313395652125473e+04	2.324446029172625994e-01	3.585761140411899278e-02
6.336184880413896462e+04	2.344378400462681367e-01	3.597441510426447470e-02
6.390479981795841741e+04	2.364467509307206505e-01	3.609162594207487862e-02
6.445201928063028754e+04	2.384714550159804658e-01	3.620924530721460199e-02
6.500353971737877873e+04	2.405120726449267443e-01	3.632727459445588003e-02
6.555939389781323553e+04	2.425687250646602344e-01	3.644571520369438433e-02
6.611961483775287343e+04	2.446415344332548980e-01	3.656456853996543216e-02
6.668423580106643203e+04	2.467306238265644103e-01	3.668383601346055650e-02
6.725329030152469932e+04	2.488361172450767045e-01	3.680351903954285492e-02
6.782681210466743505e+04	2.509581396208213078e-01	3.692361903876444779e-02
6.840483522968324542e+04	2.530968168243251659e-01	3.704413743688189653e-02
6.898739395130494086e+04	2.552522756716251173e-01	3.716507566487311370e-02
6.957452280171548773e+04	2.574246439313200852e-01	3.728643515895419674e-02
7.016625657247556956e+04	2.596140503317028725e-01	3.740821736059528335e-02
7.076263031645491719e+04	2.618206245679064459e-01	3.753042371653828729e-02
7.136367934978903213e+04	2.640444973091430891e-01	3.765305567881305909e-02
7.196943925384031900e+04	2.662858002059613760e-01	3.777611470475462918e-02
7.257994587718366529e+04	2.685446658975921275e-01	3.789960225701979185e-02
7.319523533759810380e+04	2.708212280193179056e-01	3.802351980360452882e-02
7.381534402407832386e+04	2.731156212099154490e-01	3.814786881786112055e-02
7.444030859885975951e+04	2.754279811191484573e-01	3.827265077851550734e-02
7.507016599945977214e+04	2.777584444153201049e-01	3.839786716968416475e-02
7.570495344073179876e+04	2.801071487928729620e-01	3.852351948089197120e-02
7.634470841693729744e+04	2.824742329800556950e-01	3.864960920708924996e-02
7.698946870383076021e+04	2.848598367466372294e-01	3.877613784867013635e-02
7.763927236076175177e+04	2.872641009116843058e-01	3.890310691148954336e-02
7.829415773279333371e+04	2.896871673513996548e-01	3.903051790688050193e-02
7.895416345283410919e+04	2.921291790070108529e-01	3.915837235167341640e-02
7.961932844378768641e+04	2.945902798927224620e-01	3.928667176821253049e-02
8.028969192071731959e+04	2.970706151037262321e-01	3.941541768437475945e-02
8.096529339302756125e+04	2.995703308242723684e-01	3.954461163358734266e-02
8.164617266666132491e+04	3.020895743357990271e-01	3.967425515484637039e-02
8.233236984631381347e+04	3.046284940251236528e-01	3.980434979273458213e-02
8.302392533766163979e+04	3.071872393926908806e-01	3.993489709744004607e-02
8.372087984961157781e+04	3.097659610608928249e-01	4.006589862477442227e-02
8.442327439656261413e+04	3.123648107824381626e-01	4.019735593619137154e-02
8.513115030068768829e+04	3.149839414487956013e-01	4.032927059880542925e-02
8.584454919422756939e+04	3.176235070986800912e-01	4.046164418541015051e-02
8.656351302181060601e+04	3.202836629266363477e-01	4.059447827449759461e-02
8.728808404278128000e+04	3.229645652916546816e-01	4.072777445027610937e-02
8.801830483354818716e+04	3.256663717258582169e-01	4.086153430269036380e-02
8.875421828995276883e+04	3.283892409432669357e-01	4.099575942743984014e-02
8.949586762965291564e+04	3.311333328486176786e-01	4.113045142599736775e-02
9.024329639452522679e+04	3.338988085462516464e-01	4.126561190562932913e-02
9.099654845308318909e+04	3.366858303490622983e-01	4.140124247941426305e-02
9.175566800291594700e+04	3.394945617875184674e-01	4.153734476626206457e-02
9.252069957314510248e+04	3.423251676187542558e-01	4.167392039093374689e-02
9.329168802689705626e+04	3.451778138357173842e-01	4.181097098406062751e-02
9.406867856379749719e+04	3.480526676763979199e-01	4.194849818216463133e-02
9.485171672248122923e+04	3.509498976331151820e-01	4.208650362767702574e-02
9.564084838312218199e+04	3.538696734618785311e-01	4.222498896895900133e-02
9.643611976998332830e+04	3.568121661918219334e-01	4.236395586032033755e-02
9.723757745398265251e+04	3.597775481346983661e-01	4.250340596204076060e-02
9.804526835528106312e+04	3.627659928944546586e-01	4.264334094038924050e-02
9.885923974588813144e+04	3.657776753768727795e-01	4.278376246764328816e-02
9.967953925228743174e+04	3.688127717992839005e-01	4.292467222211088923e-02
1.005062148580813082e+05	3.718714597003534572e-01	4.306607188814932929e-02
1.013393149066558399e+05	3.749539179499418728e-01	4.320796315618605915e-02
1.021788881038661202e+05	3.780603267590399441e-01	4.335034772273942127e-02
1.030249835207387077e+05	3.811908676897677872e-01	4.349322729043842567e-02
1.038776505961973744e+05	3.843457236654604370e-01	4.363660356804394125e-02
1.047369391398079897e+05	3.875250789808231677e-01	4.378047827046909618e-02
1.056028993345454364e+05	3.907291193121697481e-01	4.392485311880040683e-02
1.064755817395757476e+05	3.939580317277158183e-01	4.406972984031819890e-02
1.073550372930659069e+05	3.972120046979756847e-01	4.421511016851810416e-02
1.082413173150098155e+05	4.004912281062176227e-01	4.436099584313128730e-02
1.091344735100771504e+05	4.037958932590052785e-01	4.450738861014592873e-02
1.100345579704843985e+05	4.071261928968198385e-01	4.465429022182959562e-02
1.109416231788840378e+05	4.104823212047505887e-01	4.480170243674824748e-02
1.118557220112779178e+05	4.138644738232739595e-01	4.494962701978925945e-02
1.127769077399514499e+05	4.172728478591101187e-01	4.509806574218280795e-02
1.137052340364294068e+05	4.207076418961594455e-01	4.524702038152304817e-02
1.146407549744563294e+05	4.241690560065297655e-01	4.539649272178927081e-02
1.155835250329927803e+05	4.276572917616227043e-01	4.554648455336864077e-02
1.165335990992422594e+05	4.311725522433332292e-01	4.569699767307805471e-02
1.174910324716922623e+05	4.347150420553014816e-01	4.584803388418487446e-02
1.184558808631860884e+05	4.382849673342779639e-01	4.599959499642967964e-02
1.194282004040096508e+05	4.418825357615457361e-01	4.615168282604813210e-02
1.204080476450086280e+05	4.455079565744526349e-01	4.630429919579399922e-02
1.213954795607224369e+05	4.491614405780078867e-01	4.645744593496015096e-02
1.223905535525455489e+05	4.528432001565783627e-01	4.661112487940194393e-02
1.233933274519114493e+05	4.565534492856694326e-01	4.676533787155912752e-02
1.244038595234985842e+05	4.602924035437868100e-01	4.692008676047807608e-02
1.254222084684628644e+05	4.640602801243971509e-01	4.707537340183563096e-02
1.264484334276933805e+05	4.678572978479731415e-01	4.723119965796040293e-02
1.274825939850905124e+05	4.716836771741239054e-01	4.738756739785623257e-02
1.285247501708702330e+05	4.755396402138196144e-01	4.754447849722533148e-02
1.295749624648928439e+05	4.794254107417084687e-01	4.770193483849053534e-02
1.306332918000165810e+05	4.833412142085248275e-01	4.785993831081955530e-02
1.316997995654744736e+05	4.872872777535835476e-01	4.801849081014696735e-02
1.327745476102776011e+05	4.912638302173716887e-01	4.817759423919785317e-02
1.338575982466473070e+05	4.952711021542481329e-01	4.833725050751166291e-02
1.349490142534639454e+05	4.993093258452037664e-01	4.849746153146460015e-02
1.360488588797511475e+05	5.033787353107529450e-01	4.865822923429493491e-02
1.371571958481790789e+05	5.074795663238959031e-01	4.881955554612409792e-02
1.382740893585961894e+05	5.116120564231856349e-01	4.898144240398213251e-02
1.393996040915910853e+05	5.157764449259074624e-01	4.914389175183273006e-02
1.405338052120720095e+05	5.199729729413226087e-01	4.930690554059379699e-02
1.416767583728802274e+05	5.242018833840375036e-01	4.947048572816400980e-02
1.428285297184296651e+05	5.284634209874710109e-01	4.963463427944576206e-02
1.439891858883705863e+05	5.327578323174095853e-01	4.979935316637035952e-02
1.451587940212797839e+05	5.370853657856609065e-01	4.996464436792115438e-02
1.463374217583863065e+05	5.414462716638389628e-01	5.013050987015929549e-02
1.475251372473142110e+05	5.458408020972124186e-01	5.029695166624569003e-02
1.487220091458598035e+05	5.502692111186805457e-01	5.046397175646932798e-02
1.499281066257955099e+05	5.547317546628466323e-01	5.063157214826878583e-02
1.511434993766997359e+05	5.592286905801896468e-01	5.079975485625772696e-02
1.523682576098216523e+05	5.637602786513623565e-01	5.096852190225137358e-02
1.536024520619657123e+05	5.683267806015656065e-01	5.113787531528874580e-02
1.548461539994119375e+05	5.729284601150523848e-01	5.130781713165995239e-02
1.560994352218631830e+05	5.775655828497326949e-01	5.147834939493101808e-02
1.573623680664217973e+05	5.822384164518874528e-01	5.164947415596706642e-02
1.586350254115951539e+05	5.869472305709882987e-01	5.182119347296073458e-02
1.599174806813324103e+05	5.916922968746345379e-01	5.199350941145580024e-02
1.612098078490878106e+05	5.964738890635865598e-01	5.216642404437275143e-02
1.625120814419231901e+05	6.012922828869448066e-01	5.233993945203453679e-02
1.638243765446274192e+05	6.061477561573929140e-01	5.251405772219301660e-02
1.651467688038794440e+05	6.110405887665996127e-01	5.268878095005293666e-02
1.664793344324333302e+05	6.159710627007033423e-01	5.286411123830104392e-02
1.678221502133370377e+05	6.209394620559229860e-01	5.304005069712865172e-02
1.691752935041885648e+05	6.259460730543042750e-01	5.321660144426000605e-02
1.705388422414129600e+05	6.309911840595449073e-01	5.339376560497761243e-02
1.719128749445813592e+05	6.360750855929753200e-01	5.357154531214882581e-02
1.732974707207535685e+05	6.411980703496260592e-01	5.374994270625236409e-02
1.746927092688584526e+05	6.463604332144344822e-01	5.392895993540439137e-02
1.760986708841057552e+05	6.515624712785700323e-01	5.410859915538502457e-02
1.775154364624283044e+05	6.568044838558682041e-01	5.428886252966676207e-02
1.789430875049655733e+05	6.620867724994213832e-01	5.446975222943842981e-02
1.803817061225659854e+05	6.674096410182366323e-01	5.465127043363436632e-02
1.818313750403359008e+05	6.727733954940670058e-01	5.483341932896106108e-02
1.832921776022181148e+05	6.781783442983515542e-01	5.501620110992381379e-02
1.847641977756010892e+05	6.836247981092699044e-01	5.519961797885380994e-02
1.862475201559647394e+05	6.891130699289316208e-01	5.538367214593623022e-02
1.877422299715665577e+05	6.946434751007144470e-01	5.556836582923677798e-02
1.892484130881521851e+05	7.002163313266932532e-01	5.575370125472983024e-02
1.907661560137111228e+05	7.058319586852367378e-01	5.593968065632614478e-02
1.922955459032574436e+05	7.114906796486958340e-01	5.612630627589988708e-02
1.938366705636540428e+05	7.171928191012526543e-01	5.631358036331800959e-02
1.953896184584708244e+05	7.229387043568961113e-01	5.650150517646599507e-02
1.969544787128778698e+05	7.287286651775274349e-01	5.669008298127854728e-02
1.985313411185773148e+05	7.345630337912067986e-01	5.687931605176493183e-02
2.001202961387662799e+05	7.404421449105162978e-01	5.706920667003890363e-02
2.017214349131451454e+05	7.463663357510915697e-01	5.725975712634761433e-02
2.033348492629569082e+05	7.523359460502661022e-01	5.745096971909911115e-02
2.049606316960628901e+05	7.583513180858517666e-01	5.764284675489014798e-02
2.065988754120620433e+05	7.644127966950801101e-01	5.783539054853694544e-02
2.082496743074463739e+05	7.705207292936776531e-01	5.802860342310302982e-02
2.099131229807925411e+05	7.766754658950743018e-01	5.822248770992732164e-02
2.115893167379916413e+05	7.828773591297536472e-01	5.841704574865433375e-02
2.132783515975191549e+05	7.891267642647519232e-01	5.861227988726242649e-02
2.149803242957478215e+05	7.954240392233150603e-01	5.880819248209440825e-02
2.166953322922963125e+05	8.017695446046894103e-01	5.900478589788491629e-02
2.184234737754115777e+05	8.081636437040354837e-01	5.920206250779182222e-02
2.201648476674062549e+05	8.146067025325470778e-01	5.940002469342395286e-02
2.219195536301230895e+05	8.210990898376691050e-01	5.959867484487239159e-02
2.236876920704451913e+05	8.276411771234859494e-01	5.979801536073931639e-02
2.254693641458474740e+05	8.342333386712604826e-01	5.999804864816877387e-02
2.272646717699884030e+05	8.408759515601251788e-01	6.019877712287503152e-02
2.290737176183458650e+05	8.475693956879334356e-01	6.040020320917449670e-02
2.308966051338914840e+05	8.543140537922555566e-01	6.060232934001481137e-02
2.327334385328053031e+05	8.611103114715216167e-01	6.080515795700600079e-02
2.345843228102425346e+05	8.679585572063596155e-01	6.100869151045033856e-02
2.364493637461295002e+05	8.748591823810393242e-01	6.121293245937309974e-02
2.383286679110178957e+05	8.818125813051344020e-01	6.141788327155308508e-02
2.402223426719668787e+05	8.888191512352844326e-01	6.162354642355401951e-02
2.421304961984853726e+05	8.958792923971825584e-01	6.182992440075475021e-02
2.440532374685003306e+05	9.029934080076573721e-01	6.203701969738051325e-02
2.459906762743872532e+05	9.101619042969858464e-01	6.224483481653390882e-02
2.479429232290326909e+05	9.173851905313245014e-01	6.245337227022687565e-02
2.499100897719469795e+05	9.246636790353267576e-01	6.266263457941129156e-02
2.518922881754248810e+05	9.319977852149371467e-01	6.287262427401084375e-02
2.538896315507457184e+05	9.393879275803307394e-01	6.308334389295212896e-02
2.559022338544234517e+05	9.468345277690400907e-01	6.329479598419747444e-02
2.579302098945057660e+05	9.543380105692604864e-01	6.350698310477538577e-02
2.599736753369121579e+05	9.618988039433006287e-01	6.371990782081322913e-02
2.620327467118292698e+05	9.695173390512467071e-01	6.393357270756963584e-02
2.641075414201439708e+05	9.771940502747632484e-01	6.414798034946575522e-02
2.661981777399319108e+05	9.849293752411014680e-01	6.436313334011922738e-02
2.683047748329892056e+05	9.927237548472657158e-01	6.457903428237407595e-02
2.704274527514205547e+05	1.000577633284390311e+00	6.479568578833555526e-02
2.725663324442588491e+05	1.008491458062231727e+00	6.501309047940172225e-02
2.747215357641577139e+05	1.016465680033930230e+00	6.523125098629641017e-02
2.768931854741167626e+05	1.024500753420894084e+00	6.545016994910245189e-02
2.790814052542582504e+05	1.032597135837872271e+00	6.566985001729384874e-02
2.812863197086668806e+05	1.040755288318263361e+00	6.589029384977032611e-02
2.835080543722618022e+05	1.048975675339538949e+00	6.611150411488860013e-02
2.857467357177416561e+05	1.057258764848943100e+00	6.633348349049814074e-02
2.880024911625509267e+05	1.065605028289265954e+00	6.655623466397277144e-02
2.902754490759330802e+05	1.074014940624941294e+00	6.677976033224534980e-02
2.925657387860109448e+05	1.082488980368242704e+00	6.700406320184140729e-02
2.948734905869310605e+05	1.091027629605718863e+00	6.722914598891223392e-02
2.971988357460540137e+05	1.099631374024796271e+00	6.745501141927053024e-02
2.995419065112084500e+05	1.108300702940620885e+00	6.768166222842243729e-02
3.019028361179884523e+05	1.117036109323056525e+00	6.790910116160314702e-02
3.042817587971098255e+05	1.125838089823903765e+00	6.813733097381161063e-02
3.066788097818269162e+05	1.134707144804342205e+00	6.836635442984342892e-02
3.090941253153878497e+05	1.143643778362514407e+00	6.859617430432782270e-02
3.115278426585614798e+05	1.152648498361375839e+00	6.882679338175996808e-02
3.139801000972202164e+05	1.161721816456750878e+00	6.905821445653806401e-02
3.164510369499647059e+05	1.170864248125544238e+00	6.929044033299631977e-02
3.189407935758240055e+05	1.180076312694231522e+00	6.952347382544196708e-02
3.214495113819931285e+05	1.189358533367487869e+00	6.975731775818849734e-02
3.239773328316457337e+05	1.198711437257095280e+00	6.999197496559303455e-02
3.265244014517935575e+05	1.208135555411021578e+00	7.022744829209162654e-02
3.290908618412085925e+05	1.217631422842732736e+00	7.046374059223328712e-02
3.316768596784108086e+05	1.227199578560748350e+00	7.070085473071774373e-02
3.342825417296938831e+05	1.236840565598334774e+00	7.093879358242989597e-02
3.369080558572435402e+05	1.246554931043544201e+00	7.117756003247682761e-02
3.395535510272792308e+05	1.256343226069339014e+00	7.141715697622269543e-02
3.422191773182877223e+05	1.266206005964054082e+00	7.165758731932739267e-02
3.449050859293024405e+05	1.276143830162032700e+00	7.189885397778106313e-02
3.476114291882467805e+05	1.286157262274495894e+00	7.214095987794091891e-02
3.503383605603349861e+05	1.296246870120624006e+00	7.238390795656803045e-02
3.530860346565452055e+05	1.306413225758908503e+00	7.262770116086535166e-02
3.558546072421495337e+05	1.316656905518713172e+00	7.287234244851308052e-02
3.586442352453083149e+05	1.326978490032071578e+00	7.311783478770685074e-02
3.614550767657314427e+05	1.337378564265734981e+00	7.336418115719421651e-02
3.642872910833940841e+05	1.347857717553420320e+00	7.361138454631283023e-02
3.671410386673316825e+05	1.358416543628350404e+00	7.385944795502724647e-02
3.700164811844911310e+05	1.369055640656004380e+00	7.410837439396739112e-02
3.729137815086444025e+05	1.379775611267097801e+00	7.435816688446521272e-02
3.758331037293841364e+05	1.390577062590865998e+00	7.460882845859406753e-02
3.787746131611629389e+05	1.401460606288508881e+00	7.486036215920581494e-02
3.817384763524259324e+05	1.412426858586981693e+00	7.511277103996909232e-02
3.847248610947845737e+05	1.423476440312939184e+00	7.536605816540767333e-02
3.877339364322820329e+05	1.434609976927015085e+00	7.562022661093970033e-02
3.907658726707161986e+05	1.445828098558319175e+00	7.587527946291494629e-02
3.938208413870279910e+05	1.457131440039171721e+00	7.613121981865580978e-02
3.968990154387704679e+05	1.468520640940141453e+00	7.638805078649346658e-02
4.000005689736359054e+05	1.479996345605294250e+00	7.664577548580868427e-02
4.031256774390710634e+05	1.491559203187769578e+00	7.690439704707106860e-02
4.062745175919435569e+05	1.503209867685546319e+00	7.716391861187753276e-02
4.094472675082954811e+05	1.514948997977530798e+00	7.742434333299283433e-02
4.126441065931575722e+05	1.526777257859868620e+00	7.768567437438778089e-02
4.158652155904542888e+05	1.538695316082594244e+00	7.794791491128011396e-02
4.191107765929584857e+05	1.550703846386462637e+00	7.821106813017408843e-02
4.223809730523393373e+05	1.562803527540126636e+00	7.847513722890119003e-02
4.256759897892778972e+05	1.574995043377563908e+00	7.874012541665929843e-02
4.289960130036577466e+05	1.587279082835782562e+00	7.900603591405334913e-02
4.323412302848283434e+05	1.599656339992795884e+00	7.927287195313650892e-02
4.357118306219552760e+05	1.612127514105917037e+00	7.954063677744939442e-02
4.391080044144344865e+05	1.624693309650292683e+00	7.980933364206277414e-02
4.425299434823928168e+05	1.637354436357753462e+00	8.007896581361677313e-02
4.459778410772639909e+05	1.650111609255947132e+00	8.034953657036322805e-02
4.494518918924379977e+05	1.662965548707738384e+00	8.062104920220662663e-02
4.529522920740011614e+05	1.675916980450949723e+00	8.089350701074385364e-02
4.564792392315469333e+05	1.688966635638359248e+00	8.116691330930911330e-02
4.600329324490707368e+05	1.702115250878012187e+00	8.144127142301212097e-02
4.636135722959357663e+05	1.715363568273794215e+00	8.171658468878224835e-02
4.672213608379480429e+05	1.728712335466408900e+00	8.199285645540972667e-02
4.708565016484792577e+05	1.742162305674532341e+00	8.227009008358787678e-02
4.745191998196885688e+05	1.755714237736333061e+00	8.254828894595500621e-02
4.782096619738384034e+05	1.769368896151340742e+00	8.282745642713762457e-02
4.819280962746710866e+05	1.783127051122540108e+00	8.310759592379249328e-02
4.856747124388945522e+05	1.796989478598866263e+00	8.338871084464929972e-02
4.894497217477259692e+05	1.810956960317918307e+00	8.367080461055467766e-02
4.932533370585463126e+05	1.825030283849078616e+00	8.395388065451316051e-02
4.970857728166347952e+05	1.839210242636932113e+00	8.423794242173285318e-02
5.009472450669812970e+05	1.853497636044970420e+00	8.452299336966689891e-02
5.048379714661971666e+05	1.867893269399663270e+00	8.480903696805865144e-02
5.087581712944980827e+05	1.882397954034794152e+00	8.509607669898344717e-02
5.127080654678081628e+05	1.897012507336244491e+00	8.538411605689386064e-02
5.166878765499183210e+05	1.911737752786981215e+00	8.567315854866391911e-02
5.206978287647553370e+05	1.926574520012450220e+00	8.596320769363138825e-02
5.247381480087395757e+05	1.941523644826302020e+00	8.625426702364438758e-02
5.288090618632305413e+05	1.956585969276437798e+00	8.654634008310604920e-02
5.329107996070666704e+05	1.971762341691407405e+00	8.683943042901628995e-02
5.370435922291973839e+05	1.987053616727148864e+00	8.713354163101902361e-02
5.412076724414126948e+05	2.002460655414085355e+00	8.742867727144618128e-02
5.454032746911683353e+05	2.017984325204580376e+00	8.772484094536454891e-02
5.496306351744994754e+05	2.033625500020718402e+00	8.802203626061784469e-02
5.538899918490231503e+05	2.049385060302410189e+00	8.832026683787534693e-02
5.581815844470745651e+05	2.065263893056000999e+00	8.861953631067596981e-02
5.625056544888806529e+05	2.081262891903009393e+00	8.891984832547498996e-02
5.668624452958990587e+05	2.097382957129486414e+00	8.922120654168742837e-02
5.712522020042018266e+05	2.113624995735527090e+00	8.952361463173763578e-02
5.756751715779824881e+05	2.129989921485253568e+00	8.982707628110501996e-02
5.801316028231657110e+05	2.146478654957168608e+00	9.013159518836762196e-02
5.846217464011083357e+05	2.163092123594844818e+00	9.043717506525275618e-02
5.891458548424113542e+05	2.179831261758036653e+00	9.074381963667971229e-02
5.937041825608258368e+05	2.196697010774125491e+00	9.105153264080967368e-02
5.982969858672678238e+05	2.213690318989978589e+00	9.136031782909327659e-02
6.029245229839347303e+05	2.230812141824176642e+00	9.167017896631290963e-02
6.075870540585429408e+05	2.248063441819695196e+00	9.198111983063821107e-02
6.122848411786232609e+05	2.265445188696796563e+00	9.229314421366728582e-02
6.170181483860005392e+05	2.282958359406603854e+00	9.260625592047604104e-02
6.217872416912919143e+05	2.300603938184744290e+00	9.292045876966782691e-02
6.265923890885876026e+05	2.318382916605667976e+00	9.323575659342241140e-02
6.314338605701962952e+05	2.336296293637207810e+00	9.355215323753870993e-02
6.363119281415176811e+05	2.354345075695604361e+00	9.386965256148988024e-02
6.412268658360263798e+05	2.372530276700948182e+00	9.418825843846821699e-02
6.461789497303530807e+05	2.390852918132977845e+00	9.450797475543568082e-02
6.511684579595011892e+05	2.409314029087384679e+00	9.482880541317134648e-02
6.561956707321442664e+05	2.427914646332410165e+00	9.515075432632340291e-02
6.612608703460826073e+05	2.446655814366036186e+00	9.547382542345393686e-02
6.663643412037565140e+05	2.465538585473384003e+00	9.579802264709434689e-02
6.715063698279383825e+05	2.484564019784773592e+00	9.612334995379025193e-02
6.766872448774800869e+05	2.503733185333991695e+00	9.644981131415385212e-02
6.819072571632297477e+05	2.523047158117179389e+00	9.677741071291307007e-02
6.871666996640311554e+05	2.542507022152033613e+00	9.710615214896382852e-02
6.924658675428617280e+05	2.562113869537515409e+00	9.743603963541697111e-02
6.978050581630809465e+05	2.581868800513967610e+00	9.776707719965210819e-02
7.031845711048019584e+05	2.601772923523694381e+00	9.809926888336742423e-02
7.086047081813759869e+05	2.621827355271946658e+00	9.843261874262931865e-02
7.140657734560297104e+05	2.642033220788487125e+00	9.876713084792730635e-02
7.195680732585926307e+05	2.662391653489475374e+00	9.910280928422010582e-02
7.251119162023611134e+05	2.682903795239868217e+00	9.943965815099164995e-02
7.306976132010802394e+05	2.703570796416250310e+00	9.977768156230187868e-02
7.363254774860781617e+05	2.724393815970232779e+00	1.001168836468370738e-01
7.419958246234967373e+05	2.745374021492204886e+00	1.004572685479643429e-01
7.477089725316615077e+05	2.766512589275603951e+00	1.007988404237810387e-01
7.534652414985891664e+05	2.787810704381690652e+00	1.011416034471704917e-01
7.592649541996201733e+05	2.809269560704792834e+00	1.014855618058531361e-01
7.651084357151649892e+05	2.830890361037962322e+00	1.018307197024375943e-01
7.709960135486231884e+05	2.852674317139278770e+00	1.021770813544777001e-01
7.769280176443709061e+05	2.874622649798402207e+00	1.025246509945232642e-01
7.829047804059655173e+05	2.896736588903926268e+00	1.028734328701733924e-01
7.889266367144125979e+05	2.919017373510974345e+00	1.032234312441311225e-01
7.949939239466051804e+05	2.941466251909413909e+00	1.035746503942578112e-01
8.011069819938926958e+05	2.964084481692569550e+00	1.039270946136250928e-01
8.072661532807907788e+05	2.986873329826444934e+00	1.042807682105708345e-01
8.134717827838270459e+05	3.009834072719454134e+00	1.046356755087525792e-01
8.197242180505139986e+05	3.032967996292619262e+00	1.049918208472042924e-01
8.260238092184980633e+05	3.056276396050422672e+00	1.053492085803895556e-01
8.323709090348012978e+05	3.079760577152000689e+00	1.057078430782549261e-01
8.387658728752648458e+05	3.103421854483083830e+00	1.060677287262888624e-01
8.452090587640751619e+05	3.127261552728244798e+00	1.064288699255728499e-01
8.517008273934836034e+05	3.151281006443858779e+00	1.067912710928432263e-01
8.582415421436586184e+05	3.175481560131558911e+00	1.071549366605396847e-01
8.648315691026718123e+05	3.199864568312181135e+00	1.075198710768672378e-01
8.714712770866380306e+05	3.224431395600285466e+00	1.078860788058487175e-01
8.781610376600248273e+05	3.249183416779298117e+00	1.082535643273843384e-01
8.849012251560811419e+05	3.274122016877098584e+00	1.086223321373037121e-01
8.916922166974537540e+05	3.299248591242301298e+00	1.089923867474295871e-01
8.985343922169157304e+05	3.324564545620947609e+00	1.093637326856275460e-01
9.054281344782900997e+05	3.350071296233926965e+00	1.097363744958676779e-01
9.123738290974939009e+05	3.375770269854835082e+00	1.101103167382827541e-01
9.193718645637738518e+05	3.401662903888550193e+00	1.104855639892219771e-01
9.264226322610534262e+05	3.427750646450214767e+00	1.108621208413123338e-01
9.335265264894904103e+05	3.454034956444997029e+00	1.112399919035147039e-01
9.406839444871548330e+05	3.480517303648299698e+00	1.116191818011828679e-01
9.478952864518940914e+05	3.507199168786664156e+00	1.119996951761244308e-01
9.551609555633451091e+05	3.534082043619209301e+00	1.123815366866538212e-01
9.624813580051040044e+05	3.561167431019662821e+00	1.127647110076569203e-01
9.698569029870925006e+05	3.588456845059116329e+00	1.131492228306465730e-01
9.772880027680487838e+05	3.615951811089238355e+00	1.135350768638230812e-01
9.847750726782249985e+05	3.643653865826259608e+00	1.139222778321364316e-01
9.923185311422155937e+05	3.671564557435433418e+00	1.143108304773406275e-01
9.999187997019869508e+05	3.699685445616247570e+00	1.147007395580584427e-01
1.007576303040057304e+06	3.728018101688186370e+00	1.150920098498390831e-01
1.015291469002875034e+06	3.756564108677236113e+00	1.154846461452198464e-01
1.023064728624323150e+06	3.785325061402843527e+00	1.158786532537874475e-01
1.030896516149446717e+06	3.814302566565713981e+00	1.162740360022362501e-01
1.038787269058344187e+06	3.843498242836203005e+00	1.166707992344316464e-01
1.046737428090217058e+06	3.872913720943305549e+00	1.170689478114702725e-01
1.054747437267617323e+06	3.902550643764367333e+00	1.174684866117425563e-01
1.062817743920854991e+06	3.932410666415393052e+00	1.178694205309928494e-01
1.070948798712646822e+06	3.962495456342246758e+00	1.182717544823835842e-01
1.079141055662833853e+06	3.992806693412107588e+00	1.186754933965566416e-01
1.087394972173399758e+06	4.023346070006033059e+00	1.190806422216938720e-01
1.095711009053612128e+06	4.054115291111989094e+00	1.194872059235822237e-01
1.104089630545385182e+06	4.085116074418681187e+00	1.198951894856761374e-01
1.112531304348779144e+06	4.116350150409913589e+00	1.203045979091592887e-01
1.121036501647721743e+06	4.147819262459749190e+00	1.207154362130097441e-01
1.129605697135962313e+06	4.179525166928541147e+00	1.211277094340628691e-01
1.138239369043135084e+06	4.211469633259373957e+00	1.215414226270741110e-01
1.146937999161069049e+06	4.243654444075398047e+00	1.219565808647839339e-01
1.155702072870296659e+06	4.276081395277919306e+00	1.223731892379825992e-01
1.164532079166712938e+06	4.308752296145039296e+00	1.227912528555737681e-01
1.173428510688510258e+06	4.341668969431302649e+00	1.232107768446394636e-01
1.182391863743217895e+06	4.374833251467755701e+00	1.236317663505053233e-01
1.191422638335044496e+06	4.408246992263106456e+00	1.240542265368047015e-01
1.200521338192307623e+06	4.441912055605217624e+00	1.244781625855459345e-01
1.209688470795199275e+06	4.475830319163826232e+00	1.249035796971762202e-01
1.218924547403645003e+06	4.510003674593644263e+00	1.253304830906482870e-01
1.228230083085441729e+06	4.544434027638447837e+00	1.257588780034863407e-01
1.237605596744548064e+06	4.579123298235759698e+00	1.261887696918527479e-01
1.247051611149649136e+06	4.614073420622539778e+00	1.266201634306144685e-01
1.256568652962874155e+06	4.649286343441436209e+00	1.270530645134106962e-01
1.266157252768758452e+06	4.684764029847945821e+00	1.274874782527179451e-01
1.275817945103410399e+06	4.720508457618333154e+00	1.279234099799194391e-01
1.285551268483925145e+06	4.756521619258456290e+00	1.283608650453700040e-01
1.295357765437944559e+06	4.792805522113146033e+00	1.287998488184679824e-01
1.305237982533542439e+06	4.829362188476769013e+00	1.292403666877201263e-01
1.315192470409229165e+06	4.866193655704258880e+00	1.296824240608100698e-01
1.325221783804225270e+06	4.903301976323115596e+00	1.301260263646681625e-01
1.335326481588982046e+06	4.940689218146337325e+00	1.305711790455404142e-01
1.345507126795890043e+06	4.978357464386043318e+00	1.310178875690559130e-01
1.355764286650228547e+06	5.016308813767977881e+00	1.314661574202969363e-01
1.366098532601355575e+06	5.054545380646926489e+00	1.319159941038685890e-01
1.376510440354115330e+06	5.093069295122906404e+00	1.323674031439688314e-01
1.387000589900484541e+06	5.131882703158272996e+00	1.328203900844582563e-01
1.397569565551450476e+06	5.170987766695659182e+00	1.332749604889306716e-01
1.408217955969162751e+06	5.210386663776940708e+00	1.337311199407826834e-01
1.418946354199229274e+06	5.250081588662724563e+00	1.341888740432859439e-01
1.429755357703375630e+06	5.290074751953197207e+00	1.346482284196563739e-01
1.440645568392244168e+06	5.330368380709473719e+00	1.351091887131279923e-01
1.451617592658488313e+06	5.370964718576049179e+00	1.355717605870215559e-01
1.462672041410135804e+06	5.411866025904242150e+00	1.360359497248185279e-01
1.473809530104122125e+06	5.453074579876265204e+00	1.365017618302329372e-01
1.485030678780132206e+06	5.494592674630446538e+00	1.369692026272823770e-01
1.496336112094685668e+06	5.536422621387333542e+00	1.374382778603629174e-01
1.507726459355471889e+06	5.578566748576742285e+00	1.379089932943192431e-01
1.519202354555934202e+06	5.621027401965709380e+00	1.383813547145197886e-01
1.530764436410093447e+06	5.663806944787349806e+00	1.388553679269289853e-01
1.542413348387685604e+06	5.706907757870852471e+00	1.393310387581819798e-01
1.554149738749508280e+06	5.750332239772276033e+00	1.398083730556586024e-01
1.565974260583047057e+06	5.794082806906352801e+00	1.402873766875550043e-01
1.577887571838386590e+06	5.838161893679366443e+00	1.407680555429619007e-01
1.589890335364325903e+06	5.882571952622777545e+00	1.412504155319364296e-01
1.601983218944842229e+06	5.927315454528136129e+00	1.417344625855786466e-01
1.614166895335794892e+06	5.972394888582893913e+00	1.422202026561060484e-01
1.626442042301862501e+06	6.017812762507057656e+00	1.427076417169294009e-01
1.638809342653825879e+06	6.063571602691147255e+00	1.431967857627282625e-01
1.651269484286054270e+06	6.109673954334889245e+00	1.436876408095278113e-01
1.663823160214329371e+06	6.156122381587167958e+00	1.441802128947747841e-01
1.676471068613932002e+06	6.202919467686938582e+00	1.446745080774147763e-01
1.689213912857978372e+06	6.250067815105081692e+00	1.451705324379665152e-01
1.702052401556110010e+06	6.297570045687548301e+00	1.456682920786029900e-01
1.714987248593400000e+06	6.345428800799311375e+00	1.461677931232246153e-01
1.728019173169585876e+06	6.393646741469532380e+00	1.466690417175400551e-01
1.741148899838593323e+06	6.442226548537793640e+00	1.471720440291447163e-01
1.754377158548365114e+06	6.491170922801467569e+00	1.476768062475961596e-01
1.767704684680937324e+06	6.540482585163996276e+00	1.481833345844951744e-01
1.781132219092851505e+06	6.590164276784419073e+00	1.486916352735633828e-01
1.794660508155888412e+06	6.640218759228085688e+00	1.492017145707233705e-01
1.808290303798023378e+06	6.690648814618185725e+00	1.497135787541765128e-01
1.822022363544829190e+06	6.741457245788943453e+00	1.502272341244839937e-01
1.835857450560980244e+06	6.792646876439187409e+00	1.507426870046461587e-01
1.849796333692279411e+06	6.844220551287833132e+00	1.512599437401833391e-01
1.863839787507846486e+06	6.896181136230000952e+00	1.517790106992176202e-01
1.877988592342704535e+06	6.948531518494568182e+00	1.522998942725510008e-01
1.892243534340627026e+06	7.001274606802710743e+00	1.528226008737477160e-01
1.906605405497333733e+06	7.054413331527727316e+00	1.533471369392167272e-01
1.921075003704027040e+06	7.107950644856115829e+00	1.538735089282922130e-01
1.935653132791165961e+06	7.161889520949549670e+00	1.544017233233147823e-01
1.950340602572706994e+06	7.216232956108555641e+00	1.549317866297182933e-01
1.965138228890524479e+06	7.270983968936876707e+00	1.554637053761055709e-01
1.980046833659271710e+06	7.326145600507453892e+00	1.559974861143375857e-01
1.995067244911506074e+06	7.381720914529388722e+00	1.565331354196135838e-01
2.010200296843185322e+06	7.437712997516280566e+00	1.570706598905548257e-01
2.025446829859507969e+06	7.494124958955833193e+00	1.576100661492885746e-01
2.040807690621052869e+06	7.550959931480575982e+00	1.581513608415332506e-01
2.056283732090310659e+06	7.608221071040019545e+00	1.586945506366805592e-01
2.071875813578532776e+06	7.665911557074005955e+00	1.592396422278834212e-01
2.087584800792931812e+06	7.724034592687348599e+00	1.597866423321388785e-01
2.103411565884216689e+06	7.782593404825702166e+00	1.603355576903734980e-01
2.119356987494535279e+06	7.841591244452959408e+00	1.608863950675300525e-01
2.135421950805723201e+06	7.901031386729771455e+00	1.614391612526527853e-01
2.151607347587924451e+06	7.960917131193438578e+00	1.619938630589726203e-01
2.167914076248562895e+06	8.021251801939101256e+00	1.625505073239964793e-01
2.184343041881712154e+06	8.082038747802418044e+00	1.631091009095920474e-01
2.200895156317759305e+06	8.143281342543311041e+00	1.636696507020749813e-01
2.217571338173564058e+06	8.204982985031561427e+00	1.642321636122986428e-01
2.234372512902852613e+06	8.267147099433259427e+00	1.647966465757389476e-01
2.251299612847083248e+06	8.329777135399014654e+00	1.653631065525841826e-01
2.268353577286630869e+06	8.392876568253324621e+00	1.659315505278241287e-01
2.285535352492398582e+06	8.456448899185552648e+00	1.665019855113361869e-01
2.302845891777793877e+06	8.520497655442229146e+00	1.670744185379776925e-01
2.320286155551024247e+06	8.585026390520550166e+00	1.676488566676737069e-01
2.337857111367890146e+06	8.650038684363702046e+00	1.682253069855077499e-01
2.355559733985002618e+06	8.715538143557777673e+00	1.688037766018101182e-01
2.373395005413141567e+06	8.781528401529191896e+00	1.693842726522500897e-01
2.391363914971350227e+06	8.848013118744830763e+00	1.699668022979219373e-01
2.409467459341149312e+06	8.914995982912655492e+00	1.705513727254464318e-01
2.427706642621352337e+06	8.982480709184496703e+00	1.711379911470517212e-01
2.446082476383209229e+06	9.050471040360111630e+00	1.717266648006691987e-01
2.464595979725881945e+06	9.118970747092417284e+00	1.723174009500291481e-01
2.483248179332494736e+06	9.187983628094888999e+00	1.729102068847438445e-01
2.502040109526452143e+06	9.257513510349941299e+00	1.735050899204111374e-01
2.520972812328303698e+06	9.327564249319310719e+00	1.741020573986981901e-01
2.540047337512890343e+06	9.398139729155513322e+00	1.747011166874412602e-01
2.559264742667063605e+06	9.469243862915389442e+00	1.753022751807339075e-01
2.578626093247695826e+06	9.540880592774758640e+00	1.759055402990283568e-01
2.598132462640289683e+06	9.613053890245256028e+00	1.765109194892229560e-01
2.617784932217771187e+06	9.685767756391877370e+00	1.771184202247612915e-01
2.637584591399979778e+06	9.759026222053083899e+00	1.777280500057246415e-01
2.657532537713496946e+06	9.832833348062177237e+00	1.783398163589293983e-01
2.677629876851836219e+06	9.907193225469990594e+00	1.789537268380197443e-01
2.697877722736204043e+06	9.982109975769709820e+00	1.795697890235674610e-01
2.718277197576655541e+06	1.005758775112315107e+01	1.801880105231674356e-01
2.738829431933752727e+06	1.013363073458888586e+01	1.808083989715320028e-01
2.759535564780547749e+06	1.021024314035158476e+01	1.814309620305911142e-01
2.780396743565225042e+06	1.028742921395379462e+01	1.820557073895887612e-01
2.801414124274048954e+06	1.036519323252884028e+01	1.826826427651797036e-01
2.822588871494839899e+06	1.044353950503568562e+01	1.833117759015291393e-01
2.843922158480905928e+06	1.052247237249547673e+01	1.839431145704109871e-01
2.865415167215504218e+06	1.060199620823006050e+01	1.845766665713057808e-01
2.887069088476711884e+06	1.068211541810198462e+01	1.852124397315037252e-01
2.908885121902789455e+06	1.076283444075636631e+01	1.858504419061979829e-01
2.930864476058060303e+06	1.084415774786462450e+01	1.864906809785880915e-01
2.953008368499291595e+06	1.092608984437010378e+01	1.871331648599827979e-01
2.975318025842457544e+06	1.100863526873508391e+01	1.877779014898954268e-01
2.997794683830224443e+06	1.109179859319048056e+01	1.884248988361487964e-01
3.020439587399660610e+06	1.117558442398638441e+01	1.890741648949791631e-01
3.043253990750623867e+06	1.125999740164505525e+01	1.897257076911290086e-01
3.066239157414685935e+06	1.134504220121599083e+01	1.903795352779579508e-01
3.089396360324402805e+06	1.143072353253219120e+01	1.910356557375375852e-01
3.112726881883240305e+06	1.151704614046889041e+01	1.916940771807658650e-01
3.136232014035989065e+06	1.160401480520410011e+01	1.923548077474567242e-01
3.159913058339667041e+06	1.169163434248093481e+01	1.930178556064561790e-01
3.183771326035039034e+06	1.177990960387224284e+01	1.936832289557343378e-01
3.207808138118459377e+06	1.186884547704642578e+01	1.943509360225028904e-01
3.232024825414528605e+06	1.195844688603624917e+01	1.950209850633055908e-01
3.256422728649109602e+06	1.204871879150902814e+01	1.956933843641341098e-01
3.281003198522877879e+06	1.213966619103873512e+01	1.963681422405322285e-01
3.305767595785542391e+06	1.223129411938063171e+01	1.970452670376967030e-01
3.330717291310493369e+06	1.232360764874747083e+01	1.977247671305879528e-01
3.355853666170096956e+06	1.241661188908805791e+01	1.984066509240362819e-01
3.381178111711441539e+06	1.251031198836755465e+01	1.990909268528447962e-01
3.406692029632785823e+06	1.260471313285028927e+01	1.997776033819010921e-01
3.432396832060456276e+06	1.269982054738430577e+01	2.004666890062870022e-01
3.458293941626377404e+06	1.279563949568822245e+01	2.011581922513827059e-01
3.484384791546180379e+06	1.289217528064022034e+01	2.018521216729738665e-01
3.510670825697832741e+06	1.298943324456898019e+01	2.025484858573654567e-01
3.537153498700945638e+06	1.308741876954711714e+01	2.032472934214884785e-01
3.563834275996547658e+06	1.318613727768634192e+01	2.039485530130096258e-01
3.590714633927606046e+06	1.328559423143539320e+01	2.046522733104421676e-01
3.617796059819989372e+06	1.338579513387958997e+01	2.053584630232582753e-01
3.645080052064157557e+06	1.348674552904308577e+01	2.060671308919944100e-01
3.672568120197361801e+06	1.358845100219301649e+01	2.067782856883708109e-01
3.700261784986541606e+06	1.369091718014620263e+01	2.074919362153964386e-01
3.728162578511788510e+06	1.379414973157797952e+01	2.082080913074822737e-01
3.756272044250428677e+06	1.389815436733328902e+01	2.089267598305583062e-01
3.784591737161688041e+06	1.400293684073994704e+01	2.096479506821817551e-01
3.813123223772119731e+06	1.410850294792471971e+01	2.103716727916509766e-01
3.841868082261571661e+06	1.421485852813140838e+01	2.110979351201247023e-01
3.870827902549730614e+06	1.432200946404105224e+01	2.118267466607278160e-01
3.900004286383460741e+06	1.442996168209509378e+01	2.125581164386698696e-01
3.929398847424714360e+06	1.453872115282062438e+01	2.132920535113641824e-01
3.959013211339029949e+06	1.464829389115784863e+01	2.140285669685363379e-01
3.988849015884805005e+06	1.475868595679038719e+01	2.147676659323443649e-01
4.018907911003173795e+06	1.486990345447781081e+01	2.155093595574943954e-01
4.049191558908564970e+06	1.498195253439071628e+01	2.162536570313556561e-01
4.079701634179894347e+06	1.509483939244813833e+01	2.170005675740798168e-01
4.110439823852515314e+06	1.520857027065774680e+01	2.177501004387179806e-01
4.141407827510758769e+06	1.532315145745826612e+01	2.185022649113363691e-01
4.172607357381232083e+06	1.543858928806467468e+01	2.192570703111386132e-01
4.204040138426774181e+06	1.555489014481582544e+01	2.200145259905806061e-01
4.235707908441141248e+06	1.567206045752478083e+01	2.207746413354943482e-01
4.267612418144340627e+06	1.579010670383157766e+01	2.215374257652029666e-01
4.299755431278759614e+06	1.590903540955886797e+01	2.223028887326422842e-01
4.332138724705910310e+06	1.602885314906987801e+01	2.230710397244828613e-01
4.364764088503933512e+06	1.614956654562919525e+01	2.238418882612539240e-01
4.397633326065882109e+06	1.627118227176638854e+01	2.246154438974502510e-01
4.430748254198634997e+06	1.639370704964199987e+01	2.253917162216775849e-01
4.464110703222633339e+06	1.651714765141656827e+01	2.261707148567517756e-01
4.497722517072276212e+06	1.664151089962209795e+01	2.269524494598385012e-01
4.531585553397119045e+06	1.676680366753647533e+01	2.277369297225661504e-01
4.565701683663889766e+06	1.689303287956092703e+01	2.285241653711549414e-01
4.600072793259117752e+06	1.702020551159978012e+01	2.293141661665373532e-01
4.634700781592536718e+06	1.714832859144299704e+01	2.301069419044853570e-01
4.669587562201442197e+06	1.727740919915234841e+01	2.309025024157349004e-01
4.704735062855592929e+06	1.740745446744951153e+01	2.317008575661083092e-01
4.740145225662961602e+06	1.753847158210735202e+01	2.325020172566452936e-01
4.775820007176492363e+06	1.767046778234495363e+01	2.333059914237263222e-01
4.811761378501192667e+06	1.780345036122381686e+01	2.341127900391970773e-01
4.847971325402548537e+06	1.793742666604901714e+01	2.349224231105023208e-01
4.884451848415281624e+06	1.807240409877160303e+01	2.357349006808062142e-01
4.921204962953272276e+06	1.820839011639530369e+01	2.365502328291247125e-01
4.958232699420063756e+06	1.834539223138538944e+01	2.373684296704542396e-01
4.995537103320199065e+06	1.848341801208063373e+01	2.381895013559004182e-01
5.033120235371667892e+06	1.862247508310935729e+01	2.390134580728039693e-01
5.070984171618814580e+06	1.876257112580715614e+01	2.398403100448755210e-01
5.109131003546232358e+06	1.890371387863837072e+01	2.406700675323256156e-01
5.147562838193587959e+06	1.904591113762088028e+01	2.415027408319915803e-01
5.186281798271254636e+06	1.918917075675396333e+01	2.423383402774731132e-01
5.225290022276704200e+06	1.933350064844895755e+01	2.431768762392618188e-01
5.264589664611823857e+06	1.947890878396330905e+01	2.440183591248761830e-01
5.304182895701272413e+06	1.962540319383850473e+01	2.448627993789926904e-01
5.344071902111330070e+06	1.977299196833981298e+01	2.457102074835772754e-01
5.384258886670098640e+06	1.992168325790100880e+01	2.465605939580243766e-01
5.424746068588210270e+06	2.007148527357101031e+01	2.474139693592835587e-01
5.465535683580683544e+06	2.022240628746475011e+01	2.482703442820012318e-01
5.506629983989412896e+06	2.037445463321634520e+01	2.491297293586538508e-01
5.548031238906983286e+06	2.052763870643727984e+01	2.499921352596826407e-01
5.589741734300946817e+06	2.068196696517614086e+01	2.508575726936291272e-01
5.631763773139391094e+06	2.083744793038329490e+01	2.517260524072741368e-01
5.674099675517175347e+06	2.099409018637792457e+01	2.525975851857727439e-01
5.716751778783257119e+06	2.115190238131912537e+01	2.534721818527954085e-01
5.759722437668996863e+06	2.131089322768066197e+01	2.543498532706608972e-01
5.803014024417203851e+06	2.147107150272839959e+01	2.552306103404794468e-01
5.846628928912418894e+06	2.163244604900239310e+01	2.561144640022924857e-01
5.890569558811831288e+06	2.179502577480124259e+01	2.570014252352072481e-01
5.934838339677632786e+06	2.195881965467180308e+01	2.578915050575439349e-01
5.979437715109923854e+06	2.212383672990095462e+01	2.587847145269697169e-01
6.024370146880646236e+06	2.229008610901114196e+01	2.596810647406418426e-01
6.069638115068937652e+06	2.245757696826117567e+01	2.605805668353524673e-01
6.115244118196978234e+06	2.262631855214888432e+01	2.614832319876690403e-01
6.161190673367070034e+06	2.279632017391827503e+01	2.623890714140760805e-01
6.207480316399754956e+06	2.296759121607060550e+01	2.632980963711185063e-01
6.254115601972954348e+06	2.314014113087916158e+01	2.642103181555490732e-01
6.301099103762070648e+06	2.331397944090766572e+01	2.651257481044665965e-01
6.348433414581150748e+06	2.348911573953253651e+01	2.660443975954648321e-01
6.396121146525175311e+06	2.366555969146942573e+01	2.669662780467775276e-01
6.444164931113298982e+06	2.384332103330311980e+01	2.678914009174225286e-01
6.492567419433294795e+06	2.402240957402204202e+01	2.688197777073509931e-01
6.541331282286775298e+06	2.420283519555555785e+01	2.697514199575918314e-01
6.590459210336004384e+06	2.438460785331717062e+01	2.706863392503993659e-01
6.639953914251233451e+06	2.456773757674964997e+01	2.716245472094034885e-01
6.689818124859460630e+06	2.475223446987546794e+01	2.725660554997562102e-01
6.740054593294356950e+06	2.493810871185149836e+01	2.735108758282802088e-01
6.790666091146945953e+06	2.512537055752654069e+01	2.744590199436184874e-01
6.841655410617905669e+06	2.531403033800482660e+01	2.754104996363886393e-01
6.893025364670461975e+06	2.550409846121175761e+01	2.763653267393288426e-01
6.944778787184901536e+06	2.569558541246554029e+01	2.773235131274495169e-01
6.996918533113851212e+06	2.588850175505177020e+01	2.782850707181860894e-01
7.049447478639058769e+06	2.608285813080348703e+01	2.792500114715538717e-01
7.102368521328965202e+06	2.627866526068422814e+01	2.802183473902961075e-01
7.155684580297702923e+06	2.647593394537625855e+01	2.811900905200390155e-01
7.209398596365336329e+06	2.667467506587352588e+01	2.821652529494475536e-01
7.263513532218995504e+06	2.687489958407778801e+01	2.831438468103793515e-01
7.318032372575487942e+06	2.707661854340035390e+01	2.841258842780385874e-01
7.372958124344977550e+06	2.727984306936759396e+01	2.851113775711320852e-01
7.428293816795824096e+06	2.748458437023094092e+01	2.861003389520266338e-01
7.484042501720942557e+06	2.769085373758234780e+01	2.870927807269021415e-01
7.540207253605028614e+06	2.789866254697305692e+01	2.880887152459138956e-01
7.596791169793146662e+06	2.810802225853735337e+01	2.890881549033493814e-01
7.653797370660811663e+06	2.831894441762188208e+01	2.900911121377813817e-01
7.711228999784989282e+06	2.853144065541833641e+01	2.910975994322361760e-01
7.769089224116544239e+06	2.874552268960150769e+01	2.921076293143439750e-01
7.827381234153897502e+06	2.896120232497183267e+01	2.931212143565042338e-01
7.886108244118110277e+06	2.917849145410318101e+01	2.941383671760478546e-01
7.945273492129075341e+06	2.939740205799479966e+01	2.951591004353926184e-01
8.004880240383170545e+06	2.961794620672856126e+01	2.961834268422106620e-01
8.064931775332223624e+06	2.984013606013119357e+01	2.972113591495898488e-01
8.125431407863670960e+06	3.006398386844084314e+01	2.982429101561942519e-01
8.186382473482134752e+06	3.028950197297889346e+01	2.992780927064291885e-01
8.247788332492456771e+06	3.051670280682721526e+01	3.003169196906089744e-01
8.309652370183874853e+06	3.074559889550959468e+01	3.013594040451141320e-01
8.371977997015787289e+06	3.097620285767906267e+01	3.024055587525650290e-01
8.434768648804692551e+06	3.120852740580958695e+01	3.034553968419835268e-01
8.498027786912867799e+06	3.144258534689416251e+01	3.045089313889580152e-01
8.561758898437816650e+06	3.167838958314575493e+01	3.055661755158151083e-01
8.625965496403830126e+06	3.191595311270609514e+01	3.066271423917845684e-01
8.690651119954429567e+06	3.215528903035772856e+01	3.076918452331708909e-01
8.755819334546683356e+06	3.239641052824293865e+01	3.087602973035164511e-01
8.821473732146590948e+06	3.263933089658669928e+01	3.098325119137790296e-01
8.887617931426076218e+06	3.288406352442554237e+01	3.109085024224947369e-01
