0.000000000000000000e+00	0.000000000000000000e+00	0.000000000000000000e+00
1.020891467268673409e+02	3.775408838678217540e-04	5.069227599153677821e-02
2.042852079917861943e+02	7.556660985579979157e-04	5.037144516586274101e-02
3.066034682752880940e+02	1.134243421540621476e-03	5.005775039557095601e-02
4.090589980723931944e+02	1.513328614036747212e-03	4.975103065515254497e-02
5.116666607471831867e+02	1.892976670870443606e-03	4.945112906714048406e-02
6.144411192065580281e+02	2.273241845162025498e-03	4.915789278835126785e-02
7.173968423985066920e+02	2.654177672371974689e-03	4.887117289939484077e-02
8.205481116400278552e+02	3.035836993714554743e-03	4.859082429735124553e-02
9.239090267797010938e+02	3.418271978959628275e-03	4.831670559152120153e-02
1.027493512199796669e+03	3.801534148640757331e-03	4.804867900216131665e-02
1.131315322662533390e+03	4.185674395686635706e-03	4.778661026211498963e-02
1.235388049005218591e+03	4.570743006493389535e-03	4.753036852125025469e-02
1.339725123688535859e+03	4.956789681453500906e-03	4.727982625362731062e-02
1.444339826202335644e+03	5.343863554957501739e-03	4.703485916731064281e-02
1.549245288333230064e+03	5.732013214884320619e-03	4.679534611674895928e-02
1.654454499297798975e+03	6.121286721594394568e-03	4.656116901764797977e-02
1.759980310745586621e+03	6.511731626440987394e-03	4.633221276426302548e-02
1.865835441635509142e+03	6.903394989813136165e-03	4.610836514903723926e-02
1.972032482989497112e+03	7.296323398724344732e-03	4.588951678452012767e-02
2.078583902526947895e+03	7.690562983960280187e-03	4.567556102749857627e-02
2.185502049183497093e+03	8.086159436798434977e-03	4.546639390527262847e-02
2.292799157517270487e+03	8.483158025311470993e-03	4.526191404401698481e-02
2.400487352006390665e+03	8.881603610268178073e-03	4.506202259916476660e-02
2.508578651240367890e+03	9.281540660641830753e-03	4.486662318775493097e-02
2.617084972008873592e+03	9.683013268738820123e-03	4.467562182268491194e-02
2.726018133290736387e+03	1.008606516495813739e-02	4.448892684881643883e-02
2.835389860146129649e+03	1.049073973219263531e-02	4.430644888087526684e-02
2.945211787514681873e+03	1.089708001988220348e-02	4.412810074309427011e-02
3.055495463922495219e+03	1.130512875772991289e-02	4.395379741055280287e-02
3.166252355100452405e+03	1.171492836908991086e-02	4.378345595215783759e-02
3.277493847516621827e+03	1.212652098403746957e-02	4.361699547522090298e-02
3.389231251825154231e+03	1.253994845213006817e-02	4.345433707158500442e-02
3.501475806234222546e+03	1.295525235486890553e-02	4.329540376525684714e-02
3.614238679795376356e+03	1.337247401786965766e-02	4.314012046149880847e-02
3.727530975616352862e+03	1.379165452275002771e-02	4.298841389734018442e-02
3.841363733999984561e+03	1.421283471874382719e-02	4.284021259346496718e-02
3.955747935511168180e+03	1.463605523404889509e-02	4.269544680743839887e-02
4.070694503973938936e+03	1.506135648691640620e-02	4.255404848823077929e-02
4.186214309400905222e+03	1.548877869648989172e-02	4.241595123200384704e-02
4.302318170856746292e+03	1.591836189340031446e-02	4.228109023912192399e-02
4.419016859258073055e+03	1.635014593012565701e-02	4.214940227235170617e-02
4.536321100111304986e+03	1.678417049112118642e-02	4.202082561621840046e-02
4.654241576190258456e+03	1.722047510272664214e-02	4.189530003748324211e-02
4.772788930155587877e+03	1.765909914285826096e-02	4.177276674670992590e-02
4.891973767117359785e+03	1.810008185049042165e-02	4.165316836089191094e-02
5.011806657143030861e+03	1.854346233493527063e-02	4.153644886710482903e-02
5.132298137711766685e+03	1.898927958492375653e-02	4.142255358715915547e-02
5.253458716117180302e+03	1.943757247749591105e-02	4.131142914322252779e-02
5.375298871819754822e+03	1.988837978670486561e-02	4.120302342438363769e-02
5.497829058750496188e+03	2.034174019214047072e-02	4.109728555413171003e-02
5.621059707567686019e+03	2.079769228727936306e-02	4.099416585872522889e-02
5.745001227867224770e+03	2.125627458766332634e-02	4.089361583642356357e-02
5.869664010348838929e+03	2.171752553891432777e-02	4.079558812755847835e-02
5.995058428939073565e+03	2.218148352458967909e-02	4.070003648542034475e-02
6.121194842872225308e+03	2.264818687388156504e-02	4.060691574793562353e-02
6.248083598730773701e+03	2.311767386916669872e-02	4.051618181011518161e-02
6.375735032446595142e+03	2.358998275341090203e-02	4.042779159724853300e-02
6.504159471263671549e+03	2.406515173743117852e-02	4.034170303882525510e-02
6.633367235663823521e+03	2.454321900702102766e-02	4.025787504316221538e-02
6.763368641256480259e+03	2.502422272994262939e-02	4.017626747271647869e-02
6.894174000633803189e+03	2.550820106279085356e-02	4.009684112006386969e-02
7.025793625191769934e+03	2.599519215773138381e-02	4.001955768452525319e-02
7.158237826918601058e+03	2.648523416911790010e-02	3.994437974942335184e-02
7.291516920151486374e+03	2.697836525999204940e-02	3.987127075994865988e-02
7.425641223302354774e+03	2.747462360846885873e-02	3.980019500162175483e-02
7.560621060554007272e+03	2.797404741401246508e-02	3.973111757933160681e-02
7.696466763527126204e+03	2.847667490360410170e-02	3.966400439693572311e-02
7.833188672919613055e+03	2.898254433780772868e-02	3.959882213740620327e-02
7.970797140118273092e+03	2.949169401673326293e-02	3.953553824350506535e-02
8.109302528784761307e+03	3.000416228590466541e-02	3.947412089897568005e-02
8.248715216415486793e+03	3.051998754203165062e-02	3.941453901023463102e-02
8.389045595877320011e+03	3.103920823869177337e-02	3.935676218855049119e-02
8.530304076919161162e+03	3.156186289192337152e-02	3.930076073269624104e-02
8.672501087660341000e+03	3.208799008573260531e-02	3.924650561206095845e-02
8.815647076056849983e+03	3.261762847751861066e-02	3.919396845020992753e-02
8.959752511345794119e+03	3.315081680341797760e-02	3.914312150887854641e-02
9.104827885468544991e+03	3.368759388357047552e-02	3.909393767238901474e-02
9.250883714474230146e+03	3.422799862731199655e-02	3.904639043247858793e-02
9.397930539903081808e+03	3.477207003829297510e-02	3.900045387352670673e-02
9.545978930150984525e+03	3.531984721952724504e-02	3.895610265817076034e-02
9.695039481815520048e+03	3.587136937837246548e-02	3.891331201329976952e-02
9.845122821024689983e+03	3.642667583144638260e-02	3.887205771641524810e-02
9.996239604747852354e+03	3.698580600947735941e-02	3.883231608234896659e-02
1.014840052209061105e+04	3.754879946209549457e-02	3.879406395032758414e-02
1.030161629557340530e+04	3.811569586256342845e-02	3.875727867137639115e-02
1.045589768239483601e+04	3.868653501245066656e-02	3.872193809604990156e-02
1.061125547567983449e+04	3.926135684625184363e-02	3.868802056248185628e-02
1.076770050571374668e+04	3.984020143595286279e-02	3.865550488474726182e-02
1.092524364116209654e+04	4.042310899554404230e-02	3.862437034152475107e-02
1.108389579027727268e+04	4.101011988548488446e-02	3.859459666505402065e-02
1.124366790209230203e+04	4.160127461712102848e-02	3.856616403037729790e-02
1.140457096760201966e+04	4.219661385705466422e-02	3.853905304486102829e-02
1.156661602093227339e+04	4.279617843147055095e-02	3.851324473798631298e-02
1.172981414049769410e+04	4.340000933041984060e-02	3.848872055140216408e-02
1.189417645014822847e+04	4.400814771206223303e-02	3.846546232923539477e-02
1.205971412030504143e+04	4.462063490686880157e-02	3.844345230864899821e-02
1.222643836908617595e+04	4.523751242178706417e-02	3.842267311064184038e-02
1.239436046342218651e+04	4.585882194436873699e-02	3.840310773108558673e-02
1.256349172016282682e+04	4.648460534686454232e-02	3.838473953198905803e-02
1.273384350717352027e+04	4.711490469028114386e-02	3.836755223298584511e-02
1.290542724442451799e+04	4.774976222841109674e-02	3.835152990303911102e-02
1.307825440507077292e+04	4.838922041182832506e-02	3.833665695235793924e-02
1.325233651652382650e+04	4.903332189185418549e-02	3.832291812451754653e-02
1.342768516151663243e+04	4.968210952449727408e-02	3.831029848878029359e-02
1.360431197916043493e+04	5.033562637436390930e-02	3.829878343261088752e-02
1.378222866599512054e+04	5.099391571854448857e-02	3.828835865438096064e-02
1.396144697703261227e+04	5.165702105047396964e-02	3.827901015625730791e-02
1.414197872679405009e+04	5.232498608376952992e-02	3.827072423726970984e-02
1.432383579034105787e+04	5.299785475604624346e-02	3.826348748655283155e-02
1.450703010430080030e+04	5.367567123270976237e-02	3.825728677675767353e-02
1.469157366788611398e+04	5.435847991073084612e-02	3.825210925762892455e-02
1.487747854391047440e+04	5.504632542240079501e-02	3.824794234974245727e-02
1.506475685979775335e+04	5.573925263906743394e-02	3.824477373839899746e-02
1.525342080858742156e+04	5.643730667485452601e-02	3.824259136767131639e-02
1.544348264993568773e+04	5.714053289036585825e-02	3.824138343459849987e-02
1.563495471111228471e+04	5.784897689637343715e-02	3.824113838352500433e-02
1.582784938799367410e+04	5.856268455749234075e-02	3.824184490058054470e-02
1.602217914605239457e+04	5.928170199584128358e-02	3.824349190829631068e-02
1.621795652134340344e+04	6.000607559469214869e-02	3.824606856035409064e-02
1.641519412148713309e+04	6.073585200210719626e-02	3.824956423646654752e-02
1.661390462664980805e+04	6.147107813456635650e-02	3.825396853738163155e-02
1.681410079052095534e+04	6.221180118058397546e-02	3.825927128001183758e-02
1.701579544128864654e+04	6.295806860431717167e-02	3.826546249268175659e-02
1.721900148261288996e+04	6.370992814916748292e-02	3.827253241049326238e-02
1.742373189459614514e+04	6.446742784137166060e-02	3.828047147080296253e-02
1.762999973475318984e+04	6.523061599359029905e-02	3.828927030881187910e-02
1.783781813897843676e+04	6.599954120848680605e-02	3.829891975326123188e-02
1.804720032251321027e+04	6.677425238230641491e-02	3.830941082223367211e-02
1.825815958090996719e+04	6.755479870844376122e-02	3.832073471905700357e-02
1.847070929099726709e+04	6.834122968101322138e-02	3.833288282830619315e-02
1.868486291184346192e+04	6.913359509841469908e-02	3.834584671190369859e-02
1.890063398571937796e+04	6.993194506689544288e-02	3.835961810531344357e-02
1.911803613906125247e+04	7.073633000411290450e-02	3.837418891382595593e-02
1.933708308343283716e+04	7.154680064269461348e-02	3.838955120893496747e-02
1.955778861648782913e+04	7.236340803379906483e-02	3.840569722479889037e-02
1.978016662293236368e+04	7.318620355067706473e-02	3.842261935478930718e-02
2.000423107548786356e+04	7.401523889223411701e-02	3.844031014812025748e-02
2.022999603585454315e+04	7.485056608659555744e-02	3.845876230656074951e-02
2.045747565567468337e+04	7.569223749467046680e-02	3.847796868122311392e-02
2.068668417749790387e+04	7.654030581372345265e-02	3.849792226942967688e-02
2.091763593574640618e+04	7.739482408094575105e-02	3.851861621165367927e-02
2.115034535768179194e+04	7.825584567703265659e-02	3.854004378853203433e-02
2.138482696437353661e+04	7.912342432976679496e-02	3.856219841795023584e-02
2.162109537166760128e+04	7.999761411760196450e-02	3.858507365219589202e-02
2.185916529115803496e+04	8.087846947325813551e-02	3.860866317517844953e-02
2.209905153115925714e+04	8.176604518731882265e-02	3.863296079971597491e-02
2.234076899768037765e+04	8.266039641183610398e-02	3.865796046488520488e-02
2.258433269540247056e+04	8.356157866394647860e-02	3.868365623343363729e-02
2.282975772865625549e+04	8.446964782948837569e-02	3.871004228925273294e-02
2.307705930240354428e+04	8.538466016663340263e-02	3.873711293490982727e-02
2.332625272322025558e+04	8.630667230952358826e-02	3.876486258923840522e-02
2.357735340028204519e+04	8.723574127191810468e-02	3.879328578498396352e-02
2.383037684635298501e+04	8.817192445085149377e-02	3.882237716650578652e-02
2.408533867877666853e+04	8.911527963030066446e-02	3.885213148752968831e-02
2.434225462047024484e+04	9.006586498486278403e-02	3.888254360895589817e-02
2.460114050092150501e+04	9.102373908344466025e-02	3.891360849671560845e-02
2.486201225718950445e+04	9.198896089296484946e-02	3.894532121967793359e-02
2.512488593490742278e+04	9.296158978206429946e-02	3.897767694760506663e-02
2.538977768929026206e+04	9.394168552483489476e-02	3.901067094915480066e-02
2.565670378614494257e+04	9.492930830455666158e-02	3.904429858992759794e-02
2.592568060288451306e+04	9.592451871745051595e-02	3.907855533056079494e-02
2.619672462954574439e+04	9.692737777644318264e-02	3.911343672486363582e-02
2.646985246981143428e+04	9.793794691494986382e-02	3.914893841799779728e-02
2.674508084203560065e+04	9.895628799066724657e-02	3.918505614469707660e-02
2.702242658027304424e+04	9.998246328938320548e-02	3.922178572752917092e-02
2.730190663531421524e+04	1.010165355288053929e-01	3.925912307519596051e-02
2.758353807572258665e+04	1.020585678623998488e-01	3.929706418087314246e-02
2.786733808887779014e+04	1.031086238832504415e-01	3.933560512058631442e-02
2.815332398202270997e+04	1.041667676279331156e-01	3.937474205162532631e-02
2.844151318331551374e+04	1.052330635804084313e-01	3.941447121099294487e-02
2.873192324288596865e+04	1.063075766759298962e-01	3.945478891388987802e-02
2.902457183389705096e+04	1.073903723049719483e-01	3.949569155223119771e-02
2.931947675361127767e+04	1.084815163171752861e-01	3.953717559320020503e-02
2.961665592446190567e+04	1.095810750253103927e-01	3.957923757783055746e-02
2.991612739512988992e+04	1.106891152092623065e-01	3.962187411962267425e-02
3.021790934162558187e+04	1.118057041200327256e-01	3.966508190318925736e-02
3.052202006837551380e+04	1.129309094837612354e-01	3.970885768293303669e-02
3.082847800931534584e+04	1.140647995057691988e-01	3.975319828175157694e-02
3.113730172898793899e+04	1.152074428746225204e-01	3.979810058977211601e-02
3.144850992364724516e+04	1.163589087662161570e-01	3.984356156311482516e-02
3.176212142236778527e+04	1.175192668478791114e-01	3.988957822268174996e-02
3.207815518815982796e+04	1.186885872825005211e-01	3.993614765297418684e-02
3.239663031909094934e+04	1.198669407326795333e-01	3.998326700093475516e-02
3.271756604941303158e+04	1.210543983648951355e-01	4.003093347481558734e-02
3.304098175069622084e+04	1.222510318537017721e-01	4.007914434307142254e-02
3.336689693296856422e+04	1.234569133859459988e-01	4.012789693327648011e-02
3.369533124586145277e+04	1.246721156650046763e-01	4.017718863106469612e-02
3.402630447976227151e+04	1.258967119150496139e-01	4.022701687909450291e-02
3.435983656697416882e+04	1.271307758853388592e-01	4.027737917603422396e-02
3.469594758287932200e+04	1.283743818545206861e-01	4.032827307557099172e-02
3.503465774711449922e+04	1.296276046349832123e-01	4.037969618544003797e-02
3.537598742474690516e+04	1.308905195772049057e-01	4.043164616647561271e-02
3.571995712746198842e+04	1.321632025741495686e-01	4.048412073168298347e-02
3.606658751475517056e+04	1.334457300656757550e-01	4.053711764532847567e-02
3.641589939513181162e+04	1.347381790429764969e-01	4.059063472205114154e-02
3.676791372731476440e+04	1.360406270530473416e-01	4.064466982599215794e-02
3.712265162145851355e+04	1.373531522031785912e-01	4.069922086994415961e-02
3.748013434037061961e+04	1.386758331654746601e-01	4.075428581451682325e-02
3.784038330074060650e+04	1.400087491814009932e-01	4.080986266732238715e-02
3.820342007437669236e+04	1.413519800663598780e-01	4.086594948217690815e-02
3.856926638944901060e+04	1.427056062142903203e-01	4.092254435831908094e-02
3.893794413174319925e+04	1.440697086023065565e-01	4.097964543964650874e-02
3.930947534591794829e+04	1.454443687953505260e-01	4.103725091396617092e-02
3.968388223677396309e+04	1.468296689508875041e-01	4.109535901226239046e-02
4.006118717052852298e+04	1.482256918236215248e-01	4.115396800797999771e-02
4.044141267609968054e+04	1.496325207702472737e-01	4.121307621632176732e-02
4.082458144639665989e+04	1.510502397542242692e-01	4.127268199356182166e-02
4.121071633962092892e+04	1.524789333505909006e-01	4.133278373637198216e-02
4.159984038057344878e+04	1.539186867508013923e-01	4.139337988116363609e-02
4.199197676197190594e+04	1.553695857675992109e-01	4.145446890344278712e-02
4.238714884577452904e+04	1.568317168399155914e-01	4.151604931717831765e-02
4.278538016451545263e+04	1.583051670378099185e-01	4.157811967418327537e-02
4.318669442264632380e+04	1.597900240674340611e-01	4.164067856351009317e-02
4.359111549788619595e+04	1.612863762760266828e-01	4.170372461085762594e-02
4.399866744258311519e+04	1.627943126569512400e-01	4.176725647798990720e-02
4.440937448508216767e+04	1.643139228547577102e-01	4.183127286216761775e-02
4.482326103110309487e+04	1.658452971702797096e-01	4.189577249559179456e-02
4.524035166512850265e+04	1.673885265657708010e-01	4.196075414485778837e-02
4.566067115179918619e+04	1.689437026700674749e-01	4.202621661042108686e-02
4.608424443731916108e+04	1.705109177837872692e-01	4.209215872607514203e-02
4.651109665087248140e+04	1.720902648845713812e-01	4.215857935843685816e-02
4.694125310604566039e+04	1.736818376323475133e-01	4.222547740644673475e-02
4.737473930226302036e+04	1.752857303746404583e-01	4.229285180087488660e-02
4.781158092622997356e+04	1.769020381519124385e-01	4.236070150384110139e-02
4.825180385338627093e+04	1.785308567029400273e-01	4.242902550834198178e-02
4.869543414937018679e+04	1.801722824702316483e-01	4.249782283778958530e-02
4.914249807149059052e+04	1.818264126054741636e-01	4.256709254555665622e-02
4.959302207021112554e+04	1.834933449750242584e-01	4.263683371453478449e-02
5.004703279064354865e+04	1.851731781654340492e-01	4.270704545669815749e-02
5.050455707405166322e+04	1.868660114890152157e-01	4.277772691267847649e-02
5.096562195936394710e+04	1.885719449894361355e-01	4.284887725134629149e-02
5.143025468469995394e+04	1.902910794473692269e-01	4.292049566940384780e-02
5.189848268890422332e+04	1.920235163861664929e-01	4.299258139098265097e-02
5.237033361309155589e+04	1.937693580775770308e-01	4.306513366725037151e-02
5.284583530220379180e+04	1.955287075475071468e-01	4.313815177602797757e-02
5.332501580657724844e+04	1.973016685818198557e-01	4.321163502141089213e-02
5.380790338351913670e+04	1.990883457321673822e-01	4.328558273339835893e-02
5.429452649889839813e+04	2.008888443218775077e-01	4.335999426753341796e-02
5.478491382874410192e+04	2.027032704518675343e-01	4.343486900454682220e-02
5.527909426085707673e+04	2.045317310066072369e-01	4.351020635000810155e-02
5.577709689643356251e+04	2.063743336601264466e-01	4.358600573398520306e-02
5.627895105169665476e+04	2.082311868820512779e-01	4.366226661071002935e-02
5.678468625954417075e+04	2.101023999437012235e-01	4.373898845825066606e-02
5.729433227120335505e+04	2.119880829242117293e-01	4.381617077819047190e-02
5.780791905790086457e+04	2.138883467167128349e-01	4.389381309531147080e-02
5.832547681254248891e+04	2.158033030345442860e-01	4.397191495728711153e-02
5.884703595140534162e+04	2.177330644175166086e-01	4.405047593437958625e-02
5.937262711584151111e+04	2.196777442382145951e-01	4.412949561914190216e-02
5.990228117399544863e+04	2.216374567083514713e-01	4.420897362612823817e-02
6.043602922253155702e+04	2.236123168851611998e-01	4.428890959160755592e-02
6.097390258837409056e+04	2.256024406778359415e-01	4.436930317328442730e-02
6.151593283046186843e+04	2.276079448540184735e-01	4.445015405002575304e-02
6.206215174151262909e+04	2.296289470463302729e-01	4.453146192158993766e-02
6.261259134980105591e+04	2.316655657589502260e-01	4.461322650836484216e-02
6.316728392095028539e+04	2.337179203742432432e-01	4.469544755110899797e-02
6.372626195973410358e+04	2.357861311594281473e-01	4.477812481069810835e-02
6.428955821189514973e+04	2.378703192733052918e-01	4.486125806787604614e-02
6.485720566597273137e+04	2.399706067730191794e-01	4.494484712301156926e-02
6.542923755514639197e+04	2.420871166208798664e-01	4.502889179585910923e-02
6.600568735909079260e+04	2.442199726912258617e-01	4.511339192532552028e-02
6.658658880584570579e+04	2.463692997773430371e-01	4.519834736923820234e-02
6.717197587369747635e+04	2.485352235984262803e-01	4.528375800412152985e-02
6.776188279307575431e+04	2.507178708065970207e-01	4.536962372497474472e-02
6.835634404846423422e+04	2.529173689939731573e-01	4.545594444505587917e-02
6.895539438032104226e+04	2.551338466997744026e-01	4.554272009566891211e-02
6.955906878701783717e+04	2.573674334174969602e-01	4.562995062595415208e-02
7.016740252679219702e+04	2.596182596021373024e-01	4.571763600268562155e-02
7.078043111971025064e+04	2.618864566774539160e-01	4.580577621007041189e-02
7.139819034964857565e+04	2.641721570433002153e-01	4.589437124954910685e-02
7.202071626628750528e+04	2.664754940829998642e-01	4.598342113960665611e-02
7.264804518711812852e+04	2.687966021707725028e-01	4.607292591558067446e-02
7.328021369946663617e+04	2.711356166792242006e-01	4.616288562947602064e-02
7.391725866253016284e+04	2.734926739868792644e-01	4.625330034978375471e-02
7.455921720943164837e+04	2.758679114857839343e-01	4.634417016130232964e-02
7.520612674928306660e+04	2.782614675891400546e-01	4.643549516496162100e-02
7.585802496927177708e+04	2.806734817390244552e-01	4.652727547765084237e-02
7.651494983675429830e+04	2.831040944141360316e-01	4.661951123205166497e-02
7.717693960137247632e+04	2.855534471376254824e-01	4.671220257647138580e-02
7.784403279717646365e+04	2.880216824849501367e-01	4.680534967468104324e-02
7.851626824477195623e+04	2.905089440918189325e-01	4.689895270575719644e-02
7.919368505347853352e+04	2.930153766621782507e-01	4.699301186392453034e-02
7.987632262350268138e+04	2.955411259762519838e-01	4.708752735840372045e-02
8.056422064812999452e+04	2.980863388986524365e-01	4.718249941326071312e-02
8.125741911593006807e+04	3.006511633865389110e-01	4.727792826725939895e-02
8.195595831298075791e+04	3.032357484978470130e-01	4.737381417371840792e-02
8.265987882510626514e+04	3.058402443995696940e-01	4.747015740036693993e-02
8.336922154013196996e+04	3.084648023760999669e-01	4.756695822920798539e-02
8.408402765015509794e+04	3.111095748376325743e-01	4.766421695638040079e-02
8.480433865383682132e+04	3.137747153286446489e-01	4.776193389202616768e-02
8.553019635870313505e+04	3.164603785364087929e-01	4.786010936015799161e-02
8.626164288346677495e+04	3.191667202995843167e-01	4.795874369853174446e-02
8.699872066036929027e+04	3.218938976168826960e-01	4.805783725851898308e-02
8.774147243753392831e+04	3.246420686557733304e-01	4.815739040498404067e-02
8.848994128133985214e+04	3.274113927612682939e-01	4.825740351616186752e-02
8.924417057881291839e+04	3.302020304647677595e-01	4.835787698353883474e-02
9.000420404003365547e+04	3.330141434929697053e-01	4.845881121173638978e-02
9.077008570056385361e+04	3.358478947768485101e-01	4.856020661839506591e-02
9.154185992388632440e+04	3.387034484606815665e-01	4.866206363406285623e-02
9.231957140387072286e+04	3.415809699111730935e-01	4.876438270208489217e-02
9.310326516725232068e+04	3.444806257266255778e-01	4.886716427849479433e-02
9.389298657612776151e+04	3.474025837461738320e-01	4.897040883190838245e-02
9.468878133047177107e+04	3.503470130590967679e-01	4.907411684341996677e-02
9.549069547067304666e+04	3.533140840142006134e-01	4.917828880649970091e-02
9.629877538008565898e+04	3.563039682292585830e-01	4.928292522689352306e-02
9.711306778760218003e+04	3.593168386005314852e-01	4.938802662252425590e-02
9.793361977024326916e+04	3.623528693123493349e-01	4.949359352339614132e-02
9.876047875577007653e+04	3.654122358467771781e-01	4.959962647149989551e-02
9.959369252530936501e+04	3.684951149933276549e-01	4.970612602072007474e-02
1.004333092160060041e+05	3.716016848587759269e-01	4.981309273674332933e-02
1.012793773236879206e+05	3.747321248770190683e-01	4.992052719697015473e-02
1.021319457055551320e+05	3.778866158190263280e-01	5.002842999042702438e-02
1.029910635828859231e+05	3.810653398028510663e-01	5.013680171767988941e-02
1.038567805437655770e+05	3.842684803037278995e-01	5.024564299075198748e-02
1.047291465458329039e+05	3.874962221642341276e-01	5.035495443303963231e-02
1.056082119190481171e+05	3.907487516045310971e-01	5.046473667923169482e-02
1.064940273684798885e+05	3.940262562326764528e-01	5.057499037522994456e-02
1.073866439771148434e+05	3.973289250550189333e-01	5.068571617807198643e-02
1.082861132086868602e+05	4.006569484866669417e-01	5.079691475585512012e-02
1.091924869105264952e+05	4.040105183620311124e-01	5.090858678766020662e-02
1.101058173164331238e+05	4.073898279454515325e-01	5.102073296348053066e-02
1.110261570495666529e+05	4.107950719418967944e-01	5.113335398414783212e-02
1.119535591253595776e+05	4.142264465077389324e-01	5.124645056126316683e-02
1.128880769544560317e+05	4.176841492616272244e-01	5.136002341712715691e-02
1.138297643456647638e+05	4.211683792954145633e-01	5.147407328467357157e-02
1.147786755089396465e+05	4.246793371851855792e-01	5.158860090740120807e-02
1.157348650583803392e+05	4.282172250023585924e-01	5.170360703930942936e-02
1.166983880152539641e+05	4.317822463248656151e-01	5.181909244483556137e-02
1.176692998110420885e+05	4.353746062484271095e-01	5.193505789879181156e-02
1.186476562905057945e+05	4.389945113978913627e-01	5.205150418630393599e-02
1.196335137147776404e+05	4.426421699386757225e-01	5.216843210275053794e-02
1.206269287644758151e+05	4.463177915882886593e-01	5.228584245370563460e-02
1.216279585428375431e+05	4.500215876279230476e-01	5.240373605488122394e-02
1.226366605788802844e+05	4.537537709141528652e-01	5.252211373206987222e-02
1.236530928305836569e+05	4.575145558907062204e-01	5.264097632108971636e-02
1.246773136880958336e+05	4.613041586003289174e-01	5.276032466773139529e-02
1.257093819769628899e+05	4.651227966967328431e-01	5.288015962770373918e-02
1.267493569613838190e+05	4.689706894566396667e-01	5.300048206658266453e-02
1.277972983474883076e+05	4.728480577919087491e-01	5.312129285976085330e-02
1.288532662866359460e+05	4.767551242617438234e-01	5.324259289239740428e-02
1.299173213787463756e+05	4.806921130850145829e-01	5.336438305936885840e-02
1.309895246756488923e+05	4.846592501526502117e-01	5.348666426522191708e-02
1.320699376844576036e+05	4.886567630401277285e-01	5.360943742412745128e-02
1.331586223709735787e+05	4.926848810200591400e-01	5.373270345983391372e-02
1.342556411631099763e+05	4.967438350748651366e-01	5.385646330562345735e-02
1.353610569543450838e+05	5.008338579095508170e-01	5.398071790426706151e-02
1.364749331071968772e+05	5.049551839645617379e-01	5.410546820798405043e-02
1.375973334567277343e+05	5.091080494287514302e-01	5.423071517839741368e-02
1.387283223140714981e+05	5.132926922524307933e-01	5.435645978649491367e-02
1.398679644699893834e+05	5.175093521605258484e-01	5.448270301258834047e-02
1.410163251984505332e+05	5.217582706658253633e-01	5.460944584627527160e-02
1.421734702602396428e+05	5.260396910823283978e-01	5.473668928639916637e-02
1.433394659065941523e+05	5.303538585387029825e-01	5.486443434101311717e-02
1.445143788828576508e+05	5.347010199918028617e-01	5.499268202734448885e-02
1.456982764321775758e+05	5.390814242403492162e-01	5.512143337175682417e-02
1.468912262992162432e+05	5.434953219386612355e-01	5.525068940971583631e-02
1.480932967338917369e+05	5.479429656104977120e-01	5.538045118575711523e-02
1.493045564951547713e+05	5.524246096630311964e-01	5.551071975344969850e-02
1.505250748547822295e+05	5.569405104008835483e-01	5.564149617536694181e-02
1.517549216012084507e+05	5.614909260403029290e-01	5.577278152305215758e-02
1.529941670433771214e+05	5.660761167234139579e-01	5.590457687698924955e-02
1.542428820146278886e+05	5.706963445325999862e-01	5.603688332657141141e-02
1.555011378766092821e+05	5.753518735049794053e-01	5.616970197007297577e-02
1.567690065232149500e+05	5.800429696469704410e-01	5.630303391461968787e-02
1.580465603845641017e+05	5.847699009490184840e-01	5.643688027616049208e-02
1.593338724309934187e+05	5.895329374003660527e-01	5.657124217944163591e-02
1.606310161770904378e+05	5.943323510039763002e-01	5.670612075797932389e-02
1.619380656857570284e+05	5.991684157915682096e-01	5.684151715403316929e-02
1.632550955722923973e+05	6.040414078387231767e-01	5.697743251858074232e-02
1.645821810085209727e+05	6.089516052801579038e-01	5.711386801129515051e-02
1.659193977269358293e+05	6.138992883250559141e-01	5.725082480051882361e-02
1.672668220248871075e+05	6.188847392725637109e-01	5.738830406324137851e-02
1.686245307687906898e+05	6.239082425273634325e-01	5.752630698507637391e-02
1.699926013983730809e+05	6.289700846153786218e-01	5.766483476024006349e-02
1.713711119309482456e+05	6.340705541995984573e-01	5.780388859152891384e-02
1.727601409657233744e+05	6.392099420960087874e-01	5.794346969030038375e-02
1.741597676881381485e+05	6.443885412896481757e-01	5.808357927645139279e-02
1.755700718742387253e+05	6.496066469507906227e-01	5.822421857839871900e-02
1.769911338950743957e+05	6.548645564512135531e-01	5.836538883306115894e-02
1.784230347211440385e+05	6.601625693806498774e-01	5.850709128583976570e-02
1.798658559268567187e+05	6.655009875632914573e-01	5.864932719060106381e-02
1.813196796950396965e+05	6.708801150744699848e-01	5.879209780965895249e-02
1.827845888214721344e+05	6.763002582574296762e-01	5.893540441375885036e-02
1.842606667194557667e+05	6.817617257402401876e-01	5.907924828205993878e-02
1.857479974244156037e+05	6.872648284528193319e-01	5.922363070212166569e-02
1.872466655985409743e+05	6.928098796441035656e-01	5.936855296988681474e-02
1.887567565354557883e+05	6.983971948993289436e-01	5.951401638966757890e-02
1.902783561649262847e+05	7.040270921574489638e-01	5.966002227413182840e-02
1.918115510576028028e+05	7.096998917286800879e-01	5.980657194428862927e-02
1.933564284297939739e+05	7.154159163121656118e-01	5.995366672947613496e-02
1.949130761482826201e+05	7.211754910137936347e-01	6.010130796734772241e-02
1.964815827351720945e+05	7.269789433641301590e-01	6.024949700386186824e-02
1.980620373727695260e+05	7.328266033364854160e-01	6.039823519326849993e-02
1.996545299085089064e+05	7.387188033651300723e-01	6.054752389809918423e-02
2.012591508599039516e+05	7.446558783636207934e-01	6.069736448915554611e-02
2.028759914195457823e+05	7.506381657432910082e-01	6.084775834550015111e-02
2.045051434601308138e+05	7.566660054318546935e-01	6.099870685444568064e-02
2.061466995395268896e+05	7.627397398921507143e-01	6.115021141154698692e-02
2.078007529058867949e+05	7.688597141410621338e-01	6.130227342059013651e-02
2.094673975027824636e+05	7.750262757685143500e-01	6.145489429358588079e-02
2.111467279743923573e+05	7.812397749566665217e-01	6.160807545076132236e-02
2.128388396707205102e+05	7.875005644992230103e-01	6.176181832055218507e-02
2.145438286528557655e+05	7.938089998208920361e-01	6.191612433959504946e-02
2.162617916982660245e+05	8.001654389969745651e-01	6.207099495272174611e-02
2.179928263061408070e+05	8.065702427731318291e-01	6.222643161295249997e-02
2.197370307027676317e+05	8.130237745852774145e-01	6.238243578149080953e-02
2.214945038469434367e+05	8.195264005796000228e-01	6.253900892771691034e-02
2.232653454354399000e+05	8.260784896327841853e-01	6.269615252918299408e-02
2.250496559084957407e+05	8.326804133723330059e-01	6.285386807160915634e-02
2.268475364553540712e+05	8.393325461970547741e-01	6.301215704887859481e-02
2.286590890198467532e+05	8.460352652977266574e-01	6.317102096303420233e-02
2.304844163060120190e+05	8.527889506778782991e-01	6.333046132427409824e-02
2.323236217837575532e+05	8.595939851747459448e-01	6.349047965094958834e-02
2.341768096945682191e+05	8.664507544803909944e-01	6.365107746956213952e-02
2.360440850572487107e+05	8.733596471629474500e-01	6.381225631476042381e-02
2.379255536737142829e+05	8.803210546880473331e-01	6.397401772933956898e-02
2.398213221348291554e+05	8.873353714404236259e-01	6.413636326423768907e-02
2.417314978262765217e+05	8.944029947456282326e-01	6.429929447853607871e-02
2.436561889344789670e+05	9.015243248919379004e-01	6.446281293945821389e-02
2.455955044525676349e+05	9.086997651524393316e-01	6.462692022236789235e-02
2.475495541863843682e+05	9.159297218072390834e-01	6.479161791077037158e-02
2.495184487605341128e+05	9.232146041658545466e-01	6.495690759631188305e-02
2.515022996244897658e+05	9.305548245898040971e-01	6.512279087877931305e-02
2.535012190587274963e+05	9.379507985153060501e-01	6.528926936610335297e-02
2.555153201809183520e+05	9.454029444761892220e-01	6.545634467435629267e-02
2.575447169521646283e+05	9.529116841269658078e-01	6.562401842775596184e-02
2.595895241832780594e+05	9.604774422660612432e-01	6.579229225866686792e-02
2.616498575411081838e+05	9.681006468592296965e-01	6.596116780760198639e-02
2.637258335549170151e+05	9.757817290631385365e-01	6.613064672322464810e-02
2.658175696227979497e+05	9.835211232491207767e-01	6.630073066235250834e-02
2.679251840181546868e+05	9.913192670271442353e-01	6.647142128995919830e-02
2.700487958962110570e+05	9.991766012699001553e-01	6.664272027917850227e-02
2.721885253005698905e+05	1.007093570137068905e+00	6.681462931130821570e-02
2.743444931698468281e+05	1.015070621099866566e+00	6.698715007581271252e-02
2.765168213443211280e+05	1.023108204965652357e+00	6.716028427032888493e-02
2.787056325726495706e+05	1.031206775902769213e+00	6.733403360066933518e-02
2.809110505186339724e+05	1.039366791465584861e+00	6.750839978082823212e-02
2.831331997680356726e+05	1.047588712619704321e+00	6.768338453298550217e-02
2.853722058354347828e+05	1.055873003767349161e+00	6.785898958751193644e-02
2.876281951711490401e+05	1.064220132772957683e+00	6.803521668297685121e-02
2.899012951681963168e+05	1.072630570988945431e+00	6.821206756615162681e-02
2.921916341693195282e+05	1.081104793281697729e+00	6.838954399201724321e-02
2.944993414740511216e+05	1.089643278057707887e+00	6.856764772377085815e-02
2.968245473458400811e+05	1.098246507289947216e+00	6.874638053283209371e-02
2.991673830192283494e+05	1.106914966544417567e+00	6.892574419884964221e-02
3.015279807070691022e+05	1.115649145006859744e+00	6.910574050971003690e-02
3.039064736078329151e+05	1.124449535509784326e+00	6.928637126154398029e-02
3.063029959129159106e+05	1.133316634559513147e+00	6.946763825873447651e-02
3.087176828140589059e+05	1.142250942363629784e+00	6.964954331392526898e-02
3.111506705107725575e+05	1.151252962858452467e+00	6.983208824802955572e-02
3.136020962178542977e+05	1.160323203736846498e+00	7.001527489023703921e-02
3.160720981729327468e+05	1.169462176476138149e+00	7.019910507802447353e-02
3.185608156440931489e+05	1.178670396366330086e+00	7.038358065716447676e-02
3.210683889375413419e+05	1.187948382538455583e+00	7.056870348173384377e-02
3.235949594053296605e+05	1.197296657993166313e+00	7.075447541412441255e-02
3.261406694531446556e+05	1.206715749629546641e+00	7.094089832505241777e-02
3.287056625481565134e+05	1.216206188274154831e+00	7.112797409356931555e-02
3.312900832269046223e+05	1.225768508710200599e+00	7.131570460707026271e-02
3.338940771032684715e+05	1.235403249707038187e+00	7.150409176130742561e-02
3.365177908764812164e+05	1.245110954049814866e+00	7.169313746039805701e-02
3.391613723392101820e+05	1.254892168569368804e+00	7.188284361683817958e-02
3.418249703856966808e+05	1.264747444172348301e+00	7.207321215151230032e-02
3.445087350199520006e+05	1.274677335871533312e+00	7.226424499370544263e-02
3.472128173640148598e+05	1.284682402816391900e+00	7.245594408111477591e-02
3.499373696662791190e+05	1.294763208323889803e+00	7.264831135986098143e-02
3.526825453098720172e+05	1.304920319909490756e+00	7.284134878450261585e-02
3.554484988210972515e+05	1.315154309318395276e+00	7.303505831804715798e-02
3.582353858779488364e+05	1.325465752557042798e+00	7.322944193196304075e-02
3.610433633186764200e+05	1.335855229924802989e+00	7.342450160619375110e-02
3.638725891504274914e+05	1.346323326045950619e+00	7.362023932917023672e-02
3.667232225579381338e+05	1.356870629901822944e+00	7.381665709782568585e-02
3.695954239122974104e+05	1.367497734863246439e+00	7.401375691760699038e-02
3.724893547797884094e+05	1.378205238723249071e+00	7.421154080248992813e-02
3.754051779307625839e+05	1.388993743729895813e+00	7.441001077499366512e-02
3.783430573486152571e+05	1.399863856619496749e+00	7.460916886619302357e-02
3.813031582388062961e+05	1.410816188649983483e+00	7.480901711573510748e-02
3.842856470379602979e+05	1.421851355634581981e+00	7.500955757185280570e-02
3.872906914230161929e+05	1.432969977975662612e+00	7.521079229137968281e-02
3.903184603204718442e+05	1.444172680698947664e+00	7.541272333976611897e-02
3.933691239156700904e+05	1.455460093487867645e+00	7.561535279109253549e-02
3.964428536621746025e+05	1.466832850718253312e+00	7.581868272808735265e-02
3.995398222911966150e+05	1.478291591493213764e+00	7.602271524214106180e-02
4.026602038211212493e+05	1.489836959678384254e+00	7.622745243332292031e-02
4.058041735670631751e+05	1.501469603937280795e+00	7.643289641039627269e-02
4.089719081505230861e+05	1.513190177767030242e+00	7.663904929083609208e-02
4.121635855091192643e+05	1.524999339534376830e+00	7.684591320084403765e-02
4.153793849063653033e+05	1.536897752511858117e+00	7.705349027536670392e-02
4.186194869415462017e+05	1.548886084914348871e+00	7.726178265811121937e-02
4.218840735596519662e+05	1.560965009935812997e+00	7.747079250156338470e-02
4.251733280613869429e+05	1.573135205786339030e+00	7.768052196700485357e-02
4.284874351132711163e+05	1.585397355729515123e+00	7.789097322452936956e-02
4.318265807577839587e+05	1.597752148119960802e+00	7.810214845306283349e-02
4.351909524236171856e+05	1.610200276441260403e+00	7.831404984037892980e-02
4.385807389359798399e+05	1.622742439344094789e+00	7.852667958311883301e-02
4.419961305269945296e+05	1.635379340684705252e+00	7.874003988680816635e-02
4.454373188461548998e+05	1.648111689563586113e+00	7.895413296587687479e-02
4.489044969708865392e+05	1.660940200364560804e+00	7.916896104367687759e-02
4.523978594171557925e+05	1.673865592794033574e+00	7.938452635250188572e-02
4.559176021501857322e+05	1.686888591920638447e+00	7.960083113360537366e-02
4.594639225952238194e+05	1.700009928215080457e+00	7.981787763721995277e-02
4.630370196484163171e+05	1.713230337590369246e+00	8.003566812257838226e-02
4.666370936877509812e+05	1.726550561442308007e+00	8.025420485793062497e-02
4.702643465840706485e+05	1.739971346690243337e+00	8.047349012056599638e-02
4.739189817121895030e+05	1.753493445818194552e+00	8.069352619683227423e-02
4.776012039620818687e+05	1.767117616916253908e+00	8.091431538215501651e-02
4.813112197501476039e+05	1.780844623722265707e+00	8.113585998105908581e-02
4.850492370305706281e+05	1.794675235663855783e+00	8.135816230718945219e-02
4.888154653067676118e+05	1.808610227900788736e+00	8.158122468333042776e-02
4.926101156428962713e+05	1.822650381367549866e+00	8.180504944142748258e-02
4.964334006754808943e+05	1.836796482816359877e+00	8.202963892260894951e-02
5.002855346251050942e+05	1.851049324860436274e+00	8.225499547720571680e-02
5.041667333081911202e+05	1.865409706017578717e+00	8.248112146477462603e-02
5.080772141488792258e+05	1.879878430754120089e+00	8.270801925411798428e-02
5.120171961909804377e+05	1.894456309529154225e+00	8.293569122330739229e-02
5.159869001100306050e+05	1.909144158839133576e+00	8.316413975970386729e-02
5.199865482254250674e+05	1.923942801262768620e+00	8.339336725998154620e-02
5.240163645126473275e+05	1.938853065506273232e+00	8.362337613014908522e-02
5.280765746155920206e+05	1.953875786448959539e+00	8.385416878557273856e-02
5.321674058589736233e+05	1.969011805189150088e+00	8.408574765099957604e-02
5.362890872608277714e+05	1.984261969090431732e+00	8.431811516057723110e-02
5.404418495451060589e+05	1.999627131828259241e+00	8.455127375788100419e-02
5.446259251543707214e+05	2.015108153436920180e+00	8.478522589593420755e-02
5.488415482625786681e+05	2.030705900356841287e+00	8.501997403723493552e-02
5.530889547879485181e+05	2.046421245482192397e+00	8.525552065377407784e-02
5.573683824059563922e+05	2.062255068208970865e+00	8.549186822706447697e-02
5.616800705623873509e+05	2.078208254483295825e+00	8.572901924816254959e-02
5.660242604865096509e+05	2.094281696850147423e+00	8.596697621769218423e-02
5.704011952043387573e+05	2.110476294502447114e+00	8.620574164586877752e-02
5.748111195520237088e+05	2.126792953330584268e+00	8.644531805252463064e-02
5.792542801892745774e+05	2.143232585972100868e+00	8.668570796713274962e-02
5.837309256129472051e+05	2.159796111861951307e+00	8.692691392883228341e-02
5.882413061707093148e+05	2.176484457283070384e+00	8.716893848645235199e-02
5.927856740748002194e+05	2.193298555417281026e+00	8.741178419853848358e-02
5.973642834159125341e+05	2.210239346396658089e+00	8.765545363337634566e-02
6.019773901771293022e+05	2.227307777355094220e+00	8.789994936901981970e-02
6.066252522480435437e+05	2.244504802480544292e+00	8.814527399331278934e-02
6.113081294389094692e+05	2.261831383067381296e+00	8.839143010391840860e-02
6.160262834949414246e+05	2.279288487569306909e+00	8.863842030834240271e-02
6.207799781106921146e+05	2.296877091652545388e+00	8.888624722396067102e-02
6.255694789445702918e+05	2.314598178249563265e+00	8.913491347804639031e-02
6.303950536334315548e+05	2.332452737613052385e+00	8.938442170779330176e-02
6.352569718072903343e+05	2.350441767370364143e+00	8.963477456034620039e-02
6.401555051041634288e+05	2.368566272578433551e+00	8.988597469282409713e-02
6.450909271849860670e+05	2.386827265778963536e+00	9.013802477234966748e-02
6.500635137486661552e+05	2.405225767054129715e+00	9.039092747607511968e-02
6.550735425472366624e+05	2.423762804082641775e+00	9.064468549121117158e-02
6.601212934011260513e+05	2.442439412196244053e+00	9.089930151505064282e-02
6.652070482145510614e+05	2.461256634436669088e+00	9.115477825500020725e-02
6.703310909909995971e+05	2.480215521612924690e+00	9.141111842860716319e-02
6.754937078488458646e+05	2.499317132359067273e+00	9.166832476358466320e-02
6.806951870370907709e+05	2.518562533192445496e+00	9.192639999784403548e-02
6.859358189512026729e+05	2.537952798572304935e+00	9.218534687951891737e-02
6.912158961490662768e+05	2.557489010958804432e+00	9.244516816699602235e-02
6.965357133670848561e+05	2.577172260872591103e+00	9.270586662894449159e-02
7.018955675363686169e+05	2.597003646954697764e+00	9.296744504434209522e-02
7.072957577990647405e+05	2.616984276026962597e+00	9.322990620250597160e-02
7.127365855247990694e+05	2.637115263152864930e+00	9.349325290312084091e-02
7.182183543272350216e+05	2.657397731698793564e+00	9.375748795626823173e-02
7.237413700807649875e+05	2.677832813395801370e+00	9.402261418245726199e-02
7.293059409373337403e+05	2.698421648401855943e+00	9.428863441265313006e-02
7.349123773433492752e+05	2.719165385364405552e+00	9.455555148830550871e-02
7.405609920567753725e+05	2.740065181483624990e+00	9.482336826138187957e-02
7.462521001643042546e+05	2.761122202575949647e+00	9.509208759439367886e-02
7.519860190986896632e+05	2.782337623138213978e+00	9.536171236042861876e-02
7.577630686561652692e+05	2.803712626412093289e+00	9.563224544318126019e-02
7.635835710140480660e+05	2.825248404449238748e+00	9.590368973698351618e-02
7.694478507484480506e+05	2.846946158176802300e+00	9.617604814683307357e-02
7.753562348520646337e+05	2.868807097463286659e+00	9.644932358842799036e-02
7.813090527522114571e+05	2.890832441185229307e+00	9.672351898819482596e-02
7.873066363288846333e+05	2.913023417294063666e+00	9.699863728332107360e-02
7.933493199330175994e+05	2.935381262883653530e+00	9.727468142178639920e-02
7.994374404048551805e+05	2.957907224258284007e+00	9.755165436239407462e-02
8.055713370924473274e+05	2.980602557001081454e+00	9.782955907480192503e-02
8.117513518703227164e+05	3.003468526043112874e+00	9.810839853955456713e-02
8.179778291582607199e+05	3.026506405732833471e+00	9.838817574811732636e-02
8.242511159402230987e+05	3.049717479906141282e+00	9.866889370290497785e-02
8.305715617834093282e+05	3.073103041956879000e+00	9.895055541731774540e-02
8.369395188574922504e+05	3.096664394908001494e+00	9.923316391576973705e-02
8.433553419539440656e+05	3.120402851483088824e+00	9.951672223372587389e-02
8.498193885055393912e+05	3.144319734178503190e+00	9.980123341773135259e-02
8.563320186060030246e+05	3.168416375336084556e+00	1.000867005254451880e-01
8.628935950297979871e+05	3.192694117216367644e+00	1.003731266256752686e-01
8.695044832520370837e+05	3.217154312072256772e+00	1.006605147984104415e-01
8.761650514685822418e+05	3.241798322223387707e+00	1.009488681348531813e-01
8.828756706162850605e+05	3.266627520131021978e+00	1.012381897374543954e-01
8.896367143933461048e+05	3.291643288473374618e+00	1.015284827199467027e-01
8.964485592798521975e+05	3.316847020221600939e+00	1.018197502073792116e-01
9.033115845584751805e+05	3.342240118716382824e+00	1.021119953361505767e-01
9.102261723352988483e+05	3.367823997744987974e+00	1.024052212540430135e-01
9.171927075608172454e+05	3.393600081618961983e+00	1.026994311202591298e-01
9.242115780510802288e+05	3.419569805252368866e+00	1.029946281054526652e-01
9.312831745090027107e+05	3.445734614240634208e+00	1.032908153917664884e-01
9.384078905458351364e+05	3.472095964939982071e+00	1.035879961728659732e-01
9.455861227027727291e+05	3.498655324547396361e+00	1.038861736539758024e-01
9.528182704727529781e+05	3.525414171181263878e+00	1.041853510519134968e-01
9.601047363224156434e+05	3.552373993962630649e+00	1.044855315951249558e-01
9.674459257141794078e+05	3.579536293096882371e+00	1.047867185237208038e-01
9.748422471285440261e+05	3.606902579956263288e+00	1.050889150895116114e-01
9.822941120865213452e+05	3.634474377162873804e+00	1.053921245560442005e-01
9.898019351722480496e+05	3.662253218672329336e+00	1.056963501986378368e-01
9.973661340557446238e+05	3.690240649857977395e+00	1.060015953044205345e-01
1.004987129515882232e+06	3.718438227595867840e+00	1.063078631723649858e-01
1.012665345463474980e+06	3.746847520350196525e+00	1.066151571133244491e-01
1.020401208964578807e+06	3.775470108259513236e+00	1.069234804500718561e-01
1.028195150263946038e+06	3.804307583223498046e+00	1.072328365173361442e-01
1.036047602808673517e+06	3.833361548990463330e+00	1.075432286618364514e-01
1.043959003271989990e+06	3.862633621245365134e+00	1.078546602423223338e-01
1.051929791577247670e+06	3.892125427698570839e+00	1.081671346296097375e-01
1.059960410922109149e+06	3.921838608175354679e+00	1.084806552066203272e-01
1.068051307802840369e+06	3.951774814705771188e+00	1.087952253684173476e-01
1.076202932038920466e+06	3.981935711615726792e+00	1.091108485222448271e-01
1.084415736797653837e+06	4.012322975618028309e+00	1.094275280875647988e-01
1.092690178619113984e+06	4.042938295904686896e+00	1.097452674960959357e-01
1.101026717441219836e+06	4.073783374239691391e+00	1.100640701918525616e-01
1.109425816624966450e+06	4.104859925052369185e+00	1.103839396311821208e-01
1.117887942979915068e+06	4.136169675531692569e+00	1.107048792828049244e-01
1.126413566789820557e+06	4.167714365721104208e+00	1.110268926278523416e-01
1.135003161838425091e+06	4.199495748613949253e+00	1.113499831599058659e-01
1.143657205435525393e+06	4.231515590249930625e+00	1.116741543850379020e-01
1.152376178443178767e+06	4.263775669812061686e+00	1.119994098218490830e-01
1.161160565302074887e+06	4.296277779724251289e+00	1.123257530015099454e-01
1.170010854058186291e+06	4.329023725749903129e+00	1.126531874677978023e-01
1.178927536389559275e+06	4.362015327091043559e+00	1.129817167771413750e-01
1.187911107633302687e+06	4.395254416488182159e+00	1.133113444986556528e-01
1.196962066812784644e+06	4.428742840320934349e+00	1.136420742141858176e-01
1.206080916665090481e+06	4.462482458709620126e+00	1.139739095183462114e-01
1.215268163668561494e+06	4.496475145617156777e+00	1.143068540185618320e-01
1.224524318070671288e+06	4.530722788952196822e+00	1.146409113351085640e-01
1.233849893915987341e+06	4.565227290672590144e+00	1.149760851011537716e-01
1.243245409074438736e+06	4.599990566889970545e+00	1.153123789627977930e-01
1.252711385269761318e+06	4.635014547975004895e+00	1.156497965791166427e-01
1.262248348108131206e+06	4.670301178663335939e+00	1.159883416222014518e-01
1.271856827106995275e+06	4.705852418162254303e+00	1.163280177772010732e-01
1.281537355724209687e+06	4.741670240258509139e+00	1.166688287423653381e-01
1.291290471387312282e+06	4.777756633426622379e+00	1.170107782290835258e-01
1.301116715523008956e+06	4.814113600937978354e+00	1.173538699619291609e-01
1.311016633586934535e+06	4.850743160970945489e+00	1.176981076787029235e-01
1.320990775093574077e+06	4.887647346721581521e+00	1.180434951304734637e-01
1.331039693646466592e+06	4.924828206515386775e+00	1.183900360816213249e-01
1.341163946968592936e+06	4.962287803919742224e+00	1.187377343098816179e-01
1.351364096932989778e+06	5.000028217857178880e+00	1.190865936063861957e-01
1.361640709593603387e+06	5.038051542719531817e+00	1.194366177757085479e-01
1.371994355216386029e+06	5.076359888483006344e+00	1.197878106359054756e-01
1.382425608310585609e+06	5.114955380823936970e+00	1.201401760185624445e-01
1.392935047660313081e+06	5.153840161235600625e+00	1.204937177688353844e-01
1.403523256356298923e+06	5.193016387145698687e+00	1.208484397454976933e-01
1.414190821827920154e+06	5.232486232034873730e+00	1.212043458209811492e-01
1.424938335875449236e+06	5.272251885556016759e+00	1.215614398814214847e-01
1.435766394702568417e+06	5.312315553654574529e+00	1.219197258267043366e-01
1.446675598949040286e+06	5.352679458689432401e+00	1.222792075705067538e-01
1.457666553723753430e+06	5.393345839555177434e+00	1.226398890403458952e-01
1.468739868637902895e+06	5.434316951804874840e+00	1.230017741776205098e-01
1.479896157838496845e+06	5.475595067774029268e+00	1.233648669376597590e-01
1.491136040042031091e+06	5.517182476705193572e+00	1.237291712897647528e-01
1.502460138568486786e+06	5.559081484873746426e+00	1.240946912172582739e-01
1.513869081375521375e+06	5.601294415714410668e+00	1.244614307175257312e-01
1.525363501092995284e+06	5.643823609948994680e+00	1.248293938020666599e-01
1.536944035057638306e+06	5.686671425714658668e+00	1.251985844965351480e-01
1.548611325348091312e+06	5.729840238693567400e+00	1.255690068407905868e-01
1.560366018820120022e+06	5.773332442243185980e+00	1.259406648889440095e-01
1.572208767142147059e+06	5.817150447527739132e+00	1.263135627094015279e-01
1.584140226831017993e+06	5.861296683650555117e+00	1.266877043849138074e-01
1.596161059288036311e+06	5.905773597787384865e+00	1.270630940126230568e-01
1.608271930835282896e+06	5.950583655320790477e+00	1.274397357041086865e-01
1.620473512752178358e+06	5.995729339975426342e+00	1.278176335854354362e-01
1.632766481312355725e+06	6.041213153954457127e+00	1.281967917972041404e-01
1.645151517820763402e+06	6.087037618076851508e+00	1.285772144945934725e-01
1.657629308651077328e+06	6.133205271915798562e+00	1.289589058474130689e-01
1.670200545283365296e+06	6.179718673938067397e+00	1.293418700401511301e-01
1.682865924342063721e+06	6.226580401644520535e+00	1.297261112720193010e-01
1.695626147634184919e+06	6.273793051711477275e+00	1.301116337570046300e-01
1.708481922187882941e+06	6.321359240133418211e+00	1.304984417239165029e-01
1.721433960291222902e+06	6.369281602366412720e+00	1.308865394164391571e-01
1.734482979531306541e+06	6.417562793472898264e+00	1.312759310931751744e-01
1.747629702833630843e+06	6.466205488267304347e+00	1.316666210276986326e-01
1.760874858501818497e+06	6.515212381463045155e+00	1.320586135086039004e-01
1.774219180257532513e+06	6.564586187820215635e+00	1.324519128395562628e-01
1.787663407280800398e+06	6.614329642294779710e+00	1.328465233393396894e-01
1.801208284250564873e+06	6.664445500188616478e+00	1.332424493419082923e-01
1.814854561385550536e+06	6.714936537300718378e+00	1.336396951964358426e-01
1.828602994485442294e+06	6.765805550079559083e+00	1.340382652673685615e-01
1.842454344972393708e+06	6.817055355776667547e+00	1.344381639344736090e-01
1.856409379932784010e+06	6.868688792601126636e+00	1.348393955928887944e-01
1.870468872159341350e+06	6.920708719875433346e+00	1.352419646531781150e-01
1.884633600193557329e+06	6.973118018192435486e+00	1.356458755413789130e-01
1.898904348368387204e+06	7.025919589573311974e+00	1.360511326990537229e-01
1.913281906851346372e+06	7.079116357627036393e+00	1.364577405833448109e-01
1.927767071687847609e+06	7.132711267710720726e+00	1.368657036670238858e-01
1.942360644844889641e+06	7.186707287091266494e+00	1.372750264385451391e-01
1.957063434255074710e+06	7.241107405108221151e+00	1.376857134020962048e-01
1.971876253860945115e+06	7.295914633337835298e+00	1.380977690776500066e-01
1.986799923659676919e+06	7.351132005758415744e+00	1.385111980010226562e-01
2.001835269748056307e+06	7.406762578916747053e+00	1.389260047239196105e-01
2.016983124367819168e+06	7.462809432095840911e+00	1.393421938139917937e-01
2.032244325951328734e+06	7.519275667483944936e+00	1.397597698548904421e-01
2.047619719167609932e+06	7.576164410344873090e+00	1.401787374463167868e-01
2.063110154968662653e+06	7.633478809189355729e+00	1.405991012040797850e-01
2.078716490636187373e+06	7.691222035947933300e+00	1.410208657601478566e-01
2.094439589828629978e+06	7.749397286145012664e+00	1.414440357627022582e-01
2.110280322628563736e+06	7.808007779074189081e+00	1.418686158761946203e-01
2.126239565590471029e+06	7.867056757975029235e+00	1.422946107813968519e-01
2.142318201788777951e+06	7.926547490210801961e+00	1.427220251754592883e-01
2.158517120866398793e+06	7.986483267448094558e+00	1.431508637719652588e-01
2.174837219083519187e+06	8.046867405837305753e+00	1.435811313009849599e-01
2.191279399366728496e+06	8.107703246194438051e+00	1.440128325091309669e-01
2.207844571358643007e+06	8.168994154184700207e+00	1.444459721596162149e-01
2.224533651467800606e+06	8.230743520507118660e+00	1.448805550323054581e-01
2.241347562918906566e+06	8.292954761080450155e+00	1.453165859237756097e-01
2.258287235803565476e+06	8.355631317230876931e+00	1.457540696473683395e-01
2.275353607131288853e+06	8.418776655880744642e+00	1.461930110332485544e-01
2.292547620880872477e+06	8.482394269738662729e+00	1.466334149284624910e-01
2.309870228052202147e+06	8.546487677491168000e+00	1.470752861969892022e-01
2.327322386718524154e+06	8.611060423996134361e+00	1.475186297198032570e-01
2.344905062078930903e+06	8.676116080476978354e+00	1.479634503949304736e-01
2.362619226511291694e+06	8.741658244718481185e+00	1.484097531375025425e-01
2.380465859625716694e+06	8.807690541264625139e+00	1.488575428798180889e-01
2.398445948318236973e+06	8.874216621617193823e+00	1.493068245713989606e-01
2.416560486824959517e+06	8.941240164436152327e+00	1.497576031790487927e-01
2.434810476776620839e+06	9.008764875741499978e+00	1.502098836869109055e-01
2.453196927253608592e+06	9.076794489116833731e+00	1.506636710965272297e-01
2.471720854841204360e+06	9.145332765913760653e+00	1.511189704268979805e-01
2.490383283685449976e+06	9.214383495458601914e+00	1.515757867145389182e-01
2.509185245549355634e+06	9.283950495260341995e+00	1.520341250135411604e-01
2.528127779869418126e+06	9.354037611219776949e+00	1.524939903956309961e-01
2.547211933812773321e+06	9.424648717840952372e+00	1.529553879502300040e-01
2.566438762334531173e+06	9.495787718443315484e+00	1.534183227845135333e-01
2.585809328235728201e+06	9.567458545376130274e+00	1.538828000234720161e-01
2.605324702221655287e+06	9.639665160234299535e+00	1.543488248099696980e-01
2.624985962960484438e+06	9.712411554075270459e+00	1.548164023048080873e-01
2.644794197142618243e+06	9.785701747638638537e+00	1.552855376867828541e-01
2.664750499540149234e+06	9.859539791566140465e+00	1.557562361527483619e-01
2.684855973067070358e+06	9.933929766624428837e+00	1.562285029176777584e-01
2.705111728839676362e+06	1.000887578392856270e+01	1.567023432147226225e-01
2.725518886237558909e+06	1.008438198516769546e+01	1.571777622952771625e-01
2.746078572965004016e+06	1.016045254283221766e+01	1.576547654290381406e-01
2.766791925112917554e+06	1.023709166044291585e+01	1.581333579040694048e-01
2.787660087221068796e+06	1.031430357278124355e+01	1.586135450268622571e-01
2.808684212340938859e+06	1.039209254612187827e+01	1.590953321223970707e-01
2.829865462098966818e+06	1.047046287846671930e+01	1.595787245342094318e-01
2.851205006760271732e+06	1.054941889978066882e+01	1.600637276244507579e-01
2.872704025292840786e+06	1.062896497222912195e+01	1.605503467739507750e-01
2.894363705432240851e+06	1.070910549041738946e+01	1.610385873822848535e-01
2.916185243746737484e+06	1.078984488163165700e+01	1.615284548678345977e-01
2.938169845702956431e+06	1.087118760608191970e+01	1.620199546678516289e-01
2.960318725732058287e+06	1.095313815714681915e+01	1.625130922385227827e-01
2.982633107296257745e+06	1.103570106161978437e+01	1.630078730550363064e-01
3.005114222956027836e+06	1.111888087995767194e+01	1.635043026116438647e-01
3.027763314437679481e+06	1.120268220653080959e+01	1.640023864217264316e-01
3.050581632701488212e+06	1.128710966987507369e+01	1.645021300178587942e-01
3.073570438010310754e+06	1.137216793294575901e+01	1.650035389518760554e-01
3.096730999998732004e+06	1.145786169337342919e+01	1.655066187949401635e-01
3.120064597742690239e+06	1.154419568372152405e+01	1.660113751376019742e-01
3.143572519829673227e+06	1.163117467174608244e+01	1.665178135898719713e-01
3.167256064429327846e+06	1.171880346065701417e+01	1.670259397812841884e-01
3.191116539364767727e+06	1.180708688938190498e+01	1.675357593609632934e-01
3.215155262184278108e+06	1.189602983283135984e+01	1.680472779976905084e-01
3.239373560233573895e+06	1.198563720216632866e+01	1.685605013799716112e-01
3.263772770728631411e+06	1.207591394506759563e+01	1.690754352161067953e-01
3.288354240828988608e+06	1.216686504600698626e+01	1.695920852342529539e-01
3.313119327711716294e+06	1.225849552652106311e+01	1.701104571824945400e-01
3.338069398645807989e+06	1.235081044548636164e+01	1.706305568289141483e-01
3.363205831067204941e+06	1.244381489939698682e+01	1.711523899616559097e-01
3.388530012654318940e+06	1.253751402264404646e+01	1.716759623889960451e-01
3.414043341404200066e+06	1.263191298779745964e+01	1.722012799394140037e-01
3.439747225709145423e+06	1.272701700588942764e+01	1.727283484616598530e-01
3.465643084434037562e+06	1.282283132670056780e+01	1.732571738248188664e-01
3.491732346994080115e+06	1.291936123904754652e+01	1.737877619183916256e-01
3.518016453433313407e+06	1.301661207107357399e+01	1.743201186523536117e-01
3.544496854503454175e+06	1.311458919054011574e+01	1.748542499572305065e-01
3.571175011743609793e+06	1.321329800512184605e+01	1.753901617841709115e-01
3.598052397560338490e+06	1.331274396270284655e+01	1.759278601050095203e-01
3.625130495308471844e+06	1.341293255167566656e+01	1.764673509123422523e-01
3.652410799372449983e+06	1.351386930124225216e+01	1.770086402196006936e-01
3.679894815248282161e+06	1.361555978171720760e+01	1.775517340611189321e-01
3.707584059626135044e+06	1.371800960483336063e+01	1.780966384922039458e-01
3.735480060473525431e+06	1.382122442404958562e+01	1.786433595892138737e-01
3.763584357119057793e+06	1.392520993486061975e+01	1.791919034496238239e-01
3.791898500336933881e+06	1.402997187510976218e+01	1.797422761921013967e-01
3.820424052431991324e+06	1.413551602530350060e+01	1.802944839565776280e-01
3.849162587325357832e+06	1.424184820892843106e+01	1.808485329043279799e-01
3.878115690640773159e+06	1.434897429277066827e+01	1.814044292180262696e-01
3.907284959791590925e+06	1.445690018723772319e+01	1.819621791018405654e-01
3.936672004068349022e+06	1.456563184668253541e+01	1.825217887814929163e-01
3.966278444727070164e+06	1.467517526973017183e+01	1.830832645043392048e-01
3.996105915078145452e+06	1.478553649960669425e+01	1.836466125394408955e-01
4.026156060575910844e+06	1.489672162447059556e+01	1.842118391776425834e-01
4.056430538908924442e+06	1.500873677774682413e+01	1.847789507316378310e-01
4.086931020090824459e+06	1.512158813846295757e+01	1.853479535360608166e-01
4.117659186551997904e+06	1.523528193158836785e+01	1.859188539475464808e-01
4.148616733231749851e+06	1.534982442837525873e+01	1.864916583448113507e-01
4.179805367671326268e+06	1.546522194670284378e+01	1.870663731287330045e-01
4.211226810107583180e+06	1.558148085142390826e+01	1.876430047224206810e-01
4.242882793567199260e+06	1.569860755471342095e+01	1.882215595712935507e-01
4.274775063961891457e+06	1.581660851642081056e+01	1.888020441431610130e-01
4.306905380184014328e+06	1.593549024442367923e+01	1.893844649282951098e-01
4.339275514203130268e+06	1.605525929498512738e+01	1.899688284395099902e-01
4.371887251163081266e+06	1.617592227311290998e+01	1.905551412122398203e-01
4.404742389479974285e+06	1.629748583292197850e+01	1.911434098046134178e-01
4.437842740940731019e+06	1.641995667799911018e+01	1.917336407975382961e-01
4.471190130802514032e+06	1.654334156177080217e+01	1.923258407947744941e-01
4.504786397892823443e+06	1.666764728787359573e+01	1.929200164230134851e-01
4.538633394710240886e+06	1.679288071052687314e+01	1.935161743319600280e-01
4.572732987526129931e+06	1.691904873490909367e+01	1.941143211944069691e-01
4.607087056486899965e+06	1.704615831753621080e+01	1.947144637063203676e-01
4.641697495717199519e+06	1.717421646664346468e+01	1.953166085869158519e-01
4.676566213423638605e+06	1.730323024256917819e+01	1.959207625787380558e-01
4.711695131999554113e+06	1.743320675814234377e+01	1.965269324477452728e-01
4.747086188130417839e+06	1.756415317907266527e+01	1.971351249833840358e-01
4.782741332899992354e+06	1.769607672434333523e+01	1.977453469986741874e-01
4.818662531897315755e+06	1.782898466660686765e+01	1.983576053302928688e-01
4.854851765324551612e+06	1.796288433258412098e+01	1.989719068386497092e-01
4.891311028105476871e+06	1.809778310346572994e+01	1.995882584079720357e-01
4.928042329995034263e+06	1.823368841531745943e+01	2.002066669463860860e-01
4.965047695689304732e+06	1.837060775948705427e+01	2.008271393860001641e-01
5.002329164936758578e+06	1.850854868301590983e+01	2.014496826829933196e-01
5.039888792649971321e+06	1.864751878905239479e+01	2.020743038176829043e-01
5.077728649018398486e+06	1.878752573726913511e+01	2.027010097946247424e-01
5.115850819621723145e+06	1.892857724428236210e+01	2.033298076426852674e-01
5.154257405544342473e+06	1.907068108407557716e+01	2.039607044151350301e-01
5.192950523490676656e+06	1.921384508842612249e+01	2.045937071897225845e-01
5.231932305900980718e+06	1.935807714733371299e+01	2.052288230687687454e-01
5.271204901068496518e+06	1.950338520945392418e+01	2.058660591792435823e-01
5.310770473257151432e+06	1.964977728253361633e+01	2.065054226728567643e-01
5.350631202820229344e+06	1.979726143385007830e+01	2.071469207261421031e-01
5.390789286319873296e+06	1.994584579065313079e+01	2.077905605405434286e-01
5.431246936647731811e+06	2.009553854061155320e+01	2.084363493424973568e-01
5.472006383146008477e+06	2.024634793226095297e+01	2.090842943835233836e-01
5.513069871729940176e+06	2.039828227545694261e+01	2.097344029403089005e-01
5.554439665010797791e+06	2.055134994183021391e+01	2.103866823147992338e-01
5.596118042419958860e+06	2.070555936524563023e+01	2.110411398342816325e-01
5.638107300334028900e+06	2.086091904226517002e+01	2.116977828514753357e-01
5.680409752200545743e+06	2.101743753261302317e+01	2.123566187446145337e-01
5.723027728664993308e+06	2.117512345964554754e+01	2.130176549175430145e-01
5.765963577698479407e+06	2.133398551082366978e+01	2.136808987998013998e-01
5.809219664726546966e+06	2.149403243818948894e+01	2.143463578467134922e-01
5.852798372758791782e+06	2.165527305884586085e+01	2.150140395394741222e-01
5.896702102519683540e+06	2.181771625544042337e+01	2.156839513852472912e-01
5.940933272579901852e+06	2.198137097665156503e+01	2.163561009172465244e-01
5.985494319489260204e+06	2.214624623768019873e+01	2.170304956948304886e-01
6.030387697910098359e+06	2.231235112074335092e+01	2.177071433035908665e-01
6.075615880751898512e+06	2.247969477557222362e+01	2.183860513554440330e-01
6.121181359306915663e+06	2.264828641991404012e+01	2.190672274887246196e-01
6.167086643386759795e+06	2.281813534003734745e+01	2.197506793682713622e-01
6.213334261459924281e+06	2.298925089124094612e+01	2.204364146855267437e-01
6.259926760790534317e+06	2.316164249836718625e+01	2.211244411586239800e-01
6.306866707577952184e+06	2.333531965631855698e+01	2.218147665324781415e-01
6.354156687097360380e+06	2.351029193057781086e+01	2.225073985788821596e-01
6.401799303841676563e+06	2.368656895773305848e+01	2.232023450966018896e-01
6.449797181664288975e+06	2.386416044600587938e+01	2.238996139114645678e-01
6.498152963922861964e+06	2.404307617578342260e+01	2.245992128764545959e-01
6.546869313624272123e+06	2.422332600015464976e+01	2.253011498718100469e-01
6.595948913570658304e+06	2.440491984545070636e+01	2.260054328051142869e-01
6.645394466506413184e+06	2.458786771178882802e+01	2.267120696113927025e-01
6.695208695266488940e+06	2.477217967362101803e+01	2.274210682532066541e-01
6.745394342925595120e+06	2.495786588028613195e+01	2.281324367207492876e-01
6.795954172948578373e+06	2.514493655656623616e+01	2.288461830319390433e-01
6.846890969341852702e+06	2.533340200324691693e+01	2.295623152325250160e-01
6.898207536806252785e+06	2.552327259768284051e+01	2.302808413961709710e-01
6.949906700890561566e+06	2.571455879436579295e+01	2.310017696245590391e-01
7.001991308146461844e+06	2.590727112549799926e+01	2.317251080474880542e-01
7.054464226284800097e+06	2.610142020157029918e+01	2.324508648229680896e-01
7.107328344332520850e+06	2.629701671194281687e+01	2.331790481373222645e-01
7.160586572791176848e+06	2.649407142543140736e+01	2.339096662052763120e-01
7.214241843796516769e+06	2.669259519089817800e+01	2.346427272700689903e-01
7.268297111279173754e+06	2.689259893784600308e+01	2.353782396035426494e-01
7.322755351126604713e+06	2.709409367701769611e+01	2.361162115062465094e-01
7.377619561346225441e+06	2.729709050099963008e+01	2.368566513075334445e-01
7.432892762229871936e+06	2.750160058483021430e+01	2.375995673656634000e-01
7.488577996519194916e+06	2.770763518661186708e+01	2.383449680679001759e-01
7.544678329572661780e+06	2.791520564812892857e+01	2.390928618306179809e-01
7.601196849533363245e+06	2.812432339546852234e+01	2.398432570993965229e-01
7.658136667498535477e+06	2.833499993964780472e+01	2.405961623491250645e-01
7.715500917689987458e+06	2.854724687724452181e+01	2.413515860841020932e-01
7.773292757625929080e+06	2.876107589103279594e+01	2.421095368381430413e-01
7.831515368294110522e+06	2.897649875062372971e+01	2.428700231746775684e-01
7.890171954326105304e+06	2.919352731311023419e+01	2.436330536868547281e-01
7.949265744173063897e+06	2.941217352371734250e+01	2.443986369976463846e-01
8.008799990282744169e+06	2.963244941645719521e+01	2.451667817599495758e-01
8.068777969277633354e+06	2.985436711478810778e+01	2.459374966566912069e-01
8.129202982134717517e+06	3.007793883227970255e+01	2.467107904009348818e-01
8.190078354366438463e+06	3.030317687328246379e+01	2.474866717359812673e-01
8.251407436202758923e+06	3.053009363360134998e+01	2.482651494354754240e-01
8.313193602775188163e+06	3.075870160117671404e+01	2.490462323035158299e-01
8.375440254301508889e+06	3.098901335676776014e+01	2.498299291747544948e-01
8.438150816272279248e+06	3.122104157464263707e+01	2.506162489145057903e-01
8.501328739638471976e+06	3.145479902327265975e+01	2.514052004188544465e-01
8.564977501000853255e+06	3.169029856603303941e+01	2.521967926147598016e-01
8.629100602800549939e+06	3.192755316190795511e+01	2.529910344601670746e-01
8.693701573510751128e+06	3.216657586619987796e+01	2.537879349441124477e-01
8.758783967830475420e+06	3.240737983124648025e+01	2.545875030868309796e-01
8.824351366879226640e+06	3.264997830714085580e+01	2.553897479398662962e-01
8.890407378393281251e+06	3.289438464245781546e+01	2.561946785861793918e-01
8.956955636923607439e+06	3.314061228498615463e+01	2.570023041402603181e-01
9.023999804034855217e+06	3.338867478246489640e+01	2.578126337482306574e-01
9.091543568506374955e+06	3.363858578332712312e+01	2.586256765879652586e-01
9.159590646534100175e+06	3.389035903744687772e+01	2.594414418691904367e-01
9.228144781934326515e+06	3.414400839689317024e+01	2.602599388336040431e-01
9.297209746349116787e+06	3.439954781668995309e+01	2.610811767549845452e-01
9.366789339452942833e+06	3.465699135558072186e+01	2.619051649392984960e-01
9.436887389160839841e+06	3.491635317679866546e+01	2.627319127248183284e-01
9.507507751838287339e+06	3.517764754884325384e+01	2.635614294822338222e-01
9.578654312512684613e+06	3.544088884626261660e+01	2.643937246147606834e-01
9.650330985086213797e+06	3.570609155044121508e+01	2.652288075582586169e-01
9.722541712550306693e+06	3.597327025039334814e+01	2.660666877813441245e-01
9.795290467202069238e+06	3.624243964356386982e+01	2.669073747855030265e-01
9.868581250861503184e+06	3.651361453663198375e+01	2.677508781052054254e-01
9.942418095091346651e+06	3.678680984632459428e+01	2.685972073080259426e-01
1.001680506141773798e+07	3.706204060023276980e+01	2.694463719947495228e-01
1.009174624155316502e+07	3.733932193763665452e+01	2.702983817994937255e-01
1.016724575762026198e+07	3.761866911033353489e+01	2.711532463898229106e-01
1.024330776237808727e+07	3.790009748347505081e+01	2.720109754668691981e-01
1.031993643944975361e+07	3.818362253640938775e+01	2.728715787654422686e-01
1.039713600355164893e+07	3.846925986352946580e+01	2.737350660541496561e-01
1.047491070072434098e+07	3.875702517512721812e+01	2.746014471355167630e-01
1.055326480856545642e+07	3.904693429825525186e+01	2.754707318461048215e-01
1.063220263646408543e+07	3.933900317759417931e+01	2.763429300566266900e-01
1.071172852583713271e+07	3.963324787632707569e+01	2.772180516720689769e-01
1.079184685036691092e+07	3.992968457701859109e+01	2.780961066318094477e-01
1.087256201624117233e+07	4.022832958250305069e+01	2.789771049097385935e-01
1.095387846239450760e+07	4.052919931677762122e+01	2.798610565143797024e-01
1.103580066075164080e+07	4.083231032590253307e+01	2.807479714890092071e-01
1.111833311647257023e+07	4.113767927890806675e+01	2.816378599117776438e-01
1.120148036819943972e+07	4.144532296870797694e+01	2.825307318958319991e-01
1.128524698830533959e+07	4.175525831302007163e+01	2.834265975894393885e-01
1.136963758314493671e+07	4.206750235529352011e+01	2.843254671761076824e-01
1.145465679330667295e+07	4.238207226564198038e+01	2.852273508747060204e-01
1.154030929386761226e+07	4.269898534178657457e+01	2.861322589395964844e-01
1.162659979464931600e+07	4.301825901000253083e+01	2.870402016607482842e-01
1.171353304047588259e+07	4.333991082607403911e+01	2.879511893638682651e-01
1.180111381143442541e+07	4.366395847625793181e+01	2.888652324105234204e-01
1.188934692313666642e+07	4.399041977825162775e+01	2.897823411982646258e-01
1.197823722698296793e+07	4.431931268216999342e+01	2.907025261607598110e-01
1.206778961042834632e+07	4.465065527152965785e+01	2.916257977679098112e-01
1.215800899725028872e+07	4.498446576423987864e+01	2.925521665259825932e-01
1.224890034781852551e+07	4.532076251360070529e+01	2.934816429777362679e-01
1.234046865936685726e+07	4.565956400930874537e+01	2.944142377025447677e-01
1.243271896626730449e+07	4.600088887847151398e+01	2.953499613165340154e-01
1.252565634030574001e+07	4.634475588662728995e+01	2.962888244727003295e-01
1.261928589095986448e+07	4.669118393877354833e+01	2.972308378610458712e-01
1.271361276567935385e+07	4.704019208040359246e+01	2.981760122087077081e-01
1.280864215016803890e+07	4.739179949855058283e+01	2.991243582800826029e-01
1.290437926866812073e+07	4.774602552283908352e+01	3.000758868769621279e-01
1.300082938424611092e+07	4.810288962654308165e+01	3.010306088386622836e-01
1.309799779908158258e+07	4.846241142765440912e+01	3.019885350421533943e-01
1.319588985475790314e+07	4.882461068995832676e+01	3.029496764021900046e-01
1.329451093255458586e+07	4.918950732411533977e+01	3.039140438714507675e-01
1.339386645374259911e+07	4.955712138875375672e+01	3.048816484406600136e-01
1.349396187988120690e+07	4.992747309156807489e+01	3.058525011387283055e-01
1.359480271311730705e+07	5.030058279042642511e+01	3.068266130328843322e-01
1.369639449648706242e+07	5.067647099448668513e+01	3.078039952288100234e-01
1.379874281421972439e+07	5.105515836532061513e+01	3.087846588707695017e-01
1.390185329204360396e+07	5.143666571804588727e+01	3.097686151417513578e-01
1.400573159749430791e+07	5.182101402246663469e+01	3.107558752636001009e-01
1.411038344022553600e+07	5.220822440422332278e+01	3.117464504971482753e-01
1.421581457232176885e+07	5.259831814594974730e+01	3.127403521423652299e-01
1.432203078861349262e+07	5.299131668843932630e+01	3.137375915384778557e-01
1.442903792699508183e+07	5.338724163182131122e+01	3.147381800641216310e-01
1.453684186874435097e+07	5.378611473674303056e+01	3.157421291374691297e-01
1.464544853884515539e+07	5.418795792556361590e+01	3.167494502163755721e-01
1.475486390631200932e+07	5.459279328355498251e+01	3.177601547985096642e-01
1.486509398451701552e+07	5.500064306011156390e+01	3.187742544215008689e-01
1.497614483151974529e+07	5.541152966997079687e+01	3.197917606630760745e-01
1.508802255039894022e+07	5.582547569444042068e+01	3.208126851411942093e-01
1.520073328958714195e+07	5.624250388263664036e+01	3.218370395141973983e-01
1.531428324320746586e+07	5.666263715273012025e+01	3.228648354809439125e-01
1.542867865141336247e+07	5.708589859320318993e+01	3.238960847809558286e-01
1.554392580073028244e+07	5.751231146411387130e+01	3.249307991945582508e-01
1.566003102440027893e+07	5.794189919837103986e+01	3.259689905430216972e-01
1.577700070272905566e+07	5.837468540301840392e+01	3.270106706887060399e-01
1.589484126343565434e+07	5.881069386052837444e+01	3.280558515352043347e-01
1.601355918200481869e+07	5.924994853010581153e+01	3.291045450274898698e-01
1.613316098204164021e+07	5.969247354900019786e+01	3.301567631520564983e-01
1.625365323562905751e+07	6.013829323382839931e+01	3.312125179370652428e-01
1.637504256368818134e+07	6.058743208190782781e+01	3.322718214524930658e-01
1.649733563634099439e+07	6.103991477259847898e+01	3.333346858102754773e-01
1.662053917327601276e+07	6.149576616865579837e+01	3.344011231644559712e-01
1.674465994411624037e+07	6.195501131759221636e+01	3.354711457113348505e-01
1.686970476879061759e+07	6.241767545305135911e+01	3.365447656896113915e-01
1.699568051790688187e+07	6.288378399618778758e+01	3.376219953805335572e-01
1.712259411312940717e+07	6.335336255706486952e+01	3.387028471080616443e-01
1.725045252755713090e+07	6.382643693605314184e+01	3.397873332389882428e-01
1.737926278610647097e+07	6.430303312524716830e+01	3.408754661831208677e-01
1.750903196589626372e+07	6.478317730988969458e+01	3.419672583934118548e-01
1.763976719663520902e+07	6.526689586980528190e+01	3.430627223661141256e-01
1.777147566101279855e+07	6.575421538084663098e+01	3.441618706409317885e-01
1.790416459509287030e+07	6.624516261635086778e+01	3.452647158011769579e-01
1.803784128871037811e+07	6.673976454860745378e+01	3.463712704739226322e-01
1.817251308587041125e+07	6.723804835033463689e+01	3.474815473301507973e-01
1.830818738515087217e+07	6.774004139616934594e+01	3.485955590849083019e-01
1.844487164010801539e+07	6.824577126416761530e+01	3.497133184974633435e-01
1.858257335968462378e+07	6.875526573731490032e+01	3.508348383714608998e-01
1.872130010862172395e+07	6.926855280504940993e+01	3.519601315550690557e-01
1.886105950787278265e+07	6.978566066479454832e+01	3.530892109411477020e-01
1.900185923502177000e+07	7.030661772350589445e+01	3.542220894673991372e-01
1.914370702470363677e+07	7.083145259922679315e+01	3.553587801165270510e-01
1.928661066902779415e+07	7.136019412265537198e+01	3.564992959163912900e-01
1.943057801800566912e+07	7.189287133872640823e+01	3.576436499401683955e-01
1.957561697998088971e+07	7.242951350820297307e+01	3.587918553065102545e-01
1.972173552206213027e+07	7.297015010927805179e+01	3.599439251797014183e-01
1.986894167055995762e+07	7.351481083919084369e+01	3.610998727698229716e-01
