1.000000000000000000e+06
1.003700457716742763e+06
1.007414612833466381e+06
1.011142516023345408e+06
1.014884218147629173e+06
1.018639770256300690e+06
1.022409223588802153e+06
1.026192629574691760e+06
1.029990039834358497e+06
1.033801506179707008e+06
1.037627080614855047e+06
1.041466815336837317e+06
1.045320762736320030e+06
1.049188975398292299e+06
1.053071506102781277e+06
1.056968407825558214e+06
1.060879733738875249e+06
1.064805537212167401e+06
1.068745871812768281e+06
1.072700791306654224e+06
1.076670349659161642e+06
1.080654601035695057e+06
1.084653599802506389e+06
1.088667400527396007e+06
1.092696057980451034e+06
1.096739627134804381e+06
1.100798163167382125e+06
1.104871721459633438e+06
1.108960357598286122e+06
1.113064127376102144e+06
1.117183086792633636e+06
1.121317292054988211e+06
1.125466799578592181e+06
1.129631665987941204e+06
1.133811948117369087e+06
1.138007703011839418e+06
1.142218987927707378e+06
1.146445860333499964e+06
1.150688377910685958e+06
1.154946598554467550e+06
1.159220580374562647e+06
1.163510381696015829e+06
1.167816061059955973e+06
1.172137677224401617e+06
1.176475289165080292e+06
1.180828956076215720e+06
1.185198737371329451e+06
1.189584692684038542e+06
1.193986881868899800e+06
1.198405365002189297e+06
1.202840202382738935e+06
1.207291454532745993e+06
1.211759182198607130e+06
1.216243446351740044e+06
1.220744308189397911e+06
1.225261829135525972e+06
1.229796070841576671e+06
1.234347095187384170e+06
1.238914964281964116e+06
1.243499740464362083e+06
1.248101486304535763e+06
1.252720264604182681e+06
1.257356138397595845e+06
1.262009170952541986e+06
1.266679425771074602e+06
1.271366966590460390e+06
1.276071857384000905e+06
1.280794162361920578e+06
1.285533945972255664e+06
1.290291272901697783e+06
1.295066208076508017e+06
1.299858816663394682e+06
1.304669164070368279e+06
1.309497315947686322e+06
1.314343338188706199e+06
1.319207296930788318e+06
1.324089258556228597e+06
1.328989289693124592e+06
1.333907457216304960e+06
1.338843828248228179e+06
1.343798470159913180e+06
1.348771450571837602e+06
1.353762837354884017e+06
1.358772698631241452e+06
1.363801102775348350e+06
1.368848118414817378e+06
1.373913814431374427e+06
1.378998259961792966e+06
1.384101524398852373e+06
1.389223677392261568e+06
1.394364788849616889e+06
1.399524928937370190e+06
1.404704168081757380e+06
1.409902576969796792e+06
1.415120226550191641e+06
1.420357188034380320e+06
1.425613532897436526e+06
1.430889332879069727e+06
1.436184659984620288e+06
1.441499586486013373e+06
1.446834184922761517e+06
1.452188528102947399e+06
1.457562689104220364e+06
1.462956741274800384e+06
1.468370758234450594e+06
1.473804813875511754e+06
1.479258982363897376e+06
1.484733338140103966e+06
1.490227955920227105e+06
1.495742910696992883e+06
1.501278277740771184e+06
1.506834132600585697e+06
1.512410551105177030e+06
1.518007609364007600e+06
1.523625383768333122e+06
1.529263950992196798e+06
1.534923387993525947e+06
1.540603772015150171e+06
1.546305180585862137e+06
1.552027691521482076e+06
1.557771382925919956e+06
1.563536333192222752e+06
1.569322621003666194e+06
1.575130325334818335e+06
1.580959525452615460e+06
1.586810300917447777e+06
1.592682731584249763e+06
1.598576897603567922e+06
1.604492879422686063e+06
1.610430757786693284e+06
1.616390613739613676e+06
1.622372528625484789e+06
1.628376584089483600e+06
1.634402862079052720e+06
1.640451444844975136e+06
1.646522414942541858e+06
1.652615855232665548e+06
1.658731848883003462e+06
1.664870479369079694e+06
1.671031830475478200e+06
1.677215986296911724e+06
1.683423031239413889e+06
1.689653050021498697e+06
1.695906127675295575e+06
1.702182349547713296e+06
1.708481801301610190e+06
1.714804568916947581e+06
1.721150738691978157e+06
1.727520397244436434e+06
1.733913631512691732e+06
1.740330528756975662e+06
1.746771176560495282e+06
1.753235662830715301e+06
1.759724075800528517e+06
1.766236504029436503e+06
1.772773036404767539e+06
1.779333762142900610e+06
1.785918770790501963e+06
1.792528152225710917e+06
1.799161996659362921e+06
1.805820394636264537e+06
1.812503437036369694e+06
1.819211215076101944e+06
1.825943820309498115e+06
1.832701344629562227e+06
1.839483880269442452e+06
1.846291519803705392e+06
1.853124356149611063e+06
1.859982482568403939e+06
1.866865992666530889e+06
1.873774980396978790e+06
1.880709540060509462e+06
1.887669766306954436e+06
1.894655754136557691e+06
1.901667598901196849e+06
1.908705396305723581e+06
1.915769242409285856e+06
1.922859233626598492e+06
1.929975466729294043e+06
1.937118038847217569e+06
1.944287047469762852e+06
1.951482590447222348e+06
1.958704765992101515e+06
1.965953672680453863e+06
1.973229409453226253e+06
1.980532075617654016e+06
1.987861770848549437e+06
1.995218595189697342e+06
2.002602649055229500e+06
2.010014033230980393e+06
2.017452848875867901e+06
2.024919197523263050e+06
2.032413181082393276e+06
2.039934901839700527e+06
2.047484462460304378e+06
2.055061965989350108e+06
2.062667515853397315e+06
2.070301215861882083e+06
2.077963170208518626e+06
2.085653483472709311e+06
2.093372260620968882e+06
2.101119607008381747e+06
2.108895628380007576e+06
2.116700430872363504e+06
2.124534121014816687e+06
2.132396805731121916e+06
2.140288592340806965e+06
2.148209588560651056e+06
2.156159902506189421e+06
2.164139642693166155e+06
2.172148918038996402e+06
2.180187837864310015e+06
2.188256511894365773e+06
2.196355050260601565e+06
2.204483563502156641e+06
2.212642162567311898e+06
2.220830958815064747e+06
2.229050064016625751e+06
2.237299590356947388e+06
2.245579650436233263e+06
2.253890357271528803e+06
2.262231824298218824e+06
2.270604165371562820e+06
2.279007494768321048e+06
2.287441927188239060e+06
2.295907577755642124e+06
2.304404562021023128e+06
2.312932995962589979e+06
2.321492995987882372e+06
2.330084678935317323e+06
2.338708162075821310e+06
2.347363563114413526e+06
2.356051000191817060e+06
2.364770591886082198e+06
2.373522457214182243e+06
2.382306715633666143e+06
2.391123487044261768e+06
2.399972891789532267e+06
2.408855050658492837e+06
2.417770084887297358e+06
2.426718116160866804e+06
2.435699266614569351e+06
2.444713658835860435e+06
2.453761415865981951e+06
2.462842661201631185e+06
2.471957518796639983e+06
2.481106113063662779e+06
2.490288568875920027e+06
2.499505011568843387e+06
2.508755566941828001e+06
2.518040361259933095e+06
2.527359521255581640e+06
2.536713174130352214e+06
2.546101447556648869e+06
2.555524469679487869e+06
2.564982369118235074e+06
2.574475274968360085e+06
2.584003316803184804e+06
2.593566624675679952e+06
2.603165329120233189e+06
2.612799561154413503e+06
2.622469452280762605e+06
2.632175134488603566e+06
2.641916740255842917e+06
2.651694402550773695e+06
2.661508254833880812e+06
2.671358431059675291e+06
2.681245065678526182e+06
2.691168293638490606e+06
2.701128250387148466e+06
2.711125071873466950e+06
2.721158894549628254e+06
2.731229855372935999e+06
2.741338091807651334e+06
2.751483741826871876e+06
2.761666943914427888e+06
2.771887837066766806e+06
2.782146560794855468e+06
2.792443255126081873e+06
2.802778060606145300e+06
2.813151118301016744e+06
2.823562569798846729e+06
2.834012557211872190e+06
2.844501223178389017e+06
2.855028710864699446e+06
2.865595163967025001e+06
2.876200726713532116e+06
2.886845543866247404e+06
2.897529760723069776e+06
2.908253523119733669e+06
2.919016977431798819e+06
2.929820270576652139e+06
2.940663550015532412e+06
2.951546963755513076e+06
2.962470660351538099e+06
2.973434788908443414e+06
2.984439499083019793e+06
2.995484941086006351e+06
3.006571265684180427e+06
3.017698624202409294e+06
3.028867168525700923e+06
3.040077051101289690e+06
3.051328424940710887e+06
3.062621443621899467e+06
3.073956261291280389e+06
3.085333032665880863e+06
3.096751913035412319e+06
3.108213058264429215e+06
3.119716624794438016e+06
3.131262769646034576e+06
3.142851650421043392e+06
3.154483425304682460e+06
3.166158253067716956e+06
3.177876293068620376e+06
3.189637705255737994e+06
3.201442650169506203e+06
3.213291288944631349e+06
3.225183783312259708e+06
3.237120295602214057e+06
3.249100988745213952e+06
3.261126026275091805e+06
3.273195572331006173e+06
3.285309791659713257e+06
3.297468849617801141e+06
3.309672912173948251e+06
3.321922145911169238e+06
3.334216718029152136e+06
3.346556796346460935e+06
3.358942549302900676e+06
3.371374145961730741e+06
3.383851756012059283e+06
3.396375549771114253e+06
3.408945698186571244e+06
3.421562372838891577e+06
3.434225745943669230e+06
3.446935990354010835e+06
3.459693279562800657e+06
3.472497787705181632e+06
3.485349689560858067e+06
3.498249160556529649e+06
3.511196376768238842e+06
3.524191514923801646e+06
3.537234752405229025e+06
3.550326267251141369e+06
3.563466238159171771e+06
3.576654844488464296e+06
3.589892266262043267e+06
3.603178684169354849e+06
3.616514279568655882e+06
3.629899234489546623e+06
3.643333731635438744e+06
3.656817954386053607e+06
3.670352086799925659e+06
3.683936313616860192e+06
3.697570820260576438e+06
3.711255792841089889e+06
3.724991418157392181e+06
3.738777883699913509e+06
3.752615377653090749e+06
3.766504088897980750e+06
3.780444207014814485e+06
3.794435922285548877e+06
3.808479425696550403e+06
3.822574908941083122e+06
3.836722564422063529e+06
3.850922585254553705e+06
3.865175165268506855e+06
3.879480499011329375e+06
3.893838781750606839e+06
3.908250209476693533e+06
3.922714978905485012e+06
3.937233287481014151e+06
3.951805333378199488e+06
3.966431315505553968e+06
3.981111433507813141e+06
3.995845887768788729e+06
4.010634879414032679e+06
4.025478610313566867e+06
4.040377283084697090e+06
4.055331101094746962e+06
4.070340268463803921e+06
4.085404990067576990e+06
4.100525471540124621e+06
4.115701919276687317e+06
4.130934540436547715e+06
4.146223542945780326e+06
4.161569135500159115e+06
4.176971527567986865e+06
4.192430929392888211e+06
4.207947551996783353e+06
4.223521607182711363e+06
4.239153307537756860e+06
4.254842866435892880e+06
4.270590498040933162e+06
4.286396417309472337e+06
4.302260839993813075e+06
4.318183982644859701e+06
4.334166062615124509e+06
4.350207298061704263e+06
4.366307907949225977e+06
4.382468112052844837e+06
4.398688130961262621e+06
4.414968186079708859e+06
4.431308499632999301e+06
4.447709294668545015e+06
4.464170795059401542e+06
4.480693225507294759e+06
4.497276811545763165e+06
4.513921779543176293e+06
4.530628356705849990e+06
4.547396771081149578e+06
4.564227251560551114e+06
4.581120027882865630e+06
4.598075330637289211e+06
4.615093391266589984e+06
4.632174442070248537e+06
4.649318716207642108e+06
4.666526447701249272e+06
4.683797871439809911e+06
4.701133223181514069e+06
4.718532739557275549e+06
4.735996658073949628e+06
4.753525217117548920e+06
4.771118655956503004e+06
4.788777214744948782e+06
4.806501134525961243e+06
4.824290657234925777e+06
4.842146025702754967e+06
4.860067483659257181e+06
4.878055275736441836e+06
4.896109647471871227e+06
4.914230845311983489e+06
4.932419116615506820e+06
4.950674709656818770e+06
4.968997873629280366e+06
4.987388858648751862e+06
5.005847915756872855e+06
5.024375296924601309e+06
5.042971255055564456e+06
5.061636043989622965e+06
5.080369918506234884e+06
5.099173134327921085e+06
5.118045948123870417e+06
5.136988617513341829e+06
5.156001401069250889e+06
5.175084558321615681e+06
5.194238349761182442e+06
5.213463036842960864e+06
5.232758881989755668e+06
5.252126148595798761e+06
5.271565101030285470e+06
5.291076004641054198e+06
5.310659125758172013e+06
5.330314731697538868e+06
5.350043090764622204e+06
5.369844472258045338e+06
5.389719146473283879e+06
5.409667384706369601e+06
5.429689459257567301e+06
5.449785643435139209e+06
5.469956211559010670e+06
5.490201438964589499e+06
5.510521602006459609e+06
5.530916978062204085e+06
5.551387845536148176e+06
5.571934483863192610e+06
5.592557173512599431e+06
5.613256195991866291e+06
5.634031833850518800e+06
5.654884370684004389e+06
5.675814091137547977e+06
5.696821280910033733e+06
5.717906226757926866e+06
5.739069216499159113e+06
5.760310539017073810e+06
5.781630484264386818e+06
5.803029343267129734e+06
5.824507408128586598e+06
5.846064972033319995e+06
5.867702329251209274e+06
5.889419775141397491e+06
5.911217606156369671e+06
5.933096119845978916e+06
5.955055614861506037e+06
5.977096390959738754e+06
5.999218749007105827e+06
6.021422990983724594e+06
6.043709419987549074e+06
6.066078340238510631e+06
6.088530057082680054e+06
6.111064876996388659e+06
6.133683107590493746e+06
6.156385057614516467e+06
6.179171036960837431e+06
6.202041356669016182e+06
6.224996328929971904e+06
6.248036267090241425e+06
6.271161485656264238e+06
6.294372300298720598e+06
6.317669027856790461e+06
6.341051986342501827e+06
6.364521494945028797e+06
6.388077874035142362e+06
6.411721445169481449e+06
6.435452531095022336e+06
6.459271455753437243e+06
6.483178544285523705e+06
6.507174123035673983e+06
6.531258519556288607e+06
6.555432062612296082e+06
6.579695082185551524e+06
6.604047909479444847e+06
6.628490876923421398e+06
6.653024318177400157e+06
6.677648568136460148e+06
6.702363962935355492e+06
6.727170839953058399e+06
6.752069537817505188e+06
6.777060396410072222e+06
6.802143756870278157e+06
6.827319961600426584e+06
6.852589354270358570e+06
6.877952279822005890e+06
6.903409084474199452e+06
6.928960115727400407e+06
6.954605722368322313e+06
6.980346254474877380e+06
7.006182063420817256e+06
7.032113501880568452e+06
7.058140923834105022e+06
7.084264684571661986e+06
7.110485140698708594e+06
7.136802650140736252e+06
7.163217572148151696e+06
7.189730267301246524e+06
7.216341097515040077e+06
7.243050426044318825e+06
7.269858617488406599e+06
7.296766037796366960e+06
7.323773054271882400e+06
7.350880035578290932e+06
7.378087351743573323e+06
7.405395374165473506e+06
7.432804475616564043e+06
7.460315030249258503e+06
7.487927413601020351e+06
7.515642002599429339e+06
7.543459175567339174e+06
7.571379312228044495e+06
7.599402793710469268e+06
7.627530002554400824e+06
7.655761322715600021e+06
7.684097139571181498e+06
7.712537839924803004e+06
7.741083812011967413e+06
7.769735445505280979e+06
7.798493131519850343e+06
7.827357262618511915e+06
7.856328232817343436e+06
7.885406437590895221e+06
7.914592273877653293e+06
7.943886140085496940e+06
7.973288436097085476e+06
8.002799563275295310e+06
8.032419924468784593e+06
8.062149924017387442e+06
8.091989967757718638e+06
8.121940463028740138e+06
8.152001818677167408e+06
8.182174445063216612e+06
8.212458754066127352e+06
8.242855159089791588e+06
8.273364075068406761e+06
8.303985918472160585e+06
8.334721107312866487e+06
8.365570061149741523e+06
8.396533201095052063e+06
8.427610949819905683e+06
8.458803731560047716e+06
8.490111972121594474e+06
8.521536098886920139e+06
8.553076540820445865e+06
8.584733728474443778e+06
8.616508093995040283e+06
8.648400071128033102e+06
8.680410095224786550e+06
8.712538603248242289e+06
8.744786033778851852e+06
8.777152827020568773e+06
8.809639424806891009e+06
8.842246270606821403e+06
8.874973809530992061e+06
8.907822488337701187e+06
8.940792755439018831e+06
8.973885060906937346e+06
9.007099856479467824e+06
9.040437595566842705e+06
9.073898733257707208e+06
9.107483726325316355e+06
9.141193033233733848e+06
9.175027114144202322e+06
9.208986430921312422e+06
9.243071447139356285e+06
9.277282628088684753e+06
9.311620440781967714e+06
9.346085353960713372e+06
9.380677838101504371e+06
9.415398365422554314e+06
9.450247409890078008e+06
9.485225447224792093e+06
9.520332954908404499e+06
9.555570412190135568e+06
9.590938300093283877e+06
9.626437101421708241e+06
9.662067300766527653e+06
9.697829384512659162e+06
9.733723840845532715e+06
9.769751159757677466e+06
9.805911833055421710e+06
9.842206354365698993e+06
9.878635219142643735e+06
9.915198924674496055e+06
9.951897970090281218e+06
9.988732856366699561e+06
1.002570408633492328e+07
1.006281216468747705e+07
1.010005759798512235e+07
1.013744089466376603e+07
1.017496256504142471e+07
1.021262312132519856e+07
1.025042307761820965e+07
1.028836294992666878e+07
1.032644325616694242e+07
1.036466451617253199e+07
1.040302725170126185e+07
1.044153198644238524e+07
1.048017924602367543e+07
1.051896955801865645e+07
1.055790345195384324e+07
1.059698145931582898e+07
1.063620411355873197e+07
1.067557195011129789e+07
1.071508550638435967e+07
1.075474532177807018e+07
1.079455193768930994e+07
1.083450589751909859e+07
1.087460774667996168e+07
1.091485803260342218e+07
1.095525730474740267e+07
1.099580611460385844e+07
1.103650501570617035e+07
1.107735456363681704e+07
1.111835531603483111e+07
1.115950783260354586e+07
1.120081267511813901e+07
1.124227040743335150e+07
1.128388159549118951e+07
1.132564680732862465e+07
1.136756661308534071e+07
1.140964158501155861e+07
1.145187229747580178e+07
1.149425932697281614e+07
1.153680325213134103e+07
1.157950465372204408e+07
1.162236411466552131e+07
1.166538222004016489e+07
1.170855955709015951e+07
1.175189671523355134e+07
1.179539428607026301e+07
1.183905286339017004e+07
1.188287304318122379e+07
1.192685542363756336e+07
1.197100060516769625e+07
1.201530919040272012e+07
1.205978178420448862e+07
1.210441899367393553e+07
1.214922142815933190e+07
1.219418969926458038e+07
1.223932442085763253e+07
1.228462620907881483e+07
1.233009568234924413e+07
1.237573346137929335e+07
1.242154016917705163e+07
1.246751643105685897e+07
1.251366287464777939e+07
1.255998012990224734e+07
1.260646882910459116e+07
1.265312960687972233e+07
1.269996310020180233e+07
1.274696994840289094e+07
1.279415079318172485e+07
1.284150627861243300e+07
1.288903705115337484e+07
1.293674375965593196e+07
1.298462705537340976e+07
1.303268759196986444e+07
1.308092602552905492e+07
1.312934301456343941e+07
1.317793922002314590e+07
1.322671530530491471e+07
1.327567193626131490e+07
1.332480978120969981e+07
1.337412951094136760e+07
1.342363179873069748e+07
1.347331732034449279e+07
1.352318675405098870e+07
1.357324078062924929e+07
1.362348008337840065e+07
1.367390534812702984e+07
1.372451726324243285e+07
1.377531651964010112e+07
1.382630381079318002e+07
1.387747983274185844e+07
1.392884528410292976e+07
1.398040086607928760e+07
1.403214728246951103e+07
1.408408523967751674e+07
1.413621544672213867e+07
1.418853861524682492e+07
1.424105545952940173e+07
1.429376669649175555e+07
1.434667304570964724e+07
1.439977522942262888e+07
1.445307397254370153e+07
1.450657000266942568e+07
1.456026405008972064e+07
1.461415684779784642e+07
1.466824913150046393e+07
1.472254163962773234e+07
1.477703511334316619e+07
1.483173029655399360e+07
1.488662793592118099e+07
1.494172878086972982e+07
1.499703358359879069e+07
1.505254309909203649e+07
1.510825808512785658e+07
1.516417930228982866e+07
1.522030751397697069e+07
1.527664348641432263e+07
1.533318798866328225e+07
1.538994179263207503e+07
1.544690567308647372e+07
1.550408040766025893e+07
1.556146677686571330e+07
1.561906556410457008e+07
1.567687755567839555e+07
1.573490354079960845e+07
1.579314431160196103e+07
1.585160066315168887e+07
1.591027339345807768e+07
1.596916330348453484e+07
1.602827119715937786e+07
1.608759788138696365e+07
1.614714416605858877e+07
1.620691086406363361e+07
1.626689879130060971e+07
1.632710876668831520e+07
1.638754161217699200e+07
1.644819815275957063e+07
1.650907921648295596e+07
1.657018563445922732e+07
1.663151824087716825e+07
1.669307787301350199e+07
1.675486537124434300e+07
1.681688157905675471e+07
1.687912734306018800e+07
1.694160351299805194e+07
1.700431094175932184e+07
1.706725048539025337e+07
1.713042300310592353e+07
1.719382935730208457e+07
1.725747041356690973e+07
1.732134704069274664e+07
1.738546011068807542e+07
1.744981049878937751e+07
1.751439908347304165e+07
1.757922674646741152e+07
1.764429437276480719e+07
1.770960285063360631e+07
1.777515307163038477e+07
1.784094593061205000e+07
1.790698232574811950e+07
1.797326315853290260e+07
1.803978933379793167e+07
1.810656175972414389e+07
1.817358134785444662e+07
1.824084901310605556e+07
1.830836567378308252e+07
1.837613225158893690e+07
1.844414967163901404e+07
1.851241886247335002e+07
1.858094075606916472e+07
1.864971628785374016e+07
1.871874639671706781e+07
1.878803202502474934e+07
1.885757411863084510e+07
1.892737362689077482e+07
1.899743150267424062e+07
1.906774870237829536e+07
1.913832618594041839e+07
1.920916491685156524e+07
1.928026586216932908e+07
1.935162999253121391e+07
1.942325828216772899e+07
1.949515170891587436e+07
1.956731125423239917e+07
1.963973790320720524e+07
1.971243264457675815e+07
1.978539647073771060e+07
1.985863037776029855e+07
1.993213536540206522e+07
2.000591243712147325e+07
2.007996260009152815e+07
2.015428686521366984e+07
2.022888624713140726e+07
2.030376176424437016e+07
2.037891443872200325e+07
2.045434529651771113e+07
2.053005536738272756e+07
2.060604568488023058e+07
2.068231728639947996e+07
2.075887121316995472e+07
2.083570851027550921e+07
2.091283022666873038e+07
2.099023741518527642e+07
2.106793113255810738e+07
2.114591243943209946e+07
2.122418240037836879e+07
2.130274208390889689e+07
2.138159256249108166e+07
2.146073491256239638e+07
2.154017021454512700e+07
2.161989955286103487e+07
2.169992401594621316e+07
2.178024469626593962e+07
2.186086269032961875e+07
2.194177909870567173e+07
2.202299502603666857e+07
2.210451158105435595e+07
2.218632987659480050e+07
2.226845102961353585e+07
2.235087616120090336e+07
2.243360639659734070e+07
2.251664286520864815e+07
2.259998670062153786e+07
2.268363904061898962e+07
2.276760102719593421e+07
2.285187380657465756e+07
2.293645852922062948e+07
2.302135634985810146e+07
2.310656842748589814e+07
2.319209592539326474e+07
2.327794001117572188e+07
2.336410185675101727e+07
2.345058263837513328e+07
2.353738353665834293e+07
2.362450573658129945e+07
2.371195042751127854e+07
2.379971880321833864e+07
2.388781206189171597e+07
2.397623140615606308e+07
2.406497804308800399e+07
2.415405318423248082e+07
2.424345804561941326e+07
2.433319384778019413e+07
2.442326181576449051e+07
2.451366317915680632e+07
2.460439917209336907e+07
2.469547103327897936e+07
2.478688000600390509e+07
2.487862733816082403e+07
2.497071428226194903e+07
2.506314209545604140e+07
2.515591203954561055e+07
2.524902538100412861e+07
2.534248339099334925e+07
2.543628734538063407e+07
2.553043852475642785e+07
2.562493821445162967e+07
2.571978770455526188e+07
2.581498828993200511e+07
2.591054127023993433e+07
2.600644794994822517e+07
2.610270963835495710e+07
2.619932764960505441e+07
2.629630330270813406e+07
2.639363792155660316e+07
2.649133283494364098e+07
2.658938937658141926e+07
2.668780888511928916e+07
2.678659270416208729e+07
2.688574218228843436e+07
2.698525867306910828e+07
2.708514353508565947e+07
2.718539813194880635e+07
2.728602383231716231e+07
2.738702200991592929e+07
2.748839404355554283e+07
2.759014131715058535e+07
2.769226521973866597e+07
2.779476714549939707e+07
2.789764849377338588e+07
2.800091066908141598e+07
2.810455508114347607e+07
2.820858314489822462e+07
2.831299628052213416e+07
2.841779591344892234e+07
2.852298347438909113e+07
2.862856039934933186e+07
2.873452812965226173e+07
2.884088811195600405e+07
2.894764179827392846e+07
2.905479064599462599e+07
2.916233611790165305e+07
2.927027968219355494e+07
2.937862281250393018e+07
2.948736698792149872e+07
2.959651369301035628e+07
2.970606441783024371e+07
2.981602065795680508e+07
2.992638391450211033e+07
3.003715569413507357e+07
3.014833750910213590e+07
3.025993087724775821e+07
3.037193732203527912e+07
3.048435837256757542e+07
3.059719556360812485e+07
3.071045043560180813e+07
3.082412453469594195e+07
3.093821941276155412e+07
3.105273662741437554e+07
3.116767774203620851e+07
3.128304432579625025e+07
3.139883795367252082e+07
3.151506020647341385e+07
3.163171267085917667e+07
3.174879693936358392e+07
3.186631461041585729e+07
3.198426728836229816e+07
3.210265658348819241e+07
3.222148411203994229e+07
3.234075149624695629e+07
3.246046036434400454e+07
3.258061235059328005e+07
3.270120909530675784e+07
3.282225224486859515e+07
3.294374345175769925e+07
3.306568437457004935e+07
3.318807667804165557e+07
3.331092203307103738e+07
3.343422211674217880e+07
3.355797861234737188e+07
3.368219320941018313e+07
3.380686760370858014e+07
3.393200349729797244e+07
3.405760259853462875e+07
3.418366662209887803e+07
3.431019728901853412e+07
3.443719632669238001e+07
3.456466546891374886e+07
3.469260645589432120e+07
3.482102103428775072e+07
3.494991095721348375e+07
3.507927798428085446e+07
3.520912388161297143e+07
3.533945042187089473e+07
3.547025938427777588e+07
3.560155255464322865e+07
3.573333172538769245e+07
3.586559869556689262e+07
3.599835527089637518e+07
3.613160326377618313e+07
3.626534449331562966e+07
3.639958078535813838e+07
3.653431397250611335e+07
3.666954589414595068e+07
3.680527839647333324e+07
3.694151333251816034e+07
3.707825256217002124e+07
3.721549795220363140e+07
3.735325137630416453e+07
3.749151471509297192e+07
3.763028985615313798e+07
3.776957869405544549e+07
3.790938313038395345e+07
3.804970507376219332e+07
3.819054643987923115e+07
3.833190915151564777e+07
3.847379513856996596e+07
3.861620633808488399e+07
3.875914469427379966e+07
3.890261215854731947e+07
3.904661068953990191e+07
3.919114225313657522e+07
3.933620882249987870e+07
3.948181237809666246e+07
3.962795490772521496e+07
3.977463840654245019e+07
3.992186487709104270e+07
4.006963632932680845e+07
