0.000000000000000000e+00
3.706868745693820529e+03
7.427502212661784142e+03
1.116195167541957926e+04
1.491026860079402104e+04
1.867250464862573426e+04
2.244871167253970634e+04
2.623894172064587474e+04
3.004324703629896976e+04
3.386168005882739089e+04
3.769429342427570373e+04
4.154113996615272481e+04
4.540227271619113162e+04
4.927774490508320741e+04
5.316760996324126609e+04
5.707192152154841460e+04
6.099073341214098036e+04
6.492409966915473342e+04
6.887207452948647551e+04
7.283471243358403444e+04
7.681206802620808594e+04
8.080419615718675777e+04
8.481115188224078156e+04
8.883299046372994781e+04
9.286976737143774517e+04
9.692153828337695450e+04
1.009883590865838341e+05
1.050702858778939117e+05
1.091673749647443183e+05
1.132796828659775201e+05
1.174072663126434200e+05
1.215501822488124017e+05
1.257084878323862795e+05
1.298822404358971398e+05
1.340714976473229472e+05
1.382763172709292267e+05
1.424967573280779179e+05
1.467328760580571834e+05
1.509847319188995752e+05
1.552523835882237181e+05
1.595358899640657473e+05
1.638353101657398511e+05
1.681507035346459597e+05
1.724821296351251658e+05
1.768296482553298119e+05
1.811933194080614485e+05
1.855732033316236921e+05
1.899693604906706605e+05
1.943818515771031380e+05
1.988107375109004788e+05
2.032560794410083909e+05
2.077179387462020386e+05
2.121963770359721966e+05
2.166914561514002271e+05
2.212032381660256069e+05
2.257317853867574595e+05
2.302771603547420818e+05
2.348394258462931029e+05
2.394186448737457395e+05
2.440148806863599457e+05
2.486281967712582555e+05
2.532586568543096073e+05
2.579063249010404106e+05
2.625712651175700594e+05
2.672535419514800888e+05
2.719532200927981175e+05
2.766703644748770166e+05
2.814050402753411327e+05
2.861573129170334432e+05
2.909272480689173099e+05
2.957149116470497102e+05
3.005203698155197781e+05
3.053436889873619657e+05
3.101849358255614061e+05
3.150441772439687047e+05
3.199214804082626943e+05
3.248169127369448543e+05
3.297305419022676069e+05
3.346624358312261757e+05
3.396126627065192442e+05
3.445812909675438423e+05
3.495683893113557715e+05
3.545740266936817206e+05
3.595982723298836499e+05
3.646411956959674135e+05
3.697028665295722894e+05
3.747833548309772741e+05
3.798827308640996926e+05
3.850010651575217489e+05
3.901384285054809880e+05
3.952948919688952155e+05
4.004705268763999920e+05
4.056654048253444489e+05
4.108795976828595158e+05
4.161131775868299883e+05
4.213662169470142107e+05
4.266387884460161440e+05
4.319309650403554551e+05
4.372428199615348130e+05
4.425744267170664389e+05
4.479258590915461536e+05
4.532971911477101967e+05
4.586884972275053151e+05
4.640998519531665370e+05
4.695313302282642107e+05
4.749830072388143744e+05
4.804549584543493111e+05
4.859472596290044021e+05
4.914599868026108015e+05
4.969932163018037099e+05
5.025470247411152814e+05
5.081214890240617096e+05
5.137166863442861941e+05
5.193326941866432317e+05
5.249695903283501975e+05
5.306274528400637209e+05
5.363063600870554801e+05
5.420063907303146552e+05
5.477276237276897300e+05
5.534701383350375108e+05
5.592340141073679551e+05
5.650193308999766596e+05
5.708261688696220517e+05
5.766546084756734781e+05
5.825047304812741932e+05
5.883766159545143601e+05
5.942703462696077768e+05
6.001860031080497429e+05
6.061236684598289430e+05
6.120834246245871764e+05
6.180653542128379922e+05
6.240695401471357327e+05
6.300960656632944010e+05
6.361450143116044346e+05
6.422164699580022134e+05
6.483105167853292078e+05
6.544272392945413012e+05
6.605667223059264943e+05
6.667290509603219107e+05
6.729143107204046100e+05
6.791225873718562070e+05
6.853539670246534515e+05
6.916085361143262126e+05
6.978863814031917136e+05
7.041875899816185702e+05
7.105122492692968808e+05
7.168604470164941158e+05
7.232322713053456973e+05
7.296278105511472095e+05
7.360471535036126152e+05
7.424903892482053488e+05
7.489576072073567193e+05
7.554488971418545116e+05
7.619643491521200631e+05
7.685040536794967484e+05
7.750681015075759497e+05
7.816565837635307107e+05
7.882695919194621965e+05
7.949072177936956286e+05
8.015695535521167330e+05
8.082566917095570825e+05
8.149687251310853753e+05
8.217057470334433019e+05
8.284678509863037616e+05
8.352551309137411881e+05
8.420676810955253895e+05
8.489055961685127113e+05
8.557689711280402262e+05
8.626579013293359894e+05
8.695724824888568837e+05
8.765128106857473031e+05
8.834789823631970212e+05
8.904710943298579659e+05
8.974892437613110524e+05
9.045335282014126424e+05
9.116040455637595151e+05
9.187008941331396345e+05
9.258241725669284351e+05
9.329739798965691589e+05
9.401504155289970804e+05
9.473535792481058743e+05
9.545835712162295822e+05
9.618404919755889568e+05
9.691244424497592263e+05
9.764355239451515954e+05
9.837738381525417790e+05
9.911394871484960895e+05
9.985325733969043940e+05
1.005953199750492349e+06
1.013401469452317106e+06
1.020877486137288157e+06
1.028381353833679110e+06
1.035913176964673446e+06
1.043473060349865817e+06
1.051061109206870897e+06
1.058677429152815836e+06
1.066322126205877168e+06
1.073995306786890142e+06
1.081697077720900299e+06
1.089427546238722745e+06
1.097186819978517946e+06
1.104975006987402216e+06
1.112792215723006055e+06
1.120638555055112112e+06
1.128514134267202113e+06
1.136419063058152795e+06
1.144353451543779112e+06
1.152317410258472431e+06
1.160311050156865269e+06
1.168334482615446206e+06
1.176387819434184115e+06
1.184471172838238534e+06
1.192584655479535926e+06
1.200728380438490305e+06
1.208902461225689854e+06
1.217107011783508584e+06
1.225342146487851162e+06
1.233607980149821378e+06
1.241904628017423674e+06
1.250232205777246039e+06
1.258590829556227662e+06
1.266980615923332516e+06
1.275401681891262531e+06
1.283854144918265287e+06
1.292338122909795959e+06
1.300853734220297076e+06
1.309401097654968966e+06
1.317980332471500617e+06
1.326591558381875977e+06
1.335234895554104820e+06
1.343910464614043944e+06
1.352618386647172738e+06
1.361358783200394828e+06
1.370131776283854619e+06
1.378937488372729626e+06
1.387776042409078218e+06
1.396647561803640332e+06
1.405552170437693596e+06
1.414489992664870806e+06
1.423461153313049581e+06
1.432465777686182410e+06
1.441503991566183977e+06
1.450575921214777511e+06
1.459681693375401665e+06
1.468821435275089927e+06
1.477995274626361672e+06
1.487203339629121590e+06
1.496445758972620126e+06
1.505722661837311927e+06
1.515034177896829788e+06
1.524380437319900375e+06
1.533761570772267878e+06
1.543177709418708924e+06
1.552628984924924094e+06
1.562115529459553771e+06
1.571637475696140900e+06
1.581194956815116107e+06
1.590788106505777687e+06
1.600417058968319558e+06
1.610081948915835004e+06
1.619782911576317158e+06
1.629520082694688346e+06
1.639293598534850404e+06
1.649103595881724730e+06
1.658950212043303531e+06
1.668833584852696862e+06
1.678753852670215536e+06
1.688711154385452159e+06
1.698705629419361707e+06
1.708737417726349551e+06
1.718806659796388820e+06
1.728913496657107025e+06
1.739058069875949528e+06
1.749240521562276874e+06
1.759460994369504973e+06
1.769719631497265771e+06
1.780016576693559531e+06
1.790351974256922957e+06
1.800725969038602896e+06
1.811138706444717944e+06
1.821590332438494079e+06
1.832080993542447221e+06
1.842610836840569973e+06
1.853180009980583563e+06
1.863788661176168825e+06
1.874436939209162723e+06
1.885124993431872688e+06
1.895852973769277334e+06
1.906621030721332878e+06
1.917429315365229268e+06
1.928277979357673321e+06
1.939167174937190488e+06
1.950097054926447570e+06
1.961067772734539583e+06
1.972079482359328307e+06
1.983132338389771059e+06
1.994226496008293238e+06
2.005362110993090551e+06
2.016539339720535558e+06
2.027758339167543687e+06
2.039019266913941596e+06
2.050322281144875102e+06
2.061667540653204545e+06
2.073055204841931816e+06
2.084485433726616204e+06
2.095958387937817723e+06
2.107474228723512031e+06
2.119033117951583117e+06
2.130635218112273142e+06
2.142280692320656031e+06
2.153969704319122247e+06
2.165702418479889166e+06
2.177478999807500280e+06
2.189299613941338845e+06
2.201164427158144768e+06
2.213073606374587398e+06
2.225027319149805233e+06
2.237025733687935863e+06
2.249069018840716220e+06
2.261157344110069331e+06
2.273290879650690593e+06
2.285469796272631269e+06
2.297694265443947166e+06
2.309964459293307271e+06
2.322280550612635445e+06
2.334642712859737687e+06
2.347051120161027182e+06
2.359505947314112913e+06
2.372007369790559635e+06
2.384555563738493249e+06
2.397150705985396169e+06
2.409792974040775094e+06
2.422482546098894905e+06
2.435219601041524205e+06
2.448004318440689705e+06
2.460836878561469261e+06
2.473717462364675011e+06
2.486646251509750728e+06
2.499623428357496858e+06
2.512649175972931553e+06
2.525723678128064610e+06
2.538847119304760825e+06
2.552019684697594959e+06
2.565241560216705780e+06
2.578512932490639854e+06
2.591833988869293593e+06
2.605204917426731437e+06
2.618625906964179128e+06
2.632097147012866102e+06
2.645618827837015036e+06
2.659191140436775051e+06
2.672814276551180519e+06
2.686488428661125712e+06
2.700213789992292412e+06
2.713990554518270306e+06
2.727818916963415686e+06
2.741699072806016076e+06
2.755631218281236477e+06
2.769615550384179689e+06
2.783652266872990411e+06
2.797741566271907184e+06
2.811883647874315735e+06
2.826078711745935958e+06
2.840326958727817982e+06
2.854628590439609252e+06
2.868983809282565024e+06
2.883392818442809861e+06
2.897855821894426364e+06
2.912373024402706884e+06
2.926944631527276244e+06
2.941570849625396542e+06
2.956251885855104774e+06
2.970987948178503197e+06
2.985779245365016628e+06
3.000625986994571052e+06
3.015528383461002726e+06
3.030486645975282416e+06
3.045500986568807624e+06
3.060571618096787017e+06
3.075698754241543356e+06
3.090882609515839256e+06
3.106123399266312364e+06
3.121421339676792268e+06
3.136776647771718446e+06
3.152189541419597808e+06
3.167660239336349536e+06
3.183188961088818498e+06
3.198775927098209970e+06
3.214421358643493615e+06
3.230125477864997461e+06
3.245888507767845877e+06
3.261710672225519083e+06
3.277592195983319543e+06
3.293533304661964066e+06
3.309534224761160091e+06
3.325595183663180098e+06
3.341716409636401571e+06
3.357898131838970818e+06
3.374140580322435126e+06
3.390443986035354435e+06
3.406808580826966092e+06
3.423234597450880334e+06
3.439722269568736665e+06
3.456271831753945909e+06
3.472883519495393150e+06
3.489557569201176055e+06
3.506294218202331103e+06
3.523093704756681807e+06
3.539956268052564934e+06
3.556882148212661035e+06
3.573871586297819391e+06
3.590924824310844764e+06
3.608042105200449005e+06
3.625223672865042463e+06
3.642469772156661376e+06
3.659780648884854279e+06
3.677156549820619635e+06
3.694597722700373270e+06
3.712104416229864582e+06
3.729676880088143982e+06
3.747315364931607619e+06
3.765020122397995554e+06
3.782791405110399239e+06
3.800629466681311838e+06
3.818534561716717668e+06
3.836506945820125751e+06
3.854546875596760772e+06
3.872654608657587320e+06
3.890830403623509221e+06
3.909074520129500888e+06
3.927387218828794546e+06
3.945768761397044174e+06
3.964219410536592826e+06
3.982739429980678484e+06
4.001329084497635253e+06
4.019988639895272441e+06
4.038718363025031053e+06
4.057518521786400117e+06
4.076389385131155141e+06
4.095331223067818210e+06
4.114344306665917858e+06
4.133428908060361631e+06
4.152585300455956720e+06
4.171813758131731302e+06
4.191114556445447728e+06
4.210487971837982535e+06
4.229934281837890856e+06
4.249453765065894462e+06
4.269046701239362359e+06
4.288713371176910587e+06
4.308454056802902371e+06
4.328269041152107529e+06
4.348158608374271542e+06
4.368123043738707900e+06
4.388162633639035746e+06
4.408277665597769432e+06
4.428468428271031007e+06
4.448735211453274824e+06
4.469078306081991643e+06
4.489498004242508672e+06
4.509994599172700197e+06
4.530568385267860256e+06
4.551219658085451461e+06
4.571948714349997230e+06
4.592755851957903244e+06
4.613641369982368313e+06
4.634605568678264506e+06
4.655648749487111345e+06
4.676771215041976422e+06
4.697973269172480330e+06
4.719255216909783892e+06
4.740617364491594024e+06
4.762060019367234781e+06
4.783583490202676505e+06
4.805188086885640398e+06
4.826874120530728251e+06
4.848641903484537266e+06
4.870491749330785125e+06
4.892423972895522602e+06
4.914438890252381563e+06
4.936536818727726117e+06
4.958718076905955561e+06
4.980982984634753317e+06
5.003331863030390814e+06
5.025765034483049065e+06
5.048282822662211955e+06
5.070885552521978505e+06
5.093573550306488760e+06
5.116347143555342220e+06
5.139206661109061912e+06
5.162152433114516549e+06
5.185184791030499153e+06
5.208304067633185536e+06
5.231510597021669149e+06
5.254804714623620734e+06
5.278186757200820372e+06
5.301657062854780816e+06
5.325215971032408066e+06
5.348863822531715967e+06
5.372600959507486783e+06
5.396427725477019325e+06
5.420344465325845405e+06
5.444351525313599035e+06
5.468449253079731017e+06
5.492637997649421915e+06
5.516918109439394437e+06
5.541289940263818018e+06
5.565753843340251595e+06
5.590310173295549117e+06
5.614959286171879619e+06
5.639701539432642050e+06
5.664537291968591511e+06
5.689466904103895649e+06
5.714490737602106296e+06
5.739609155672392808e+06
5.764822522975636646e+06
5.790131205630547367e+06
5.815535571220008656e+06
5.841035988797152415e+06
5.866632828891683370e+06
5.892326463516146876e+06
5.918117266172323376e+06
5.944005611857433803e+06
5.969991877070618793e+06
5.996076439819335938e+06
6.022259679625686258e+06
6.048541977533051744e+06
6.074923716112459078e+06
6.101405279469138943e+06
6.127987053249142133e+06
6.154669424645806663e+06
6.181452782406497747e+06
6.208337516839174554e+06
6.235324019819080830e+06
6.262412684795518406e+06
6.289603906798508950e+06
6.316898082445672713e+06
6.344295609948839992e+06
6.371796889121118002e+06
6.399402321383646689e+06
6.427112309772519395e+06
6.454927258945678361e+06
6.482847575189949945e+06
6.510873666428042576e+06
6.539005942225502804e+06
6.567244813797887415e+06
6.595590694017805159e+06
6.624043997422059067e+06
6.652605140218823217e+06
6.681274540294850245e+06
6.710052617222734727e+06
6.738939792268080637e+06
6.767936488396937959e+06
6.797043130283080041e+06
6.826260144315394573e+06
6.855587958605257794e+06
6.885027002994056791e+06
6.914577709060562775e+06
6.944240510128596798e+06
6.974015841274443083e+06
7.003904139334495179e+06
7.033905842912928201e+06
7.064021392389304005e+06
7.094251229926249944e+06
7.124595799477281980e+06
7.155055546794471331e+06
7.185630919436338358e+06
7.216322366775729693e+06
7.247130340007546358e+06
7.278055292156835087e+06
7.309097678086670116e+06
7.340257954506157897e+06
7.371536579978486523e+06
7.402934014929022640e+06
7.434450721653379500e+06
7.466087164325635880e+06
7.497843809006460011e+06
7.529721123651374131e+06
7.561719578119069338e+06
7.593839644179644063e+06
7.626081795523047447e+06
7.658446507767418399e+06
7.690934258467473090e+06
7.723545527123101056e+06
7.756280795187810436e+06
7.789140546077251434e+06
7.822125265177881345e+06
7.855235439855583012e+06
7.888471559464346617e+06
7.921834115355029702e+06
7.955323600884051993e+06
7.988940511422283947e+06
8.022685344363849610e+06
8.056558599135039374e+06
8.090560777203280479e+06
8.124692382086060941e+06
8.158953919360009953e+06
8.193345896669955924e+06
8.227868823738038540e+06
8.262523212372826412e+06
8.297309576478637755e+06
8.332228432064674795e+06
8.367280297254374251e+06
8.402465692294770852e+06
8.437785139565795660e+06
8.473239163589857519e+06
8.508828291041156277e+06
8.544553050755342469e+06
8.580413973739014938e+06
8.616411593179374933e+06
8.652546444453889504e+06
8.688819065139999613e+06
8.725229995024923235e+06
8.761779776115369052e+06
8.798468952647510916e+06
8.835298071096822619e+06
8.872267680188102648e+06
8.909378330905402079e+06
8.946630576502110809e+06
8.984024972511131316e+06
9.021562076754907146e+06
9.059242449355768040e+06
9.097066652746073902e+06
9.135035251678606495e+06
9.173148813236881047e+06
9.211407906845571473e+06
9.249813104280978441e+06
9.288364979681525379e+06
9.327064109558360651e+06
9.365911072805974633e+06
9.404906450712822378e+06
9.444050826972106472e+06
9.483344787692561746e+06
9.522788921409215778e+06
9.562383819094358012e+06
9.602130074168469757e+06
9.642028282511161640e+06
9.682079042472278699e+06
9.722282954883048311e+06
9.762640623067103326e+06
9.803152652851888910e+06
9.843819652579762042e+06
9.884642233119470999e+06
9.925621007877444848e+06
9.966756592809274793e+06
1.000804960643125139e+07
1.004950066983186267e+07
1.009111040668347850e+07
1.013287944325393252e+07
1.017480840841841698e+07
1.021689793367112614e+07
1.025914865313724056e+07
1.030156120358471200e+07
1.034413622443637066e+07
1.038687435778186843e+07
1.042977624838982895e+07
1.047284254372001067e+07
1.051607389393550530e+07
1.055947095191500522e+07
1.060303437326520495e+07
1.064676481633314677e+07
1.069066294221878797e+07
1.073472941478742473e+07
1.077896490068233386e+07
1.082337006933750398e+07
1.086794559299028106e+07
1.091269214669415727e+07
1.095761040833169222e+07
1.100270105862740427e+07
1.104796478116075136e+07
1.109340226237921603e+07
1.113901419161140174e+07
1.118480126108022965e+07
1.123076416591623053e+07
1.127690360417080484e+07
1.132322027682968974e+07
1.136971488782637939e+07
1.141638814405564591e+07
1.146324075538720563e+07
1.151027343467933126e+07
1.155748689779260196e+07
1.160488186360374093e+07
1.165245905401948653e+07
1.170021919399056956e+07
1.174816301152568497e+07
1.179629123770567402e+07
1.184460460669761151e+07
1.189310385576911084e+07
1.194178972530265339e+07
1.199066295880993083e+07
1.203972430294636637e+07
1.208897450752560981e+07
1.213841432553420588e+07
1.218804451314625703e+07
1.223786582973822951e+07
1.228787903790375032e+07
1.233808490346854925e+07
1.238848419550551102e+07
1.243907768634972908e+07
1.248986615161359124e+07
1.254085037020217068e+07
1.259203112432842329e+07
1.264340919952860288e+07
1.269498538467773423e+07
1.274676047200531512e+07
1.279873525711074844e+07
1.285091053897919320e+07
1.290328711999731138e+07
1.295586580596922897e+07
1.300864740613239259e+07
1.306163273317370750e+07
1.311482260324570537e+07
1.316821783598269895e+07
1.322181925451713800e+07
1.327562768549596518e+07
1.332964395909711905e+07
1.338386890904613212e+07
1.343830337263273820e+07
1.349294819072761387e+07
1.354780420779927820e+07
1.360287227193092927e+07
1.365815323483748920e+07
1.371364795188279264e+07
1.376935728209657781e+07
1.382528208819198050e+07
1.388142323658277094e+07
1.393778159740083665e+07
1.399435804451378994e+07
1.405115345554266684e+07
1.410816871187945455e+07
1.416540469870516844e+07
1.422286230500765331e+07
1.428054242359972000e+07
1.433844595113714412e+07
1.439657378813700005e+07
1.445492683899586275e+07
1.451350601200835407e+07
1.457231221938552149e+07
1.463134637727361172e+07
1.469060940577266365e+07
1.475010222895529307e+07
1.480982577488577180e+07
1.486978097563895397e+07
1.492996876731924713e+07
1.499039009008013085e+07
1.505104588814317062e+07
1.511193710981772654e+07
1.517306470752019435e+07
1.523442963779397123e+07
1.529603286132890917e+07
1.535787534298134223e+07
1.541995805179389566e+07
1.548228196101569571e+07
1.554484804812243767e+07
1.560765729483673349e+07
1.567071068714846484e+07
1.573400921533528343e+07
1.579755387398321554e+07
1.586134566200739145e+07
1.592538558267292008e+07
1.598967464361569285e+07
1.605421385686367378e+07
1.611900423885788396e+07
1.618404681047372892e+07
1.624934259704247862e+07
1.631489262837271392e+07
1.638069793877198175e+07
1.644675956706854701e+07
1.651307855663334578e+07
1.657965595540182292e+07
1.664649281589617580e+07
1.671359019524755701e+07
1.678094915521836653e+07
1.684857076222481579e+07
1.691645608735951036e+07
1.698460620641410723e+07
1.705302219990222901e+07
1.712170515308242291e+07
1.719065615598125011e+07
1.725987630341652408e+07
1.732936669502063096e+07
1.739912843526406959e+07
1.746916263347897679e+07
1.753947040388298407e+07
1.761005286560293660e+07
1.768091114269903675e+07
1.775204636418887973e+07
1.782345966407183185e+07
1.789515218135326728e+07
1.796712506006922200e+07
1.803937944931109250e+07
1.811191650325029343e+07
1.818473738116337731e+07
1.825784324745696783e+07
1.833123527169306949e+07
1.840491462861442193e+07
1.847888249816997722e+07
1.855314006554050371e+07
1.862768852116442099e+07
1.870252906076376885e+07
1.877766288537018746e+07
1.885309120135117695e+07
1.892881522043649852e+07
1.900483615974454582e+07
1.908115524180917442e+07
1.915777369460641593e+07
1.923469275158143789e+07
1.931191365167560801e+07
1.938943763935386762e+07
1.946726596463200822e+07
1.954539988310432807e+07
1.962384065597132221e+07
1.970258955006748065e+07
1.978164783788945526e+07
1.986101679762407392e+07
1.994069771317685023e+07
2.002069187420033291e+07
2.010100057612290606e+07
2.018162512017749995e+07
2.026256681343059987e+07
2.034382696881145611e+07
2.042540690514133871e+07
2.050730794716295600e+07
2.058953142557020113e+07
2.067207867703796178e+07
2.075495104425194487e+07
2.083814987593904883e+07
2.092167652689746022e+07
2.100553235802727565e+07
2.108971873636112362e+07
2.117423703509498388e+07
2.125908863361926377e+07
2.134427491754987463e+07
2.142979727875965461e+07
2.151565711540987715e+07
2.160185583198203146e+07
2.168839483930959180e+07
2.177527555461024120e+07
2.186249940151805058e+07
2.195006781011594459e+07
2.203798221696826443e+07
2.212624406515369564e+07
2.221485480429822206e+07
2.230381589060825109e+07
2.239312878690409288e+07
2.248279496265343204e+07
2.257281589400521293e+07
2.266319306382342800e+07
2.275392796172141656e+07
2.284502208409614116e+07
2.293647693416270241e+07
2.302829402198914811e+07
2.312047486453134194e+07
2.321302098566813022e+07
2.330593391623669118e+07
2.339921519406807423e+07
2.349286636402289942e+07
2.358688897802738473e+07
2.368128459510942921e+07
2.377605478143506125e+07
2.387120111034492031e+07
2.396672516239114478e+07
2.406262852537426353e+07
2.415891279438051954e+07
2.425557957181918994e+07
2.435263046746035293e+07
2.445006709847261384e+07
2.454789108946124837e+07
2.464610407250653952e+07
2.474470768720225617e+07
2.484370358069437370e+07
2.494309340772013366e+07
2.504287883064714819e+07
2.514306151951286569e+07
2.524364315206420422e+07
2.534462541379746795e+07
2.544600999799841642e+07
2.554779860578268766e+07
2.564999294613626599e+07
2.575259473595642298e+07
2.585560570009266958e+07
2.595902757138814405e+07
2.606286209072108567e+07
2.616711100704664737e+07
2.627177607743892446e+07
2.637685906713318080e+07
2.648236174956842512e+07
2.658828590643011406e+07
2.669463332769321278e+07
2.680140581166546419e+07
2.690860516503093019e+07
2.701623320289371535e+07
2.712429174882197380e+07
2.723278263489233330e+07
2.734170770173431560e+07
2.745106879857520014e+07
2.756086778328517079e+07
2.767110652242253721e+07
2.778178689127939194e+07
2.789291077392753214e+07
2.800448006326458231e+07
2.811649666106040031e+07
2.822896247800380737e+07
2.834187943374945596e+07
2.845524945696527511e+07
2.856907448537983745e+07
2.868335646583018824e+07
2.879809735431004688e+07
2.891329911601802334e+07
2.902896372540641949e+07
2.914509316623010114e+07
2.926168943159573525e+07
2.937875452401141450e+07
2.949629045543643087e+07
2.961429924733137339e+07
2.973278293070859462e+07
2.985174354618287832e+07
2.997118314402255416e+07
3.009110378420079127e+07
3.021150753644715250e+07
3.033239648029966652e+07
3.045377270515695587e+07
3.057563831033098325e+07
3.069799540509969369e+07
3.082084610876040533e+07
3.094419255068315566e+07
3.106803687036472932e+07
3.119238121748265252e+07
3.131722775194967911e+07
3.144257864396874607e+07
3.156843607408794016e+07
3.169480223325603828e+07
3.182167932287827879e+07
3.194906955487252772e+07
3.207697515172577277e+07
3.220539834655083716e+07
3.233434138314352185e+07
3.246380651604031771e+07
3.259379601057599485e+07
3.272431214294186234e+07
3.285535720024438202e+07
3.298693348056395352e+07
3.311904329301431775e+07
3.325168895780199766e+07
3.338487280628634244e+07
3.351859718103984743e+07
3.365286443590889871e+07
3.378767693607463688e+07
3.392303705811470002e+07
3.405894719006473571e+07
3.419540973148076236e+07
3.433242709350164980e+07
3.447000169891203195e+07
3.460813598220567405e+07
3.474683238964907080e+07
3.488609337934573740e+07
3.502592142130047828e+07
3.516631899748436362e+07
3.530728860189992189e+07
3.544883274064680934e+07
3.559095393198800832e+07
3.573365470641610026e+07
3.587693760672019422e+07
3.602080518805328757e+07
3.616526001799984276e+07
3.631030467664393783e+07
3.645594175663772970e+07
3.660217386327047646e+07
3.674900361453785002e+07
3.689643364121171087e+07
3.704446658691029251e+07
3.719310510816886276e+07
3.734235187451080978e+07
3.749220956851917505e+07
3.764268088590849936e+07
3.779376853559724987e+07
3.794547523978076875e+07
3.809780373400437087e+07
3.825075676723712683e+07
3.840433710194616020e+07
3.855854751417113096e+07
3.871339079359946400e+07
3.886886974364174902e+07
3.902498718150801212e+07
3.918174593828393519e+07
3.933914885900797695e+07
3.949719880274888128e+07
3.965589864268342406e+07
3.981525126617494971e+07
3.997525957485217601e+07
4.013592648468863964e+07
4.029725492608249187e+07
4.045924784393693507e+07
4.062190819774098694e+07
4.078523896165095270e+07
4.094924312457215041e+07
4.111392369024141878e+07
4.127928367730997503e+07
4.144532611942671239e+07
4.161205406532225013e+07
