0.000000000000000000e+00	0.000000000000000000e+00	0.000000000000000000e+00
1.020943316134149654e+02	3.775600394452204565e-04	5.069996027434485464e-02
2.043256200967207405e+02	7.558155131331469349e-04	5.040108296773247731e-02
3.067364751301744832e+02	1.134735306987844647e-03	5.012210039357086616e-02
4.093666205314253830e+02	1.514466404205418821e-03	4.986149508646157275e-02
5.122531738237861418e+02	1.895146144203872915e-03	4.961789140168481466e-02
6.154308965213434703e+02	2.276903148729043230e-03	4.939004079842675837e-02
7.189324184006705991e+02	2.659858151705280470e-03	4.917680875479371605e-02
8.227884386476079044e+02	3.044124743518860244e-03	4.897716312528338500e-02
9.270279064324089404e+02	3.429810039181909603e-03	4.879016377408898486e-02
1.031678183171195315e+03	3.817015278731746009e-03	4.861495333752310910e-02
1.136765188472053069e+03	4.205836367259916178e-03	4.845074898631879928e-02
1.242313531535062566e+03	4.596364361117710740e-03	4.829683507389732205e-02
1.348346629573911059e+03	4.988685906098802407e-03	4.815255657015915514e-02
1.454886814648805284e+03	5.382883632741276674e-03	4.801731319218592586e-02
1.561955430143543936e+03	5.779036513310904614e-03	4.789055415362818841e-02
1.669572917981082128e+03	6.177220184514941280e-03	4.777177346370114347e-02
1.777758897549535504e+03	6.577507239542828947e-03	4.766050571474474834e-02
1.886532237202746273e+03	6.979967492631307391e-03	4.755632230437779190e-02
1.995911119103588817e+03	7.384668218996292936e-03	4.745882804451195813e-02
2.105913098094075849e+03	7.791674372662741113e-03	4.736765811496028433e-02
2.216555155201296202e+03	8.201048784446021006e-03	4.728247532422812094e-02
2.327853746322082316e+03	8.612852342093631902e-03	4.720296764431802100e-02
2.439824846570535556e+03	9.027144154378668670e-03	4.712884599015098458e-02
2.552483990720661950e+03	9.443981700744411012e-03	4.705984221751677993e-02
2.665846310129939866e+03	9.863420967927720093e-03	4.699570731639576143e-02
2.779926566488933076e+03	1.028551657483817161e-02	4.693620977908487951e-02
2.894739182705739495e+03	1.071032188683556340e-02	4.688113412484112147e-02
3.010298271201210810e+03	1.113788912042675688e-02	4.683027956478252873e-02
3.126617659862771688e+03	1.156826943929895740e-02	4.678345879257273660e-02
3.243710915878682044e+03	1.200151304251019860e-02	4.674049688800026303e-02
3.361591367651801647e+03	1.243766924557365011e-02	4.670123032196544371e-02
3.480272124971817902e+03	1.287678655509793928e-02	4.666550605263025675e-02
3.599766097606586754e+03	1.331891273757788985e-02	4.663318070359235429e-02
3.720086012457157267e+03	1.376409488287065261e-02	4.660411981591208730e-02
3.841244429406644031e+03	1.421237946283882697e-02	4.657819716670995314e-02
3.963253755980200367e+03	1.466381238559447478e-02	4.655529414779552982e-02
4.086126260921829271e+03	1.511843904573522204e-02	4.653529919850010743e-02
4.209874086783433995e+03	1.557630437092549086e-02	4.651810728747804435e-02
4.334509261612181035e+03	1.603745286514135504e-02	4.650361943879345594e-02
4.460043709814463909e+03	1.650192864886862454e-02	4.649174229808634290e-02
4.586489262266255537e+03	1.696977549651252845e-02	4.648238773504643345e-02
4.713857665734599323e+03	1.744103687125840227e-02	4.647547247880459004e-02
4.842160591667130575e+03	1.791575595759408585e-02	4.647091778319778488e-02
4.971409644403003767e+03	1.839397569169133953e-02	4.646864911916352703e-02
5.101616368852064625e+03	1.887573878981975081e-02	4.646859589179715838e-02
5.232792257686171070e+03	1.936108777495545649e-02	4.647069117984961584e-02
5.364948758081744018e+03	1.985006500172941876e-02	4.647487149565926456e-02
5.498097278049347551e+03	2.034271267984756604e-02	4.648107656370779883e-02
5.632249192383247646e+03	2.083907289610483979e-02	4.648924911616923727e-02
5.767415848260428902e+03	2.133918763510221639e-02	4.649933470396874768e-02
5.903608570516261352e+03	2.184309879876720692e-02	4.651128152202136518e-02
6.040838666621792072e+03	2.235084822477036853e-02	4.652504024743738670e-02
6.179117431385448072e+03	2.286247770392212803e-02	4.654056388959735419e-02
6.318456151399445844e+03	2.337802899662493050e-02	4.655780765110605762e-02
6.458866109250699992e+03	2.389754384845399829e-02	4.657672879871821436e-02
6.600358587512700979e+03	2.442106400492771723e-02	4.659728654342306514e-02
6.742944872535224931e+03	2.494863122552988879e-02	4.661944192893596739e-02
6.886636258046156399e+03	2.548028729703680911e-02	4.664315772792444054e-02
7.031444048578841830e+03	2.601607404619881228e-02	4.666839834535084497e-02
7.177379562737748529e+03	2.655603335182346245e-02	4.669512972836555031e-02
7.324454136313392155e+03	2.710020715630108087e-02	4.672331928224347786e-02
7.472679125257513078e+03	2.764863747661314153e-02	4.675293579189252618e-02
7.622065908527950342e+03	2.820136641485853496e-02	4.678394934850622217e-02
7.772625890812108082e+03	2.875843616833061167e-02	4.681633128097374696e-02
7.924370505137720102e+03	2.931988903917720837e-02	4.685005409168172680e-02
8.077311215377926601e+03	2.988576744366961899e-02	4.688509139639088913e-02
8.231459518658361048e+03	3.045611392110900845e-02	4.692141786787957375e-02
8.386826947672467213e+03	3.103097114239323356e-02	4.695900918308133082e-02
8.543425072910849849e+03	3.161038191826559540e-02	4.699784197346529996e-02
8.701265504811355640e+03	3.219438920727027420e-02	4.703789377842589048e-02
8.860359895833891642e+03	3.278303612342931689e-02	4.707914300146970321e-02
9.020719942465142594e+03	3.337636594366020365e-02	4.712156886900153302e-02
9.182357387158317579e+03	3.397442211495299569e-02	4.716515139153217018e-02
9.345284020211771349e+03	3.457724826132140689e-02	4.720987132713826834e-02
9.509511681589852742e+03	3.518488819053998407e-02	4.725571014702306671e-02
9.675052262690895077e+03	3.579738590068582554e-02	4.730265000303415790e-02
9.841917708064056569e+03	3.641478558649090258e-02	4.735067369701165263e-02
1.001012001707980380e+04	3.703713164552302484e-02	4.739976465183989157e-02
1.017967124555622104e+04	3.766446868420319366e-02	4.744990688409796847e-02
1.035058350734369924e+04	3.829684152366905070e-02	4.750108497819732767e-02
1.052286897587119165e+04	3.893429520549609307e-02	4.755328406192038670e-02
1.069653988565600594e+04	3.957687499728398950e-02	4.760648978326395553e-02
1.087160853377961757e+04	4.022462639811708734e-02	4.766068828850650307e-02
1.104808728133174191e+04	4.087759514390761073e-02	4.771586620142531654e-02
1.122598855482425279e+04	4.153582721262718408e-02	4.777201060359130558e-02
1.140532484757701059e+04	4.219936882943441797e-02	4.782910901567517109e-02
1.158610872107799878e+04	4.286826647170750154e-02	4.788714937970355717e-02
1.176835280631801652e+04	4.354256687398258552e-02	4.794612004220923096e-02
1.195206980510292669e+04	4.422231703280916221e-02	4.800600973821985556e-02
1.213727249134415069e+04	4.490756421152491962e-02	4.806680757603920551e-02
1.232397371232871956e+04	4.559835594495496164e-02	4.812850302277061482e-02
1.251218638997081143e+04	4.629474004404252052e-02	4.819108589054457020e-02
1.270192352204530289e+04	4.699676460041320863e-02	4.825454632340466649e-02
1.289319818340477832e+04	4.770447799087784713e-02	4.831887478482007475e-02
1.308602352718152724e+04	4.841792888187999855e-02	4.838406204578219599e-02
1.328041278597449309e+04	4.913716623388764138e-02	4.845009917346121409e-02
1.347637927302320350e+04	4.986223930573677882e-02	4.851697752038560546e-02
1.367393638336943695e+04	5.059319765892957704e-02	4.858468871411826540e-02
1.387309759500634755e+04	5.133009116188620713e-02	4.865322464740051006e-02
1.407387647001792175e+04	5.207296999416079902e-02	4.872257746874230494e-02
1.427628665570777594e+04	5.282188465061803118e-02	4.879273957343090856e-02
1.448034188571863524e+04	5.357688594557522693e-02	4.886370359493739934e-02
1.468605598114366694e+04	5.433802501691431530e-02	4.893546239670210768e-02
1.489344285162967572e+04	5.510535333016362142e-02	4.900800906427554837e-02
1.510251649647307750e+04	5.587892268255302552e-02	4.908133689779874825e-02
1.531329100570917035e+04	5.665878520704426685e-02	4.915543940480638502e-02
1.552578056119561188e+04	5.744499337633979241e-02	4.923031029333419656e-02
1.573999943769011770e+04	5.823760000687031035e-02	4.930594346531617933e-02
1.595596200392366518e+04	5.903665826276558587e-02	4.938233301025924532e-02
1.617368272366830388e+04	5.984222165980539881e-02	4.945947319917613771e-02
1.639317615680189192e+04	6.065434406935903827e-02	4.953735847877113740e-02
1.661445696036911249e+04	6.147307972231110668e-02	4.961598346586097025e-02
1.683753988963895245e+04	6.229848321297414004e-02	4.969534294202061775e-02
1.706243979916017634e+04	6.313060950299395624e-02	4.977543184844474000e-02
1.728917164381346083e+04	6.396951392524245772e-02	4.985624528101350456e-02
1.751775047986330537e+04	6.481525218770975427e-02	4.993777848555207288e-02
1.774819146600667227e+04	6.566788037738416350e-02	5.002002685327713860e-02
1.798050986442172143e+04	6.652745496413244031e-02	5.010298591642031729e-02
1.821472104181488976e+04	6.739403280457405276e-02	5.018665134401919387e-02
1.845084047046809064e+04	6.826767114595581887e-02	5.027101893787128822e-02
1.868888372928529498e+04	6.914842763002421178e-02	5.035608462864106516e-02
1.892886650483946869e+04	7.003636029689903897e-02	5.044184447211268185e-02
1.917080459241963763e+04	7.093152758894759324e-02	5.052829464558462880e-02
1.941471389707920389e+04	7.183398835466345278e-02	5.061543144439938774e-02
1.966061043468419302e+04	7.274380185254492037e-02	5.070325127859786479e-02
1.990851033296373862e+04	7.366102775498188648e-02	5.079175066970003510e-02
2.015842983256167645e+04	7.458572615214667523e-02	5.088092624760049559e-02
2.041038528808922638e+04	7.551795755588897041e-02	5.097077474757732984e-02
2.066439316918069744e+04	7.645778290364195484e-02	5.106129300740858828e-02
2.092047006155024792e+04	7.740526356233229377e-02	5.115247796459047869e-02
2.117863266805230160e+04	7.836046133230367694e-02	5.124432665365495632e-02
2.143889780974299720e+04	7.932343845124410764e-02	5.133683620358185651e-02
2.170128242694543587e+04	8.029425759812749974e-02	5.143000383530055286e-02
2.196580358031784999e+04	8.127298189716564147e-02	5.152382685927937855e-02
2.223247845192478781e+04	8.225967492177180262e-02	5.161830267319726662e-02
2.250132434631120850e+04	8.325440069853475011e-02	5.171342875969600628e-02
2.277235869158137939e+04	8.425722371121067977e-02	5.180920268420870223e-02
2.304559904047996315e+04	8.526820890472323888e-02	5.190562209286114087e-02
2.332106307147786356e+04	8.628742168918121513e-02	5.200268471044490470e-02
2.359876858986212756e+04	8.731492794391103318e-02	5.210038833845721806e-02
2.387873352883013649e+04	8.835079402150533556e-02	5.219873085320576173e-02
2.416097595058766456e+04	8.939508675188582998e-02	5.229771020397690900e-02
2.444551404745176842e+04	9.044787344638390014e-02	5.239732441126321999e-02
2.473236614295883919e+04	9.150922190184042349e-02	5.249757156504942374e-02
2.502155069297589580e+04	9.257920040471746825e-02	5.259844982315273892e-02
2.531308628681973278e+04	9.365787773523932824e-02	5.269995740961928854e-02
2.560699164837824355e+04	9.474532317154116257e-02	5.280209261316736596e-02
2.590328563723870320e+04	9.584160649384382280e-02	5.290485378568467872e-02
2.620198724982091153e+04	9.694679798864636044e-02	5.300823934077120853e-02
2.650311562051598594e+04	9.806096845293961473e-02	5.311224775232768758e-02
2.680669002283067675e+04	9.918418919844013137e-02	5.321687755318851160e-02
2.711272987053795805e+04	1.003165320558473961e-01	5.332212733379809028e-02
2.742125471883290083e+04	1.014580693791203997e-01	5.342799574092650661e-02
2.773228426549474534e+04	1.026088740497774904e-01	5.353448147642671240e-02
2.804583835205594005e+04	1.037690194812217331e-01	5.364158329602757708e-02
2.836193696497621568e+04	1.049385796230849072e-01	5.374930000816465631e-02
2.868060023682384781e+04	1.061176289655982458e-01	5.385763047284727878e-02
2.900184844746348244e+04	1.073062425439873097e-01	5.396657360055841929e-02
2.932570202525015702e+04	1.085044959428899392e-01	5.407612835118814909e-02
2.965218154823056466e+04	1.097124653008008793e-01	5.418629373299872765e-02
2.998130774535093587e+04	1.109302273145408579e-01	5.429706880162014221e-02
3.031310149767168696e+04	1.121578592437508931e-01	5.440845265907592876e-02
3.064758383959005732e+04	1.133954389154159526e-01	5.452044445283697055e-02
3.098477596006830936e+04	1.146430447284093462e-01	5.463304337490290652e-02
3.132469920387110324e+04	1.159007556580709253e-01	5.474624866091119813e-02
3.166737507280926002e+04	1.171686512608090258e-01	5.486005958927060028e-02
3.201282522699105539e+04	1.184468116787302794e-01	5.497447548032011883e-02
3.236107148608137140e+04	1.197353176442983447e-01	5.508949569551302439e-02
3.271213583056843709e+04	1.210342504850210332e-01	5.520511963662261962e-02
3.306604040303891088e+04	1.223436921281678968e-01	5.532134674497097421e-02
3.342280750945975160e+04	1.236637251055132114e-01	5.543817650068035008e-02
3.378245962046959175e+04	1.249944325581141269e-01	5.555560842194479099e-02
3.414501937267748144e+04	1.263358982411158238e-01	5.567364206432166146e-02
3.451050956996927562e+04	1.276882065285853407e-01	5.579227702004500855e-02
3.487895318482402945e+04	1.290514424183820119e-01	5.591151291735486917e-02
3.525037335963635996e+04	1.304256915370503866e-01	5.603134941984755368e-02
3.562479340805038373e+04	1.318110401447556423e-01	5.615178622584360985e-02
3.600223681630065403e+04	1.332075751402450603e-01	5.627282306777184329e-02
3.638272724456060678e+04	1.346153840658373402e-01	5.639445971157056037e-02
3.676628852830235701e+04	1.360345551124537422e-01	5.651669595610634561e-02
3.715294467966359662e+04	1.374651771246755971e-01	5.663953163260656426e-02
3.754271988882438018e+04	1.389073396058384813e-01	5.676296660410917738e-02
3.793563852539315121e+04	1.403611327231603922e-01	5.688700076492587965e-02
3.833172513980132499e+04	1.418266473129017879e-01	5.701163404011916347e-02
3.873100446470773750e+04	1.433039748855618745e-01	5.713686638499521075e-02
3.913350141641250957e+04	1.447932076311100602e-01	5.726269778460997550e-02
3.953924109627962753e+04	1.462944384242494678e-01	5.738912825328509881e-02
3.994824879217031412e+04	1.478077608297202195e-01	5.751615783414194827e-02
4.036054997988606920e+04	1.493332691076388052e-01	5.764378659864244359e-02
4.077617032461949566e+04	1.508710582188661775e-01	5.777201464614640375e-02
4.119513568241809116e+04	1.524212238304236411e-01	5.790084210347803267e-02
4.161747210165591969e+04	1.539838623209380530e-01	5.803026912450300751e-02
4.204320582451539667e+04	1.555590707861244371e-01	5.816029588971874387e-02
4.247236328848135599e+04	1.571469470443139504e-01	5.829092260585383434e-02
4.290497112784229103e+04	1.587475896420085519e-01	5.842214950547808955e-02
4.334105617520448141e+04	1.603610978594831871e-01	5.855397684662278640e-02
4.378064546301586233e+04	1.619875717164241391e-01	5.868640491240988133e-02
4.422376622510003654e+04	1.636271119776046834e-01	5.881943401069190946e-02
4.467044589820054534e+04	1.652798201585991278e-01	5.895306447369887820e-02
4.512071212353814190e+04	1.669457985315445092e-01	5.908729665769815731e-02
4.557459274837649718e+04	1.686251501309338208e-01	5.922213094265774830e-02
4.603211582760012243e+04	1.703179787594541472e-01	5.935756773192274460e-02
4.649330962530244869e+04	1.720243889938627424e-01	5.949360745189630206e-02
4.695820261638698139e+04	1.737444861909109850e-01	5.963025055173098998e-02
4.742682348817715683e+04	1.754783764933011692e-01	5.976749750302673414e-02
4.789920114203922276e+04	1.772261668356909237e-01	5.990534879953650360e-02
4.837536469501694228e+04	1.789879649507416515e-01	6.004380495688027564e-02
4.885534348147565470e+04	1.807638793752015527e-01	6.018286651226349010e-02
4.933916705476171774e+04	1.825540194560454632e-01	6.032253402420560684e-02
4.982686518886905105e+04	1.843584953566411999e-01	6.046280807227408238e-02
5.031846788012119214e+04	1.861774180629728603e-01	6.060368925682389774e-02
5.081400534886473906e+04	1.880108993899069769e-01	6.074517819874539204e-02
5.131350804117294319e+04	1.898590519874952809e-01	6.088727553921623181e-02
5.181700663056365738e+04	1.917219893473315617e-01	6.102998193946104072e-02
5.232453201972786337e+04	1.935998258089468016e-01	6.117329808051758661e-02
5.283611534227240918e+04	1.954926765662576282e-01	6.131722466300490448e-02
5.335178796447369677e+04	1.974006576740545138e-01	6.146176240690230663e-02
5.387158148704427731e+04	1.993238860545386570e-01	6.160691205132925313e-02
5.439552774691212835e+04	2.012624795039048842e-01	6.175267435433390989e-02
5.492365881901423563e+04	2.032165566989780903e-01	6.189905009268444058e-02
5.545600701810004830e+04	2.051862372038858739e-01	6.204604006166646035e-02
5.599260490055057016e+04	2.071716414767892367e-01	6.219364507488563121e-02
5.653348526621017663e+04	2.091728908766602446e-01	6.234186596407470526e-02
5.707868116022964387e+04	2.111901076701013513e-01	6.249070357890469662e-02
5.762822587492530874e+04	2.132234150382238957e-01	6.264015878680111171e-02
5.818215295165013958e+04	2.152729370835714529e-01	6.279023247276589725e-02
5.874049618267723417e+04	2.173387988370885093e-01	6.294092553920001276e-02
5.930328961310032901e+04	2.194211262651524774e-01	6.309223890573521787e-02
5.987056754274497507e+04	2.215200462766447609e-01	6.324417350906585966e-02
6.044236452809369075e+04	2.236356867300741402e-01	6.339673030278576704e-02
6.101871538422758749e+04	2.257681764407605263e-01	6.354991025723115416e-02
6.159965518678031367e+04	2.279176451880644827e-01	6.370371435932471738e-02
6.218521927390572091e+04	2.300842237226679021e-01	6.385814361242428405e-02
6.277544324826153752e+04	2.322680437739131909e-01	6.401319903617570806e-02
6.337036297900522186e+04	2.344692380571879453e-01	6.416888166636849911e-02
6.397001460380630306e+04	2.366879402813709399e-01	6.432519255479550446e-02
6.457443453087327362e+04	2.389242851563311287e-01	6.448213276911565761e-02
6.518365944099427725e+04	2.411784084004785222e-01	6.463970339272007148e-02
6.579772628959240683e+04	2.434504467483685763e-01	6.479790552460171216e-02
6.641667230879845738e+04	2.457405379583713911e-01	6.495674027922739013e-02
6.704053500953521871e+04	2.480488208203835143e-01	6.511620878641334598e-02
6.766935218361968873e+04	2.503754351636063302e-01	6.527631219120501316e-02
6.830316190588056634e+04	2.527205218643804874e-01	6.543705165375722499e-02
6.894200253628907376e+04	2.550842228540699530e-01	6.559842834921914001e-02
6.958591272210865282e+04	2.574666811270159839e-01	6.576044346762101311e-02
7.023493140005721943e+04	2.598680407485374211e-01	6.592309821376532430e-02
7.088909779848551261e+04	2.622884468629904098e-01	6.608639380711847644e-02
7.154845143957583059e+04	2.647280457019038358e-01	6.625033148170580977e-02
7.221303214155108435e+04	2.671869845921527875e-01	6.641491248601008590e-02
7.288288002090177906e+04	2.696654119641981873e-01	6.658013808287148450e-02
7.355803549463358650e+04	2.721634773604030832e-01	6.674600954939052810e-02
7.423853928252475453e+04	2.746813314433845798e-01	6.691252817683265852e-02
7.492443240940419491e+04	2.772191260044433170e-01	6.707969527053680991e-02
7.561575620744678599e+04	2.797770139720556215e-01	6.724751214982431502e-02
7.631255231848072435e+04	2.823551494204109003e-01	6.741598014791105875e-02
7.701486269631964387e+04	2.849536875780401268e-01	6.758510061182204653e-02
7.772272960910413531e+04	2.875727848364798001e-01	6.775487490230705512e-02
7.843619564166541386e+04	2.902125987590174483e-01	6.792530439376009976e-02
7.915530369790513942e+04	2.928732880894966417e-01	6.809639047413930391e-02
7.988009700318974501e+04	2.955550127611762390e-01	6.826813454488851740e-02
8.061061910676915431e+04	2.982579339056796730e-01	6.844053802086387528e-02
8.134691388420705334e+04	3.009822138619864251e-01	6.861360233025846911e-02
8.208902553983070538e+04	3.037280161854969962e-01	6.878732891453102904e-02
8.283699860920071660e+04	3.064955056571705416e-01	6.896171922833613244e-02
8.359087796159693971e+04	3.092848482927228471e-01	6.913677473945678553e-02
8.435070880252364441e+04	3.120962113518953585e-01	6.931249692873697743e-02
8.511653667623351794e+04	3.149297633477938785e-01	6.948888729001752307e-02
8.588840746826805116e+04	3.177856740562884363e-01	6.966594733007333562e-02
8.666636740802046552e+04	3.206641145254951475e-01	6.984367856855243362e-02
8.745046307131480717e+04	3.235652570853199128e-01	7.002208253791568360e-02
8.824074138300202321e+04	3.264892753570630690e-01	7.020116078337902688e-02
8.903724961958259519e+04	3.294363442631232930e-01	7.038091486285760756e-02
8.984003541184095957e+04	3.324066400367452490e-01	7.056134634691008101e-02
9.064914674750198901e+04	3.354003402318481153e-01	7.074245681868555902e-02
9.146463197390892310e+04	3.384176237329341586e-01	7.092424787387122120e-02
9.228653980071922706e+04	3.414586707650631436e-01	7.110672112064292394e-02
9.311491930261896050e+04	3.445236629038956333e-01	7.128987817961492113e-02
9.394981992206120049e+04	3.476127830858251055e-01	7.147372068379365118e-02
9.479129147202074819e+04	3.507262156181704671e-01	7.165825027852842921e-02
9.563938413877255516e+04	3.538641461894556639e-01	7.184346862147061863e-02
9.649414848468694254e+04	3.570267618797525744e-01	7.202937738252608579e-02
9.735563545104983496e+04	3.602142511711155515e-01	7.221597824381478792e-02
9.822389636089926353e+04	3.634268039580763610e-01	7.240327289963018054e-02
9.909898292188777123e+04	3.666646115582352095e-01	7.259126305639738985e-02
9.998094722916159662e+04	3.699278667229136675e-01	7.277995043263606190e-02
1.008698417682634172e+05	3.732167636478948558e-01	7.296933675892147697e-02
1.017657194180571387e+05	3.765314979842445675e-01	7.315942377784943884e-02
1.026686334536715003e+05	3.798722668492034993e-01	7.335021324400108067e-02
1.035786375494685926e+05	3.832392688371700773e-01	7.354170692390739339e-02
1.044957857820332574e+05	3.866327040307612761e-01	7.373390659601795905e-02
1.054201326331834280e+05	3.900527740119509312e-01	7.392681405066695022e-02
1.063517329930055712e+05	3.934996818733008661e-01	7.412043109004506913e-02
1.072906421629087708e+05	3.969736322292609643e-01	7.431475952816732344e-02
1.082369158587052516e+05	4.004748312275668853e-01	7.450980119084561759e-02
1.091906102137108828e+05	4.040034865607121661e-01	7.470555791565999804e-02
1.101517817818700860e+05	4.075598074775099722e-01	7.490203155193331241e-02
1.111204875409044616e+05	4.111440047947433341e-01	7.509922396070348172e-02
1.120967848954818764e+05	4.147562909088908234e-01	7.529713701470039378e-02
1.130807316804129223e+05	4.183968798079524820e-01	7.549577259832120080e-02
1.140723861638684029e+05	4.220659870833558536e-01	7.569513260760760143e-02
1.150718070506213553e+05	4.257638299419503891e-01	7.589521895022280362e-02
1.160790534853130375e+05	4.294906272180918361e-01	7.609603354543223452e-02
1.170941850557445432e+05	4.332465993858216069e-01	7.629757832408161355e-02
1.181172617961898941e+05	4.370319685711242519e-01	7.649985522857792597e-02
1.191483441907368833e+05	4.408469585642895150e-01	7.670286621287117357e-02
1.201874931766495429e+05	4.446917948323526604e-01	7.690661324243658337e-02
1.212347701477597147e+05	4.485667045316439894e-01	7.711109829425694118e-02
1.222902369578775397e+05	4.524719165204064697e-01	7.731632335680770074e-02
1.233539559242349496e+05	4.564076613715380426e-01	7.752229043004039977e-02
1.244259898309484852e+05	4.603741713854029305e-01	7.772900152536880991e-02
1.255064019325101544e+05	4.643716806027480826e-01	7.793645866565435121e-02
1.265952559573050530e+05	4.684004248177182639e-01	7.814466388519482332e-02
1.276926161111526162e+05	4.724606415909589630e-01	7.835361922971006976e-02
1.287985470808779937e+05	4.765525702628300442e-01	7.856332675633183327e-02
1.299131140379053395e+05	4.806764519667010016e-01	7.877378853359139066e-02
1.310363826418804238e+05	4.848325296423546260e-01	7.898500664141148986e-02
1.321684190443207335e+05	4.890210480494922574e-01	7.919698317109528929e-02
1.333092898922923196e+05	4.932422537813381247e-01	7.940972022531825325e-02
1.344590623321109160e+05	4.974963952783333920e-01	7.962321991811988076e-02
1.356178040130735026e+05	5.017837228419428364e-01	7.983748437489635030e-02
1.367855830912168603e+05	5.061044886485617234e-01	8.005251573239383078e-02
1.379624682331089571e+05	5.104589467635431976e-01	8.026831613870280546e-02
1.391485286196544475e+05	5.148473531552798521e-01	8.048488775325143840e-02
1.403438339499459835e+05	5.192699657094521637e-01	8.070223274680202175e-02
1.415484544451327238e+05	5.237270442433424877e-01	8.092035330144560501e-02
1.427624608523168426e+05	5.282188505202521922e-01	8.113925161059935831e-02
1.439859244484902010e+05	5.327456482640674507e-01	8.135892987900332496e-02
1.452189170444870833e+05	5.373077031738836551e-01	8.157939032271781243e-02
1.464615109889761079e+05	5.419052829387760450e-01	8.180063516912092214e-02
1.477137791724726558e+05	5.465386572526452769e-01	8.202266665690892411e-02
1.489757950313895708e+05	5.512080978292053235e-01	8.224548703609414757e-02
1.502476325521147228e+05	5.559138784170701841e-01	8.246909856800624383e-02
1.515293662751172960e+05	5.606562748149466202e-01	8.269350352529067361e-02
1.528210712990877510e+05	5.654355648869530127e-01	8.291870419191087194e-02
1.541228232851027278e+05	5.702520285780287024e-01	8.314470286315039926e-02
1.554346984608310158e+05	5.751059479294959864e-01	8.337150184561335775e-02
1.567567736247581488e+05	5.799976070946913920e-01	8.359910345722872116e-02
1.580891261504534923e+05	5.849272923547537140e-01	8.382751002725236100e-02
1.594318339908616326e+05	5.898952921345023137e-01	8.405672389626941965e-02
1.607849756826318044e+05	5.949018970184550836e-01	8.428674741620199862e-02
1.621486303504707175e+05	5.999473997669352299e-01	8.451758295031056023e-02
1.635228777115384291e+05	6.050320953323347073e-01	8.474923287320032528e-02
1.649077980798676726e+05	6.101562808754662504e-01	8.498169957082589432e-02
1.663034723708236124e+05	6.153202557820643959e-01	8.521498544049872781e-02
1.677099821055900538e+05	6.205243216793843164e-01	8.544909289089297477e-02
1.691274094156924111e+05	6.257687824529368781e-01	8.568402434205216189e-02
1.705558370475553675e+05	6.310539442633513740e-01	8.591978222539745080e-02
1.719953483670902497e+05	6.363801155633495021e-01	8.615636898373404962e-02
1.734460273643216060e+05	6.417476071148631167e-01	8.639378707126113555e-02
1.749079586580450996e+05	6.471567320062686646e-01	8.663203895358005668e-02
1.763812275005199481e+05	6.526078056697490748e-01	8.687112710770406032e-02
1.778659197821953567e+05	6.581011458987811036e-01	8.711105402206728576e-02
1.793621220364779292e+05	6.636370728657753348e-01	8.735182219653475633e-02
1.808699214445276884e+05	6.692159091398215409e-01	8.759343414241503589e-02
1.823894058400886715e+05	6.748379797045602757e-01	8.783589238246654329e-02
1.839206637143647531e+05	6.805036119762253310e-01	8.807919945091499669e-02
1.854637842209256778e+05	6.862131358217948840e-01	8.832335789346018595e-02
1.870188571806433611e+05	6.919668835772556648e-01	8.856837026729055817e-02
1.885859730866792088e+05	6.977651900660566398e-01	8.881423914109543016e-02
1.901652231094941963e+05	7.036083926176459613e-01	8.906096709507875520e-02
1.917566991019071429e+05	7.094968310861857752e-01	8.930855672097090525e-02
1.933604936041854962e+05	7.154308478693894857e-01	8.955701062204254881e-02
1.949766998491712729e+05	7.214107879274864743e-01	8.980633141312087397e-02
1.966054117674516165e+05	7.274369988023534628e-01	9.005652172060212013e-02
1.982467239925617178e+05	7.335098306367653365e-01	9.030758418246805086e-02
1.999007318662339239e+05	7.396296361938168307e-01	9.055952144829938766e-02
2.015675314436769986e+05	7.457967708764554615e-01	9.081233617929479474e-02
2.032472194988979027e+05	7.520115927471723305e-01	9.106603104828141226e-02
2.049398935300675512e+05	7.582744625478551326e-01	9.132060873973743553e-02
2.066456517649212619e+05	7.645857437197696171e-01	9.157607194980431353e-02
2.083645931662022194e+05	7.709458024237011431e-01	9.183242338630519253e-02
2.100968174371409696e+05	7.773550075602274623e-01	9.208966576876664867e-02
2.118424250269814511e+05	7.838137307901660300e-01	9.234780182842819429e-02
2.136015171365454153e+05	7.903223465551613147e-01	9.260683430826820162e-02
2.153741957238397736e+05	7.968812320984335340e-01	9.286676596301689235e-02
2.171605635096979095e+05	8.034907674856494042e-01	9.312759955917986054e-02
2.189607239834782085e+05	8.101513356260078291e-01	9.338933787505397655e-02
2.207747814087873558e+05	8.168633222934158500e-01	9.365198370074674650e-02
2.226028408292627137e+05	8.236271161478835312e-01	9.391553983820064011e-02
2.244450080743824074e+05	8.304431087570206538e-01	9.418000910120684355e-02
2.263013897653293388e+05	8.373116946177336928e-01	9.444539431543091945e-02
2.281720933208992356e+05	8.442332711780856647e-01	9.471169831843276321e-02
2.300572269634409749e+05	8.512082388592757676e-01	9.497892395968579593e-02
2.319568997248543892e+05	8.582370010778298530e-01	9.524707410059900237e-02
2.338712214526244497e+05	8.653199642679277881e-01	9.551615161453994030e-02
2.358003028159070236e+05	8.724575379039207768e-01	9.578615938685666742e-02
2.377442553116493800e+05	8.796501345229762459e-01	9.605710031490097278e-02
2.397031912707686424e+05	8.868981697479394466e-01	9.632897730804820813e-02
2.416772238643674646e+05	8.942020623103298371e-01	9.660179328772405816e-02
2.436664671099982224e+05	9.015622340735192086e-01	9.687555118742441351e-02
2.456710358779759845e+05	9.089791100560903336e-01	9.715025395274268227e-02
2.476910458977367671e+05	9.164531184553608156e-01	9.742590454139095357e-02
2.497266137642404065e+05	9.239846906710751373e-01	9.770250592322443639e-02
2.517778569444259047e+05	9.315742613292882224e-01	9.798006108026845185e-02
2.538448937837124104e+05	9.392222683064198607e-01	9.825857300674195605e-02
2.559278435125471151e+05	9.469291527534811070e-01	9.853804470908120172e-02
2.580268262530036445e+05	9.546953591204889733e-01	9.881847920596796564e-02
2.601419630254315853e+05	9.625213351810687490e-01	9.909987952835254410e-02
2.622733757551519666e+05	9.704075320572279617e-01	9.938224871948277139e-02
2.644211872792002396e+05	9.783544042443044209e-01	9.966558983492866675e-02
2.665855213531245827e+05	9.863624096361216509e-01	9.994990594260880212e-02
2.687665026578361867e+05	9.944320095503319523e-01	1.002352001228186268e-01
2.709642568065041560e+05	1.002563668753930326e+00	1.005214754682546979e-01
2.731789103515060269e+05	1.010757855488969792e+00	1.008087350840457114e-01
2.754105907914285781e+05	1.019015041498464225e+00	1.010969820877792996e-01
2.776594265781187569e+05	1.027335702052476929e+00	1.013862196095293572e-01
2.799255471237889142e+05	1.035720315974410832e+00	1.016764507918831162e-01
2.822090828081800137e+05	1.044169365667510840e+00	1.019676787899724268e-01
2.845101649857697776e+05	1.052683337141534503e+00	1.022599067715012910e-01
2.868289259930337430e+05	1.061262720039617635e+00	1.025531379167754775e-01
2.891654991557735484e+05	1.069908007665389515e+00	1.028473754187314571e-01
2.915200187964813085e+05	1.078619697010219980e+00	1.031426224829655042e-01
2.938926202417762834e+05	1.087398288780736300e+00	1.034388823277655745e-01
2.962834398298789747e+05	1.096244287426475505e+00	1.037361581841385327e-01
2.986926149181561777e+05	1.105158201167802501e+00	1.040344532958448059e-01
3.011202838907212717e+05	1.114140542024029790e+00	1.043337709194239321e-01
3.035665861660749069e+05	1.123191825841689528e+00	1.046341143242306287e-01
3.060316622048233985e+05	1.132312572323089794e+00	1.049354867924633533e-01
3.085156535174348392e+05	1.141503305055013406e+00	1.052378916191949454e-01
3.110187026720739668e+05	1.150764551537705183e+00	1.055413321124075571e-01
3.135409533024744014e+05	1.160096843214001527e+00	1.058458115930218657e-01
3.160825501158864936e+05	1.169500715498735355e+00	1.061513333949309079e-01
3.186436389010726125e+05	1.178976707808318869e+00	1.064579008650322761e-01
3.212243665363643668e+05	1.188525363590555717e+00	1.067655173632592186e-01
3.238248809977898491e+05	1.198147230354712489e+00	1.070741862626174434e-01
3.264453313672422082e+05	1.207842859701739213e+00	1.073839109492150667e-01
3.290858678407265688e+05	1.217612807354786497e+00	1.076946948222986256e-01
3.317466417366646347e+05	1.227457633189930952e+00	1.080065412942844555e-01
3.344278055042481865e+05	1.237377901267082025e+00	1.083194537907951061e-01
3.371295127318702289e+05	1.247374179861178378e+00	1.086334357506911347e-01
3.398519181556128897e+05	1.257447041493592765e+00	1.089484906261087016e-01
3.425951776677990565e+05	1.267597062963773391e+00	1.092646218824919746e-01
3.453594483256050153e+05	1.277824825381108642e+00	1.095818329986301687e-01
3.481448883597410168e+05	1.288130914197048504e+00	1.099001274666915745e-01
3.509516571831852780e+05	1.298515919237416050e+00	1.102195087922586275e-01
3.537799154000101262e+05	1.308980434735067977e+00	1.105399804943648367e-01
3.566298248142472003e+05	1.319525059362692154e+00	1.108615461055304924e-01
3.595015484388194745e+05	1.330150396265859847e+00	1.111842091718000108e-01
3.623952505045565194e+05	1.340857053096378593e+00	1.115079732527762824e-01
3.653110964692645357e+05	1.351645642045852691e+00	1.118328419216582104e-01
3.682492530268724659e+05	1.362516779879524575e+00	1.121588187652804297e-01
3.712098881166288629e+05	1.373471087970301152e+00	1.124859073841470158e-01
3.741931709323918330e+05	1.384509192333127636e+00	1.128141113924704814e-01
3.771992719319648459e+05	1.395631723659529921e+00	1.131434344182083857e-01
3.802283628465211950e+05	1.406839317352484464e+00	1.134738801031056066e-01
3.832806166900828830e+05	1.418132613561491340e+00	1.138054521027260790e-01
3.863562077690766309e+05	1.429512257217929072e+00	1.141381540864959826e-01
3.894553116919682943e+05	1.440978898070703451e+00	1.144719897377417667e-01
3.925781053789562429e+05	1.452533190722113066e+00	1.148069627537275095e-01
3.957247670717376168e+05	1.464175794663983288e+00	1.151430768456958853e-01
3.988954763433616026e+05	1.475907374314124443e+00	1.154803357389073970e-01
4.020904141081399866e+05	1.487728599052998923e+00	1.158187431726772632e-01
4.053097626316398382e+05	1.499640143260696279e+00	1.161583029004185502e-01
4.085537055407511070e+05	1.511642686354180976e+00	1.164990186896822794e-01
4.118224278338141157e+05	1.523736912824766199e+00	1.168408943221960622e-01
4.151161158908506623e+05	1.535923512275966463e+00	1.171839335939061366e-01
4.184349574838424451e+05	1.548203179461529855e+00	1.175281403150172932e-01
4.217791417871065787e+05	1.560576614323825329e+00	1.178735183100359935e-01
4.251488593877343228e+05	1.573044522032467807e+00	1.182200714178072015e-01
4.285443022961182287e+05	1.585607613023266360e+00	1.185678034915609302e-01
4.319656639565473888e+05	1.598266603037427513e+00	1.189167183989512794e-01
4.354131392578925588e+05	1.611022213161092065e+00	1.192668200220994706e-01
4.388869245443620603e+05	1.623875169865127033e+00	1.196181122576357586e-01
4.423872176263335277e+05	1.636826205045208260e+00	1.199705990167418274e-01
4.459142177912884508e+05	1.649876056062273832e+00	1.203242842251940614e-01
4.494681258147978806e+05	1.663025465783174006e+00	1.206791718234069694e-01
4.530491439716124441e+05	1.676275182621701498e+00	1.210352657664743870e-01
4.566574760468245950e+05	1.689625960579894670e+00	1.213925700242148992e-01
4.602933273471160792e+05	1.703078559289650240e+00	1.217510885812152083e-01
4.639569047120932955e+05	1.716633744054665511e+00	1.221108254368734464e-01
4.676484165256918641e+05	1.730292285892634618e+00	1.224717846054425158e-01
4.713680727276909747e+05	1.744054961577851337e+00	1.228339701160766767e-01
4.751160848252902506e+05	1.757922553684044376e+00	1.231973860128755538e-01
4.788926659047814319e+05	1.771895850627560387e+00	1.235620363549282535e-01
4.826980306433159276e+05	1.785975646710906251e+00	1.239279252163575373e-01
4.865323953207398881e+05	1.800162742166535823e+00	1.242950566863683104e-01
4.903959778315366711e+05	1.814457943201039924e+00	1.246634348692899352e-01
4.942889976968459669e+05	1.828862062039615211e+00	1.250330638846231246e-01
4.982116760765751824e+05	1.843375916970875439e+00	1.254039478670860852e-01
5.021642357816037838e+05	1.858000332392009568e+00	1.257760909666619797e-01
5.061469012860816438e+05	1.872736138854283139e+00	1.261494973486444737e-01
5.101598987398038735e+05	1.887584173108826979e+00	1.265241711936823110e-01
5.142034559806954348e+05	1.902545278152828923e+00	1.269001166978285522e-01
5.182778025473734015e+05	1.917620303276013738e+00	1.272773380725898407e-01
5.223831696918184170e+05	1.932810104107528515e+00	1.276558395449693406e-01
5.265197903921233956e+05	1.948115542663112487e+00	1.280356253575174741e-01
5.306878993653454818e+05	1.963537487392646552e+00	1.284166997683780509e-01
5.348877330804653466e+05	1.979076813228108023e+00	1.287990670513368963e-01
5.391195297714271583e+05	1.994734401631811371e+00	1.291827314958726991e-01
5.433835294502611505e+05	2.010511140644967387e+00	1.295676974072012821e-01
5.476799739203461213e+05	2.026407924936751481e+00	1.299539691063267000e-01
5.520091067897301400e+05	2.042425655853591149e+00	1.303415509300911712e-01
5.563711734845754690e+05	2.058565241468909512e+00	1.307304472312229848e-01
5.607664212626900990e+05	2.074827596633195714e+00	1.311206623783864045e-01
5.651950992271676660e+05	2.091213643024468993e+00	1.315122007562316564e-01
5.696574583401232958e+05	2.107724309199104251e+00	1.319050667654452225e-01
5.741537514365250245e+05	2.124360530643005784e+00	1.322992648227980517e-01
5.786842332381660817e+05	2.141123249823304153e+00	1.326947993611989896e-01
5.832491603676743107e+05	2.158013416240192495e+00	1.330916748297431562e-01
5.878487913626813097e+05	2.175031986479353030e+00	1.334898956937654035e-01
5.924833866900749272e+05	2.192179924264687774e+00	1.338894664348879160e-01
5.971532087603746913e+05	2.209458200511509762e+00	1.342903915510756663e-01
6.018585219421779038e+05	2.226867793379993188e+00	1.346926755566849321e-01
6.065995925767559092e+05	2.244409688329179531e+00	1.350963229825165868e-01
6.113766889927254524e+05	2.262084878171259916e+00	1.355013383758683632e-01
6.161900815208572894e+05	2.279894363126369061e+00	1.359077263005850911e-01
6.210400425089614000e+05	2.297839150877657222e+00	1.363154913371149302e-01
6.259268463369202800e+05	2.315920256626917695e+00	1.367246380825598573e-01
6.308507694318071008e+05	2.334138703150519412e+00	1.371351711507292903e-01
6.358120902831178391e+05	2.352495520855767630e+00	1.375470951721926294e-01
6.408110894581357716e+05	2.370991747837753127e+00	1.379604147943350734e-01
6.458480496173973661e+05	2.389628429936572651e+00	1.383751346814074690e-01
6.509232555302572437e+05	2.408406620794923736e+00	1.387912595145857075e-01
6.560369940906094853e+05	2.427327381916268401e+00	1.392087939920191586e-01
6.611895543326835614e+05	2.446391782723281949e+00	1.396277428288903166e-01
6.663812274469872937e+05	2.465600900616839120e+00	1.400481107574653439e-01
6.716123067963462090e+05	2.484955821035361279e+00	1.404699025271530233e-01
6.768830879320773529e+05	2.504457637514657886e+00	1.408931229045571887e-01
6.821938686102856882e+05	2.524107451748222264e+00	1.413177766735320973e-01
6.875449488082592143e+05	2.543906373647895958e+00	1.417438686352408550e-01
6.929366307410253212e+05	2.563855521405125071e+00	1.421714036082085963e-01
6.983692188779861899e+05	2.583956021552512805e+00	1.426003864283793277e-01
7.038430199596976163e+05	2.604209009025896915e+00	1.430308219491734645e-01
7.093583430147825275e+05	2.624615627226933423e+00	1.434627150415439256e-01
7.149154993769594003e+05	2.645177028086101778e+00	1.438960705940317275e-01
7.205148027021990856e+05	2.665894372126181189e+00	1.443308935128254367e-01
7.261565689860021230e+05	2.686768828526179931e+00	1.447671887218182074e-01
7.318411165808170335e+05	2.707801575185780685e+00	1.452049611626640424e-01
7.375687662135848077e+05	2.728993798790256164e+00	1.456442157948362737e-01
7.433398410033961991e+05	2.750346694875799081e+00	1.460849575956855162e-01
7.491546664793202654e+05	2.771861467895492481e+00	1.465271915605002861e-01
7.550135705983164953e+05	2.793539331285575411e+00	1.469709227025623455e-01
7.609168837633226067e+05	2.815381507532377370e+00	1.474161560532075699e-01
7.668649388414364075e+05	2.837389228239583616e+00	1.478628966618839302e-01
7.728580711822750745e+05	2.859563734196169715e+00	1.483111495962128601e-01
7.788966186364481691e+05	2.881906275444745091e+00	1.487609199420475148e-01
7.849809215741652297e+05	2.904418111350407283e+00	1.492122128035313633e-01
7.911113229039746802e+05	2.927100510670072264e+00	1.496650333031622482e-01
7.972881680916829500e+05	2.949954751622475335e+00	1.501193865818482021e-01
8.035118051793496124e+05	2.972982121958452684e+00	1.505752777989703417e-01
8.097825848044987069e+05	2.996183919032024523e+00	1.510327121324450406e-01
8.161008602193972329e+05	3.019561449871723369e+00	1.514916947787831869e-01
8.224669873105477309e+05	3.043116031252715903e+00	1.519522309531510518e-01
8.288813246182521107e+05	3.066848989769193512e+00	1.524143258894341546e-01
8.353442333563974826e+05	3.090761661907571956e+00	1.528779848402970487e-01
8.418560774323398946e+05	3.114855394120069398e+00	1.533432130772477420e-01
8.484172234669298632e+05	3.139131542898792482e+00	1.538100158906980375e-01
8.550280408147326671e+05	3.163591474850556917e+00	1.542783985900267607e-01
8.616889015843447996e+05	3.188236566772057579e+00	1.547483665036431255e-01
8.684001806589076295e+05	3.213068205725762017e+00	1.552199249790493507e-01
8.751622557167481864e+05	3.238087789116293802e+00	1.556930793829056636e-01
8.819755072521729162e+05	3.263296724767355439e+00	1.561678351010921395e-01
8.888403185964310542e+05	3.288696430999302311e+00	1.566441975387732333e-01
8.957570759388145525e+05	3.314288336707207350e+00	1.571221721204623945e-01
9.027261683479304193e+05	3.340073881439569625e+00	1.576017642900855720e-01
9.097479877931331284e+05	3.366054515477614917e+00	1.580829795110469393e-01
9.168229291660870658e+05	3.392231699915075893e+00	1.585658232662937595e-01
9.239513903025443433e+05	3.418606906738766771e+00	1.590503010583808885e-01
9.311337720042184228e+05	3.445181618909521237e+00	1.595364184095386662e-01
9.383704780608681031e+05	3.471957330443897760e+00	1.600241808617342831e-01
9.456619152725349413e+05	3.498935546496461768e+00	1.605135939767421693e-01
9.530084934719367884e+05	3.526117783442636266e+00	1.610046633362082202e-01
9.604106255470301257e+05	3.553505568962187500e+00	1.614973945417155499e-01
9.678687274637438823e+05	3.581100442123338556e+00	1.619917932148544071e-01
9.753832182888905518e+05	3.608903953467536230e+00	1.624878649972875400e-01
9.829545202132237609e+05	3.636917665094768548e+00	1.629856155508147275e-01
9.905830585746861761e+05	3.665143150749579526e+00	1.634850505574458046e-01
9.982692618818363408e+05	3.693581995907749160e+00	1.639861757194650549e-01
1.006013561837426270e+06	3.722235797863528095e+00	1.644889967594989066e-01
1.013816393362170667e+06	3.751106165817584603e+00	1.649935194205868760e-01
1.021678194618699490e+06	3.780194720965630584e+00	1.654997494662494018e-01
1.029599407035656041e+06	3.809503096587582238e+00	1.660076926805554853e-01
1.037580475332013331e+06	3.839032938137528994e+00	1.665173548681929128e-01
1.045621847541554598e+06	3.868785903334314380e+00	1.670287418545386704e-01
1.053723975037526572e+06	3.898763662252749729e+00	1.675418594857278065e-01
1.061887312557505677e+06	3.928967897415621469e+00	1.680567136287237640e-01
1.070112318228390766e+06	3.959400303886161154e+00	1.685733101713857707e-01
1.078399453591645230e+06	3.990062589361444534e+00	1.690916550225460280e-01
1.086749183628698112e+06	4.020956474266368375e+00	1.696117541120756023e-01
1.095161976786550134e+06	4.052083691848404001e+00	1.701336133909565895e-01
1.103638305003523128e+06	4.083445988272855764e+00	1.706572388313522814e-01
1.112178643735260703e+06	4.115045122719076964e+00	1.711826364266829104e-01
1.120783471980892122e+06	4.146882867477263979e+00	1.717098121916923181e-01
1.129453272309367079e+06	4.178961008045902759e+00	1.722387721625232015e-01
1.138188530886068707e+06	4.211281343230233176e+00	1.727695223967940785e-01
1.146989737499509240e+06	4.243845685241022458e+00	1.733020689736637365e-01
1.155857385588331614e+06	4.276655859794471937e+00	1.738364179939080600e-01
1.164791972268432379e+06	4.309713706212569662e+00	1.743725755799943877e-01
1.173793998360333964e+06	4.343021077524371165e+00	1.749105478761538435e-01
1.182863968416728778e+06	4.376579840567906388e+00	1.754503410484545556e-01
1.192002390750268707e+06	4.410391876093007646e+00	1.759919612848819259e-01
1.201209777461512946e+06	4.444459078864709589e+00	1.765354147954044661e-01
1.210486644467132632e+06	4.478783357767609274e+00	1.770807078120522626e-01
1.219833511528258445e+06	4.513366635910751157e+00	1.776278465889953306e-01
1.229250902279123198e+06	4.548210850733603650e+00	1.781768374026135859e-01
1.238739344255846459e+06	4.583317954112568593e+00	1.787276865515763091e-01
1.248299368925462244e+06	4.618689912468368242e+00	1.792804003569161697e-01
1.257931511715173721e+06	4.654328706874301780e+00	1.798349851621069972e-01
1.267636312041814672e+06	4.690236333165247018e+00	1.803914473331371393e-01
1.277414313341494417e+06	4.726414802047345098e+00	1.809497932585946156e-01
1.287266063099544961e+06	4.762866139208803418e+00	1.815100293497323991e-01
1.297192112880608533e+06	4.799592385431226127e+00	1.820721620405554020e-01
1.307193018358997535e+06	4.836595596701936728e+00	1.826361977878920573e-01
1.317269339349242393e+06	4.873877844327011211e+00	1.832021430714777799e-01
1.327421639836912276e+06	4.911441215045309505e+00	1.837700043940274919e-01
1.337650488009633031e+06	4.949287811143245008e+00	1.843397882813190558e-01
1.347956456288355635e+06	4.987419750570474264e+00	1.849115012822706849e-01
1.358340121358827921e+06	5.025839167056346923e+00	1.854851499690202965e-01
1.368802064203308197e+06	5.064548210227240332e+00	1.860607409370026721e-01
1.379342870132576441e+06	5.103549045725001676e+00	1.866382808050320308e-01
1.389963128818071680e+06	5.142843855325859082e+00	1.872177762153813263e-01
1.400663434324372094e+06	5.182434837060594823e+00	1.877992338338643763e-01
1.411444385141819483e+06	5.222324205335256764e+00	1.883826603499135222e-01
1.422306584219505312e+06	5.262514191053200285e+00	1.889680624766604256e-01
1.433250638998375740e+06	5.303007041737588523e+00	1.895554469510227491e-01
1.444277161444690078e+06	5.343805021655176901e+00	1.901448205337789299e-01
1.455386768083644798e+06	5.384910411940727393e+00	1.907361900096547769e-01
1.466580080033310922e+06	5.426325510722574741e+00	1.913295621874041563e-01
1.477857723038772587e+06	5.468052633248937866e+00	1.919249438998928969e-01
1.489220327506543836e+06	5.510094112015263335e+00	1.925223420041775324e-01
1.500668528539265506e+06	5.552452296892600891e+00	1.931217633815941470e-01
1.512202965970610734e+06	5.595129555256760590e+00	1.937232149378391999e-01
1.523824284400475444e+06	5.638128272118501982e+00	1.943267036030521255e-01
1.535533133230439387e+06	5.681450850254757157e+00	1.949322363319004880e-01
1.547330166699467227e+06	5.725099710340712633e+00	1.955398201036655514e-01
1.559216043919890188e+06	5.769077291082942871e+00	1.961494619223244640e-01
1.571191428913671523e+06	5.813386049353598928e+00	1.967611688166393258e-01
1.583256990648894105e+06	5.858028460325398257e+00	1.973749478402384849e-01
1.595413403076560237e+06	5.903007017607801998e+00	1.979908060717048834e-01
1.607661345167658757e+06	5.948324233384144399e+00	1.986087506146618220e-01
1.620001500950482907e+06	5.993982638549720576e+00	1.992287885978578088e-01
1.632434559548262041e+06	6.039984782851019141e+00	1.998509271752563210e-01
1.644961215217052959e+06	6.086333235025916721e+00	2.004751735261147416e-01
1.657582167383895256e+06	6.133030582944861919e+00	2.011015348550838078e-01
1.670298120685321046e+06	6.180079433753347118e+00	2.017300183922861312e-01
1.683109785006014630e+06	6.227482414014961165e+00	2.023606313934120660e-01
1.696017875517912442e+06	6.275242169856049657e+00	2.029933811397946208e-01
1.709023112719523720e+06	6.323361367111207443e+00	2.036282749385111557e-01
1.722126222475487972e+06	6.371842691469635334e+00	2.042653201224696735e-01
1.735327936056560138e+06	6.420688848623087530e+00	2.049045240504917542e-01
1.748628990179754328e+06	6.469902564414407031e+00	2.055458941074108647e-01
1.762030127048884984e+06	6.519486584987515876e+00	2.061894377041547932e-01
1.775532094395359512e+06	6.569443676938355736e+00	2.068351622778396293e-01
1.789135645519282669e+06	6.619776627466980479e+00	2.074830752918637444e-01
1.802841539330874104e+06	6.670488244530778488e+00	2.081331842359916973e-01
1.816650540392199066e+06	6.721581356998901136e+00	2.087854966264470480e-01
1.830563418959191302e+06	6.773058814807727757e+00	2.094400200060088646e-01
1.844580951023978647e+06	6.824923489117481701e+00	2.100967619440985423e-01
1.858703918357591378e+06	6.877178272470244380e+00	2.107557300368771425e-01
1.872933108552897815e+06	6.929826078948817525e+00	2.114169319073309350e-01
1.887269315067911055e+06	6.982869844336959453e+00	2.120803752053733171e-01
1.901713337269403273e+06	7.036312526280754653e+00	2.127460676079297175e-01
1.916265980476868572e+06	7.090157104451277448e+00	2.134140168190364062e-01
1.930928056006736588e+06	7.144406580708184684e+00	2.140842305699323100e-01
1.945700381217040820e+06	7.199063979264981761e+00	2.147567166191542420e-01
1.960583779552292079e+06	7.254132346855052482e+00	2.154314827526341569e-01
1.975579080588777317e+06	7.309614752899276979e+00	2.161085367837856375e-01
1.990687120080127148e+06	7.365514289674615966e+00	2.167878865536105870e-01
2.005908740003278945e+06	7.421834072484182698e+00	2.174695399307890742e-01
2.021244788604729110e+06	7.478577239828373635e+00	2.181535048117745901e-01
2.036696120447193505e+06	7.535746953577507234e+00	2.188397891208904988e-01
2.052263596456540283e+06	7.593346399145480596e+00	2.195284008104304296e-01
2.067948083969114814e+06	7.651378785664867621e+00	2.202193478607548660e-01
2.083750456779439934e+06	7.709847346163411608e+00	2.209126382803846544e-01
2.099671595188197680e+06	7.768755337741555245e+00	2.216082801061026730e-01
2.115712386050647590e+06	7.828106041751589750e+00	2.223062814030500600e-01
2.131873722825363744e+06	7.887902763977973741e+00	2.230066502648258842e-01
2.148156505623280071e+06	7.948148834818813846e+00	2.237093948135882027e-01
2.164561641257236712e+06	8.008847609469169626e+00	2.244145232001470702e-01
2.181090043291776441e+06	8.070002468105318627e+00	2.251220436040700379e-01
2.197742632093347609e+06	8.131616816070486919e+00	2.258319642337817679e-01
2.214520334880915005e+06	8.193694084062116190e+00	2.265442933266631487e-01
2.231424085776852444e+06	8.256237728320176217e+00	2.272590391491502160e-01
2.248454825858357828e+06	8.319251230817380716e+00	2.279762099968379307e-01
2.265613503209100105e+06	8.382738099450300240e+00	2.286958141945837630e-01
2.282901072971345391e+06	8.446701868232205257e+00	2.294178600966024495e-01
2.300318497398471460e+06	8.511146097487397810e+00	2.301423560865747953e-01
2.317866745907749981e+06	8.576074374046473991e+00	2.308693105777506194e-01
2.335546795133747160e+06	8.641490311443929428e+00	2.315987320130471483e-01
2.353359628981885966e+06	8.707397550116331431e+00	2.323306288651516283e-01
2.371306238682545722e+06	8.773799757602475324e+00	2.330650096366338742e-01
2.389387622845567297e+06	8.840700628745075562e+00	2.338018828600416932e-01
2.407604787515044212e+06	8.908103885893471130e+00	2.345412570980103251e-01
2.425958746224663220e+06	8.976013279108396858e+00	2.352831409433641663e-01
2.444450520053362940e+06	9.044432586367914695e+00	2.360275430192236845e-01
2.463081137681487948e+06	9.113365613775183505e+00	2.367744719791122776e-01
2.481851635447205044e+06	9.182816195767202316e+00	2.375239365070588859e-01
2.500763057403531857e+06	9.252788195325814868e+00	2.382759453177070996e-01
2.519816455375683494e+06	9.323285504189877670e+00	2.390305071564242656e-01
2.539012889018848073e+06	9.394312043069051654e+00	2.397876307994036560e-01
2.558353425876402762e+06	9.465871761859188993e+00	2.405473250537736862e-01
2.577839141438586172e+06	9.537968639859407460e+00	2.413095987577095480e-01
2.597471119201574009e+06	9.610606685990697784e+00	2.420744607805369319e-01
2.617250450726969168e+06	9.683789939016010706e+00	2.428419200228428554e-01
2.637178235701852944e+06	9.757522467762463236e+00	2.436119854165846588e-01
2.657255581999126822e+06	9.831808371344587627e+00	2.443846659251994735e-01
2.677483605738395359e+06	9.906651779389608947e+00	2.451599705437154664e-01
2.697863431347311009e+06	9.982056852264415525e+00	2.459379082988622234e-01
2.718396191623266786e+06	1.005802778130381725e+01	2.467184882491766651e-01
2.739083027795763221e+06	1.013456878904131209e+01	2.475017194851218405e-01
2.759925089588964824e+06	1.021168412944053117e+01	2.482876111291935639e-01
2.780923535284916870e+06	1.028937808812915655e+01	2.490761723360331859e-01
2.802079531787195243e+06	1.036765498263440755e+01	2.498674122925422514e-01
2.823394254684935324e+06	1.044651916261995694e+01	2.506613402179936334e-01
2.844868888317510951e+06	1.052597501012523651e+01	2.514579653641419998e-01
2.866504625839487184e+06	1.060602693980577449e+01	2.522572970153448280e-01
2.888302669286234770e+06	1.068667939917595078e+01	2.530593444886643506e-01
2.910264229639928788e+06	1.076793686885319801e+01	2.538641171340003111e-01
2.932390526896081865e+06	1.084980386280417797e+01	2.546716243341859420e-01
2.954682790130523033e+06	1.093228492859259937e+01	2.554818755051131429e-01
2.977142257566915359e+06	1.101538464762902336e+01	2.562948800958484985e-01
2.999770176644823514e+06	1.109910763542273315e+01	2.571106475887468545e-01
3.022567804088148288e+06	1.118345854183491639e+01	2.579291874995677802e-01
3.045536405974262394e+06	1.126844205133448718e+01	2.587505093775939180e-01
3.068677257803409360e+06	1.135406288325485136e+01	2.595746228057481675e-01
3.091991644568857737e+06	1.144032579205347311e+01	2.604015374007099815e-01
3.115480860827459954e+06	1.152723556757294610e+01	2.612312628130354919e-01
3.139146210770759266e+06	1.161479703530409147e+01	2.620638087272765815e-01
3.162989008296556305e+06	1.170301505665075048e+01	2.628991848620974570e-01
3.187010577081168536e+06	1.179189452919713865e+01	2.637374009703954969e-01
3.211212250652084593e+06	1.188144038697667426e+01	2.645784668394227102e-01
3.235595372461148072e+06	1.197165760074274665e+01	2.654223922909060840e-01
3.260161295958432835e+06	1.206255117824206735e+01	2.662691871811608268e-01
3.284911384666525293e+06	1.215412616448949912e+01	2.671188614012251494e-01
3.309847012255427428e+06	1.224638764204521024e+01	2.679714248769739515e-01
3.334969562617926858e+06	1.233934073129353237e+01	2.688268875692393922e-01
3.360280429945731070e+06	1.243299059072465695e+01	2.696852594739360676e-01
3.385781018805884756e+06	1.252734241721738684e+01	2.705465506221861327e-01
3.411472744218008127e+06	1.262240144632490946e+01	2.714107710804393725e-01
3.437357031731951050e+06	1.271817295256211189e+01	2.722779309506025980e-01
3.463435317506126128e+06	1.281466224969542012e+01	2.731480403701529447e-01
3.489709048386294860e+06	1.291187469103431162e+01	2.740211095122732643e-01
3.516179681985113304e+06	1.300981566972562398e+01	2.748971485859748598e-01
3.542848686762121972e+06	1.310849061904950830e+01	2.757761678362223301e-01
3.569717542104342487e+06	1.320790501271765827e+01	2.766581775440567492e-01
3.596787738407619763e+06	1.330806436517425695e+01	2.775431880267271167e-01
3.624060777158377692e+06	1.340897423189848148e+01	2.784312096378159795e-01
3.651538171016103122e+06	1.351064020970968471e+01	2.793222527673674960e-01
3.679221443896389566e+06	1.361306793707465879e+01	2.802163278420145009e-01
3.707112131054606754e+06	1.371626309441722213e+01	2.811134453251032950e-01
3.735211779170243070e+06	1.382023140443026499e+01	2.820136157168301461e-01
3.763521946431810036e+06	1.392497863238990696e+01	2.829168495543656348e-01
3.792044202622351702e+06	1.403051058647188576e+01	2.838231574119873812e-01
3.820780129205702804e+06	1.413683311807069565e+01	2.847325499012089423e-01
3.849731319413303398e+06	1.424395212212081852e+01	2.856450376709075978e-01
3.878899378331677057e+06	1.435187353742037963e+01	2.865606314074612415e-01
3.908285922990554012e+06	1.446060334695719796e+01	2.874793418348760010e-01
3.937892582451672293e+06	1.457014757823736772e+01	2.884011797149227396e-01
3.967720997898141854e+06	1.468051230361588466e+01	2.893261558472628447e-01
3.997772822724658065e+06	1.479170364063045184e+01	2.902542810695902253e-01
4.028049722628273536e+06	1.490372775233731417e+01	2.911855662577557680e-01
4.058553375699740835e+06	1.501659084764924579e+01	2.921200223259114437e-01
4.089285472515776288e+06	1.513029918167691079e+01	2.930576602266338759e-01
4.120247716231750324e+06	1.524485905607182268e+01	2.939984909510703348e-01
4.151441822675312869e+06	1.536027681937275879e+01	2.949425255290665793e-01
4.182869520440511405e+06	1.547655886735399022e+01	2.958897750293039697e-01
4.214532550982734188e+06	1.559371164337656701e+01	2.968402505594437413e-01
4.246432668714274652e+06	1.571174163874191976e+01	2.977939632662497393e-01
4.278571641100692563e+06	1.583065539304837621e+01	2.987509243357400757e-01
4.310951248757792637e+06	1.595045949455000311e+01	2.997111449933199667e-01
4.343573285549465567e+06	1.607116058051858687e+01	3.006746365039151270e-01
4.376439558686056174e+06	1.619276533760763215e+01	3.016414101721196506e-01
4.409551888823679648e+06	1.631528050221978887e+01	3.026114773423294602e-01
4.442912110164058395e+06	1.643871286087628647e+01	3.035848493988825836e-01
4.476522070555278100e+06	1.656306925058969171e+01	3.045615377662054257e-01
4.510383631593343802e+06	1.668835655923970762e+01	3.055415539089456067e-01
4.544498668723983690e+06	1.681458172594980027e+01	3.065249093321228968e-01
4.578869071346106939e+06	1.694175174147002849e+01	3.075116155812614993e-01
4.613496742915187962e+06	1.706987364855955391e+01	3.085016842425391537e-01
4.648383601047892123e+06	1.719895454237373400e+01	3.094951269429280227e-01
4.683531577627222985e+06	1.732900157085319393e+01	3.104919553503386331e-01
4.718942618908624165e+06	1.746002193511638367e+01	3.114921811737637047e-01
4.754618685626877472e+06	1.759202288985511942e+01	3.124958161634258103e-01
4.790561753103657626e+06	1.772501174373250521e+01	3.135028721109162086e-01
4.826773811355957761e+06	1.785899585978413029e+01	3.145133608493469457e-01
4.863256865205374546e+06	1.799398265582241407e+01	3.155272942534932401e-01
4.900012934388121590e+06	1.812997960484364413e+01	3.165446842399401439e-01
4.937044053665816784e+06	1.826699423543792022e+01	3.175655427672358089e-01
4.974352272937351838e+06	1.840503413220302420e+01	3.185898818360282658e-01
5.011939657351191156e+06	1.854410693615995953e+01	3.196177134892232430e-01
5.049808287418866530e+06	1.868422034517286789e+01	3.206490498121293276e-01
5.087960259129173122e+06	1.882538211437154985e+01	3.216839029326107324e-01
5.126397684063134715e+06	1.896760005657684545e+01	3.227222850212290162e-01
5.165122689509922639e+06	1.911088204272952140e+01	3.237642082914030106e-01
5.204137418583636172e+06	1.925523600232235566e+01	3.248096849995530944e-01
5.243444030340955593e+06	1.940066992383546918e+01	3.258587274452586224e-01
5.283044699899559841e+06	1.954719185517444302e+01	3.269113479714023107e-01
5.322941618557553738e+06	1.969480990411222265e+01	3.279675589643316624e-01
5.363136993913784623e+06	1.984353223873427652e+01	3.290273728540054621e-01
5.403633049988863990e+06	1.999336708788637651e+01	3.300908021141509274e-01
5.444432027347415686e+06	2.014432274162690462e+01	3.311578592624157547e-01
5.485536183220775798e+06	2.029640755168085775e+01	3.322285568605258810e-01
5.526947791631275788e+06	2.044962993189969325e+01	3.333029075144384179e-01
5.568669143516629934e+06	2.060399835872153673e+01	3.343809238744961942e-01
5.610702546855947934e+06	2.075952137163744737e+01	3.354626186355911255e-01
5.653050326796262525e+06	2.091620757365958028e+01	3.365480045373127616e-01
5.695714825780092739e+06	2.107406563179312542e+01	3.376370943641116562e-01
5.738698403674158268e+06	2.123310427751260221e+01	3.387299009454532994e-01
5.782003437898765318e+06	2.139333230724054857e+01	3.398264371559861496e-01
5.825632323558236472e+06	2.155475858283011803e+01	3.409267159156861848e-01
5.869587473572583869e+06	2.171739203205227042e+01	3.420307501900242686e-01
5.913871318809641525e+06	2.188124164908467151e+01	3.431385529901376796e-01
5.958486308218628168e+06	2.204631649500585411e+01	3.442501373729681124e-01
6.003434908964500763e+06	2.221262569829233513e+01	3.453655164414435319e-01
6.048719606563256122e+06	2.238017845531923200e+01	3.464847033446317726e-01
6.094342905018510297e+06	2.254898403086558645e+01	3.476077112779045186e-01
6.140307326958771795e+06	2.271905175862229953e+01	3.487345534830993410e-01
6.186615413775859401e+06	2.289039104170426597e+01	3.498652432486820119e-01
6.233269725764510222e+06	2.306301135316690321e+01	3.509997939099203657e-01
6.280272842262662016e+06	2.323692223652522770e+01	3.521382188490354004e-01
6.327627361793105491e+06	2.341213330627794420e+01	3.532805314953817444e-01
6.375335902206164785e+06	2.358865424843535052e+01	3.544267453256034206e-01
6.423401100823113695e+06	2.376649482105002065e+01	3.555768738638025450e-01
6.471825614581146277e+06	2.394566485475313655e+01	3.567309306817090797e-01
6.520612120178969577e+06	2.412617425329322174e+01	3.578889293988501419e-01
6.569763314223789610e+06	2.430803299407997642e+01	3.590508836827193129e-01
6.619281913379191421e+06	2.449125112873142385e+01	3.602168072489386197e-01
6.669170654514305294e+06	2.467583878362582794e+01	3.613867138614350050e-01
6.719432294853897765e+06	2.486180616045701797e+01	3.625606173326115789e-01
6.770069612129783258e+06	2.504916353679464081e+01	3.637385315235102112e-01
6.821085404733073898e+06	2.523792126664744018e+01	3.649204703440004915e-01
6.872482491867701523e+06	2.542808978103132844e+01	3.661064477529289984e-01
6.924263713705363683e+06	2.561967958854263472e+01	3.672964777583165308e-01
6.976431931541113183e+06	2.581270127593384700e+01	3.684905744175101527e-01
7.028990027950439602e+06	2.600716550869476151e+01	3.696887518373714321e-01
7.081940906947419047e+06	2.620308303163764307e+01	3.708910241744471925e-01
7.135287494144036435e+06	2.640046466948673753e+01	3.720974056351469272e-01
7.189032736910758540e+06	2.659932132747236722e+01	3.733079104759075006e-01
7.243179604538134299e+06	2.679966399192886684e+01	3.745225530033900463e-01
7.297731088399820030e+06	2.700150373089774902e+01	3.757413475746377296e-01
7.352690202116615139e+06	2.720485169473466769e+01	3.769643085972713137e-01
7.408059981721897610e+06	2.740971911672150085e+01	3.781914505296533613e-01
7.463843485828123055e+06	2.761611731368241607e+01	3.794227878810716437e-01
7.520043795794678852e+06	2.782405768660490608e+01	3.806583352119237706e-01
7.576664015896875411e+06	2.803355172126506645e+01	3.818981071338982680e-01
7.633707273496265523e+06	2.824461098885776877e+01	3.831421183101448857e-01
7.691176719212278724e+06	2.845724714663172605e+01	3.843903834554671661e-01
7.749075527095005848e+06	2.867147193852876086e+01	3.856429173365003571e-01
7.807406894799453206e+06	2.888729719582856958e+01	3.868997347718998725e-01
7.866174043760810979e+06	2.910473483779719217e+01	3.881608506325182062e-01
7.925380219371271320e+06	2.932379687234126209e+01	3.894262798415893401e-01
7.985028691158085130e+06	2.954449539666679314e+01	3.906960373749203130e-01
8.045122752962887287e+06	2.976684259794268428e+01	3.919701382610734086e-01
8.105665723122388124e+06	2.999085075396927635e+01	3.932485975815540602e-01
8.166660944650510326e+06	3.021653223385225928e+01	3.945314304709929276e-01
8.228111785421685316e+06	3.044389949868088152e+01	3.958186521173420180e-01
8.290021638355643488e+06	3.067296510221162009e+01	3.971102777620560409e-01
8.352393921603563242e+06	3.090374169155699846e+01	3.984063227002859753e-01
8.415232078735494986e+06	3.113624200787900875e+01	3.997068022810654209e-01
8.478539578929409385e+06	3.137047888708857002e+01	4.010117319075046094e-01
8.542319917161507532e+06	3.160646526054974359e+01	4.023211270369762560e-01
8.606576614397671074e+06	3.184421415578802339e+01	4.036350031813210060e-01
8.671313217786952853e+06	3.208373869720628591e+01	4.049533759070176320e-01
8.736533300856048241e+06	3.232505210680432128e+01	4.062762608353929217e-01
8.802240463705269620e+06	3.256816770490395641e+01	4.076036736428172991e-01
8.868438333205999807e+06	3.281309891087958874e+01	4.089356300608844030e-01
8.935130563199829310e+06	3.305985924389501918e+01	4.102721458766235840e-01
9.002320834698611870e+06	3.330846232364365989e+01	4.116132369326862550e-01
9.070012856086911634e+06	3.355892187109756719e+01	4.129589191275408466e-01
9.138210363325065002e+06	3.381125170925879075e+01	4.143092084156762001e-01
9.206917120154095814e+06	3.406546576391752978e+01	4.156641208077977434e-01
9.276136918302405626e+06	3.432157806441689729e+01	4.170236723710284421e-01
9.345873577693440020e+06	3.457960274442130100e+01	4.183878792291018112e-01
9.416130946655696258e+06	3.483955404269341471e+01	4.197567575625696934e-01
9.486912902133088559e+06	3.510144630387259923e+01	4.211303236089958268e-01
9.558223349898537621e+06	3.536529397926513241e+01	4.225085936631653438e-01
9.630066224767396227e+06	3.563111162763389217e+01	4.238915840772818910e-01
9.702445490813620389e+06	3.589891391599817183e+01	4.252793112611737980e-01
9.775365141587123275e+06	3.616871562043793631e+01	4.266717916824911971e-01
9.848829200333058834e+06	3.644053162690510561e+01	4.280690418669251263e-01
9.922841720212228596e+06	3.671437693203910158e+01	4.294710783983982094e-01
9.997406784523375332e+06	3.699026664398930819e+01	4.308779179192749886e-01
1.007252850692745298e+07	3.726821598324487894e+01	4.322895771305766410e-01
1.014821103167285025e+07	3.754824028346804710e+01	4.337060727921743242e-01
1.022445853382296301e+07	3.783035499233616861e+01	4.351274217230122199e-01
1.030127521948526427e+07	3.811457567238925037e+01	4.365536408013052094e-01
1.037866532604175434e+07	3.840091800188260862e+01	4.379847469647529246e-01
1.045663312238144316e+07	3.868939777564708749e+01	4.394207572107541315e-01
1.053518290913465247e+07	3.898003090595594244e+01	4.408616885966082921e-01
1.061431901890864782e+07	3.927283342339666206e+01	4.423075582397428818e-01
1.069404581652540900e+07	3.956782147775076197e+01	4.437583833179061243e-01
1.077436769926120341e+07	3.986501133888017989e+01	4.452141810693953095e-01
1.085528909708728082e+07	4.016441939761781299e+01	4.466749687932729529e-01
1.093681447291335464e+07	4.046606216666844347e+01	4.481407638495705781e-01
1.101894832283196226e+07	4.076995628151286155e+01	4.496115836595112047e-01
1.110169517636530288e+07	4.107611850132110476e+01	4.510874457057240661e-01
1.118505959671352431e+07	4.138456570987120386e+01	4.525683675324673749e-01
1.126904618100529909e+07	4.169531491647622801e+01	4.540543667458375454e-01
1.135365956054926850e+07	4.200838325691470487e+01	4.555454610139947347e-01
1.143890440108874813e+07	4.232378799437294248e+01	4.570416680673788923e-01
1.152478540305742063e+07	4.264154652039116655e+01	4.585430056989330816e-01
1.161130730183688737e+07	4.296167635581640099e+01	4.600494917643254134e-01
1.169847486801645532e+07	4.328419515176370425e+01	4.615611441821670935e-01
1.178629290765492991e+07	4.360912069058480256e+01	4.630779809342406850e-01
1.187476626254413836e+07	4.393647088684311086e+01	4.646000200657184331e-01
1.196389981047440879e+07	4.426626378829596575e+01	4.661272796853898615e-01
1.205369846550201066e+07	4.459851757688426943e+01	4.676597779658857590e-01
1.214416717821867950e+07	4.493325056972956588e+01	4.691975331439107721e-01
1.223531093602334708e+07	4.527048122013957965e+01	4.707405635204550132e-01
1.232713476339522563e+07	4.561022811861853654e+01	4.722888874610388643e-01
1.241964372216979973e+07	4.595250999388836277e+01	4.738425233959351890e-01
1.251284291181605123e+07	4.629734571391441023e+01	4.754014898203907102e-01
1.260673746971634962e+07	4.664475428694105119e+01	4.769658052948647087e-01
1.270133257144819573e+07	4.699475486253410850e+01	4.785354884452615032e-01
1.279663343106752448e+07	4.734736673262909790e+01	4.801105579631624320e-01
1.289264530139558390e+07	4.770260933259266523e+01	4.816910326060462877e-01
1.298937347430618294e+07	4.806050224228536649e+01	4.832769311975422255e-01
1.308682328101613745e+07	4.842106518713637797e+01	4.848682726276477006e-01
1.318500009237790667e+07	4.878431803922620702e+01	4.864650758529670549e-01
1.328390931917366758e+07	4.915028081837476037e+01	4.880673598969546001e-01
1.338355641241221316e+07	4.951897369323987164e+01	4.896751438501474318e-01
1.348394686362802424e+07	4.989041698242386502e+01	4.912884468704011298e-01
1.358508620518218726e+07	5.026463115558697581e+01	4.929072881831330077e-01
1.368698001056589931e+07	5.064163683457023524e+01	4.945316870815538168e-01
1.378963389470587112e+07	5.102145479452555321e+01	4.961616629269149925e-01
1.389305351427256875e+07	5.140410596505611807e+01	4.977972351487461311e-01
1.399724456799027324e+07	5.178961143136370993e+01	4.994384232450995720e-01
1.410221279694931209e+07	5.217799243540385135e+01	5.010852467827945356e-01
1.420796398492127471e+07	5.256927037705217032e+01	5.027377253976537119e-01
1.431450395867597871e+07	5.296346681527717948e+01	5.043958787947565581e-01
1.442183858830097690e+07	5.336060346932234921e+01	5.060597267486744988e-01
1.452997378752329014e+07	5.376070221989665754e+01	5.077292891037334943e-01
1.463891551403387450e+07	5.416378511037497390e+01	5.094045857742418582e-01
1.474866976981444284e+07	5.456987434800742420e+01	5.110856367447499382e-01
1.485924260146615654e+07	5.497899230513545632e+01	5.127724620702993619e-01
1.497064010054144450e+07	5.539116152041956553e+01	5.144650818766721700e-01
1.508286840387809277e+07	5.580640470007548259e+01	5.161635163606326238e-01
1.519593369393551908e+07	5.622474471911834826e+01	5.178677857901961001e-01
1.530984219913392887e+07	5.664620462261756018e+01	5.195779105048606850e-01
1.542460019419581443e+07	5.707080762696038789e+01	5.212939109158739592e-01
1.554021400048981048e+07	5.749857712112413566e+01	5.230158075064923473e-01
1.565668998637772910e+07	5.792953666796029211e+01	5.247436208322279194e-01
1.577403456756321527e+07	5.836371000548438559e+01	5.264773715210978589e-01
1.589225420744398795e+07	5.880112104817944640e+01	5.282170802738932469e-01
1.601135541746590100e+07	5.924179388830592075e+01	5.299627678644396322e-01
1.613134475748012401e+07	5.968575279722324467e+01	5.317144551398400587e-01
1.625222883610285074e+07	6.013302222672077590e+01	5.334721630207490684e-01
1.637401431107751094e+07	6.058362681035799113e+01	5.352359125016331598e-01
1.649670788963995874e+07	6.103759136481565406e+01	5.370057246510192561e-01
1.662031632888609730e+07	6.149494089125602159e+01	5.387816206117699291e-01
1.674484643614244461e+07	6.195570057669392838e+01	5.405636216013460782e-01
1.687030506933936849e+07	6.241989579537779065e+01	5.423517489120722734e-01
1.699669913738688827e+07	6.288755211018000324e+01	5.441460239113915520e-01
1.712403560055396706e+07	6.335869527400036816e+01	5.459464680421449723e-01
1.725232147084965557e+07	6.383335123117631582e+01	5.477531028228248555e-01
1.738156381240765378e+07	6.431154611890571005e+01	5.495659498478612237e-01
1.751176974187361822e+07	6.479330626867999854e+01	5.513850307878783719e-01
1.764294642879556492e+07	6.527865820772862548e+01	5.532103673899672058e-01
1.777510109601664171e+07	6.576762866047224065e+01	5.550419814779571359e-01
1.790824102007144317e+07	6.626024454998915303e+01	5.568798949526890807e-01
1.804237353158469498e+07	6.675653299949043173e+01	5.587241297922931338e-01
1.817750601567319781e+07	6.725652133380707198e+01	5.605747080524473569e-01
1.831364591235079244e+07	6.776023708088827391e+01	5.624316518666744313e-01
1.845080071693642065e+07	6.826770797331150220e+01	5.642949834466041148e-01
1.858897798046457767e+07	6.877896194980090172e+01	5.661647250822479105e-01
1.872818531009976193e+07	6.929402715676089031e+01	5.680408991422873921e-01
1.886843036955343932e+07	6.981293194981891759e+01	5.699235280743442100e-01
1.900972087950380147e+07	7.033570489537848403e+01	5.718126344052671950e-01
1.915206461801993102e+07	7.086237477218863035e+01	5.737082407414123564e-01
1.929546942098731548e+07	7.139297057291832971e+01	5.756103697689155529e-01
1.943994318253786489e+07	7.192752150574744974e+01	5.775190442539911428e-01
1.958549385548283905e+07	7.246605699596877059e+01	5.794342870432057646e-01
1.973212945174815133e+07	7.300860668759831640e+01	5.813561210637646637e-01
1.987985804281453416e+07	7.355520044500427446e+01	5.832845693238000173e-01
2.002868776015948132e+07	7.410586835454191146e+01	5.852196549126543745e-01
2.017862679570306838e+07	7.466064072620334002e+01	5.871614010011751983e-01
2.032968340225726366e+07	7.521954809527971975e+01	5.891098308419999707e-01
2.048186589397819713e+07	7.578262122403485535e+01	5.910649677698449622e-01
2.063518264682180062e+07	7.634989110339093088e+01	5.930268352018002176e-01
2.078964209900363907e+07	7.692138895462993275e+01	5.949954566376159937e-01
2.094525275146054476e+07	7.749714623110166656e+01	5.969708556600098470e-01
2.110202316831741482e+07	7.807719461995094434e+01	5.989530559349420802e-01
2.125996197735642642e+07	7.866156604385359685e+01	6.009420812119283806e-01
2.141907787049012631e+07	7.925029266276698081e+01	6.029379553243158218e-01
2.157937960423778370e+07	7.984340687569242334e+01	6.049407021896108239e-01
2.174087600020522997e+07	8.044094132245062667e+01	6.069503458097453841e-01
2.190357594556878135e+07	8.104292888547223583e+01	6.089669102714025950e-01
2.206748839356271178e+07	8.164940269160136666e+01	6.109904197462998621e-01
2.223262236396944895e+07	8.226039611390947925e+01	6.130208984915022086e-01
2.239898694361421466e+07	8.287594277352535244e+01	6.150583708497157076e-01
2.256659128686336428e+07	8.349607654147914104e+01	6.171028612495975674e-01
2.273544461612597853e+07	8.412083154055807199e+01	6.191543942060648842e-01
2.290555622235951945e+07	8.475024214717747384e+01	6.212129943205906280e-01
2.307693546557943523e+07	8.538434299326625876e+01	6.232786862815193896e-01
2.324959177537156641e+07	8.602316896816286373e+01	6.253514948643686955e-01
2.342353465140955150e+07	8.666675522052960901e+01	6.274314449321480858e-01
2.359877366397577152e+07	8.731513716028021577e+01	6.295185614356602066e-01
2.377531845448544994e+07	8.796835046051889151e+01	6.316128694138218869e-01
2.395317873601531610e+07	8.862643105949652522e+01	6.337143939939651194e-01
2.413236429383648559e+07	8.928941516258210243e+01	6.358231603921592479e-01
2.431288498594997451e+07	8.995733924424443728e+01	6.379391939135298228e-01
2.449475074362812564e+07	9.063024005005505046e+01	6.400625199525618036e-01
2.467797157195819542e+07	9.130815459869978667e+01	6.421931639934289615e-01
2.486255755039116368e+07	9.199112018400917634e+01	6.443311516103107373e-01
2.504851883329428732e+07	9.267917437700296546e+01	6.464765084676969975e-01
2.523586565050727874e+07	9.337235502794790420e+01	6.486292603207335361e-01
2.542460830790394545e+07	9.407070026843595656e+01	6.507894330155264973e-01
2.561475718795605004e+07	9.477424851347038270e+01	6.529570524894687811e-01
2.580632275030291453e+07	9.548303846357339353e+01	6.551321447715651169e-01
