0.000000000000000000e+00
3.706880600955570117e+03
7.427549826264963485e+03
1.116205925943085458e+04
1.491046067955822218e+04
1.867280606207903475e+04
2.244914757954608649e+04
2.623953760235826485e+04
3.004402869954321068e+04
3.386267363950971048e+04
3.769552539081522264e+04
4.154263712293899152e+04
4.540406220706517342e+04
4.927985421684593894e+04
5.317006692918576300e+04
5.707475432501849718e+04
6.099397059011552483e+04
6.492777011586120352e+04
6.887620750003657304e+04
7.283933754764031619e+04
7.681721527167619206e+04
8.080989589393488131e+04
8.481743484584940597e+04
8.883988776926766150e+04
9.287731051726639271e+04
9.692975915498542599e+04
1.009972899604518898e+05
1.050799594253834803e+05
1.091778242560250219e+05
1.132909413739761803e+05
1.174193679170296527e+05
1.215631612400105223e+05
1.257223789156212006e+05
1.298970787352705374e+05
1.340873187099215575e+05
1.382931570709634107e+05
1.425146522710551508e+05
1.467518629849858116e+05
1.510048481105274986e+05
1.552736667693085037e+05
1.595583783076794352e+05
1.638590422976065893e+05
1.681757185375154950e+05
1.725084670531786978e+05
1.768573480986226350e+05
1.812224221569998190e+05
1.856037499414756894e+05
1.900013923961166292e+05
1.944154106968180276e+05
1.988458662521750666e+05
2.032928207044068258e+05
2.077563359302571043e+05
2.122364740419164300e+05
2.167332973879345227e+05
2.212468685541297309e+05
2.257772503645338584e+05
2.303245058823027648e+05
2.348886984106826130e+05
2.394698914939044043e+05
2.440681489181283396e+05
2.486835347124210093e+05
2.533161131496769376e+05
2.579659487475759815e+05
2.626331062695563305e+05
2.673176507257237099e+05
2.720196473738828208e+05
2.767391617204530630e+05
2.814762595214606263e+05
2.862310067835268565e+05
2.910034697648151778e+05
2.957937149760476314e+05
3.006018091814855579e+05
3.054278193998888601e+05
3.102718129055667669e+05
3.151338572293368634e+05
3.200140201595325489e+05
3.249123697430463508e+05
3.298289742863003630e+05
3.347639023562897928e+05
3.397172227815862279e+05
3.446890046533825807e+05
3.496793173265005462e+05
3.546882304204513784e+05
3.597158138204484712e+05
3.647621376784655731e+05
3.698272724142777734e+05
3.749112887165122665e+05
3.800142575437026098e+05
3.851362501253641676e+05
3.902773379630341660e+05
3.954375928313510958e+05
4.006170867791415658e+05
4.058158921304708347e+05
4.110340814857615624e+05
4.162717277228215244e+05
4.215289039980142843e+05
4.268056837472876068e+05
4.321021406872982625e+05
4.374183488165319432e+05
4.427543824163866229e+05
4.481103160523048136e+05
4.534862245748813730e+05
4.588821831209964585e+05
4.642982671149454545e+05
4.697345522695472464e+05
4.751911145873114001e+05
4.806680303615666926e+05
4.861653761776085012e+05
4.916832289138503838e+05
4.972216657429914922e+05
5.027807641331723426e+05
5.083606018491203431e+05
5.139612569533560891e+05
5.195828078073386569e+05
5.252253330726809800e+05
5.308889117122874595e+05
5.365736229915935546e+05
5.422795464797348250e+05
5.480067620507495012e+05
5.537553498847943265e+05
5.595253904693559743e+05
5.653169646004482638e+05
5.711301533838540781e+05
5.769650382363458630e+05
5.828217008869105484e+05
5.887002233779940289e+05
5.946006880667468067e+05
6.005231776262479834e+05
6.064677750467907172e+05
6.124345636371099390e+05
6.184236270256731659e+05
6.244350491619203240e+05
6.304689143175543286e+05
6.365253070878318977e+05
6.426043123928036075e+05
6.487060154786505736e+05
6.548305019189636223e+05
6.609778576160406228e+05
6.671481688021754380e+05
6.733415220410253387e+05
6.795580042288545519e+05
6.857977025958998129e+05
6.920607047077082098e+05
6.983470984664461575e+05
7.046569721122474875e+05
7.109904142245592084e+05
7.173475137234816793e+05
7.237283598711367231e+05
7.301330422730431892e+05
7.365616508794561960e+05
7.430142759867825080e+05
7.494910082388813607e+05
7.559919386285406072e+05
7.625171584988348186e+05
7.690667595444975886e+05
7.756408338133399375e+05
7.822394737076670863e+05
7.888627719857119955e+05
7.955108217630200088e+05
8.021837165138768032e+05
8.088815500727784820e+05
8.156044166358176153e+05
8.223524107622092124e+05
8.291256273756385781e+05
8.359241617658266332e+05
8.427481095899136271e+05
8.495975668739473913e+05
8.564726300143732224e+05
8.633733957795342430e+05
8.702999613111114595e+05
8.772524241256741807e+05
8.842308821161387023e+05
8.912354335532810073e+05
8.982661770873044152e+05
9.053232117492887191e+05
9.124066369527492207e+05
9.195165524951936677e+05
9.266530585596198216e+05
9.338162557160982396e+05
9.410062449233024381e+05
9.482231275300763082e+05
9.554670052770238835e+05
9.627379802980604582e+05
9.700361551219916437e+05
9.773616326740982477e+05
9.847145162777742371e+05
9.920949096560631879e+05
9.995029169333018363e+05
1.006938642636745004e+06
1.014402191698170500e+06
1.021893669455512427e+06
1.029413181654495420e+06
1.036960834450283321e+06
1.044536734409104334e+06
1.052140988509973278e+06
1.059773704146298813e+06
1.067434989127545152e+06
1.075124951680958504e+06
1.082843700453234604e+06
1.090591344512205338e+06
1.098367993348532356e+06
1.106173756877440494e+06
1.114008745440405328e+06
1.121873069806909654e+06
1.129766841176121030e+06
1.137690171178709250e+06
1.145643171878523193e+06
1.153625955774354748e+06
1.161638635801735800e+06
1.169681325334680267e+06
1.177754138187443372e+06
1.185857188616361469e+06
1.193990591321569867e+06
1.202154461448847316e+06
1.210348914591448382e+06
1.218574066791844089e+06
1.226830034543612041e+06
1.235116934793241322e+06
1.243434884941971395e+06
1.251784002847617492e+06
1.260164406826487742e+06
1.268576215655189008e+06
1.277019548572491854e+06
1.285494525281281210e+06
1.294001265950367786e+06
1.302539891216412187e+06
1.311110522185844369e+06
1.319713280436751898e+06
1.328348288020828739e+06
1.337015667465261184e+06
1.345715541774709243e+06
1.354448034433227032e+06
1.363213269406227395e+06
1.372011371142451186e+06
1.380842464575926308e+06
1.389706675127963070e+06
1.398604128709124867e+06
1.407534951721244026e+06
1.416499271059405059e+06
1.425497214113990311e+06
1.434528908772688359e+06
1.443594483422540128e+06
1.452694066951956600e+06
1.461827788752794731e+06
1.470995778722409159e+06
1.480198167265714612e+06
1.489435085297257639e+06
1.498706664243354928e+06
1.508013036044130102e+06
1.517354333155657165e+06
1.526730688552063890e+06
1.536142235727632418e+06
1.545589108698998578e+06
1.555071442007220350e+06
1.564589370719985571e+06
1.574143030433757231e+06
1.583732557275947649e+06
1.593358087907086127e+06
1.603019759523037355e+06
1.612717709857199341e+06
1.622452077182692941e+06
1.632223000314592384e+06
1.642030618612166494e+06
1.651875071981118526e+06
1.661756500875836238e+06
1.671675046301640105e+06
1.681630849817070644e+06
1.691624053536169697e+06
1.701654800130770076e+06
1.711723232832785696e+06
1.721829495436544996e+06
1.731973732301086187e+06
1.742156088352522813e+06
1.752376709086365998e+06
1.762635740569878835e+06
1.772933329444448464e+06
1.783269622927959543e+06
1.793644768817184027e+06
1.804058915490171406e+06
1.814512211908641737e+06
1.825004807620438281e+06
1.835536852761946619e+06
1.846108498060496058e+06
1.856719894836860709e+06
1.867371195007705130e+06
1.878062551088028122e+06
1.888794116193700116e+06
1.899566044043912087e+06
1.910378488963718060e+06
1.921231605886529200e+06
1.932125550356646068e+06
1.943060478531801142e+06
1.954036547185725067e+06
1.965053913710689638e+06
1.976112736120094545e+06
1.987213173051048536e+06
1.998355383766990155e+06
2.009539528160255868e+06
2.020765766754738986e+06
2.032034260708518792e+06
2.043345171816489659e+06
2.054698662513033021e+06
2.066094895874680951e+06
2.077534035622805357e+06
2.089016246126317419e+06
2.100541692404367030e+06
2.112110540129044093e+06
2.123722955628141761e+06
2.135379105887888465e+06
2.147079158555700444e+06
2.158823281942950096e+06
2.170611645027760882e+06
2.182444417457795236e+06
2.194321769553055987e+06
2.206243872308693826e+06
2.218210897397878580e+06
2.230223017174629960e+06
2.242280404676650185e+06
2.254383233628221322e+06
2.266531678443098906e+06
2.278725914227399044e+06
2.290966116782494821e+06
2.303252462607968599e+06
2.315585128904536832e+06
2.327964293577006552e+06
2.340390135237217881e+06
2.352862833207093179e+06
2.365382567521539517e+06
2.377949518931542989e+06
2.390563868907087483e+06
2.403225799640296493e+06
2.415935494048418012e+06
2.428693135776899755e+06
2.441498909202472307e+06
2.454352999436238781e+06
2.467255592326811049e+06
2.480206874463342130e+06
2.493207033178766258e+06
2.506256256552871317e+06
2.519354733415519353e+06
2.532502653349780012e+06
2.545700206695129629e+06
2.558947584550688043e+06
2.572244978778433055e+06
2.585592582006404642e+06
2.598990587632015813e+06
2.612439189825246576e+06
2.625938583532013465e+06
2.639488964477382135e+06
2.653090529168944806e+06
2.666743474900130183e+06
2.680447999753548764e+06
2.694204302604366560e+06
2.708012583123612683e+06
2.721873041781702545e+06
2.735785879851689562e+06
2.749751299412829336e+06
2.763769503353937063e+06
2.777840695376851130e+06
2.791965079999946523e+06
2.806142862561599817e+06
2.820374249223664403e+06
2.834659446975067724e+06
2.848998663635239471e+06
2.863392107857797761e+06
2.877839989133991767e+06
2.892342517796398140e+06
2.906899905022440013e+06
2.921512362838082481e+06
2.936180104121396318e+06
2.950903342606307939e+06
2.965682292886181735e+06
2.980517170417574700e+06
2.995408191523943562e+06
3.010355573399278801e+06
3.025359534111981280e+06
3.040420292608547024e+06
3.055538068717341404e+06
3.070713083152450155e+06
3.085945557517450303e+06
3.101235714309231844e+06
3.116583776921911631e+06
3.131989969650635496e+06
3.147454517695495859e+06
3.162977647165473551e+06
3.178559585082286969e+06
3.194200559384412598e+06
3.209900798931017518e+06
3.225660533505889587e+06
3.241479993821528740e+06
3.257359411523110233e+06
3.273299019192574546e+06
3.289299050352609716e+06
3.305359739470768720e+06
3.321481321963601746e+06
3.337664034200741909e+06
3.353908113509012386e+06
3.370213798176621087e+06
3.386581327457347885e+06
3.403010941574712284e+06
3.419502881726196036e+06
3.436057390087502077e+06
3.452674709816779010e+06
3.469355085058938712e+06
3.486098760949925520e+06
3.502905983621045016e+06
3.519777000203273259e+06
3.536712058831686154e+06
3.553711408649791032e+06
3.570775299813952297e+06
3.587903983497812413e+06
3.605097711896690540e+06
3.622356738232153468e+06
3.639681316756413318e+06
3.657071702756881714e+06
3.674528152560672723e+06
3.692050923539192416e+06
3.709640274112720042e+06
3.727296463754972443e+06
3.745019752997721545e+06
3.762810403435480781e+06
3.780668677730165422e+06
3.798594839615751989e+06
3.816589153903006576e+06
3.834651886484230869e+06
3.852783304337975569e+06
3.870983675533915870e+06
3.889253269237548113e+06
3.907592355715100653e+06
3.926001206338337623e+06
3.944480093589464203e+06
3.963029291065991856e+06
3.981649073485711589e+06
4.000339716691617854e+06
4.019101497656844556e+06
4.037934694489756599e+06
4.056839586438849568e+06
4.075816453897894360e+06
4.094865578410936520e+06
4.113987242677482776e+06
4.133181730557544157e+06
4.152449327076748945e+06
4.171790318431639113e+06
4.191204991994761862e+06
4.210693636319966055e+06
4.230256541147562675e+06
4.249893997409675270e+06
4.269606297235540114e+06
4.289393733956772834e+06
4.309256602112781256e+06
4.329195197456093505e+06
4.349209816957817413e+06
4.369300758813044056e+06
4.389468322446285747e+06
4.409712808517034166e+06
4.430034518925208598e+06
4.450433756816722453e+06
4.470910826589051634e+06
4.491466033896822482e+06
4.512099685657467693e+06
4.532812090056824498e+06
4.553603556554892100e+06
4.574474395891470835e+06
4.595424920091947541e+06
4.616455442473026924e+06
4.637566277648558840e+06
4.658757741535328329e+06
4.680030151358960196e+06
4.701383825659757480e+06
4.722819084298633039e+06
4.744336248463053256e+06
4.765935640672998503e+06
4.787617584786992520e+06
4.809382406008096412e+06
4.831230430890000425e+06
4.853161987343112938e+06
4.875177404640701599e+06
4.897277013424988836e+06
4.919461145713373087e+06
4.941730134904702194e+06
4.964084315785434097e+06
4.986524024535969831e+06
5.009049598736950196e+06
5.031661377375579439e+06
5.054359700852027163e+06
5.077144910985864699e+06
5.100017351022438146e+06
5.122977365639387630e+06
5.146025300953140482e+06
5.169161504525469616e+06
5.192386325370017439e+06
5.215700113958973438e+06
5.239103222229664214e+06
5.262596003591204062e+06
5.286178812931286171e+06
5.309852006622865796e+06
5.333615942530929111e+06
5.357470980019315146e+06
5.381417479957598262e+06
5.405455804727925919e+06
5.429586318231950514e+06
5.453809385897735134e+06
5.478125374686855823e+06
5.502534653101290576e+06
5.527037591190579347e+06
5.551634560558851808e+06
5.576325934371984564e+06
5.601112087364796549e+06
5.625993395848194137e+06
5.650970237716482021e+06
5.676042992454546504e+06
5.701212041145277210e+06
5.726477766476903111e+06
5.751840552750282921e+06
5.777300785886464640e+06
5.802858853434085846e+06
5.828515144576862454e+06
5.854270050141245127e+06
5.880123962603858672e+06
5.906077276099204086e+06
5.932130386427306570e+06
5.958283691061486490e+06
5.984537589155977592e+06
6.010892481553792022e+06
6.037348770794563927e+06
6.063906861122298054e+06
6.090567158493435010e+06
6.117330070584679954e+06
6.144196006801011041e+06
6.171165378283809870e+06
6.198238597918765619e+06
6.225416080344120972e+06
6.252698241958773695e+06
6.280085500930454582e+06
6.307578277204057202e+06
6.335176992509818636e+06
6.362882070371758193e+06
6.390693936115870252e+06
6.418613016878740862e+06
6.446639741615916602e+06
6.474774541110416874e+06
6.503017847981235012e+06
6.531370096691992134e+06
6.559831723559609614e+06
6.588403166762866080e+06
6.617084866351261735e+06
6.645877264253731817e+06
6.674780804287455976e+06
6.703795932166763581e+06
6.732923095512017608e+06
6.762162743858645670e+06
6.791515328666007146e+06
6.820981303326604888e+06
6.850561123175111599e+06
6.880255245497554541e+06
6.910064129540462978e+06
6.939988236520200968e+06
6.970028029632165097e+06
7.000183974060281180e+06
7.030456536986250430e+06
7.060846187599062920e+06
7.091353397104535252e+06
7.121978638734837994e+06
7.152722387758009136e+06
7.183585121487761848e+06
7.214567319293034263e+06
7.245669462607846595e+06
7.276892034941134974e+06
7.308235521886453032e+06
7.339700411132048815e+06
7.371287192470760085e+06
7.402996357810016721e+06
7.434828401181951165e+06
7.466783818753523752e+06
7.498863108836663887e+06
7.531066771898554638e+06
7.563395310571873561e+06
7.595849229665165767e+06
7.628429036173257977e+06
7.661135239287681878e+06
7.693968350407240912e+06
7.726928883148530498e+06
7.760017353356547654e+06
7.793234279115464538e+06
7.826580180759292096e+06
7.860055580882664770e+06
7.893661004351774231e+06
7.927396978315223008e+06
7.961264032215034589e+06
7.995262697797713801e+06
8.029393509125243872e+06
8.063657002586353570e+06
8.098053716907670721e+06
8.132584193165002391e+06
8.167248974794698879e+06
8.202048607605040073e+06
8.236983639787673950e+06
8.272054621929191053e+06
8.307262107022671029e+06
8.342606650479301810e+06
8.378088810140211135e+06
8.413709146288100630e+06
8.449468221659179777e+06
8.485366601455070078e+06
8.521404853354686871e+06
8.557583547526428476e+06
8.593903256640100852e+06
8.630364555879240856e+06
8.666968022953262553e+06
8.703714238109791651e+06
8.740603784147022292e+06
8.777637246426166967e+06
8.814815212883988395e+06
8.852138274045273662e+06
8.889607023035606369e+06
8.927222055593980476e+06
8.964983970085684210e+06
9.002893367515055463e+06
9.040950851538421586e+06
9.079157028477191925e+06
9.117512507330784574e+06
9.156017899789895862e+06
9.194673820249602199e+06
9.233480885822743177e+06
9.272439716353226453e+06
9.311550934429462999e+06
9.350815165397871286e+06
9.390233037376491353e+06
9.429805181268624961e+06
9.469532230776565149e+06
9.509414822415413335e+06
9.549453595526937395e+06
9.589649192293621600e+06
9.630002257752589881e+06
9.670513439809802920e+06
9.711183389254268259e+06
9.752012759772241116e+06
9.793002207961644977e+06
9.834152393346540630e+06
9.875463978391505778e+06
9.916937628516433761e+06
9.958574012111015618e+06
1.000037380054966919e+07
1.004233766820627451e+07
1.008446629246913269e+07
1.012676035375603661e+07
1.016922053552926891e+07
1.021184752431086265e+07
1.025464200969780423e+07
1.029760468437747471e+07
1.034073624414298497e+07
1.038403738790882565e+07
1.042750881772632711e+07
1.047115123879949376e+07
1.051496535950071737e+07
1.055895189138669893e+07
1.060311154921441711e+07
1.064744505095714331e+07
1.069195311782063171e+07
1.073663647425934300e+07
1.078149584799277037e+07
1.082653197002193332e+07
1.087174557464579307e+07
1.091713739947789162e+07
1.096270818546314910e+07
1.100845867689455301e+07
1.105438962143008038e+07
1.110050177010975033e+07
1.114679587737263739e+07
1.119327270107411593e+07
1.123993300250310637e+07
1.128677754639947042e+07
1.133380710097149946e+07
1.138102243791349791e+07
1.142842433242344484e+07
1.147601356322079711e+07
1.152379091256438009e+07
1.157175716627033055e+07
1.161991311373025924e+07
1.166825954792937450e+07
1.171679726546481438e+07
1.176552706656403653e+07
1.181444975510335527e+07
1.186356613862651773e+07
1.191287702836342901e+07
1.196238323924900778e+07
1.201208558994208835e+07
1.206198490284449793e+07
1.211208200412021205e+07
1.216237772371458448e+07
1.221287289537374675e+07
1.226356835666410066e+07
1.231446494899191149e+07
1.236556351762302406e+07
1.241686491170269996e+07
1.246836998427553661e+07
1.252007959230551869e+07
1.257199459669624269e+07
1.262411586231118254e+07
1.267644425799402967e+07
1.272898065658934973e+07
1.278172593496312760e+07
1.283468097402355820e+07
1.288784665874187835e+07
1.294122387817355245e+07
1.299481352547920309e+07
1.304861649794594944e+07
1.310263369700878114e+07
1.315686602827205509e+07
1.321131440153107420e+07
1.326597973079388589e+07
1.332086293430319242e+07
1.337596493455827981e+07
1.343128665833723173e+07
1.348682903671910986e+07
1.354259300510639325e+07
1.359857950324752554e+07
1.365478947525955178e+07
1.371122386965083145e+07
1.376788363934409805e+07
1.382476974169942550e+07
1.388188313853741810e+07
1.393922479616264999e+07
1.399679568538691290e+07
1.405459678155307285e+07
1.411262906455863453e+07
1.417089351887967438e+07
1.422939113359486498e+07
1.428812290240970999e+07
1.434708982368068956e+07
1.440629290043985657e+07
1.446573314041935094e+07
1.452541155607623607e+07
1.458532916461723857e+07
1.464548698802388459e+07
1.470588605307762884e+07
1.476652739138527401e+07
1.482741203940429166e+07
1.488854103846860677e+07
1.494991543481433205e+07
1.501153627960558236e+07
1.507340462896080315e+07
1.513552154397885688e+07
1.519788809076534584e+07
1.526050534045941196e+07
1.532337436926016957e+07
1.538649625845383853e+07
1.544987209444055147e+07
1.551350296876177192e+07
1.557738997812744416e+07
1.564153422444366850e+07
1.570593681484023668e+07
1.577059886169865355e+07
1.583552148267998546e+07
1.590070580075318739e+07
1.596615294422334805e+07
1.603186404676029086e+07
1.609784024742718786e+07
1.616408269070948288e+07
1.623059252654390410e+07
1.629737091034765169e+07
1.636441900304785743e+07
1.643173797111109272e+07
1.649932898657308891e+07
1.656719322706868500e+07
1.663533187586195767e+07
1.670374612187644467e+07
1.677243715972560272e+07
1.684140618974355981e+07
1.691065441801580787e+07
1.698018305641028658e+07
1.704999332260858640e+07
1.712008644013728946e+07
1.719046363839966059e+07
1.726112615270732343e+07
1.733207522431221604e+07
1.740331210043879226e+07
1.747483803431641310e+07
1.754665428521180153e+07
1.761876211846184731e+07
1.769116280550650135e+07
1.776385762392199412e+07
1.783684785745408013e+07
1.791013479605172947e+07
1.798371973590067774e+07
1.805760397945756093e+07
1.813178883548398688e+07
1.820627561908096448e+07
1.828106565172338486e+07
1.835616026129489020e+07
1.843156078212290257e+07
1.850726855501368642e+07
1.858328492728798464e+07
1.865961125281649828e+07
1.873624889205583930e+07
1.881319921208457276e+07
1.889046358663956821e+07
1.896804339615243673e+07
1.904594002778633311e+07
1.912415487547297403e+07
1.920268933994976431e+07
1.928154482879724726e+07
1.936072275647680089e+07
1.944022454436842725e+07
1.952005162080897763e+07
1.960020542113047093e+07
1.968068738769867644e+07
1.976149896995188296e+07
1.984264162444012240e+07
1.992411681486429647e+07
2.000592601211586595e+07
2.008807069431657717e+07
2.017055234685846791e+07
2.025337246244423836e+07
2.033653254112766311e+07
2.042003409035456181e+07
2.050387862500358373e+07
2.058806766742774844e+07
2.067260274749581143e+07
2.075748540263409913e+07
2.084271717786865681e+07
2.092829962586747482e+07
2.101423430698309094e+07
2.110052278929542005e+07
2.118716664865493029e+07
2.127416746872592717e+07
2.136152684103029594e+07
2.144924636499133334e+07
2.153732764797802642e+07
2.162577230534941331e+07
2.171458196049937978e+07
2.180375824490176886e+07
2.189330279815549776e+07
2.198321726803025231e+07
2.207350331051238999e+07
2.216416258985098079e+07
2.225519677860432118e+07
2.234660755768660828e+07
2.243839661641507968e+07
2.253056565255719051e+07
2.262311637237825245e+07
2.271605049068941176e+07
2.280936973089586943e+07
2.290307582504521683e+07
2.299717051387643069e+07
2.309165554686891660e+07
2.318653268229194731e+07
2.328180368725438043e+07
2.337747033775475621e+07
2.347353441873158142e+07
2.356999772411407530e+07
2.366686205687314644e+07
2.376412922907269746e+07
2.386180106192123145e+07
2.395987938582392782e+07
2.405836604043481499e+07
2.415726287470941991e+07
2.425657174695777148e+07
2.435629452489760518e+07
2.445643308570804819e+07
2.455698931608357653e+07
2.465796511228826270e+07
2.475936238021046296e+07
2.486118303541778773e+07
2.496342900321241096e+07
2.506610221868686751e+07
2.516920462677988037e+07
2.527273818233295158e+07
2.537670485014702752e+07
2.548110660503958911e+07
2.558594543190215155e+07
2.569122332575808093e+07
2.579694229182082415e+07
2.590310434555242211e+07
2.600971151272252575e+07
2.611676582946760952e+07
2.622426934235076979e+07
2.633222410842171684e+07
2.644063219527728856e+07
2.654949568112219498e+07
2.665881665483038127e+07
2.676859721600651368e+07
2.687883947504808381e+07
2.698954555320770293e+07
2.710071758265605196e+07
2.721235770654486120e+07
2.732446807907074317e+07
2.743705086553908885e+07
2.755010824242849648e+07
2.766364239745556563e+07
2.777765552964029834e+07
2.789214984937147424e+07
2.800712757847297937e+07
2.812259095027027652e+07
2.823854220965722576e+07
2.835498361316352338e+07
2.847191742902251333e+07
2.858934593723928556e+07
2.870727142965952307e+07
2.882569621003838629e+07
2.894462259411032125e+07
2.906405290965881199e+07
2.918398949658696726e+07
2.930443470698831603e+07
2.942539090521830693e+07
2.954686046796594560e+07
2.966884578432621062e+07
2.979134925587265193e+07
2.991437329673073441e+07
3.003792033365139365e+07
3.016199280608532578e+07
3.028659316625742614e+07
3.041172387924211100e+07
3.053738742303882912e+07
3.066358628864809498e+07
3.079032298014805838e+07
3.091760001477169991e+07
3.104541992298432067e+07
3.117378524856160581e+07
3.130269854866816849e+07
3.143216239393671229e+07
3.156217936854762211e+07
3.169275207030902803e+07
3.182388311073742807e+07
3.195557511513895169e+07
3.208783072269082069e+07
3.222065258652384579e+07
3.235404337380496785e+07
3.248800576582055539e+07
3.262254245806037635e+07
3.275765616030176729e+07
3.289334959669464827e+07
3.302962550584703684e+07
3.316648664091094583e+07
3.330393576966919005e+07
3.344197567462221533e+07
3.358060915307601541e+07
3.371983901723047346e+07
3.385966809426809847e+07
3.400009922644342482e+07
3.414113527117328346e+07
3.428277910112708062e+07
3.442503360431834310e+07
3.456790168419620395e+07
3.471138625973804295e+07
3.485549026554235071e+07
3.500021665192250162e+07
3.514556838500068337e+07
3.529154844680305570e+07
3.543815983535504341e+07
3.558540556477747858e+07
3.573328866538324952e+07
3.588181218377476186e+07
3.603097918294186145e+07
3.618079274236042798e+07
3.633125595809175819e+07
3.648237194288245589e+07
3.663414382626495510e+07
3.678657475465884060e+07
3.693966789147273451e+07
3.709342641720686853e+07
3.724785352955643833e+07
3.740295244351539016e+07
3.755872639148107916e+07
3.771517862335970998e+07
3.787231240667224675e+07
3.803013102666100115e+07
3.818863778639725596e+07
3.834783600688920915e+07
3.850772902719095349e+07
3.866832020451188833e+07
3.882961291432700306e+07
3.899161055048798770e+07
3.915431652533481270e+07
3.931773426980828494e+07
3.948186723356322199e+07
3.964671888508245349e+07
3.981229271179148555e+07
3.997859222017399967e+07
4.014562093588813394e+07
4.031338240388339758e+07
4.048188018851847947e+07
4.065111787367992103e+07
4.082109906290125847e+07
4.099182737948337942e+07
4.116330646661512554e+07
4.133553998749564588e+07
4.150853162545627356e+07
4.168228508408426493e+07
4.185680408734691888e+07
4.203209237971644849e+07
4.220815372629602998e+07
4.238499191294629127e+07
4.256261074641294032e+07
4.274101405445507169e+07
4.292020568597446382e+07
4.310018951114547998e+07
4.328096942154627293e+07
4.346254933029036969e+07
4.364493317215953767e+07
