0.000000000000000000e+00	0.000000000000000000e+00	0.000000000000000000e+00
5.117433131613482544e+01	1.892500673383989279e-04	2.547512289302550359e-02
1.026596961449769765e+02	3.797453371661528706e-04	2.544139433020360663e-02
1.544610947551744289e+02	5.714099227463251404e-04	2.540899336029607200e-02
2.065835149224688507e+02	7.642622788712243260e-04	2.537789556519365677e-02
2.590319330547459344e+02	9.583208182700321629e-04	2.534807712542827204e-02
3.118113152935293897e+02	1.153603915684375770e-03	2.531951480450108163e-02
3.649266185926499588e+02	1.350129911859441513e-03	2.529218593364689766e-02
4.183827917747445326e+02	1.547917117453066586e-03	2.526606839702124491e-02
4.721847765663088126e+02	1.746983816865467325e-03	2.524114061729949843e-02
5.263375086119131083e+02	1.947348271991881713e-03	2.521738154167472989e-02
5.808459184682390060e+02	2.149028725900535737e-03	2.519477062824308083e-02
6.357149325785333076e+02	2.352043406438164650e-03	2.517328783276646942e-02
6.909494742281501658e+02	2.556410529765549416e-03	2.515291359580007838e-02
7.465544644816211530e+02	2.762148303824707440e-03	2.513362883017473959e-02
8.025348231019781906e+02	2.969274931740428346e-03	2.511541490882587477e-02
8.588954694527778884e+02	3.177808615157785670e-03	2.509825365295565228e-02
9.156413233833973209e+02	3.387767557517767057e-03	2.508212732052082783e-02
9.727773060981030540e+02	3.599169967272859618e-03	2.506701859503767185e-02
1.030308341009430933e+03	3.812034061044579716e-03	2.505291057469336349e-02
1.088239354576328196e+03	4.026378066724631624e-03	2.503978676175414031e-02
1.146575277127564732e+03	4.242220226521552055e-03	2.502763105226544355e-02
1.205321043670849122e+03	4.459578799954466884e-03	2.501642772603161757e-02
1.264481594688147197e+03	4.678472066795796684e-03	2.500616143687027851e-02
1.324061876917581003e+03	4.898918329964302779e-03	2.499681720313097141e-02
1.384066844122376779e+03	5.120935918370222821e-03	2.498838039847266906e-02
1.444501457847236679e+03	5.344543189713868957e-03	2.498083674289191397e-02
1.505370688162608076e+03	5.569758533239441492e-03	2.497417229399315902e-02
1.566679514397184676e+03	5.796600372445308812e-03	2.496837343849779220e-02
1.628432925859011448e+03	6.025087167752117036e-03	2.496342688398131907e-02
1.690635922545574886e+03	6.255237419130138879e-03	2.495931965083479295e-02
1.753293515843302657e+03	6.487069668687449851e-03	2.495603906444261721e-02
1.816410729216708432e+03	6.720602503219771408e-03	2.495357274757187618e-02
1.879992598887637541e+03	6.955854556723712299e-03	2.495190861296615187e-02
1.944044174504855846e+03	7.192844512874250334e-03	2.495103485613871935e-02
2.008570519804345849e+03	7.431591107467854472e-03	2.495093994835888632e-02
2.073576713260624274e+03	7.672113130832374818e-03	2.495161262982657779e-02
2.139067848729377602e+03	7.914429430204806409e-03	2.495304190303071143e-02
2.205049036081699342e+03	8.158558912077987571e-03	2.495521702628257857e-02
2.271525401830273495e+03	8.404520544517481845e-03	2.495812750742498407e-02
2.338502089747707032e+03	8.652333359449445802e-03	2.496176309770716320e-02
2.405984261477376094e+03	8.902016454920743879e-03	2.496611378582330384e-02
2.473977097136907105e+03	9.153588997331867094e-03	2.497116979210995194e-02
2.542485795914737992e+03	9.407070223644202131e-03	2.497692156289680818e-02
2.611515576659890939e+03	9.662479443562221534e-03	2.498335976500810907e-02
2.681071678465249988e+03	9.919836041691608083e-03	2.499047528040894417e-02
2.751159361244512638e+03	1.017915947967399856e-02	2.499825920099396290e-02
2.821783906303154708e+03	1.044046929829954562e-02	2.500670282351224322e-02
2.892950616903557602e+03	1.070378511959793090e-02	2.501579764462780534e-02
2.964664818824645863e+03	1.096912664890900037e-02	2.502553535610847410e-02
3.036931860915901780e+03	1.123651367693265062e-02	2.503590784014275011e-02
3.109757115646522379e+03	1.150596608176071046e-02	2.504690716477794843e-02
3.183145979649391393e+03	1.177750383088964174e-02	2.505852557947963952e-02
3.257103874260477824e+03	1.205114698321633690e-02	2.507075551080624118e-02
3.331636246053464220e+03	1.232691569101624328e-02	2.508358955819655137e-02
3.406748567370142609e+03	1.260483020190582802e-02	2.509702048986827555e-02
3.482446336846664963e+03	1.288491086078972538e-02	2.511104123882196629e-02
3.558735079935586327e+03	1.316717811179229751e-02	2.512564489895045827e-02
3.635620349424329106e+03	1.345165250017596632e-02	2.514082472124778631e-02
3.713107725949761971e+03	1.373835467424514359e-02	2.515657411011814476e-02
3.791202818509488679e+03	1.402730538723803017e-02	2.517288661977867131e-02
3.869911264969561671e+03	1.431852549920514459e-02	2.518975595075688412e-02
3.949238732569293006e+03	1.461203597887713104e-02	2.520717594647741561e-02
4.029190918422880259e+03	1.490785790552080076e-02	2.522514058993768557e-02
4.109773550018246169e+03	1.520601247078480663e-02	2.524364400046763893e-02
4.190992385713069780e+03	1.550652098053500669e-02	2.526268043057466536e-02
4.272853215228454246e+03	1.580940485668099263e-02	2.528224426286826074e-02
4.355361860139826604e+03	1.611468563899246670e-02	2.530233000706397922e-02
4.438524174365982617e+03	1.642238498690868839e-02	2.532293229706313042e-02
4.522346044655516380e+03	1.673252468133826915e-02	2.534404588810885636e-02
4.606833391071567348e+03	1.704512662645275498e-02	2.536566565401271456e-02
4.691992167474631970e+03	1.736021285147300308e-02	2.538778658445340827e-02
4.777828362003381699e+03	1.767780551244823792e-02	2.541040378234292116e-02
4.864347997554048561e+03	1.799792689402978860e-02	2.543351246126117002e-02
4.951557132258270940e+03	1.832059941123907049e-02	2.545710794295366272e-02
5.039461859959409594e+03	1.864584561123002956e-02	2.548118565489386825e-02
5.128068310687706798e+03	1.897368817504716670e-02	2.550574112790704798e-02
5.217382651134154003e+03	1.930414991937889554e-02	2.553076999385289758e-02
5.307411085123317207e+03	1.963725379830697990e-02	2.555626798336812014e-02
5.398159854085274674e+03	1.997302290505269945e-02	2.558223092366425366e-02
5.489635237526589663e+03	2.031148047371945584e-02	2.560865473638204021e-02
5.581843553500618327e+03	2.065264988103292579e-02	2.563553543549857913e-02
5.674791159077010889e+03	2.099655464807820976e-02	2.566286912528736516e-02
5.768484450810930866e+03	2.134321844203591889e-02	2.569065199832889015e-02
5.862929865211470315e+03	2.169266507791535112e-02	2.571888033357113204e-02
5.958133879210079613e+03	2.204491852028766380e-02	2.574755049443826216e-02
6.054103010628250559e+03	2.240000288501628120e-02	2.577665892698627337e-02
6.150843818645490501e+03	2.275794244098845037e-02	2.580620215810440488e-02
6.248362904267080012e+03	2.311876161184589842e-02	2.583617679376075740e-02
6.346666910791590453e+03	2.348248497771466062e-02	2.586657951729181767e-02
6.445762524278583442e+03	2.384913727693557459e-02	2.589740708773442465e-02
6.545656474016768698e+03	2.421874340779646764e-02	2.592865633819762747e-02
6.646355532992033659e+03	2.459132843026383408e-02	2.596032417427555916e-02
6.747866518355971493e+03	2.496691756771643803e-02	2.599240757249894271e-02
6.850196291894790193e+03	2.534553620868024507e-02	2.602490357882529873e-02
6.953351760498801923e+03	2.572720990856552925e-02	2.605780930716470462e-02
7.057339876632322557e+03	2.611196439140551009e-02	2.609112193794256226e-02
7.162167638804195121e+03	2.649982555159728984e-02	2.612483871669718169e-02
7.267842092039332783e+03	2.689081945564656198e-02	2.615895695271134441e-02
7.374370328350591080e+03	2.728497234391352722e-02	2.619347401767784314e-02
7.481759487211976193e+03	2.768231063236376022e-02	2.622838734439592728e-02
7.590016756032347985e+03	2.808286091432092568e-02	2.626369442550098576e-02
7.699149370630449084e+03	2.848664996222437240e-02	2.629939281222350503e-02
7.809164615710857106e+03	2.889370472939015860e-02	2.633548011317899881e-02
7.920069825340958232e+03	2.930405235177585901e-02	2.637195399318685227e-02
8.031872383429461479e+03	2.971772014975104098e-02	2.640881217211761903e-02
8.144579724205753337e+03	3.013473562987089432e-02	2.644605242376685608e-02
8.258199332701025924e+03	3.055512648665640457e-02	2.648367257475777933e-02
8.372738745230426503e+03	3.097892060437829401e-02	2.652167050346879856e-02
8.488205549876614896e+03	3.140614605884618077e-02	2.656004413898789898e-02
8.604607386975736517e+03	3.183683111920668912e-02	2.659879146009043460e-02
8.721951949603289904e+03	3.227100424974115728e-02	2.663791049424212368e-02
8.840246984063416676e+03	3.270869411167595664e-02	2.667739931662655578e-02
8.959500290378551654e+03	3.314992956499428212e-02	2.671725604919316169e-02
9.079719722781755991e+03	3.359473967025770891e-02	2.675747885973104451e-02
9.200913190210276298e+03	3.404315369043239142e-02	2.679806596096213217e-02
9.323088656801117395e+03	3.449520109272267293e-02	2.683901560965678071e-02
9.446254142388832406e+03	3.495091155041287617e-02	2.688032610577044401e-02
9.570417723004637082e+03	3.541031494471409691e-02	2.692199579159954698e-02
9.695587531378414496e+03	3.587344136662153765e-02	2.696402305095879637e-02
9.821771757442122180e+03	3.634032111877714966e-02	2.700640630837574871e-02
9.948978648835749482e+03	3.681098471734166322e-02	2.704914402830633710e-02
1.007721651141491930e+04	3.728546289387271728e-02	2.709223471436675301e-02
1.020649370976182399e+04	3.776378659721529862e-02	2.713567690858530515e-02
1.033681866769719090e+04	3.824598699539603908e-02	2.717946919066925940e-02
1.046819986879561293e+04	3.873209547752990561e-02	2.722361017729039989e-02
1.060064585690243803e+04	3.922214365573270523e-02	2.726809852138694160e-02
1.073416523665403838e+04	3.971616336704607980e-02	2.731293291148139887e-02
1.086876667399959297e+04	4.021418667536805908e-02	2.735811207101376125e-02
1.100445889672624617e+04	4.071624587339620766e-02	2.740363475769039617e-02
1.114125069498648736e+04	4.122237348457886974e-02	2.744949976284867185e-02
1.127915092182837179e+04	4.173260226507698872e-02	2.749570591083487156e-02
1.141816849372786055e+04	4.224696520573378161e-02	2.754225205839685997e-02
1.155831239112509866e+04	4.276549553405897125e-02	2.758913709409126919e-02
1.169959165896212653e+04	4.328822671621829210e-02	2.763635993770359109e-02
1.184201540722438949e+04	4.381519245903701953e-02	2.768391953968123848e-02
1.198559281148485388e+04	4.434642671201331071e-02	2.773181488058071298e-02
1.213033311345094990e+04	4.488196366934179421e-02	2.778004497052552826e-02
1.227624562151461578e+04	4.542183777194878230e-02	2.782860884867841694e-02
1.242333971130545615e+04	4.596608370953887690e-02	2.787750558272364398e-02
1.257162482624678887e+04	4.651473642265244873e-02	2.792673426836303138e-02
1.272111047811507160e+04	4.706783110473541226e-02	2.797629402882079869e-02
1.287180624760218234e+04	4.762540320421968648e-02	2.802618401436247908e-02
1.302372178488113423e+04	4.818748842661637471e-02	2.807640340182191926e-02
1.317686681017518094e+04	4.875412273662137197e-02	2.812695139414100529e-02
1.333125111432974154e+04	4.932534236023156798e-02	2.817782721991849912e-02
1.348688455938833795e+04	4.990118378687573991e-02	2.822903013296928360e-02
1.364377707917143016e+04	5.048168377155625580e-02	2.828055941189391159e-02
1.380193867985878205e+04	5.106687933700383708e-02	2.833241435965658944e-02
1.396137944057571622e+04	5.165680777584667760e-02	2.838459430317443605e-02
1.412210951398230645e+04	5.225150665279049145e-02	2.843709859291380926e-02
1.428413912686655203e+04	5.285101380681316019e-02	2.848992660249661385e-02
1.444747858074093529e+04	5.345536735337209217e-02	2.854307772831618517e-02
1.461213825244288819e+04	5.406460568662586202e-02	2.859655138915933800e-02
1.477812859473893695e+04	5.467876748166961010e-02	2.865034702583942397e-02
1.494546013693220266e+04	5.529789169678269584e-02	2.870446410083549171e-02
1.511414348547432382e+04	5.592201757569292137e-02	2.875890209794032537e-02
1.528418932458076233e+04	5.655118464985303683e-02	2.881366052191623381e-02
1.545560841685016203e+04	5.718543274073244892e-02	2.886873889815764344e-02
1.562841160388768367e+04	5.782480196212352180e-02	2.892413677236237851e-02
1.580260980693219244e+04	5.846933272246212371e-02	2.897985371020857584e-02
1.597821402748758010e+04	5.911906572716360553e-02	2.903588929703948551e-02
1.615523534795796149e+04	5.977404198097293481e-02	2.909224313755655669e-02
1.633368493228726584e+04	6.043430279033119162e-02	2.914891485551544814e-02
1.651357402660274965e+04	6.109988976575660147e-02	2.920590409343280444e-02
1.669491395986286807e+04	6.177084482424160389e-02	2.926321051229682779e-02
1.687771614450919515e+04	6.244721019166497855e-02	2.932083379128471584e-02
1.706199207712256248e+04	6.312902840521951442e-02	2.937877362748642432e-02
1.724775333908431639e+04	6.381634231585874006e-02	2.943702973563452549e-02
1.743501159724048921e+04	6.450919509075421499e-02	2.949560184783975997e-02
1.762377860457151110e+04	6.520763021577355434e-02	2.955448971333191760e-02
1.781406620086696421e+04	6.591169149797700133e-02	2.961369309820652967e-02
1.800588631340219945e+04	6.662142306812088299e-02	2.967321178517699429e-02
1.819925095762276032e+04	6.733686938318997339e-02	2.973304557333285650e-02
1.839417223783147710e+04	6.805807522893969619e-02	2.979319427790204713e-02
1.859066234787994836e+04	6.878508572245467523e-02	2.985365773001781922e-02
1.878873357186641806e+04	6.951794631473076636e-02	2.991443577649294944e-02
1.898839828483664314e+04	7.025670279326842738e-02	2.997552827959637164e-02
1.918966895349036349e+04	7.100140128468643286e-02	3.003693511683560441e-02
1.939255813689268689e+04	7.175208825735417129e-02	3.009865618074429247e-02
1.959707848718923196e+04	7.250881052403757021e-02	3.016069137867291930e-02
1.980324275032849982e+04	7.327161524457183328e-02	3.022304063258539342e-02
2.001106376678636661e+04	7.404054992854222639e-02	3.028570387885880580e-02
2.022055447229734273e+04	7.481566243798949689e-02	3.034868106808786062e-02
2.043172789859087788e+04	7.559700099013430541e-02	3.041197216489452404e-02
2.064459717413167891e+04	7.638461416011645133e-02	3.047557714773936957e-02
2.085917552486627756e+04	7.717855088375705219e-02	3.053949600873888046e-02
2.107547627497413487e+04	7.797886046033770946e-02	3.060372875348563865e-02
2.129351284762401338e+04	7.878559255539896444e-02	3.066827540087288875e-02
2.151329876573598813e+04	7.959879720355990396e-02	3.073313598292275184e-02
2.173484765274826714e+04	8.041852481135521036e-02	3.079831054461684703e-02
2.195817323339008362e+04	8.124482616009488789e-02	3.086379914373239830e-02
2.218328933445879375e+04	8.207775240873971256e-02	3.092960185068025641e-02
2.241020988560398837e+04	8.291735509680205063e-02	3.099571874834732010e-02
2.263894892011583579e+04	8.376368614726313611e-02	3.106214993194118812e-02
2.286952057571972546e+04	8.461679786951291360e-02	3.112889550883923828e-02
2.310193909537579748e+04	8.547674296230851898e-02	3.119595559844012128e-02
2.333621882808520240e+04	8.634357451675725437e-02	3.126333033201837003e-02
2.357237422970074113e+04	8.721734601931607767e-02	3.133101985258273520e-02
2.381041986374450789e+04	8.809811135481677991e-02	3.139902431473644284e-02
2.405037040223033182e+04	8.898592480950905104e-02	3.146734388454100473e-02
2.429224062649251573e+04	8.988084107412680490e-02	3.153597873938301238e-02
2.453604542802045398e+04	9.078291524697620907e-02	3.160492906784307526e-02
2.478179980929958765e+04	9.169220283704732077e-02	3.167419506956824921e-02
2.502951888465698721e+04	9.260875976714258440e-02	3.174377695514629671e-02
2.527921788111482601e+04	9.353264237703476369e-02	3.181367494598338203e-02
2.553091213924820477e+04	9.446390742664084739e-02	3.188388927418375762e-02
2.578461711405073220e+04	9.540261209922473729e-02	3.195442018243192100e-02
2.604034837580498424e+04	9.634881400461785261e-02	3.202526792387779681e-02
2.629812161095950069e+04	9.730257118246406212e-02	3.209643276202407691e-02
2.655795262301283583e+04	9.826394210549069252e-02	3.216791497061465693e-02
2.681985733340299703e+04	9.923298568279931287e-02	3.223971483352800621e-02
2.708385178240376626e+04	1.002097612631822482e-01	3.231183264466998967e-02
2.734995213002760283e+04	1.011943286384632407e-01	3.238426870787075584e-02
2.761817465693443592e+04	1.021867480468600098e-01	3.245702333678305435e-02
2.788853576534758031e+04	1.031870801763730555e-01	3.253009685478284313e-02
2.816105197997629148e+04	1.041953861681991778e-01	3.260348959487177622e-02
2.843573994894411589e+04	1.052117276201662982e-01	3.267720189958175925e-02
2.871261644472544867e+04	1.062361665901987717e-01	3.275123412088185026e-02
2.899169836508704975e+04	1.072687655998009748e-01	3.282558662008615291e-02
2.927300273403804022e+04	1.083095876375721606e-01	3.290025976776501243e-02
2.955654670278600315e+04	1.093586961627442539e-01	3.297525394365722479e-02
2.984234755069945822e+04	1.104161551087427251e-01	3.305056953658357111e-02
3.013042268627857629e+04	1.114820288867784531e-01	3.312620694436342605e-02
3.042078964813204948e+04	1.125563823894619730e-01	3.320216657373181030e-02
3.071346610596119353e+04	1.136392809944447024e-01	3.327844884025968342e-02
3.100846986155150080e+04	1.147307905680877149e-01	3.335505416827386910e-02
3.130581884977090158e+04	1.158309774691552163e-01	3.343198299078072033e-02
3.160553113957587993e+04	1.169399085525371779e-01	3.350923574938976385e-02
3.190762493502437064e+04	1.180576511729971023e-01	3.358681289424008537e-02
3.221211857629634687e+04	1.191842731889480866e-01	3.366471488392763084e-02
3.251903054072189843e+04	1.203198429662568208e-01	3.374294218543419377e-02
3.282837944381630950e+04	1.214644293820732468e-01	3.382149527405783201e-02
3.314018404032356193e+04	1.226181018286915114e-01	3.390037463334486662e-02
3.345446322526653239e+04	1.237809302174358445e-01	3.397958075502301167e-02
3.377123603500560421e+04	1.249529849825771061e-01	3.405911413893684264e-02
3.409052164830388938e+04	1.261343370852744394e-01	3.413897529298313971e-02
3.441233938740226586e+04	1.273250580175526447e-01	3.421916473304881245e-02
3.473670871910027199e+04	1.285252198063015772e-01	3.429968298294935880e-02
3.506364925584563025e+04	1.297348950173073945e-01	3.438053057436960686e-02
3.539318075683153438e+04	1.309541567593123512e-01	3.446170804680444982e-02
3.572532312910348264e+04	1.321830786881102171e-01	3.454321594750169727e-02
3.606009642867137882e+04	1.334217350106610966e-01	3.462505483140617540e-02
3.639752086163238710e+04	1.346702004892457727e-01	3.470722526110488204e-02
3.673761678530031350e+04	1.359285504456444749e-01	3.478972780677222487e-02
3.708040470934463519e+04	1.371968607653513972e-01	3.487256304611871527e-02
3.742590529693684221e+04	1.384752079018160276e-01	3.495573156433866291e-02
3.777413936590528465e+04	1.397636688807160077e-01	3.503923395406016716e-02
3.812512788989891851e+04	1.410623213042631330e-01	3.512307081529555952e-02
3.847889199956005177e+04	1.423712433555425205e-01	3.520724275539355297e-02
3.883545298370372620e+04	1.436905138028760076e-01	3.529175038899195344e-02
3.919483229050866066e+04	1.450202120042289322e-01	3.537659433797156472e-02
3.955705152871422615e+04	1.463604179116388682e-01	3.546177523141048199e-02
3.992213246882805106e+04	1.477112120756835789e-01	3.554729370554118167e-02
4.029009704434192099e+04	1.490726756499800576e-01	3.563315040370616110e-02
4.066096735295638064e+04	1.504448903957154027e-01	3.571934597631699210e-02
4.103476565781399404e+04	1.518279386862099178e-01	3.580588108081159820e-02
4.141151438874282758e+04	1.532219035115178485e-01	3.589275638161500137e-02
4.179123614350886055e+04	1.546268684830615359e-01	3.597997255009974943e-02
4.217395368907670490e+04	1.560429178382957971e-01	3.606753026454709299e-02
4.255968996287945629e+04	1.574701364454066110e-01	3.615543021010940439e-02
4.294846807410025212e+04	1.589086098080526033e-01	3.624367307877374156e-02
4.334031130496026890e+04	1.603584240701308172e-01	3.633225956932497475e-02
4.373524311201817909e+04	1.618196660205846182e-01	3.642119038731214675e-02
4.413328712747818645e+04	1.632924230982434055e-01	3.651046624501217558e-02
4.453446716050885880e+04	1.647767833967022366e-01	3.660008786139851839e-02
4.493880719857005897e+04	1.662728356692316223e-01	3.669005596210643538e-02
4.534633140875080426e+04	1.677806693337272337e-01	3.678037127940218809e-02
4.575706413911705022e+04	1.693003744776972186e-01	3.687103455215141878e-02
4.617102992006856948e+04	1.708320418632819637e-01	3.696204652578913286e-02
4.658825346570711554e+04	1.723757629323169338e-01	3.705340795228891787e-02
4.700875967521320854e+04	1.739316298114264581e-01	3.714511959013501452e-02
4.743257363423462812e+04	1.754997353171609265e-01	3.723718220429349246e-02
4.785972061628365191e+04	1.770801729611669317e-01	3.732959656618429350e-02
4.829022608414496790e+04	1.786730369553965192e-01	3.742236345365507894e-02
4.872411569129612326e+04	1.802784222173623163e-01	3.751548365095415394e-02
4.916141528333527094e+04	1.818964243754208343e-01	3.760895794870533493e-02
4.960215089942065242e+04	1.835271397740981802e-01	3.770278714388267116e-02
5.004634877372200572e+04	1.851706654794601503e-01	3.779697203978607534e-02
5.049403533688099560e+04	1.868270992845161849e-01	3.789151344601795340e-02
5.094523721748408570e+04	1.884965397146685373e-01	3.798641217845961926e-02
5.139998124354381434e+04	1.901790860331933342e-01	3.808166905924926376e-02
5.185829444399374188e+04	1.918748382467717339e-01	3.817728491675938252e-02
5.232020405019291502e+04	1.935838971110561690e-01	3.827326058557608407e-02
5.278573749744185625e+04	1.953063641362799696e-01	3.836959690647790550e-02
5.325492242650976550e+04	1.970423415929075939e-01	3.846629472641609898e-02
5.372778668517260667e+04	1.987919325173257701e-01	3.856335489849407883e-02
5.420435832976345409e+04	2.005552407175796303e-01	3.866077828194910276e-02
5.468466562673401495e+04	2.023323707791501447e-01	3.875856574213384226e-02
5.516873705422690546e+04	2.041234280707721338e-01	3.885671815049755728e-02
5.565660130366053636e+04	2.059285187502975234e-01	3.895523638456915849e-02
5.614828728132580727e+04	2.077477497706036735e-01	3.905412132794013752e-02
5.664382410999332933e+04	2.095812288855398997e-01	3.915337387024773325e-02
5.714324113053396286e+04	2.114290646559233988e-01	3.925299490715947887e-02
5.764656790355072008e+04	2.132913664555772804e-01	3.935298534035711754e-02
5.815383421102314605e+04	2.151682444774148106e-01	3.945334607752187805e-02
5.866507005796306476e+04	2.170598097395655124e-01	3.955407803232027092e-02
5.918030567408384377e+04	2.189661740915516686e-01	3.965518212438873952e-02
5.969957151548094407e+04	2.208874502205060986e-01	3.975665927932155869e-02
6.022289826632491895e+04	2.228237516574363419e-01	3.985851042865697080e-02
6.075031684056805534e+04	2.247751927835391628e-01	3.996073650986367576e-02
6.128185838366278040e+04	2.267418888365586860e-01	4.006333846632990914e-02
6.181755427429256815e+04	2.287239559171906633e-01	4.016631724735048731e-02
6.235743612611696881e+04	2.307215109955391141e-01	4.026967380811589253e-02
6.290153578952707176e+04	2.327346719176114909e-01	4.037340910970121238e-02
6.344988535341776151e+04	2.347635574118759616e-01	4.047752411905512077e-02
6.400251714696917770e+04	2.368082870958529151e-01	4.058201980899001082e-02
6.455946374144458241e+04	2.388689814827668623e-01	4.068689715817209313e-02
6.512075795199927234e+04	2.409457619882394430e-01	4.079215715111172980e-02
6.568643283950346813e+04	2.430387509370343646e-01	4.089780077815510090e-02
6.625652171238015580e+04	2.451480715698569346e-01	4.100382903547439284e-02
6.683105812845473702e+04	2.472738480501979197e-01	4.111024292506054723e-02
6.741007589681993704e+04	2.494162054712339149e-01	4.121704345471497583e-02
6.799360907971215784e+04	2.515752698627696238e-01	4.132423163804168492e-02
6.858169199440529337e+04	2.537511681982447254e-01	4.143180849444050989e-02
6.917435921511429478e+04	2.559440284017775458e-01	4.153977504910018326e-02
6.977164557491759479e+04	2.581539793552775630e-01	4.164813233299179129e-02
7.037358616768998036e+04	2.603811509055971585e-01	4.175688138286270945e-02
7.098021635005254939e+04	2.626256738717466233e-01	4.186602324123056551e-02
7.159157174333311559e+04	2.648876800521472452e-01	4.197555895637777174e-02
7.220768823554686969e+04	2.671673022319600022e-01	4.208548958234716031e-02
7.282860198338748887e+04	2.694646741904527243e-01	4.219581617893608527e-02
7.345434941423404962e+04	2.717799307084252103e-01	4.230653981169271716e-02
7.408496722817301634e+04	2.741132075756910758e-01	4.241766155191140780e-02
7.472049240003674640e+04	2.764646415986198313e-01	4.252918247662894335e-02
7.536096218145384046e+04	2.788343706077233142e-01	4.264110366862113033e-02
7.600641410291714419e+04	2.812225334653074005e-01	4.275342621639964535e-02
7.665688597586599644e+04	2.836292700731756766e-01	4.286615121420877389e-02
7.731241589478690003e+04	2.860547213804027766e-01	4.297927976202306488e-02
7.797304223932434979e+04	2.884990293911438575e-01	4.309281296554474949e-02
7.863880367641123303e+04	2.909623371725170715e-01	4.320675193620165944e-02
7.930973916241568804e+04	2.934447888625470457e-01	4.332109779114597797e-02
7.998588794529963343e+04	2.959465296781515486e-01	4.343585165325207498e-02
8.066728956679823750e+04	2.984677059232050955e-01	4.355101465111563958e-02
8.135398386461274640e+04	3.010084649966527359e-01	4.366658791905255604e-02
8.204601097462092002e+04	3.035689554006885671e-01	4.378257259709873034e-02
8.274341133310076839e+04	3.061493267489833192e-01	4.389896983100828598e-02
8.344622567897617409e+04	3.087497297749934311e-01	4.401578077225563879e-02
8.415449505607465107e+04	3.113703163403145346e-01	4.413300657803373439e-02
8.486826081540467567e+04	3.140112394431076037e-01	4.425064841125558174e-02
8.558756461744607077e+04	3.166726532265732863e-01	4.436870744055446819e-02
8.631244843446422601e+04	3.193547129875146107e-01	4.448718484028420933e-02
8.704295455283384945e+04	3.220575751849347745e-01	4.460608179052160532e-02
8.777912557538328110e+04	3.247813974487109290e-01	4.472539947706677399e-02
8.852100442376032879e+04	3.275263385883480094e-01	4.484513909144565574e-02
8.926863434080920706e+04	3.302925586017731452e-01	4.496530183091108218e-02
9.002205889296589885e+04	3.330802186841986257e-01	4.508588889844474673e-02
9.078132197267634911e+04	3.358894812370690763e-01	4.520690150276095859e-02
9.154646780082797341e+04	3.387205098770581513e-01	4.532834085830764193e-02
9.231754092920124822e+04	3.415734694451390552e-01	4.545020818526992329e-02
9.309458624293749745e+04	3.444485260157156281e-01	4.557250470957294186e-02
9.387764896302773559e+04	3.473458469058311460e-01	4.569523166288581850e-02
9.466677464881887136e+04	3.502656006844408476e-01	4.581839028262347374e-02
9.546200920053727168e+04	3.532079571817491881e-01	4.594198181195268543e-02
9.626339886183368799e+04	3.561730874986264728e-01	4.606600749979357368e-02
9.707099022234347649e+04	3.591611640160809471e-01	4.619046860082586664e-02
9.788483022026893741e+04	3.621723604048137646e-01	4.631536637549105162e-02
9.870496614498244890e+04	3.652068516348507821e-01	4.644070208999928617e-02
9.953144563964192639e+04	3.682648139852193747e-01	4.656647701633283287e-02
1.003643167038323154e+05	3.713464250537218403e-01	4.669269243225041000e-02
1.012036276962245611e+05	3.744518637667741401e-01	4.681934962129433858e-02
1.020494273372561729e+05	3.775813103893230771e-01	4.694644987279467802e-02
1.029017647118248133e+05	3.807349465348132678e-01	4.707399448187454816e-02
1.037606892720106262e+05	3.839129551752595293e-01	4.720198474945634659e-02
1.046262508398161008e+05	3.871155206513842706e-01	4.733042198226745934e-02
1.054984996099229174e+05	3.903428286828174443e-01	4.745930749284746342e-02
1.063774861524717417e+05	3.935950663783823744e-01	4.758864259955362941e-02
1.072632614158646466e+05	3.968724222464644624e-01	4.771842862656666684e-02
1.081558767295835860e+05	4.001750862054392899e-01	4.784866690389875249e-02
1.090553838070358615e+05	4.035032495942009190e-01	4.797935876740055255e-02
1.099618347484137921e+05	4.068571051827427065e-01	4.811050555876773827e-02
1.108752820435824542e+05	4.102368471828419239e-01	4.824210862554810519e-02
1.117957785749825125e+05	4.136426712588001098e-01	4.837416932114940726e-02
1.127233776205627946e+05	4.170747745382933358e-01	4.850668900484768342e-02
1.136581328567226446e+05	4.205333556232594971e-01	4.863966904179370387e-02
1.146000983612902055e+05	4.240186146009171653e-01	4.877311080302196983e-02
1.155493286165116006e+05	4.275307530548261847e-01	4.890701566545900547e-02
1.165058785120674875e+05	4.310699740760483012e-01	4.904138501193047034e-02
1.174698033481122839e+05	4.346364822743927769e-01	4.917622023117165786e-02
1.184411588383324997e+05	4.382304837897317285e-01	4.931152271783473262e-02
1.194200011130323546e+05	4.418521863034171604e-01	4.944729387249831298e-02
1.204063867222391855e+05	4.455017990497708857e-01	4.958353510167579775e-02
1.214003726388334762e+05	4.491795328276654842e-01	4.972024781782628799e-02
1.224020162617003225e+05	4.528856000121848635e-01	4.985743343936115818e-02
1.234113754189054016e+05	4.566202145663749712e-01	4.999509339065652536e-02
1.244285083708966413e+05	4.603835920530903181e-01	5.013322910206058358e-02
1.254534738137261738e+05	4.641759496469148871e-01	5.027184200990594820e-02
1.264863308822979598e+05	4.679975061461784103e-01	5.041093355651748292e-02
1.275271391536392912e+05	4.718484819850611856e-01	5.055050519022317307e-02
1.285759586501975573e+05	4.757290992457910983e-01	5.069055836536542209e-02
1.296328498431599146e+05	4.796395816709275173e-01	5.083109454231041213e-02
1.306978736557983502e+05	4.835801546757372837e-01	5.097211518745973363e-02
1.317710914668407058e+05	4.875510453606679007e-01	5.111362177325975281e-02
1.328525651138639660e+05	4.915524825239018791e-01	5.125561577821392129e-02
1.339423568967143074e+05	4.955846966740118931e-01	5.139809868689367012e-02
1.350405295809558302e+05	4.996479200427201284e-01	5.154107198994961614e-02
1.361471464013399382e+05	5.037423865977359583e-01	5.168453718412317072e-02
1.372622710653004469e+05	5.078683320556863778e-01	5.182849577225693422e-02
1.383859677564805024e+05	5.120259938951670087e-01	5.197294926330855297e-02
1.395183011382787954e+05	5.162156113698620485e-01	5.211789917236112762e-02
1.406593363574294781e+05	5.204374255217902867e-01	5.226334702063509252e-02
1.418091390475969529e+05	5.246916791946061309e-01	5.240929433550159389e-02
1.429677753330119594e+05	5.289786170470520688e-01	5.255574265049349492e-02
1.441353118321244256e+05	5.332984855664752999e-01	5.270269350531872621e-02
1.453118156612881285e+05	5.376515330824604977e-01	5.285014844587272720e-02
1.464973544384689885e+05	5.420380097805496122e-01	5.299810902425079739e-02
1.476919962869867450e+05	5.464581677160875728e-01	5.314657679876175905e-02
1.488958098392763641e+05	5.509122608281383782e-01	5.329555333393980882e-02
1.501088642406865547e+05	5.554005449535400762e-01	5.344504020055973470e-02
1.513312291532997624e+05	5.599232778410376810e-01	5.359503897564771302e-02
1.525629747597819951e+05	5.644807191655293321e-01	5.374555124249685151e-02
1.538041717672623636e+05	5.690731305424184816e-01	5.389657859067883278e-02
1.550548914112433849e+05	5.737007755420834298e-01	5.404812261606023460e-02
1.563152054595352383e+05	5.783639197044333491e-01	5.420018492081351419e-02
1.575851862162249163e+05	5.830628305535944245e-01	5.435276711343380723e-02
1.588649065256687172e+05	5.877977776126818155e-01	5.450587080875044649e-02
1.601544397765193717e+05	5.925690324186999591e-01	5.465949762794317796e-02
1.614538599057841639e+05	5.973768685375573373e-01	5.481364919855528234e-02
1.627632414029057254e+05	6.022215615791658427e-01	5.496832715450886836e-02
1.640826593138820026e+05	6.071033892126848075e-01	5.512353313611984690e-02
1.654121892454102926e+05	6.120226311818527387e-01	5.527926879011238470e-02
1.667519073690663208e+05	6.169795693204510600e-01	5.543553576963228258e-02
1.681018904255123634e+05	6.219744875678735463e-01	5.559233573426534958e-02
1.694622157287380251e+05	6.270076719848171054e-01	5.574967035004897015e-02
1.708329611703284609e+05	6.320794107690740349e-01	5.590754128949073504e-02
1.722142052237715397e+05	6.371899942714693843e-01	5.606595023158188196e-02
1.736060269487888145e+05	6.423397150118838050e-01	5.622489886181303298e-02
1.750085059957070625e+05	6.475288676954301659e-01	5.638438887219016094e-02
1.764217226098532847e+05	6.527577492287133243e-01	5.654442196125101378e-02
1.778457576359939703e+05	6.580266587362563202e-01	5.670499983408039402e-02
1.792806925227915344e+05	6.633358975769882981e-01	5.686612420232634718e-02
1.807266093273102306e+05	6.686857693609179476e-01	5.702779678421641962e-02
1.821835907195460168e+05	6.740765799658917645e-01	5.719001930457450616e-02
1.836517199869929464e+05	6.795086375544913126e-01	5.735279349483674710e-02
1.851310810392398562e+05	6.849822525910399529e-01	5.751612109306743215e-02
1.866217584126058791e+05	6.904977378587549008e-01	5.768000384397775626e-02
1.881238372748127731e+05	6.960554084770339545e-01	5.784444349894105747e-02
1.896374034296824539e+05	7.016555819188373677e-01	5.800944181600985877e-02
1.911625433218792314e+05	7.072985780282329271e-01	5.817500055993361785e-02
1.926993440416783851e+05	7.129847190380403932e-01	5.834112150217530407e-02
1.942478933297800249e+05	7.187143295876425864e-01	5.850780642092930084e-02
1.958082795821497857e+05	7.244877367408953939e-01	5.867505710113906509e-02
1.973805918549012567e+05	7.303052700041934298e-01	5.884287533451413449e-02
1.989649198692136561e+05	7.361672613446648139e-01	5.901126291954721104e-02
2.005613540162823920e+05	7.420740452084880756e-01	5.918022166153335401e-02
2.021699853623103409e+05	7.480259585393611577e-01	5.934975337258675820e-02
2.037909056535362324e+05	7.540233407971042023e-01	5.951985987166037717e-02
2.054242073212997639e+05	7.600665339764017814e-01	5.969054298456282631e-02
2.070699834871432395e+05	7.661558826256792409e-01	5.986180454397631995e-02
2.087283279679496482e+05	7.722917338661120512e-01	6.003364638947628756e-02
2.103993352811238728e+05	7.784744374107979148e-01	6.020607036754900554e-02
2.120831006498085335e+05	7.847043455840537751e-01	6.037907833161147014e-02
2.137797200081394694e+05	7.909818133408622609e-01	6.055267214202893905e-02
2.154892900065438298e+05	7.973071982864732288e-01	6.072685366613379820e-02
2.172119080170686066e+05	8.036808606961213242e-01	6.090162477824559439e-02
2.189476721387582948e+05	8.101031635349208448e-01	6.107698735968956211e-02
2.206966812030687870e+05	8.165744724778986052e-01	6.125294329881572630e-02
2.224590347793195106e+05	8.230951559301664666e-01	6.142949449101885867e-02
2.242348331801891909e+05	8.296655850472552940e-01	6.160664283875730979e-02
2.260241774672530883e+05	8.362861337556029007e-01	6.178439025157335396e-02
2.278271694565558573e+05	8.429571787731738874e-01	6.196273864611177851e-02
2.296439117242307984e+05	8.496790996302496790e-01	6.214168994614124863e-02
2.314745076121627062e+05	8.564522786903822071e-01	6.232124608257300080e-02
2.333190612336869526e+05	8.632771011714801546e-01	6.250140899348141654e-02
2.351776774793331570e+05	8.701539551670595118e-01	6.268218062412404812e-02
2.370504620226148400e+05	8.770832316676671070e-01	6.286356292696292092e-02
2.389375213258590084e+05	8.840653245824472428e-01	6.304555786168278275e-02
2.408389626460750296e+05	8.911006307608596577e-01	6.322816739521414098e-02
2.427548940408787748e+05	8.981895500145959943e-01	6.341139350175249711e-02
2.446854243744503765e+05	9.053324851396254980e-01	6.359523816277834474e-02
2.466306633235366608e+05	9.125298419384022530e-01	6.377970336708112253e-02
2.485907213835050934e+05	9.197820292422659305e-01	6.396479111077613133e-02
2.505657098744377145e+05	9.270894589339887526e-01	6.415050339732923657e-02
2.525557409472722211e+05	9.344525459704973169e-01	6.433684223757617227e-02
2.545609275899869390e+05	9.418717084057571798e-01	6.452380964974405164e-02
2.565813836338326801e+05	9.493473674138305229e-01	6.471140765947344664e-02
2.586172237596110790e+05	9.568799473121059052e-01	6.489963829983917687e-02
2.606685635039993213e+05	9.644698755846997651e-01	6.508850361137320795e-02
2.627355192659216700e+05	9.721175829060303419e-01	6.527800564208541267e-02
2.648182083129751263e+05	9.798235031645942117e-01	6.546814644748537304e-02
2.669167487878837273e+05	9.875880734868449640e-01	6.565892809060587532e-02
2.690312597150219954e+05	9.954117342613311159e-01	6.585035264202290795e-02
2.711618610069822753e+05	1.003294929162995119e+00	6.604242217988028074e-02
2.733086734711778117e+05	1.011238105177604707e+00	6.623513878991035830e-02
2.754718188165122992e+05	1.019241712626429042e+00	6.642850456545675020e-02
2.776514196600877331e+05	1.027306205191059529e+00	6.662252160749798646e-02
2.798475995339602232e+05	1.035432039938404714e+00	6.681719202466854246e-02
2.820604828919600695e+05	1.043619677345924979e+00	6.701251793328341644e-02
2.842901951165501378e+05	1.051869581327008918e+00	6.720850145735993153e-02
2.865368625257364474e+05	1.060182219256541325e+00	6.740514472864171658e-02
2.888006123800336500e+05	1.068558061996676356e+00	6.760244988662093835e-02
2.910815728894830681e+05	1.076997583922804091e+00	6.780041907856262928e-02
2.933798732207175926e+05	1.085501262949689183e+00	6.799905445952664218e-02
2.956956435040881042e+05	1.094069580557841093e+00	6.819835819239346286e-02
2.980290148408294190e+05	1.102703021820025553e+00	6.839833244788494360e-02
3.003801193102939869e+05	1.111402075428030489e+00	6.859897940459108723e-02
3.027490899772255216e+05	1.120167233719578048e+00	6.880030124899166877e-02
3.051360608991047484e+05	1.128998992705503301e+00	6.900230017548106276e-02
3.075411671335272258e+05	1.137897852097052631e+00	6.920497838639297350e-02
3.099645447456511902e+05	1.146864315333440798e+00	6.940833809202395788e-02
3.124063308157048887e+05	1.155898889609627611e+00	6.961238151065719804e-02
3.148666634465334937e+05	1.165002085904241147e+00	6.981711086858856385e-02
3.173456817712063785e+05	1.174174419007725012e+00	7.002252840014959456e-02
3.198435259606995387e+05	1.183416407550763383e+00	7.022863634773315877e-02
3.223603372316106106e+05	1.192728574032825728e+00	7.043543696181789326e-02
3.248962578539429815e+05	1.202111444850968658e+00	7.064293250099296095e-02
3.274514311589510180e+05	1.211565550328862706e+00	7.085112523198444645e-02
3.300260015470268554e+05	1.221091424745973431e+00	7.106001742967815726e-02
3.326201144956721109e+05	1.230689606367057376e+00	7.126961137714711569e-02
3.352339165675091208e+05	1.240360637471801253e+00	7.147990936567459597e-02
3.378675554183533532e+05	1.250105064384692932e+00	7.169091369478244880e-02
3.405211798053482198e+05	1.259923437505118260e+00	7.190262667225444382e-02
3.431949395951757324e+05	1.269816311337739867e+00	7.211505061416376150e-02
3.458889857722971938e+05	1.279784244522989445e+00	7.232818784489684905e-02
3.486034704472881858e+05	1.289827799867905300e+00	7.254204069718138415e-02
3.513385468651985866e+05	1.299947544377065389e+00	7.275661151211126887e-02
3.540943694140153821e+05	1.310144049283899825e+00	7.297190263917233133e-02
3.568710936331609264e+05	1.320417890082132839e+00	7.318791643627027554e-02
3.596688762220629724e+05	1.330769646557492969e+00	7.340465526975553656e-02
3.624878750487847137e+05	1.341199902819644185e+00	7.362212151445088337e-02
3.653282491587240365e+05	1.351709247334372810e+00	7.384031755367760630e-02
3.681901587833792437e+05	1.362298272956020018e+00	7.405924577928198194e-02
3.710737653491646633e+05	1.372967576960099745e+00	7.427890859166352833e-02
3.739792314863164793e+05	1.383717761076250774e+00	7.449930839980058173e-02
3.769067210378444288e+05	1.394549431521356908e+00	7.472044762127751094e-02
3.798563990685549797e+05	1.405463199032933819e+00	7.494232868231319455e-02
3.828284318741502939e+05	1.416459678902793673e+00	7.516495401778726382e-02
3.858229869903789950e+05	1.427539491010903827e+00	7.538832607126828844e-02
3.888402332022729679e+05	1.438703259859562378e+00	7.561244729504058848e-02
3.918803405534357298e+05	1.449951614607765560e+00	7.583732015013280869e-02
3.949434803554156679e+05	1.461285189105887561e+00	7.606294710634531331e-02
3.980298251971391146e+05	1.472704621930584157e+00	7.628933064227830241e-02
4.011395489544106531e+05	1.484210556419943261e+00	7.651647324536019201e-02
4.042728267994954949e+05	1.495803640708937898e+00	7.674437741187509210e-02
4.074298352107630926e+05	1.507484527765110105e+00	7.697304564699262996e-02
4.106107519824079936e+05	1.519253875424537270e+00	7.720248046479326332e-02
4.138157562342390884e+05	1.531112346428049609e+00	7.743268438830100409e-02
4.170450284215434804e+05	1.543060608457730076e+00	7.766365994950882867e-02
4.202987503450262011e+05	1.555099334173688952e+00	7.789540968940954213e-02
4.235771051608229172e+05	1.567229201251111093e+00	7.812793615802336722e-02
4.268802773905751528e+05	1.579450892417535446e+00	7.836124191442780940e-02
4.302084529316042899e+05	1.591765095490496051e+00	7.859532952678613404e-02
4.335618190671377815e+05	1.604172503415360884e+00	7.883020157237799475e-02
4.369405644766296027e+05	1.616673814303517309e+00	7.906586063762702232e-02
4.403448792461373378e+05	1.629269731470766702e+00	7.930230931813180006e-02
4.437749548788009561e+05	1.641960963476095214e+00	7.953955021869513198e-02
4.472309843053788063e+05	1.654748224160658587e+00	7.977758595335328329e-02
4.507131618948726682e+05	1.667632232687091820e+00	8.001641914540674749e-02
4.542216834652238758e+05	1.680613713579087509e+00	8.025605242744952850e-02
4.577567462941040285e+05	1.693693396761320802e+00	8.049648844140004644e-02
4.613185491297667613e+05	1.706872017599598834e+00	8.073772983853065577e-02
4.649072922019939870e+05	1.720150316941364110e+00	8.097977927949863430e-02
4.685231772331127431e+05	1.733529041156455008e+00	8.122263943437707523e-02
4.721664074491113424e+05	1.747008942178235991e+00	8.146631298268394716e-02
4.758371875908126240e+05	1.760590777544938978e+00	8.171080261341436002e-02
4.795357239251543651e+05	1.774275310441399967e+00	8.195611102507098511e-02
4.832622242565401248e+05	1.788063309741056983e+00	8.220224092569584917e-02
4.870168979382821126e+05	1.801955550048289556e+00	8.244919503289935281e-02
4.907999558841161197e+05	1.815952811741021966e+00	8.269697607389409066e-02
4.946116105798187200e+05	1.830055881013709307e+00	8.294558678552442499e-02
4.984520760948993848e+05	1.844265549920595326e+00	8.319502991429929273e-02
5.023215680943835177e+05	1.858582616419311329e+00	8.344530821642272278e-02
5.062203038506847806e+05	1.873007884414803481e+00	8.369642445782635165e-02
5.101485022555579781e+05	1.887542163803557216e+00	8.394838141420124522e-02
5.141063838321540388e+05	1.902186270518202216e+00	8.420118187103001195e-02
5.180941707471469999e+05	1.916941026572380302e+00	8.445482862361804177e-02
5.221120868229719345e+05	1.931807260106026769e+00	8.470932447712792301e-02
5.261603575501316227e+05	1.946785805430905070e+00	8.496467224660934903e-02
5.302392100996192312e+05	1.961877503076568274e+00	8.522087475703338244e-02
5.343488733354058350e+05	1.977083199836566774e+00	8.547793484332391611e-02
5.384895778270473238e+05	1.992403748815089637e+00	8.573585535039243699e-02
5.426615558623630786e+05	2.007840009473878862e+00	8.599463913316912622e-02
5.468650414602268720e+05	2.023392847679552187e+00	8.625428905663556911e-02
5.511002703834318090e+05	2.039063135751206790e+00	8.651480799586058756e-02
5.553674801516789012e+05	2.054851752508472629e+00	8.677619883602932793e-02
5.596669100546344416e+05	2.070759583319830011e+00	8.703846447248199392e-02
5.639988011651128763e+05	2.086787520151380360e+00	8.730160781074344789e-02
5.683633963523166021e+05	2.102936461615837693e+00	8.756563176655828007e-02
5.727609402952182572e+05	2.119207313022039685e+00	8.783053926592453153e-02
5.771916794960203115e+05	2.135600986424749603e+00	8.809633324512756991e-02
5.816558622937133769e+05	2.152118400674823295e+00	8.836301665077364587e-02
5.861537388777456945e+05	2.168760481469781620e+00	8.863059243982632229e-02
5.906855613017753931e+05	2.185528161404699521e+00	8.889906357964010020e-02
5.952515834975569742e+05	2.202422380023580484e+00	8.916843304799020042e-02
5.998520612888968317e+05	2.219444083870994788e+00	8.943870383311595951e-02
6.044872524057317059e+05	2.236594226544169839e+00	8.970987893374764155e-02
6.091574164983041119e+05	2.253873768745436212e+00	8.998196135914655891e-02
6.138628151514551137e+05	2.271283678335113798e+00	9.025495412913669968e-02
6.186037118990134913e+05	2.288824930384750989e+00	9.052886027414173975e-02
6.233803722382794367e+05	2.306498507230711592e+00	9.080368283522108341e-02
6.281930636446458520e+05	2.324305398528276445e+00	9.107942486410366967e-02
6.330420555863063782e+05	2.342246601306061660e+00	9.135608942322331893e-02
6.379276195390761131e+05	2.360323120020855647e+00	9.163367958575689698e-02
6.428500290013283957e+05	2.378535966612883357e+00	9.191219843565626157e-02
6.478095595090250717e+05	2.396886160561421786e+00	9.219164906768956280e-02
6.528064886508942582e+05	2.415374728940950622e+00	9.247203458747262073e-02
6.578410960836970480e+05	2.434002706477648825e+00	9.275335811150617338e-02
6.629136635475845542e+05	2.452771135606204744e+00	9.303562276721516477e-02
6.680244748816228239e+05	2.471681066527266157e+00	9.331883169298187120e-02
6.731738160393880680e+05	2.490733557265138121e+00	9.360298803818548063e-02
6.783619751046934398e+05	2.509929673725975086e+00	9.388809496323578807e-02
6.835892423074531835e+05	2.529270489756473950e+00	9.417415563961213654e-02
6.888559100396229187e+05	2.548757087202855320e+00	9.446117324990177533e-02
6.941622728712795069e+05	2.568390555970359479e+00	9.474915098783402712e-02
6.995086275668465532e+05	2.588171994083280136e+00	9.503809205831964535e-02
7.048952731013849843e+05	2.608102507745236220e+00	9.532799967748836756e-02
7.103225106770518469e+05	2.628183211400075159e+00	9.561887707272499759e-02
7.157906437396765687e+05	2.648415227793198490e+00	9.591072748271090020e-02
7.212999779954092810e+05	2.668799688033165030e+00	9.620355415745701633e-02
7.268508214275696082e+05	2.689337731654028563e+00	9.649736035834581560e-02
7.324434843135742703e+05	2.710030506677972184e+00	9.679214935816841947e-02
7.380782792419845937e+05	2.730879169678379625e+00	9.708792444116091935e-02
7.437555211297144415e+05	2.751884885843510542e+00	9.738468890304745329e-02
7.494755272393285995e+05	2.773048829040497321e+00	9.768244605107392897e-02
7.552386171965034446e+05	2.794372181879956063e+00	9.798119920405166938e-02
7.610451130076025147e+05	2.815856135781010572e+00	9.828095169239117745e-02
7.668953390773683786e+05	2.837501891036755541e+00	9.858170685814592049e-02
7.727896222267688718e+05	2.859310656880284629e+00	9.888346805504832915e-02
7.787282917109676637e+05	2.881283651551183933e+00	9.918623864855308225e-02
7.847116792374231154e+05	2.903422102362495316e+00	9.949002201587002492e-02
7.907401189841328887e+05	2.925727245768222851e+00	9.979482154601275468e-02
7.968139476180039346e+05	2.948200327431300671e+00	1.001006406398300963e-01
8.029335043133661384e+05	2.970842602292094625e+00	1.004074827100512046e-01
8.090991307706098305e+05	2.993655334637356447e+00	1.007153511813236174e-01
8.153111712349751033e+05	3.016639798169750364e+00	1.010242494902568039e-01
8.215699725154920015e+05	3.039797276077926824e+00	1.013341810854566094e-01
8.278758840040283976e+05	3.063129061106999895e+00	1.016451494275715656e-01
8.342292576945085311e+05	3.086636455629659270e+00	1.019571579893305685e-01
8.406304482022605371e+05	3.110320771717749899e+00	1.022702102555845399e-01
8.470798127835139167e+05	3.134183331214417834e+00	1.025843097233487544e-01
8.535777113550307695e+05	3.158225465806744126e+00	1.028994599018419331e-01
8.601245065139057115e+05	3.182448517098998675e+00	1.032156643125283213e-01
8.667205635574873304e+05	3.206853836686359482e+00	1.035329264891598905e-01
8.733662505034677451e+05	3.231442786229235864e+00	1.038512499778192072e-01
8.800619381100955652e+05	3.256216737528058847e+00	1.041706383369572636e-01
8.868079998965752311e+05	3.281177072598757238e+00	1.044910951374386221e-01
8.936048121635902207e+05	3.306325183748696883e+00	1.048126239625839923e-01
9.004527540139914490e+05	3.331662473653220768e+00	1.051352284082098104e-01
9.073522073736293241e+05	3.357190355432734918e+00	1.054589120826737031e-01
9.143035570123485522e+05	3.382910252730383149e+00	1.057836786069141222e-01
9.213071905651396373e+05	3.408823599790311132e+00	1.061095316144958084e-01
9.283634985534495208e+05	3.434931841536511765e+00	1.064364747516522575e-01
9.354728744066337822e+05	3.461236433652201239e+00	1.067645116773257158e-01
9.426357144835895160e+05	3.487738842659859451e+00	1.070936460632154336e-01
9.498524180945322150e+05	3.514440546001803334e+00	1.074238815938170777e-01
9.571233875229522819e+05	3.541343032121426315e+00	1.077552219664672656e-01
9.644490280477319611e+05	3.568447800545031967e+00	1.080876708913903611e-01
9.718297479653806658e+05	3.595756361964099757e+00	1.084212320917365274e-01
9.792659586125254864e+05	3.623270238318506475e+00	1.087559093036304242e-01
9.867580743884879630e+05	3.650990962880054091e+00	1.090917062762138540e-01
9.943065127780549228e+05	3.678920080336724130e+00	1.094286267716899214e-01
1.001911694374436745e+06	3.707059146877623945e+00	1.097666745653683162e-01
1.009574042902381509e+06	3.735409730278506757e+00	1.101058534457097504e-01
1.017293985241441173e+06	3.763973409987855678e+00	1.104461672143706719e-01
1.025071951449460583e+06	3.792751777213795972e+00	1.107876196862474932e-01
1.032908374786183122e+06	3.821746435011432297e+00	1.111302146895232351e-01
1.040803691737071727e+06	3.850958998370988429e+00	1.114739560657122402e-01
1.048758342037287541e+06	3.880391094306524735e+00	1.118188476697039718e-01
1.056772768695876002e+06	3.910044361945432367e+00	1.121648933698140144e-01
1.064847418020073557e+06	3.939920452618360436e+00	1.125120970478223209e-01
1.072982739639867563e+06	3.970021029950092650e+00	1.128604625990265592e-01
1.081179186532682739e+06	4.000347769950884924e+00	1.132099939322830096e-01
1.089437215048272861e+06	4.030902361108563703e+00	1.135606949700560531e-01
1.097757284933808725e+06	4.061686504481354376e+00	1.139125696484610401e-01
1.106139859359124675e+06	4.092701913791286117e+00	1.142656219173163040e-01
1.114585404942170950e+06	4.123950315518372101e+00	1.146198557401869461e-01
1.123094391774666496e+06	4.155433448995524692e+00	1.149752750944304236e-01
1.131667293447913602e+06	4.187153066504062160e+00	1.153318839712458715e-01
1.140304587078796932e+06	4.219110933369912608e+00	1.156896863757218147e-01
1.149006753336053109e+06	4.251308828060802902e+00	1.160486863268837127e-01
1.157774276466635987e+06	4.283748542283824179e+00	1.164088878577388825e-01
1.166607644322343403e+06	4.316431881083928168e+00	1.167702950153281377e-01
1.175507348386597820e+06	4.349360662943038136e+00	1.171329118607715714e-01
1.184473883801467251e+06	4.382536719880012477e+00	1.174967424693173362e-01
1.193507749394876417e+06	4.415961897551326842e+00	1.178617909303903699e-01
1.202609447707982035e+06	4.449638055352367338e+00	1.182280613476403702e-01
1.211779485022805631e+06	4.483567066519666966e+00	1.185955578389918524e-01
1.221018371390040498e+06	4.517750818233793098e+00	1.189642845366916668e-01
1.230326620657072170e+06	4.552191211723021880e+00	1.193342455873590141e-01
1.239704750496204244e+06	4.586890162367773804e+00	1.197054451520333518e-01
1.249153282433090964e+06	4.621849599805816666e+00	1.200778874062264079e-01
1.258672741875406587e+06	4.657071468038335382e+00	1.204515765399701149e-01
1.268263658141696360e+06	4.692557725536683932e+00	1.208265167578655708e-01
1.277926564490439836e+06	4.728310345349924226e+00	1.212027122791353301e-01
1.287661998149370076e+06	4.764331315213294005e+00	1.215801673376724346e-01
1.297470500344971893e+06	4.800622637657367520e+00	1.219588861820905951e-01
1.307352616332201986e+06	4.837186330117998700e+00	1.223388730757752063e-01
1.317308895424470305e+06	4.874024425047272402e+00	1.227201322969350278e-01
1.327339891023779288e+06	4.911138970025002770e+00	1.231026681386490906e-01
1.337446160651128041e+06	4.948532027871240579e+00	1.234864849089242628e-01
1.347628265977171483e+06	4.986205676759700722e+00	1.238715869307406431e-01
1.357886772853027564e+06	5.024162010331760797e+00	1.242579785421066146e-01
1.368222251341365045e+06	5.062403137811472220e+00	1.246456640961100815e-01
1.378635275747749023e+06	5.100931184121548334e+00	1.250346479609667771e-01
1.389126424652145710e+06	5.139748289999927167e+00	1.254249345200791343e-01
1.399696280940712662e+06	5.178856612117396452e+00	1.258165281720815820e-01
1.410345431837830925e+06	5.218258323196108606e+00	1.262094333308961813e-01
1.421074468938322505e+06	5.257955612128792033e+00	1.266036544257871377e-01
1.431883988239987753e+06	5.297950684099130392e+00	1.269991959014095950e-01
1.442774590176308062e+06	5.338245760702769793e+00	1.273960622178645363e-01
1.453746879649427021e+06	5.378843080069343863e+00	1.277942578507544058e-01
1.464801466063377447e+06	5.419744896985413618e+00	1.281937872912298493e-01
1.475938963357545203e+06	5.460953483018284871e+00	1.285946550460511650e-01
1.487159990040392149e+06	5.502471126640783972e+00	1.289968656376371259e-01
1.498465169223424047e+06	5.544300133356935056e+00	1.294004236041199352e-01
1.509855128655402223e+06	5.586442825828542347e+00	1.298053334993992114e-01
1.521330500756834401e+06	5.628901544002811619e+00	1.302115998931984986e-01
1.532891922654697206e+06	5.671678645240816330e+00	1.306192273711161422e-01
1.544540036217411980e+06	5.714776504446912320e+00	1.310282205346836315e-01
1.556275488090105355e+06	5.758197514199196121e+00	1.314385840014166695e-01
1.568098929730144562e+06	5.801944084880992669e+00	1.318503224048759581e-01
1.580011017442864366e+06	5.846018644813040233e+00	1.322634403947158255e-01
1.592012412417646032e+06	5.890423640386975634e+00	1.326779426367439563e-01
1.604103780764204916e+06	5.935161536199614396e+00	1.330938338129777632e-01
1.616285793549187947e+06	5.980234815188342878e+00	1.335111186216960677e-01
1.628559126832992304e+06	6.025645978767357747e+00	1.339298017775007732e-01
1.640924461706929374e+06	6.071397546965172864e+00	1.343498880113675187e-01
1.653382484330573119e+06	6.117492058562796764e+00	1.347713820707067967e-01
1.665933885969511233e+06	6.163932071233423571e+00	1.351942887194187148e-01
1.678579363033209462e+06	6.210720161682527163e+00	1.356186127379492845e-01
1.691319617113347864e+06	6.257858925789701487e+00	1.360443589233496509e-01
1.704155355022263480e+06	6.305350978750895230e+00	1.364715320893308825e-01
1.717087288831823505e+06	6.353198955222254973e+00	1.369001370663233408e-01
1.730116135912458645e+06	6.401405509464535015e+00	1.373301787015353825e-01
1.743242618972623488e+06	6.449973315489104131e+00	1.377616618590074005e-01
1.756467466098422883e+06	6.498905067204564290e+00	1.381945914196746061e-01
1.769791410793618299e+06	6.548203478564776248e+00	1.386289722814218195e-01
1.783215192019884242e+06	6.597871283717798185e+00	1.390648093591448087e-01
1.796739554237398785e+06	6.647911237156080233e+00	1.395021075848058290e-01
1.810365247445694404e+06	6.698326113867606679e+00	1.399408719074976548e-01
1.824093027224845253e+06	6.749118709488286960e+00	1.403811072934979531e-01
1.837923654776967131e+06	6.800291840455514603e+00	1.408228187263298181e-01
1.851857896967984270e+06	6.851848344162690729e+00	1.412660112068235829e-01
1.865896526369761908e+06	6.903791079115120688e+00	1.417106897531748011e-01
1.880040321302494034e+06	6.956122925086849484e+00	1.421568594010045872e-01
1.894290065877440618e+06	7.008846783278785075e+00	1.426045252034207900e-01
1.908646550039979629e+06	7.061965576477993167e+00	1.430536922310773340e-01
1.923110569612972671e+06	7.115482249218147537e+00	1.435043655722349210e-01
1.937682926340462174e+06	7.169399767941212254e+00	1.439565503328240903e-01
1.952364427931682440e+06	7.223721121160275871e+00	1.444102516365035338e-01
1.967155888105404563e+06	7.278449319623631730e+00	1.448654746247220737e-01
1.982058126634579152e+06	7.333587396479958720e+00	1.453222244567820010e-01
1.997071969391394872e+06	7.389138407445026147e+00	1.457805063098988052e-01
2.012198248392566340e+06	7.445105430969270799e+00	1.462403253792669278e-01
2.027437801845035050e+06	7.501491568406881250e+00	1.467016868781157724e-01
2.042791474191966699e+06	7.558299944185989716e+00	1.471645960377780671e-01
2.058260116159127327e+06	7.615533705980265466e+00	1.476290581077485120e-01
2.073844584801565623e+06	7.673196024881636212e+00	1.480950783557505868e-01
2.089545743550665909e+06	7.731290095574385290e+00	1.485626620677965859e-01
2.105364462261560373e+06	7.789819136510569564e+00	1.490318145482506518e-01
2.121301617260823026e+06	7.848786390086502252e+00	1.495025411198944998e-01
2.137358091394653544e+06	7.908195122821011225e+00	1.499748471239920333e-01
2.153534774077295791e+06	7.968048625534606799e+00	1.504487379203496844e-01
2.169832561339815613e+06	8.028350213529943602e+00	1.509242188873836099e-01
2.186252355879408307e+06	8.089103226774266631e+00	1.514012954221839180e-01
2.202795067108792253e+06	8.150311030082162844e+00	1.518799729405782561e-01
2.219461611206260044e+06	8.211977013300753470e+00	1.523602568771982302e-01
2.236252911165885162e+06	8.274104591495454741e+00	1.528421526855426316e-01
2.253169896848209202e+06	8.336697205137522104e+00	1.533256658380462434e-01
2.270213505031320732e+06	8.399758320293035041e+00	1.538108018261408749e-01
2.287384679462182801e+06	8.463291428812819817e+00	1.542975661603250004e-01
2.304684370908498764e+06	8.527300048524340426e+00	1.547859643702293730e-01
2.322113537210894283e+06	8.591787723424777923e+00	1.552760020046813627e-01
2.339673143335468601e+06	8.656758023875466890e+00	1.557676846317746222e-01
2.357364161426772829e+06	8.722214546797921741e+00	1.562610178389333970e-01
2.375187570861157496e+06	8.788160915871211287e+00	1.567560072329802490e-01
2.393144358300514054e+06	8.854600781730800563e+00	1.572526584402032801e-01
2.411235517746459693e+06	8.921537822169046450e+00	1.577509771064250221e-01
2.429462050594854169e+06	8.988975742336902996e+00	1.582509688970692718e-01
2.447824965690817218e+06	9.056918274947477698e+00	1.587526394972288701e-01
2.466325279384007212e+06	9.125369180480573661e+00	1.592559946117337311e-01
2.484964015584501438e+06	9.194332247389432666e+00	1.597610399652221458e-01
2.503742205818910617e+06	9.263811292308378853e+00	1.602677813022050646e-01
2.522660889287016355e+06	9.333810160262355993e+00	1.607762243871389551e-01
2.541721112918843981e+06	9.404332724878099015e+00	1.612863750044917499e-01
2.560923931432060432e+06	9.475382888596518782e+00	1.617982389588162873e-01
2.580270407389869448e+06	9.546964582886898754e+00	1.623118220748170915e-01
2.599761611259333324e+06	9.619081768462692139e+00	1.628271301974214269e-01
2.619398621470154729e+06	9.691738435499017257e+00	1.633441691918498806e-01
2.639182524473786354e+06	9.764938603851351928e+00	1.638629449436858343e-01
2.659114414803111460e+06	9.838686323276357726e+00	1.643834633589471572e-01
2.679195395132490899e+06	9.912985673654056029e+00	1.649057303641582317e-01
2.699426576338275801e+06	9.987840765211709382e+00	1.654297519064174549e-01
2.719809077559764031e+06	1.006325573874938151e+01	1.659555339534732610e-01
2.740344026260627899e+06	1.013923476586719730e+01	1.664830824937925668e-01
2.761032558290729765e+06	1.021578204919408428e+01	1.670124035366358506e-01
2.781875817948560230e+06	1.029290182261876296e+01	1.675435031121257912e-01
2.802874958043950144e+06	1.037059835152180476e+01	1.680763872713234297e-01
2.824031139961314388e+06	1.044887593300962614e+01	1.686110620862973364e-01
2.845345533723470755e+06	1.052773889615060909e+01	1.691475336502036575e-01
2.866819318055736367e+06	1.060719160221226964e+01	1.696858080773478161e-01
2.888453680450709537e+06	1.068723844490094343e+01	1.702258915032678621e-01
2.910249817233350594e+06	1.076788385060257447e+01	1.707677900848062480e-01
2.932208933626628947e+06	1.084913227862563900e+01	1.713115100001815216e-01
2.954332243817769922e+06	1.093098822144621884e+01	1.718570574490656810e-01
2.976620971024721861e+06	1.101345620495395394e+01	1.724044386526550066e-01
2.999076347563358024e+06	1.109654078870068439e+01	1.729536598537487202e-01
3.021699614915113896e+06	1.118024656615070178e+01	1.735047273168222881e-01
3.044492023795051035e+06	1.126457816493258868e+01	1.740576473281039982e-01
3.067454834220545832e+06	1.134954024709336196e+01	1.746124261956499557e-01
3.090589315580325667e+06	1.143513750935391293e+01	1.751690702494167751e-01
3.113896746704245452e+06	1.152137468336717774e+01	1.757275858413463732e-01
3.137378415933367796e+06	1.160825653597742324e+01	1.762879793454341371e-01
3.161035621190679260e+06	1.169578786948190796e+01	1.768502571578105531e-01
3.184869670052294154e+06	1.178397352189433001e+01	1.774144256968123723e-01
3.208881879819189198e+06	1.187281836721024497e+01	1.779804914030679031e-01
3.233073577589527704e+06	1.196232731567467056e+01	1.785484607395695644e-01
3.257446100331430323e+06	1.205250531405131831e+01	1.791183401917545992e-01
3.282000794956333935e+06	1.214335734589404936e+01	1.796901362675808467e-01
3.306739018392899539e+06	1.223488843182030017e+01	1.802638554976046803e-01
3.331662137661458924e+06	1.232710362978656526e+01	1.808395044350609993e-01
3.356771529948988464e+06	1.242000803536577891e+01	1.814170896559460788e-01
3.382068582684724126e+06	1.251360678202709664e+01	1.819966177590888468e-01
3.407554693616232369e+06	1.260790504141735013e+01	1.825780953662355655e-01
3.433231270886097569e+06	1.270290802364480420e+01	1.831615291221315445e-01
3.459099733109221794e+06	1.279862097756515027e+01	1.837469256945954144e-01
3.485161509450599551e+06	1.289504919106927439e+01	1.843342917746036425e-01
3.511418039703760762e+06	1.299219799137350506e+01	1.849236340763704134e-01
3.537870774369755294e+06	1.309007274531184351e+01	1.855149593374298966e-01
3.564521174736684188e+06	1.318867885963023312e+01	1.861082743187143229e-01
3.591370712959929369e+06	1.328802178128341005e+01	1.867035858046360020e-01
3.618420872142910957e+06	1.338810699773369883e+01	1.873009006031750301e-01
3.645673146418427117e+06	1.348894003725196811e+01	1.879002255459533421e-01
3.673129041030600667e+06	1.359052646922084939e+01	1.885015674883202541e-01
3.700790072417499032e+06	1.369287190444040192e+01	1.891049333094386442e-01
3.728657768294297159e+06	1.379598199543583270e+01	1.897103299123636400e-01
3.756733667737127747e+06	1.389986243676773370e+01	1.903177642241278555e-01
3.785019321267453488e+06	1.400451896534426943e+01	1.909272431958219385e-01
3.813516290937150829e+06	1.410995736073597051e+01	1.915387738026849418e-01
3.842226150414222851e+06	1.421618344549288260e+01	1.921523630441802633e-01
3.871150485069091432e+06	1.432320308546383103e+01	1.927680179440879327e-01
3.900290892061590217e+06	1.443102219011831266e+01	1.933857455505829936e-01
3.929648980428569485e+06	1.453964671287061705e+01	1.940055529363279019e-01
3.959226371172167826e+06	1.464908265140644517e+01	1.946274471985497134e-01
3.989024697348707821e+06	1.475933604801179833e+01	1.952514354591319834e-01
4.019045604158279486e+06	1.487041298990446947e+01	1.958775248646990597e-01
4.049290749035019428e+06	1.498231960956804265e+01	1.965057225866993496e-01
4.079761801738073118e+06	1.509506208508847358e+01	1.971360358214948039e-01
4.110460444443039130e+06	1.520864664049241455e+01	1.977684717904500122e-01
4.141388371834395453e+06	1.532307954608921463e+01	1.984030377400157197e-01
4.172547291198364459e+06	1.543836711881449020e+01	1.990397409418156460e-01
4.203938922516575083e+06	1.555451572257669746e+01	1.996785886927399112e-01
4.235564998560464010e+06	1.567153176860641040e+01	2.003195883150277190e-01
4.267427264986292459e+06	1.578942171580785825e+01	2.009627471563575352e-01
4.299527480430854484e+06	1.590819207111308486e+01	2.016080725899361825e-01
4.331867416608045809e+06	1.602784938983921492e+01	2.022555720145899349e-01
4.364448858405875973e+06	1.614840027604743256e+01	2.029052528548498102e-01
4.397273603984486312e+06	1.626985138290560684e+01	2.035571225610430524e-01
4.430343464874885976e+06	1.639220941305364576e+01	2.042111886093857520e-01
4.463660266078072600e+06	1.651548111897022508e+01	2.048674585020710259e-01
4.497225846165281720e+06	1.663967330334373429e+01	2.055259397673565858e-01
4.531042057378876023e+06	1.676479281944551047e+01	2.061866399596627986e-01
4.565110765733712353e+06	1.689084657150495516e+01	2.068495666596598115e-01
4.599433851119833067e+06	1.701784151508946863e+01	2.075147274743572023e-01
4.634013207405238412e+06	1.714578465748469327e+01	2.081821300372012351e-01
4.668850742539976723e+06	1.727468305807965621e+01	2.088517820081618737e-01
4.703948378660734743e+06	1.740454382875375927e+01	2.095236910738307035e-01
4.739308052196237259e+06	1.753537413426674263e+01	2.101978649475079453e-01
4.774931713973421603e+06	1.766718119265154385e+01	2.108743113693020144e-01
4.810821329324563965e+06	1.779997227561064577e+01	2.115530381062193377e-01
4.846978878194897436e+06	1.793375470891428236e+01	2.122340529522590558e-01
4.883406355251415633e+06	1.806853587280298967e+01	2.129173637285080023e-01
4.920105769992045127e+06	1.820432320239155288e+01	2.136029782832335189e-01
4.957079146856020205e+06	1.834112418807740497e+01	2.142909044919819872e-01
4.994328525334848091e+06	1.847894637595117118e+01	2.149811502576704225e-01
5.031855960084165446e+06	1.861779736821054243e+01	2.156737235106852002e-01
5.069663521036401391e+06	1.875768482357714362e+01	2.163686322089722336e-01
5.107753293514387682e+06	1.889861645771687293e+01	2.170658843381436109e-01
5.146127378345636651e+06	1.904060004366273873e+01	2.177654879115637210e-01
5.184787891977558844e+06	1.918364341224115677e+01	2.184674509704546408e-01
5.223736966593642719e+06	1.932775445250181079e+01	2.191717815839860084e-01
5.262976750230295584e+06	1.947294111214997869e+01	2.198784878493781902e-01
5.302509406894557178e+06	1.961921139798204194e+01	2.205875778919987873e-01
5.342337116683017462e+06	1.976657337632551403e+01	2.212990598654616392e-01
5.382462075901213102e+06	1.991503517348078489e+01	2.220129419517225533e-01
5.422886497184074484e+06	2.006460497616676975e+01	2.227292323611811398e-01
5.463612609617346898e+06	2.021529103197018173e+01	2.234479393327828967e-01
5.504642658859745599e+06	2.036710164979749393e+01	2.241690711341121911e-01
5.545978907266185619e+06	2.052004520033089108e+01	2.248926360614968423e-01
5.587623634011796676e+06	2.067413011648711674e+01	2.256186424401115387e-01
5.629579135217006318e+06	2.082936489388029244e+01	2.263470986240720684e-01
5.671847724073264748e+06	2.098575809128708514e+01	2.270780129965376259e-01
5.714431730970141478e+06	2.114331833111696568e+01	2.278113939698182822e-01
5.757333503622883931e+06	2.130205429988417976e+01	2.285472499854720729e-01
5.800555407201398164e+06	2.146197474868496613e+01	2.292855895144088607e-01
5.844099824459709227e+06	2.162308849367656904e+01	2.300264210569914758e-01
5.887969155866882764e+06	2.178540441656163296e+01	2.307697531431381066e-01
5.932165819738440216e+06	2.194893146507445536e+01	2.315155943324322119e-01
5.976692252369064838e+06	2.211367865347197537e+01	2.322639532142152519e-01
6.021550908166221343e+06	2.227965506302818000e+01	2.330148384077030121e-01
6.066744259784736671e+06	2.244686984253205253e+01	2.337682585620821096e-01
6.112274798262355849e+06	2.261533220878910555e+01	2.345242223566149642e-01
6.158145033156333491e+06	2.278505144712679353e+01	2.352827385007479899e-01
6.204357492681117728e+06	2.295603691190394358e+01	2.360438157342199528e-01
6.250914723846980371e+06	2.312829802702364290e+01	2.368074628271580051e-01
6.297819292599571869e+06	2.330184428644965067e+01	2.375736885801959519e-01
6.345073783960793167e+06	2.347668525472757395e+01	2.383425018245715343e-01
6.392680802170343697e+06	2.365283056750861945e+01	2.391139114222409767e-01
6.440642970828696154e+06	2.383028993207857837e+01	2.398879262659790457e-01
6.488962933040942997e+06	2.400907312789007975e+01	2.406645552794931253e-01
6.537643351561575197e+06	2.418919000709826150e+01	2.414438074175322135e-01
6.586686908940690570e+06	2.437065049510171022e+01	2.422256916659857873e-01
6.636096307670976035e+06	2.455346459108635315e+01	2.430102170420057051e-01
6.685874270335846581e+06	2.473764236857352117e+01	2.437973925941064046e-01
6.736023539758848958e+06	2.492319397597274033e+01	2.445872274022812265e-01
6.786546879154011607e+06	2.511012963713806201e+01	2.453797305781063309e-01
6.837447072277333587e+06	2.529845965192854251e+01	2.461749112648528304e-01
6.888726923579448834e+06	2.548819439677309262e+01	2.469727786376056111e-01
6.940389258359426633e+06	2.567934432523956900e+01	2.477733419033621154e-01
6.992436922919540666e+06	2.587191996860736865e+01	2.485766103011540495e-01
7.044872784721605480e+06	2.606593193644592432e+01	2.493825931021561582e-01
7.097699732543840073e+06	2.626139091719506169e+01	2.501912996097950814e-01
7.150920676639609039e+06	2.645830767875235523e+01	2.510027391598694813e-01
7.204538548896862194e+06	2.665669306906304570e+01	2.518169211206571223e-01
7.258556302998791449e+06	2.685655801671447662e+01	2.526338548930359695e-01
7.312976914585875347e+06	2.705791353153564316e+01	2.534535499105888268e-01
7.367803381419021636e+06	2.726077070520083012e+01	2.542760156397244065e-01
7.423038723543929867e+06	2.746514071183774774e+01	2.551012615797911831e-01
7.478685983456703834e+06	2.767103480864028953e+01	2.559292972631915242e-01
7.534748226270645857e+06	2.787846433648568123e+01	2.567601322554993182e-01
7.591228539884244092e+06	2.808744072055602103e+01	2.575937761555755490e-01
7.648130035150520504e+06	2.829797547096485744e+01	2.584302385956835924e-01
7.705455846047678031e+06	2.851008018338861305e+01	2.592695292416101749e-01
7.763209129850884899e+06	2.872376653970215088e+01	2.601116577927765072e-01
7.821393067305251025e+06	2.893904630861879212e+01	2.609566339823602421e-01
7.880010862800384872e+06	2.915593134633617822e+01	2.618044675774135466e-01
7.939065744546010159e+06	2.937443359718606573e+01	2.626551683789821734e-01
7.998560964748982340e+06	2.959456509428926552e+01	2.635087462222225341e-01
8.058499799791510217e+06	2.981633796021504779e+01	2.643652109765243230e-01
8.118885550410930999e+06	3.003976440764634148e+01	2.652245725456272574e-01
8.179721541880481876e+06	3.026485674004855753e+01	2.660868408677443675e-01
8.241011124191872776e+06	3.049162735234514088e+01	2.669520259156822894e-01
8.302757672238711268e+06	3.072008873159618858e+01	2.678201376969591152e-01
8.364964586001627147e+06	3.095025345768344849e+01	2.686911862539301254e-01
8.427635290734674782e+06	3.118213420399998981e+01	2.695651816639079712e-01
8.490773237153224647e+06	3.141574373814541943e+01	2.704421340392850204e-01
8.554381901622755453e+06	3.165109492262436319e+01	2.713220535276608669e-01
8.618464786350019276e+06	3.188820071555382540e+01	2.722049503119585157e-01
8.683025419574607164e+06	3.212707417137196586e+01	2.730908346105512807e-01
8.748067355762530118e+06	3.236772844155431272e+01	2.739797166773897952e-01
8.813594175801150501e+06	3.261017677533504155e+01	2.748716068021241909e-01
8.879609487195236608e+06	3.285443252043238260e+01	2.757665153102284439e-01
8.946116924265196547e+06	3.310050912378205368e+01	2.766644525631294926e-01
9.013120148345949128e+06	3.334842013227309110e+01	2.775654289583272538e-01
9.080622847987551242e+06	3.359817919349016790e+01	2.784694549295280708e-01
9.148628739157864824e+06	3.384980005646345802e+01	2.793765409467672267e-01
9.217141565445920452e+06	3.410329657242109391e+01	2.802866975165402841e-01
9.286165098267130554e+06	3.435868269554842414e+01	2.811999351819234327e-01
9.355703137070288882e+06	3.461597248375394287e+01	2.821162645227096033e-01
9.425759509545790032e+06	3.487518009943966035e+01	2.830356961555356432e-01
9.496338071835102513e+06	3.513631981027618423e+01	2.839582407340102144e-01
9.567442708742793649e+06	3.539940598998718713e+01	2.848839089488402476e-01
9.639077333948984742e+06	3.566445311913550853e+01	2.858127115279687214e-01
9.711245890224020928e+06	3.593147578591739943e+01	2.867446592366978964e-01
9.783952349644836038e+06	3.620048868696309796e+01	2.876797628778253180e-01
9.857200713812530041e+06	3.647150662814186717e+01	2.886180332917718250e-01
9.930995014071641490e+06	3.674454452537325011e+01	2.895594813567172188e-01
1.000533931173133291e+07	3.701961740544550850e+01	2.905041179887307701e-01
1.008023769828777388e+07	3.729674040683845249e+01	2.914519541419041126e-01
1.015569429564874619e+07	3.757592878055434937e+01	2.924030008084840260e-01
1.023171325635933504e+07	3.785719789095315946e+01	2.933572690190093257e-01
1.030829876382992044e+07	3.814056321659597160e+01	2.943147698424401493e-01
1.038545503256485052e+07	3.842604035109114591e+01	2.952755143862977327e-01
1.046318630839418061e+07	3.871364500395170438e+01	2.962395137967973047e-01
1.054149686870607175e+07	3.900339300145524390e+01	2.972067792589843660e-01
1.062039102268124186e+07	3.929530028751139525e+01	2.981773219968698596e-01
1.069987311152940430e+07	3.958938292453663621e+01	2.991511532735706691e-01
1.077994750872682221e+07	3.988565709433319739e+01	3.001282843914418463e-01
1.086061862025652081e+07	4.018413909897792990e+01	3.011087266922189420e-01
1.094189088484962471e+07	4.048484536171518045e+01	3.020924915571535641e-01
1.102376877422853000e+07	4.078779242785655157e+01	3.030795904071493796e-01
1.110625679335221089e+07	4.109299696568855609e+01	3.040700347029111072e-01
1.118935948066308536e+07	4.140047576738592738e+01	3.050638359450703052e-01
1.127308140833571181e+07	4.171024574993193568e+01	3.060610056743386376e-01
1.135742718252770789e+07	4.202232395604664106e+01	3.070615554716402684e-01
1.144240144363179989e+07	4.233672755511955899e+01	3.080654969582563019e-01
1.152800886653072573e+07	4.265347384415278498e+01	3.090728417959683894e-01
1.161425416085290723e+07	4.297258024870697568e+01	3.100836016871929002e-01
1.170114207123083249e+07	4.329406432385729886e+01	3.110977883751337436e-01
1.178867737756146118e+07	4.361794375515706434e+01	3.121154136439217575e-01
1.187686489526788332e+07	4.394423635960573904e+01	3.131364893187554288e-01
1.196570947556316666e+07	4.427296008662519711e+01	3.141610272660450009e-01
1.205521600571655482e+07	4.460413301904468852e+01	3.151890393935665724e-01
1.214538940932131000e+07	4.493777337409184014e+01	3.162205376505936028e-01
1.223623464656427316e+07	4.527389950439002320e+01	3.172555340280537872e-01
1.232775671449827962e+07	4.561252989896625820e+01	3.182940405586702215e-01
1.241996064731560834e+07	4.595368318426302778e+01	3.193360693171105047e-01
1.251285151662418991e+07	4.629737812516019346e+01	3.203816324201279042e-01
1.260643443172543310e+07	4.664363362600298757e+01	3.214307420267207283e-01
1.270071453989433870e+07	4.699246873163838245e+01	3.224834103382670514e-01
1.279569702666161954e+07	4.734390262845899144e+01	3.235396495986849752e-01
1.289138711609800160e+07	4.769795464545492791e+01	3.245994720945795109e-01
1.298779007110036537e+07	4.805464425527257788e+01	3.256628901553827449e-01
1.308491119368054904e+07	4.841399107528309287e+01	3.267299161535207608e-01
1.318275582525563985e+07	4.877601486865653158e+01	3.278005625045518068e-01
1.328132934694087505e+07	4.914073554544555833e+01	3.288748416673246133e-01
1.338063717984449863e+07	4.950817316367641752e+01	3.299527661441258308e-01
1.348068478536514379e+07	4.987834793044923032e+01	3.310343484808361825e-01
1.358147766549076140e+07	5.025128020304404686e+01	3.321196012670822317e-01
1.368302136310063489e+07	5.062699049003830964e+01	3.332085371363917581e-01
