0.000000000000000000e+00	0.000000000000000000e+00	0.000000000000000000e+00
2.561968786859636538e+01	9.474524563512826038e-05	1.276993112198933182e-02
5.145977917459502038e+01	1.903531735754484871e-04	1.278510437194303219e-02
7.752259723196137031e+01	2.867851861902303472e-04	1.280061720827672597e-02
1.038104735311916755e+02	3.840499099789096297e-04	1.281646516673899151e-02
1.303257480341483472e+02	4.821560027844350323e-04	1.283264389818143149e-02
1.570707694650584187e+02	5.811121548699694443e-04	1.284914916559699860e-02
1.840478955978099691e+02	6.809270899818935805e-04	1.286597684124045869e-02
2.112594935396759581e+02	7.816095663995903733e-04	1.288312290382849327e-02
2.387079400116146815e+02	8.831683779725630094e-04	1.290058343581731645e-02
2.663956216252512377e+02	9.856123551452728587e-04	1.291835462075497688e-02
2.943249351566850009e+02	1.088950365970231537e-03	1.293643274070739070e-02
3.224982878172251048e+02	1.193191317109729664e-03	1.295481417375444859e-02
3.509180975211871214e+02	1.298344154826688249e-03	1.297349539155571128e-02
3.795867931508605579e+02	1.404417865965044932e-03	1.299247295698242703e-02
4.085068148187478414e+02	1.511421478920041417e-03	1.301174352181492556e-02
4.376806141272003856e+02	1.619364064598883407e-03	1.303130382450288366e-02
4.671106544255441122e+02	1.728254737372108283e-03	1.305115068798711614e-02
4.967994110648036781e+02	1.838102656016070988e-03	1.307128101758027808e-02
5.267493716501314793e+02	1.948917024646932596e-03	1.309169179890657016e-02
5.569630362910095300e+02	2.060707093646413270e-03	1.311238009589639486e-02
5.874429178493651307e+02	2.173482160579824629e-03	1.313334304883673892e-02
6.181915421856537023e+02	2.287251571106577955e-03	1.315457787247343788e-02
6.492114484030141739e+02	2.402024719883563350e-03	1.317608185416619185e-02
6.805051890895884981e+02	2.517811051461736355e-03	1.319785235209262886e-02
7.120753305590800437e+02	2.634620061176184622e-03	1.321988679350168290e-02
7.439244530896453398e+02	2.752461296030034570e-03	1.324218267301385983e-02
7.760551511611880642e+02	2.871344355572437879e-03	1.326473755096785161e-02
8.084700336911449767e+02	2.991278892770983435e-03	1.328754905181128709e-02
8.411717242688407623e+02	3.112274614878814041e-03	1.331061486253520831e-02
8.741628613884771539e+02	3.234341284296688140e-03	1.333393273115056517e-02
9.074460986808376219e+02	3.357488719430286664e-03	1.335750046520580749e-02
9.410241051437750457e+02	3.481726795543026078e-03	1.338131593034398194e-02
9.748995653715535354e+02	3.607065445604617018e-03	1.340537704889914819e-02
1.009075179783121143e+03	3.733514661135682502e-03	1.342968179852933180e-02
1.043553664849368261e+03	3.861084493048610924e-03	1.345422821088739125e-02
1.078337753319432977e+03	3.989785052484887996e-03	1.347901437032582479e-02
1.113430194446130372e+03	4.119626511649192996e-03	1.350403841263794064e-02
1.148833754210555753e+03	4.250619104640422814e-03	1.352929852383104661e-02
1.184551215545945752e+03	4.382773128279984255e-03	1.355479293893275747e-02
1.220585378560812387e+03	4.516098942937391870e-03	1.358051994082959922e-02
1.256939060761445489e+03	4.650606973353527823e-03	1.360647785913523741e-02
1.293615097273820311e+03	4.786307709461697785e-03	1.363266506909014027e-02
1.330616341065003780e+03	4.923211707206840218e-03	1.365907999048901998e-02
1.367945663164029838e+03	5.061329589362760679e-03	1.368572108663764809e-02
1.405605952882383917e+03	5.200672046347930635e-03	1.371258686333625548e-02
1.443600118034104298e+03	5.341249837039858603e-03	1.373967586789077988e-02
1.481931085155569463e+03	5.483073789588305096e-03	1.376698668814922526e-02
1.520601799724956663e+03	5.626154802227279796e-03	1.379451795156396397e-02
1.559615226381574075e+03	5.770503844086575553e-03	1.382226832427816028e-02
1.598974349144912594e+03	5.916131956002248539e-03	1.385023651023643311e-02
1.638682171633604639e+03	6.063050251326780084e-03	1.387842125031890986e-02
1.678741717284303832e+03	6.211269916738924521e-03	1.390682132149772925e-02
1.719156029570488499e+03	6.360802213053278614e-03	1.393543553601538088e-02
1.759928172221302475e+03	6.511658476030001037e-03	1.396426274058466983e-02
1.801061229440419538e+03	6.663850117184602975e-03	1.399330181560978076e-02
1.842558306124944693e+03	6.817388624597888781e-03	1.402255167442706396e-02
1.884422528084529404e+03	6.972285563726678126e-03	1.405201126256592353e-02
1.926657042260554135e+03	7.128552578214780548e-03	1.408167955702840056e-02
1.969265016945590787e+03	7.286201390705011709e-03	1.411155556558824249e-02
2.012249642003050894e+03	7.445243803651883582e-03	1.414163832610731107e-02
2.055614129087120546e+03	7.605691700135366710e-03	1.417192690586951791e-02
2.099361711863064556e+03	7.767557044676019415e-03	1.420242040093286709e-02
2.143495646227770067e+03	7.930851884050991313e-03	1.423311793549734278e-02
2.188019210530828332e+03	8.095588348112024366e-03	1.426401866128937379e-02
2.232935705795880494e+03	8.261778650604444454e-03	1.429512175696204777e-02
2.278248455942527926e+03	8.429435089988210339e-03	1.432642642751060132e-02
2.323960808008667755e+03	8.598570050260564632e-03	1.435793190370322596e-02
2.370076132373460496e+03	8.769196001781016242e-03	1.438963744152576413e-02
2.416597822980652381e+03	8.941325502097627331e-03	1.442154232164114848e-02
2.463529297562687589e+03	9.114971196776219808e-03	1.445364584886261322e-02
2.510873997865401179e+03	9.290145820231751964e-03	1.448594735163992626e-02
2.558635389873203621e+03	9.466862196561494011e-03	1.451844618155901691e-02
2.606816964035136152e+03	9.645133240381428483e-03	1.455114171285400333e-02
2.655422235491571428e+03	9.824971957665044539e-03	1.458403334193211082e-02
2.704454744301651772e+03	1.000639144658485927e-02	1.461712048690982403e-02
2.753918055671439106e+03	1.018940489835657055e-02	1.465040258716168199e-02
2.803815760182973463e+03	1.037402559808656317e-02	1.468387910287966350e-02
2.854151474024155505e+03	1.056026692562249229e-02	1.471754951464412930e-02
2.904928839219319798e+03	1.074814235640637883e-02	1.475141332300551264e-02
2.956151523860919497e+03	1.093766546233186122e-02	1.478547004807614050e-02
3.007823222341962264e+03	1.112884991260419676e-02	1.481971922913301494e-02
3.059947655589431179e+03	1.132170947460392138e-02	1.485416042422993063e-02
3.112528571298718362e+03	1.151625801475424093e-02	1.488879320981967465e-02
3.165569744168992656e+03	1.171250949939190572e-02	1.492361718038514098e-02
3.219074976139545925e+03	1.191047799564168806e-02	1.495863194808049433e-02
3.273048096627348059e+03	1.211017767229531639e-02	1.499383714238062583e-02
3.327492962765469201e+03	1.231162280069366018e-02	1.502923240973939693e-02
3.382413459642720682e+03	1.251482775561337316e-02	1.506481741325670261e-02
3.437813500544378257e+03	1.271980701615759921e-02	1.510059183235338068e-02
3.493697027194090879e+03	1.292657516665099079e-02	1.513655536245474449e-02
3.550068009996870842e+03	1.313514689753882136e-02	1.517270771468114988e-02
3.606930448283328587e+03	1.334553700629060279e-02	1.520904861554719587e-02
3.664288370555184429e+03	1.355776039830850453e-02	1.524557780666742184e-02
3.722145834731875766e+03	1.377183208783979741e-02	1.528229504446984056e-02
3.780506928398570381e+03	1.398776719889448933e-02	1.531920009991632331e-02
3.839375769055392539e+03	1.420558096616746785e-02	1.535629275822997589e-02
3.898756504367943307e+03	1.442528873596541673e-02	1.539357281862894881e-02
3.958653312419274698e+03	1.464690596713912052e-02	1.543104009406739106e-02
4.019070401963017503e+03	1.487044823202003999e-02	1.546869441098176236e-02
4.080012012678084830e+03	1.509593121736270589e-02	1.550653560904426478e-02
4.141482415424659848e+03	1.532337072529186932e-02	1.554456354092207185e-02
4.203485912501662824e+03	1.555278267425514414e-02	1.558277807204195772e-02
4.266026837905642424e+03	1.578418309998086758e-02	1.562117908036120793e-02
4.329109557591078556e+03	1.601758815644125852e-02	1.565976645614405513e-02
4.392738469732350495e+03	1.625301411682166658e-02	1.569854010174334333e-02
4.456918004987006498e+03	1.649047737449468864e-02	1.573749993138738590e-02
4.521652626760630483e+03	1.672999444400015065e-02	1.577664587097257071e-02
4.586946831473474958e+03	1.697158196203166214e-02	1.581597785786029164e-02
4.652805148828304482e+03	1.721525668842762910e-02	1.585549584067907219e-02
4.719232142080070844e+03	1.746103550716905303e-02	1.589519977913216031e-02
4.786232408307204423e+03	1.770893542738330440e-02	1.593508964380829090e-02
4.853810578684524444e+03	1.795897358435387739e-02	1.597516541599833945e-02
4.921971318757697190e+03	1.821116724053589708e-02	1.601542708751586830e-02
4.990719328719499572e+03	1.846553378657829481e-02	1.605587466052200291e-02
5.060059343687842556e+03	1.872209074235245407e-02	1.609650814735445051e-02
5.129996133985398956e+03	1.898085575798689334e-02	1.613732757036094242e-02
5.200534505420889218e+03	1.924184661490795090e-02	1.617833296173638163e-02
5.271679299572436321e+03	1.950508122688825868e-02	1.621952436336383807e-02
5.343435394072476811e+03	1.977057764110085741e-02	1.626090182665988759e-02
5.415807702894465365e+03	2.003835403918004590e-02	1.630246541242286532e-02
5.488801176641602069e+03	2.030842873828961337e-02	1.634421519068531004e-02
5.562420802837190422e+03	2.058082019219721961e-02	1.638615124056989197e-02
5.636671606217000772e+03	2.085554699235610959e-02	1.642827365014844915e-02
5.711558649023509133e+03	2.113262786899377035e-02	1.647058251630497891e-02
5.787087031301960451e+03	2.141208169220740198e-02	1.651307794460073197e-02
5.863261891198604644e+03	2.169392747306736133e-02	1.655576004914446550e-02
5.940088405260477884e+03	2.197818436472637887e-02	1.659862895246354622e-02
6.017571788737615861e+03	2.226487166353768518e-02	1.664168478537981707e-02
6.095717295886912325e+03	2.255400881017935455e-02	1.668492768688767738e-02
6.174530220278210436e+03	2.284561539078678802e-02	1.672835780403524736e-02
6.254015895102221293e+03	2.313971113809203464e-02	1.677197529180805835e-02
6.334179693480787137e+03	2.343631593257175169e-02	1.681578031301590032e-02
6.415027028778973545e+03	2.373544980360193374e-02	1.685977303818227829e-02
6.496563354919376252e+03	2.403713293062087475e-02	1.690395364543613096e-02
6.578794166698452500e+03	2.434138564429954438e-02	1.694832232040671335e-02
6.661725000105132494e+03	2.464822842772049216e-02	1.699287925612029404e-02
6.745361432641610918e+03	2.495768191756472798e-02	1.703762465289996100e-02
6.829709083646023828e+03	2.526976690530567324e-02	1.708255871826732525e-02
6.914773614617715793e+03	2.558450433841259405e-02	1.712768166684654550e-02
7.000560729544440619e+03	2.590191532156127519e-02	1.717299372027118048e-02
7.087076175231912202e+03	2.622202111785333981e-02	1.721849510709250880e-02
7.174325741635847407e+03	2.654484315004479802e-02	1.726418606269053066e-02
7.262315262195815194e+03	2.687040300178130878e-02	1.731006682918675987e-02
7.351050614171783309e+03	2.719872241884336780e-02	1.735613765535941669e-02
7.440537718982814113e+03	2.752982331039949271e-02	1.740239879656016800e-02
7.530782542548233323e+03	2.786372775026855347e-02	1.744885051463328229e-02
7.621791095631085227e+03	2.820045797819052680e-02	1.749549307783654015e-02
7.713569434183999874e+03	2.854003640110622936e-02	1.754232676076379963e-02
7.806123659697469520e+03	2.888248559444591204e-02	1.758935184426966419e-02
7.899459919550595259e+03	2.922782830342702393e-02	1.763656861539595472e-02
7.993584407364267463e+03	2.957608744436098988e-02	1.768397736729952763e-02
8.088503363356772752e+03	2.992728610596893588e-02	1.773157839918240372e-02
8.184223074702052145e+03	3.028144755070723976e-02	1.777937201622298291e-02
8.280749875890340263e+03	3.063859521610190137e-02	1.782735852950943084e-02
8.378090149091500280e+03	3.099875271609285610e-02	1.787553825597383572e-02
8.476250324520517097e+03	3.136194384238635141e-02	1.792391151832916155e-02
8.575236880806298359e+03	3.172819256581941444e-02	1.797247864500639558e-02
8.675056345362409047e+03	3.209752303773165394e-02	1.802123997009394754e-02
8.775715294760850156e+03	3.246995959134817838e-02	1.807019583327829776e-02
8.877220355108416697e+03	3.284552674317213483e-02	1.811934657978648763e-02
8.979578202425413110e+03	3.322424919438595609e-02	1.816869256032878355e-02
9.082795563027591925e+03	3.360615183226454972e-02	1.821823413104416145e-02
9.186879213910424369e+03	3.399125973159701497e-02	1.826797165344599266e-02
9.291835983136450523e+03	3.437959815611992681e-02	1.831790549436990503e-02
9.397672750224845004e+03	3.477119255995867603e-02	1.836803602592198756e-02
9.504396446544515129e+03	3.516606858908193772e-02	1.841836362542916689e-02
9.612014055709558306e+03	3.556425208276484812e-02	1.846888867538981974e-02
9.720532613977373330e+03	3.596576907506201376e-02	1.851961156342648782e-02
9.829959210650304158e+03	3.637064579629360056e-02	1.857053268223897088e-02
9.940300988479510124e+03	3.677890867453966622e-02	1.862165242955923089e-02
1.005156514407199575e+04	3.719058433714609452e-02	1.867297120810682692e-02
1.016375892830086741e+04	3.760569961224260321e-02	1.872448942554560264e-02
1.027688964671791109e+04	3.802428153026927299e-02	1.877620749444161921e-02
1.039096465996976622e+04	3.844635732551635737e-02	1.882812583222190361e-02
1.050599138421679163e+04	3.887195443767409164e-02	1.888024486113423078e-02
1.062197729155506931e+04	3.930110051339410354e-02	1.893256500820819296e-02
1.073892991044126575e+04	3.973382340786140582e-02	1.898508670521652925e-02
1.085685682612097298e+04	4.017015118637920490e-02	1.903781038863812045e-02
1.097576568105966726e+04	4.061011212596354197e-02	1.909073649962155991e-02
1.109566417537730740e+04	4.105373471695118737e-02	1.914386548394976170e-02
1.121656006728553803e+04	4.150104766461733263e-02	1.919719779200508569e-02
1.133846117352863439e+04	4.195207989080713268e-02	1.925073387873591640e-02
1.146137536982719757e+04	4.240686053557726765e-02	1.930447420362354019e-02
1.158531059132525843e+04	4.286541895885030706e-02	1.935841923065033041e-02
1.171027483304095222e+04	4.332778474208216768e-02	1.941256942826841830e-02
1.183627615031966525e+04	4.379398768993876534e-02	1.946692526936910986e-02
1.196332265929149071e+04	4.426405783198854998e-02	1.952148723125327751e-02
1.209142253733117104e+04	4.473802542440435265e-02	1.957625579560228965e-02
1.222058402352204939e+04	4.521592095167993597e-02	1.963123144845039733e-02
1.235081541912278044e+04	4.569777512835687672e-02	1.968641468015638538e-02
1.248212508803803757e+04	4.618361890076613796e-02	1.974180598537733297e-02
1.261452145729237600e+04	4.667348344878134714e-02	1.979740586304269689e-02
1.274801301750756465e+04	4.716740018758495967e-02	1.985321481632869658e-02
1.288260832338344153e+04	4.766540076944737747e-02	1.990923335263353536e-02
1.301831599418240694e+04	4.816751708551961220e-02	1.996546198355339530e-02
1.315514471421706367e+04	4.867378126763746704e-02	2.002190122485935503e-02
1.329310323334224449e+04	4.918422569014212209e-02	2.007855159647408544e-02
1.343220036744963909e+04	4.969888297171023289e-02	2.013541362245009972e-02
1.357244499896683192e+04	5.021778597720026605e-02	2.019248783094786115e-02
1.371384607735956160e+04	5.074096781951098478e-02	2.024977475421512255e-02
1.385641261963804027e+04	5.126846186145475603e-02	2.030727492856620325e-02
1.400015371086650703e+04	5.180030171764286179e-02	2.036498889436237289e-02
1.414507850467704884e+04	5.233652125638672131e-02	2.042291719599258551e-02
1.429119622378677377e+04	5.287715460161133973e-02	2.048106038185423458e-02
1.443851616051909878e+04	5.342223613478411237e-02	2.053941900433587861e-02
1.458704767732853361e+04	5.397180049685647296e-02	2.059799361979874205e-02
1.473680020732987214e+04	5.452588259022197320e-02	2.065678478855988848e-02
1.488778325483068147e+04	5.508451758068638737e-02	2.071579307487551869e-02
1.504000639586802026e+04	5.564774089945363766e-02	2.077501904692472673e-02
1.519347927874914785e+04	5.621558824512638830e-02	2.083446327679361679e-02
1.534821162459598236e+04	5.678809558572053134e-02	2.089412634046060660e-02
1.550421322789379883e+04	5.736529916069534052e-02	2.095400881778116189e-02
1.566149395704406561e+04	5.794723548299898080e-02	2.101411129247363063e-02
1.582006375492103143e+04	5.853394134112790970e-02	2.107443435210566013e-02
1.597993263943250349e+04	5.912545380120165506e-02	2.113497858808004518e-02
1.614111070408496380e+04	5.972181020905381610e-02	2.119574459562254681e-02
1.630360811855282373e+04	6.032304819233830218e-02	2.125673297376883680e-02
1.646743512925171672e+04	6.092920566265042776e-02	2.131794432535259742e-02
1.663260205991575276e+04	6.154032081766282886e-02	2.137937925699329167e-02
1.679911931218012978e+04	6.215643214328109289e-02	2.144103837908524837e-02
1.696699736616650989e+04	6.277757841580959564e-02	2.150292230578663977e-02
1.713624678107418003e+04	6.340379870413889729e-02	2.156503165500853539e-02
1.730687819577448681e+04	6.403513237194501106e-02	2.162736704840545476e-02
1.747890232941026989e+04	6.467161907990738590e-02	2.168992911136436927e-02
1.765232998199967187e+04	6.531329878794298049e-02	2.175271847299636158e-02
1.782717203504413919e+04	6.596021175745582499e-02	2.181573576612649834e-02
1.800343945214083942e+04	6.661239855360297224e-02	2.187898162728603435e-02
1.818114327960044102e+04	6.726990004758036379e-02	2.194245669670296522e-02
1.836029464706848012e+04	6.793275741892165764e-02	2.200616161829463402e-02
1.854090476815175498e+04	6.860101215781616579e-02	2.207009703965969946e-02
1.872298494104935162e+04	6.927470606744340342e-02	2.213426361207062459e-02
1.890654654918862798e+04	6.995388126632630377e-02	2.219866199046654706e-02
1.909160106186498888e+04	7.063858019069842176e-02	2.226329283344689880e-02
1.927816003488768547e+04	7.132884559689338377e-02	2.232815680326398489e-02
1.946623511122887066e+04	7.202472056374625842e-02	2.239325456581752610e-02
1.965583802167930844e+04	7.272624849501981015e-02	2.245858679064888230e-02
1.984698058550717542e+04	7.343347312184196618e-02	2.252415415093402332e-02
2.003967471112276689e+04	7.414643850516533519e-02	2.258995732348013583e-02
2.023393239674817232e+04	7.486518903824486426e-02	2.265599698871918408e-02
2.042976573109125457e+04	7.558976944913160800e-02	2.272227383070382981e-02
2.062718689402494419e+04	7.632022480318612079e-02	2.278878853710260624e-02
2.082620815727206718e+04	7.705660050561231877e-02	2.285554179919557435e-02
2.102684188509411615e+04	7.779894230400587196e-02	2.292253431187091586e-02
2.122910053498638081e+04	7.854729629092623011e-02	2.298976677361994417e-02
2.143299665837780776e+04	7.930170890648605142e-02	2.305723988653514758e-02
2.163854290133514951e+04	8.006222694095660453e-02	2.312495435630630702e-02
2.184575200527377092e+04	8.082889753739769256e-02	2.319291089221718616e-02
2.205463680767295227e+04	8.160176819430425832e-02	2.326111020714352953e-02
2.226521024279617632e+04	8.238088676827147461e-02	2.332955301754990191e-02
2.247748534241758898e+04	8.316630147668258033e-02	2.339824004348753025e-02
2.269147523655372061e+04	8.395806090041633973e-02	2.346717200859264885e-02
2.290719315419966006e+04	8.475621398657079419e-02	2.353634964008475411e-02
2.312465242407209007e+04	8.556081005121246585e-02	2.360577366876431132e-02
2.334386647535636075e+04	8.637189878214060479e-02	2.367544482901200176e-02
2.356484883846083540e+04	8.718953024167820642e-02	2.374536385878744590e-02
2.378761314577540543e+04	8.801375486947848881e-02	2.381553149962811408e-02
2.401217313243589524e+04	8.884462348535318577e-02	2.388594849664903846e-02
2.423854263709490260e+04	8.968218729212472373e-02	2.395661559854166470e-02
2.446673560269759400e+04	9.052649787849652296e-02	2.402753355757412251e-02
2.469676607726314614e+04	9.137760722194446239e-02	2.409870312959059777e-02
2.492864821467342335e+04	9.223556769163482327e-02	2.417012507401199856e-02
2.516239627546542033e+04	9.310043205135647149e-02	2.424180015383569156e-02
2.539802462763088624e+04	9.397225346247932432e-02	2.431372913563625837e-02
2.563554774742172231e+04	9.485108548693438335e-02	2.438591278956625183e-02
2.587498022016147661e+04	9.573698209021624939e-02	2.445835188935658114e-02
2.611633674106211038e+04	9.662999764440513562e-02	2.453104721231827087e-02
2.635963211604782191e+04	9.753018693121497107e-02	2.460399953934278364e-02
2.660488126258445482e+04	9.843760514506227910e-02	2.467720965490441398e-02
2.685209921051509809e+04	9.935230789615780156e-02	2.475067834706072556e-02
2.710130110290188532e+04	1.002743512136211740e-01	2.482440640745537178e-02
2.735250219687421486e+04	1.012037915486193596e-01	2.489839463131952521e-02
2.760571786448352577e+04	1.021406857775293414e-01	2.497264381747328621e-02
2.786096359356335233e+04	1.030850912051201607e-01	2.504715476832945417e-02
2.811825498859710933e+04	1.040370655677638340e-01	2.512192828989471410e-02
2.837760777159150166e+04	1.049966670366669630e-01	2.519696519177233585e-02
2.863903778295638404e+04	1.059639542211261165e-01	2.527226628716561230e-02
2.890256098239218045e+04	1.069389861718113566e-01	2.534783239287981965e-02
2.916819344978227309e+04	1.079218223840680557e-01	2.542366432932572154e-02
2.943595138609349669e+04	1.089125228012486485e-01	2.549976292052295868e-02
2.970585111428232267e+04	1.099111478180655466e-01	2.557612899410325116e-02
2.997790908020867573e+04	1.109177582839722676e-01	2.565276338131347589e-02
3.025214185355523659e+04	1.119324155065647974e-01	2.572966691701989578e-02
3.052856612875577775e+04	1.129551812550164402e-01	2.580684043971158415e-02
3.080719872592721731e+04	1.139861177635264206e-01	2.588428479150480660e-02
3.108805659181204101e+04	1.150252877348067748e-01	2.596200081814649049e-02
3.137115680072522809e+04	1.160727543435860626e-01	2.603998936901849928e-02
3.165651655550930809e+04	1.171285812401429843e-01	2.611825129714287833e-02
3.194415318849619871e+04	1.181928325538652014e-01	2.619678745918499474e-02
3.223408416247653804e+04	1.192655728968357448e-01	2.627559871545919606e-02
3.252632707167572516e+04	1.203468673674446127e-01	2.635468592993349402e-02
3.282089964273748046e+04	1.214367815540276785e-01	2.643404997023339822e-02
3.311781973571491835e+04	1.225353815385336886e-01	2.651369170764869554e-02
3.341710534506941622e+04	1.236427339002201947e-01	2.659361201713691253e-02
3.371877460067440552e+04	1.247589057193674300e-01	2.667381177732969580e-02
3.402284576883092814e+04	1.258839645810359009e-01	2.675429187053802657e-02
3.432933725328627042e+04	1.270179785788353999e-01	2.683505318275703627e-02
3.463826759626311105e+04	1.281610163187326679e-01	2.691609660367276502e-02
3.494965547949619213e+04	1.293131469228872010e-01	2.699742302666695293e-02
3.526351972527433099e+04	1.304744400335066112e-01	2.707903334882374308e-02
3.557987929749348405e+04	1.316449658167429537e-01	2.716092847093537488e-02
3.589875330271502753e+04	1.328247949666085115e-01	2.724310929750779417e-02
3.622016099123257300e+04	1.340139987089226103e-01	2.732557673676807436e-02
3.654412175814794318e+04	1.352126488052932396e-01	2.740833170066999183e-02
3.687065514445339068e+04	1.364208175571207105e-01	2.749137510490053463e-02
3.719978083812336990e+04	1.376385778096376744e-01	2.757470786888647357e-02
3.753151867521359964e+04	1.388660029559752596e-01	2.765833091580146078e-02
3.786588864096776524e+04	1.401031669412581004e-01	2.774224517257298933e-02
3.820291087093418173e+04	1.413501442667358110e-01	2.782645156988818730e-02
3.854260565208888875e+04	1.426070099939386604e-01	2.791095104220254336e-02
3.888499342396831344e+04	1.438738397488679988e-01	2.799574452774562100e-02
3.923009477981025702e+04	1.451507097262184076e-01	2.808083296852925334e-02
3.957793046770249202e+04	1.464376966936270785e-01	2.816621731035442305e-02
3.992852139174124022e+04	1.477348779959602731e-01	2.825189850281890208e-02
4.028188861319668649e+04	1.490423315596258735e-01	2.833787749932493993e-02
4.063805335168846796e+04	1.503601358969224866e-01	2.842415525708675422e-02
4.099703698637017806e+04	1.516883701104221882e-01	2.851073273713850692e-02
4.135886105712053541e+04	1.530271138973777756e-01	2.859761090434202735e-02
4.172354726574580127e+04	1.543764475541717085e-01	2.868479072739507640e-02
4.209111747719027335e+04	1.557364519807949987e-01	2.877227317883914587e-02
4.246159372075515421e+04	1.571072086853568528e-01	2.886005923506780591e-02
4.283499819132744597e+04	1.584887997886317568e-01	2.894814987633489295e-02
4.321135325061793264e+04	1.598813080286398125e-01	2.903654608676333598e-02
4.359068142840656947e+04	1.612848167652547737e-01	2.912524885435312932e-02
4.397300542380051047e+04	1.626994099848586839e-01	2.921425917099015543e-02
4.435834810649822612e+04	1.641251723050191347e-01	2.930357803245472320e-02
4.474673251806516782e+04	1.655621889792091017e-01	2.939320643843040121e-02
4.513818187321748701e+04	1.670105459015568949e-01	2.948314539251323599e-02
4.553271956111647160e+04	1.684703296116353277e-01	2.957339590222026263e-02
4.593036914667210658e+04	1.699416272992849419e-01	2.966395897899880632e-02
4.633115437185596238e+04	1.714245268094718444e-01	2.975483563823580827e-02
4.673509915702432772e+04	1.729191166471830410e-01	2.984602689926646110e-02
4.714222760225179809e+04	1.744254859823607673e-01	2.993753378538399623e-02
4.755256398867298412e+04	1.759437246548669342e-01	3.002935732384958215e-02
4.796613277983598527e+04	1.774739231794907890e-01	3.012149854590100498e-02
4.838295862306532945e+04	1.790161727509917422e-01	3.021395848676246276e-02
4.880306635083391302e+04	1.805705652491758351e-01	3.030673818565499458e-02
4.922648098214815400e+04	1.821371932440203623e-01	3.039983868580506052e-02
4.965322772393966443e+04	1.837161500008233639e-01	3.049326103445558489e-02
5.008333197247030330e+04	1.853075294854021893e-01	3.058700628287494561e-02
5.051681931474557496e+04	1.869114263693229250e-01	3.068107548636816659e-02
5.095371552994013473e+04	1.885279360351749811e-01	3.077546970428586201e-02
5.139404659083336446e+04	1.901571545818826203e-01	3.087019000003511995e-02
5.183783866525510530e+04	1.917991788300540124e-01	3.096523744108992809e-02
5.228511811754254450e+04	1.934541063273719219e-01	3.106061309900130796e-02
5.273591151000832906e+04	1.951220353540254471e-01	3.115631804940777877e-02
5.319024560441898211e+04	1.968030649281804489e-01	3.125235337204607805e-02
5.364814736348484439e+04	1.984972948114919755e-01	3.134872015076152485e-02
5.410964395236001292e+04	2.002048255146542666e-01	3.144541947351917055e-02
5.457476274015505624e+04	2.019257583029978043e-01	3.154245243241471375e-02
5.504353130146028707e+04	2.036601952021250828e-01	3.163982012368461716e-02
5.551597741788010899e+04	2.054082390035880668e-01	3.173752364771801476e-02
5.599212907957853895e+04	2.071699932706062841e-01	3.183556410906729361e-02
5.647201448683711351e+04	2.089455623438313259e-01	3.193394261645918220e-02
5.695566205162333063e+04	2.107350513471497877e-01	3.203266028280611633e-02
5.744310039917234099e+04	2.125385661935357273e-01	3.213171822521809773e-02
5.793435836957858555e+04	2.143562135909396760e-01	3.223111756501282482e-02
5.842946501940011512e+04	2.161881010482244181e-01	3.233085942772859211e-02
5.892844962327578833e+04	2.180343368811487881e-01	3.243094494313495529e-02
5.943134167555230670e+04	2.198950302183875771e-01	3.253137524524428448e-02
5.993817089192556887e+04	2.217702910076046474e-01	3.263215147232425423e-02
6.044896721109260397e+04	2.236602300215648487e-01	3.273327476690900822e-02
6.096376079641703836e+04	2.255649588642964776e-01	3.283474627581104560e-02
6.148258203760578908e+04	2.274845899772948710e-01	3.293656715013395381e-02
6.200546155240006192e+04	2.294192366457789289e-01	3.303873854528298348e-02
6.253243018827586639e+04	2.313690130049834148e-01	3.314126162097861400e-02
6.306351902416058147e+04	2.333340340465097917e-01	3.324413754126803733e-02
6.359875937216009333e+04	2.353144156247168883e-01	3.334736747453757172e-02
6.413818277929960459e+04	2.373102744631616912e-01	3.345095259352474926e-02
6.468182102927710366e+04	2.393217281610872937e-01	3.355489407533107649e-02
6.522970614423030929e+04	2.413488951999605558e-01	3.365919310143466320e-02
6.578187038651642797e+04	2.433918949500570306e-01	3.376385085770213651e-02
6.633834626050399675e+04	2.454508476770908831e-01	3.386886853440249784e-02
6.689916651438079134e+04	2.475258745489042067e-01	3.397424732621832921e-02
6.746436414197350678e+04	2.496170976421996923e-01	3.407998843225950453e-02
6.803397238458148786e+04	2.517246399493252573e-01	3.418609305607626242e-02
6.860802473282128631e+04	2.538486253850992247e-01	3.429256240567168240e-02
6.918655492849045550e+04	2.559891787937061958e-01	3.439939769351478549e-02
6.976959696644055657e+04	2.581464259556270902e-01	3.450660013655389852e-02
7.035718509646518214e+04	2.603204935946246135e-01	3.461417095622972701e-02
7.094935382520522398e+04	2.625115093847933401e-01	3.472211137848853907e-02
7.154613791806226072e+04	2.647196019576384951e-01	3.483042263379539094e-02
7.214757240113208536e+04	2.669449009092304537e-01	3.493910595714792150e-02
7.275369256314847735e+04	2.691875368073965991e-01	3.504816258808959861e-02
7.336453395744392765e+04	2.714476411989756865e-01	3.515759377072338876e-02
7.398013240392461012e+04	2.737253466171256089e-01	3.526740075372535727e-02
7.460052399105796940e+04	2.760207865886772916e-01	3.537758479035815057e-02
7.522574507787791663e+04	2.783340956415537026e-01	3.548814713848522789e-02
7.585583229600399500e+04	2.806654093122410987e-01	3.559908906058444761e-02
7.649082255167394760e+04	2.830148641533091203e-01	3.571041182376201439e-02
7.713075302779405320e+04	2.853825977409972792e-01	3.582211669976672480e-02
7.777566118600206391e+04	2.877687486828476304e-01	3.593420496500372013e-02
7.842558476874805638e+04	2.901734566254041137e-01	3.604667790054864873e-02
7.908056180138807395e+04	2.925968622619586901e-01	3.615953679216262623e-02
7.974063059429774876e+04	2.950391073403719755e-01	3.627278293030517659e-02
8.040582974499498960e+04	2.975003346709271246e-01	3.638641761015019849e-02
8.107619814028528344e+04	2.999806881342671483e-01	3.650044213159961415e-02
8.175177495841795462e+04	3.024803126893733096e-01	3.661485779929742751e-02
8.243259967126036645e+04	3.049993543816099106e-01	3.672966592264542696e-02
8.311871204648974526e+04	3.075379603508331949e-01	3.684486781581664677e-02
8.381015214979869779e+04	3.100962788395524306e-01	3.696046479777163191e-02
8.450696034711948596e+04	3.126744592011596602e-01	3.707645819227181616e-02
8.520917730686200957e+04	3.152726519082095780e-01	3.719284932789513470e-02
8.591684400217211805e+04	3.178910085607761227e-01	3.730963953805114391e-02
8.663000171320280060e+04	3.205296818948552562e-01	3.742683016099556531e-02
8.734869202940542891e+04	3.231888257908427931e-01	3.754442253984598826e-02
8.807295685183705064e+04	3.258685952820710718e-01	3.766241802259617105e-02
8.880283839548240940e+04	3.285691465634008046e-01	3.778081796213281218e-02
8.953837919159854937e+04	3.312906369998957490e-01	3.789962371624933796e-02
9.027962209007256024e+04	3.340332251355463966e-01	3.801883664766217419e-02
9.102661026179714827e+04	3.367970707020599419e-01	3.813845812402615054e-02
9.177938720106637629e+04	3.395823346277235810e-01	3.825848951794977304e-02
9.253799672798627580e+04	3.423891790463248208e-01	3.837893220701137087e-02
9.330248299090538057e+04	3.452177673061437302e-01	3.849978757377400806e-02
9.407289046886326105e+04	3.480682639790126376e-01	3.862105700580248380e-02
9.484926397405542957e+04	3.509408348694362245e-01	3.874274189567796650e-02
9.563164865432018996e+04	3.538356470237931095e-01	3.886484364101477906e-02
9.642008999563868565e+04	3.567528687395856157e-01	3.898736364447564356e-02
9.721463382466000621e+04	3.596926695747826863e-01	3.911030331378882036e-02
9.801532631123776082e+04	3.626552203572054323e-01	3.923366406176322790e-02
9.882221397099306341e+04	3.656406931940099914e-01	3.935744730630548471e-02
9.963534366789170599e+04	3.686492614812229562e-01	3.948165447043555654e-02
1.004547626168409188e+05	3.716810999133492999e-01	3.960628698230363176e-02
1.012805183863072307e+05	3.747363844930587939e-01	3.973134627520613638e-02
1.021126589009521122e+05	3.778152925409374863e-01	3.985683378760274814e-02
1.029512324442879763e+05	3.809180027053147288e-01	3.998275096313292504e-02
1.037962876613553817e+05	3.840446949721695868e-01	4.010909925063217002e-02
1.046478735614170000e+05	3.871955506750974774e-01	4.023588010414921867e-02
1.055060395206749527e+05	3.903707525053648486e-01	4.036309498296259540e-02
1.063708352850048395e+05	3.935704845220250880e-01	4.049074535159784965e-02
1.072423109727141709e+05	3.967949321621243031e-01	4.061883267984383455e-02
1.081205170773162681e+05	4.000442822509651108e-01	4.074735844277074109e-02
1.090055044703307649e+05	4.033187230124684053e-01	4.087632412074651556e-02
1.098973244041004509e+05	4.066184440795951316e-01	4.100573119945442879e-02
1.107960285146305250e+05	4.099436365048522712e-01	4.113558116991002794e-02
1.117016688244485995e+05	4.132944927708742111e-01	4.126587552847877510e-02
1.126142977454882639e+05	4.166712068010920977e-01	4.139661577689338762e-02
1.135339680819887581e+05	4.200739739704626996e-01	4.152780342227107430e-02
1.144607330334230792e+05	4.235029911163022409e-01	4.165943997713195124e-02
1.153946461974432314e+05	4.269584565491837402e-01	4.179152695941545231e-02
1.163357615728469682e+05	4.304405700639140075e-01	4.192406589249948051e-02
1.172841335625699430e+05	4.339495329506046217e-01	4.205705830521663802e-02
1.182398169766983337e+05	4.374855480058182366e-01	4.219050573187340530e-02
1.192028670355034992e+05	4.410488195437972658e-01	4.232440971226732879e-02
1.201733393725000205e+05	4.446395534077784428e-01	4.245877179170580440e-02
1.211512900375255849e+05	4.482579569813880394e-01	4.259359352102339014e-02
1.221367754998449382e+05	4.519042392001267894e-01	4.272887645660065903e-02
1.231298526512753742e+05	4.555786105629341387e-01	4.286462216038143536e-02
1.241305788093378942e+05	4.592812831438471410e-01	4.300083219989290356e-02
1.251390117204293929e+05	4.630124706037381244e-01	4.313750814826257385e-02
1.261552095630184922e+05	4.667723882021386217e-01	4.327465158423617758e-02
1.271792309508674225e+05	4.705612528091606683e-01	4.341226409219869214e-02
1.282111349362768233e+05	4.743792829175020320e-01	4.355034726219083469e-02
1.292509810133534629e+05	4.782266986545377629e-01	4.368890268992862286e-02
1.302988291213018965e+05	4.821037217944980080e-01	4.382793197682118003e-02
1.313547396477444272e+05	4.860105757707526286e-01	4.396743672999198910e-02
1.324187734320626478e+05	4.899474856881748108e-01	4.410741856229548341e-02
1.334909917687612469e+05	4.939146783355866654e-01	4.424787909233680178e-02
1.345714564108661143e+05	4.979123821983325593e-01	4.438881994449153656e-02
1.356602295733344217e+05	5.019408274708963003e-01	4.453024274892401074e-02
1.367573739365046204e+05	5.060002460696660931e-01	4.467214914160683864e-02
1.378629526495566242e+05	5.100908716457368541e-01	4.481454076434159689e-02
1.389770293340123317e+05	5.142129395978627393e-01	4.495741926477512390e-02
1.400996680872538418e+05	5.183666870854738429e-01	4.510078629642211290e-02
1.412309334860688832e+05	5.225523530417944817e-01	4.524464351868322243e-02
1.423708905902223487e+05	5.267701781870579580e-01	4.538899259686541426e-02
1.435196049460596987e+05	5.310204050418388944e-01	4.553383520220102149e-02
1.446771425901268958e+05	5.353032779404472974e-01	4.567917301186758677e-02
1.458435700528308516e+05	5.396190430444715025e-01	4.582500770900853337e-02
1.470189543621104676e+05	5.439679483563617524e-01	4.597134098275262176e-02
1.482033630471523211e+05	5.483502437331776447e-01	4.611817452823351732e-02
1.493968641421223292e+05	5.527661809003953097e-01	4.626551004661146743e-02
1.505995261899264297e+05	5.572160134658219466e-01	4.641334924509139120e-02
1.518114182460050797e+05	5.616999969336359255e-01	4.656169383694518799e-02
1.530326098821483611e+05	5.662183887185011644e-01	4.671054554153081934e-02
1.542631711903501127e+05	5.707714481598293865e-01	4.685990608431271631e-02
1.555031727866759757e+05	5.753594365360900076e-01	4.700977719688356760e-02
1.567526858151715423e+05	5.799826170792715674e-01	4.716016061698422718e-02
1.580117819518004544e+05	5.846412549894518529e-01	4.731105808852373307e-02
1.592805334083993803e+05	5.893356174494313038e-01	4.746247136160103297e-02
1.605590129366787151e+05	5.940659736395359491e-01	4.761440219252606465e-02
1.618472938322411210e+05	5.988325947524859583e-01	4.776685234383924727e-02
1.631454499386282114e+05	6.036357540083673312e-01	4.791982358433398426e-02
1.644535556514159252e+05	6.084757266697865541e-01	4.807331768907705666e-02
1.657716859223163337e+05	6.133527900570453495e-01	4.822733643942981457e-02
1.670999162633249944e+05	6.182672235634867342e-01	4.838188162307065221e-02
1.684383227508961281e+05	6.232193086709435503e-01	4.853695503401459638e-02
1.697869820301456784e+05	6.282093289652886936e-01	4.869255847263542075e-02
1.711459713190898183e+05	6.332375701521180122e-01	4.884869374568718420e-02
1.725153684129093890e+05	6.383043200725292410e-01	4.900536266632669891e-02
1.738952516882541531e+05	6.434098687190465959e-01	4.916256705413368094e-02
1.752857001075725420e+05	6.485545082516415150e-01	4.932030873513387759e-02
1.766867932234756881e+05	6.537385330138795192e-01	4.947858954182018931e-02
1.780986111831314338e+05	6.589622395491773199e-01	4.963741131317479793e-02
1.795212347327002499e+05	6.642259266172166887e-01	4.979677589469079513e-02
1.809547452217877435e+05	6.695298952104175028e-01	4.995668513839547631e-02
1.823992246079500474e+05	6.748744485706089646e-01	5.011714090287130302e-02
1.838547554612119857e+05	6.802598922057453423e-01	5.027814505327925926e-02
1.853214209686396061e+05	6.856865339068254350e-01	5.043969946137980692e-02
1.867993049389286025e+05	6.911546837648689934e-01	5.060180600555670705e-02
1.882884918070400890e+05	6.966646541880691101e-01	5.076446657083888425e-02
1.897890666388626269e+05	7.022167599190421994e-01	5.092768304892362347e-02
1.913011151359108626e+05	7.078113180522117576e-01	5.109145733819844826e-02
1.928247236400643887e+05	7.134486480513436701e-01	5.125579134376438695e-02
1.943599791383323027e+05	7.191290717671732224e-01	5.142068697745895423e-02
1.959069692676632258e+05	7.248529134552038622e-01	5.158614615787856378e-02
1.974657823197838734e+05	7.306204997936083245e-01	5.175217081040308503e-02
1.990365072460732190e+05	7.364321599012639830e-01	5.191876286721714556e-02
2.006192336624828749e+05	7.422882253559580645e-01	5.208592426733421599e-02
2.022140518544807856e+05	7.481890302126781300e-01	5.225365695662077814e-02
2.038210527820398856e+05	7.541349110220721963e-01	5.242196288781725277e-02
2.054403280846602574e+05	7.601262068490285406e-01	5.259084402056515145e-02
2.070719700864336337e+05	7.661632592914152662e-01	5.276030232142745607e-02
2.087160718011399440e+05	7.722464124989376621e-01	5.293033976391400136e-02
2.103727269373840536e+05	7.783760131921434455e-01	5.310095832850331848e-02
2.120420299037698423e+05	7.845524106815670029e-01	5.327216000267030044e-02
2.137240758141139813e+05	7.907759568870206257e-01	5.344394678090652606e-02
2.154189604926980101e+05	7.970470063570270769e-01	5.361632066474569108e-02
2.171267804795615666e+05	8.033659162884033700e-01	5.378928366278759587e-02
2.188476330358299601e+05	8.097330465459746662e-01	5.396283779072272302e-02
2.205816161490831291e+05	8.161487596824377189e-01	5.413698507135607241e-02
2.223288285387692158e+05	8.226134209583915169e-01	5.431172753463143349e-02
2.240893696616564994e+05	8.291273983625097044e-01	5.448706721765676775e-02
2.258633397173156845e+05	8.356910626318244661e-01	5.466300616472831442e-02
2.276508396536608925e+05	8.423047872722287943e-01	5.483954642735425905e-02
2.294519711725166999e+05	8.489689485790732348e-01	5.501669006428176051e-02
2.312668367352353525e+05	8.556839256579511499e-01	5.519443914151970360e-02
2.330955395683495735e+05	8.624501004456125441e-01	5.537279573236492808e-02
2.349381836692738871e+05	8.692678577310599675e-01	5.555176191742591807e-02
2.367948738120440685e+05	8.761375851767834178e-01	5.573133978464987759e-02
2.386657155530978343e+05	8.830596733401496756e-01	5.591153142934635056e-02
2.405508152371046890e+05	8.900345156949726055e-01	5.609233895421360250e-02
2.424502800028331694e+05	8.970625086532209025e-01	5.627376446936390580e-02
2.443642177890641615e+05	9.041440515868984784e-01	5.645581009234770797e-02
2.462927373405467952e+05	9.112795468500805018e-01	5.663847794818110959e-02
2.482359482140034670e+05	9.184693998011320692e-01	5.682177016937079578e-02
2.501939607841701945e+05	9.257140188250576607e-01	5.700568889593954358e-02
2.521668862498933158e+05	9.330138153560580960e-01	5.719023627545271465e-02
2.541548366402606189e+05	9.403692039002170544e-01	5.737541446304404019e-02
2.561579248207876517e+05	9.477806020583887658e-01	5.756122562144119770e-02
2.581762644996406743e+05	9.552484305492232597e-01	5.774767192099310165e-02
2.602099702339167998e+05	9.627731132324041097e-01	5.793475553969494596e-02
2.622591574359614751e+05	9.703550771320210711e-01	5.812247866321581385e-02
2.643239423797311028e+05	9.779947524601128039e-01	5.831084348492441422e-02
2.664044422072179150e+05	9.856925726404393018e-01	5.849985220591563673e-02
2.685007749349078513e+05	9.934489743323742239e-01	5.868950703503740540e-02
2.706130594602880883e+05	1.001264397454983968e+00	5.887981018891775414e-02
2.727414155684126308e+05	1.009139285211321235e+00	5.907076389199092392e-02
2.748859639385080663e+05	1.017074084112862931e+00	5.926237037652542367e-02
2.770468261506287963e+05	1.025069244004138680e+00	5.945463188265040499e-02
2.792241246923670988e+05	1.033125218087553865e+00	5.964755065838332759e-02
2.814179829656046932e+05	1.041242462948373415e+00	5.984112895965633394e-02
2.836285252933255979e+05	1.049421438579927868e+00	6.003536905034412979e-02
2.858558769264708972e+05	1.057662608408976412e+00	6.023027320229203119e-02
2.881001640508425771e+05	1.065966439321250014e+00	6.042584369534287347e-02
2.903615137940679560e+05	1.074333401687221246e+00	6.062208281736507220e-02
2.926400542326188297e+05	1.082763969388073733e+00	6.081899286427983747e-02
2.949359143988567521e+05	1.091258619841770194e+00	6.101657614008904745e-02
2.972492242881641141e+05	1.099817834029437114e+00	6.121483495690453747e-02
2.995801148661084007e+05	1.108442096521873532e+00	6.141377163497509922e-02
3.019287180756652378e+05	1.117131895506273453e+00	6.161338850271429884e-02
3.042951668444934185e+05	1.125887722813146308e+00	6.181368789673025166e-02
3.066795950922619668e+05	1.134710073943425490e+00	6.201467216185206632e-02
3.090821377380446065e+05	1.143599448095827809e+00	6.221634365115991799e-02
3.115029307077503763e+05	1.152556348194347491e+00	6.241870472601322717e-02
3.139421109416177496e+05	1.161581280915983339e+00	6.262175775607894956e-02
3.163998164017776726e+05	1.170674756718721898e+00	6.282550511936164928e-02
3.188761860798459966e+05	1.179837289869630768e+00	6.302994920223016495e-02
3.213713600045883213e+05	1.189069398473216577e+00	6.323509239944903604e-02
3.238854792496527079e+05	1.198371604500036769e+00	6.344093711420559223e-02
3.264186859413306229e+05	1.207744433815415519e+00	6.364748575814106746e-02
3.289711232664050185e+05	1.217188416208480284e+00	6.385474075137911876e-02
3.315429354800425353e+05	1.226704085421363777e+00	6.406270452255476144e-02
3.341342679137398372e+05	1.236291979178605560e+00	6.427137950884465045e-02
3.367452669833409018e+05	1.245952639216814095e+00	6.448076815599632083e-02
3.393760801971004694e+05	1.255686611314503764e+00	6.469087291835821929e-02
3.420268561638275860e+05	1.265494445322224770e+00	6.490169625890981897e-02
3.446977446010658750e+05	1.275376695192829590e+00	6.511324064929092936e-02
3.473888963433555327e+05	1.285333919012042747e+00	6.532550856983253273e-02
3.501004633505383390e+05	1.295366679029189116e+00	6.553850250958626056e-02
3.528325987161360681e+05	1.305475541688194685e+00	6.575222496635557690e-02
3.555854566757929279e+05	1.315661077658821787e+00	6.596667844672590708e-02
3.583591926157703856e+05	1.325923861868101294e+00	6.618186546609465537e-02
3.611539630815165583e+05	1.336264473532039032e+00	6.639778854870269365e-02
3.639699257862906670e+05	1.346683496187525586e+00	6.661445022766426804e-02
3.668072396198499482e+05	1.357181517724478148e+00	6.683185304499875135e-02
3.696660646572199184e+05	1.367759130418290114e+00	6.704999955166054959e-02
3.725465621674984577e+05	1.378416930962406806e+00	6.726889230757149285e-02
3.754488946227563429e+05	1.389155520501255792e+00	6.748853388165147738e-02
3.783732257069812622e+05	1.399975504663341308e+00	6.770892685184908000e-02
3.813197203251119354e+05	1.410877493594669962e+00	6.793007380517381011e-02
3.842885446120991255e+05	1.421862101992274807e+00	6.815197733772837552e-02
3.872798659420847544e+05	1.432929949138180392e+00	6.837464005473858908e-02
3.902938529376161168e+05	1.444081658933494161e+00	6.859806457058674478e-02
3.933306754789277911e+05	1.455317859932747648e+00	6.882225350884253745e-02
3.963905047133131884e+05	1.466639185378574073e+00	6.904720950229530085e-02
3.994735130645522731e+05	1.478046273236589103e+00	6.927293519298642621e-02
4.025798742424056982e+05	1.489539766230519646e+00	6.949943323224123948e-02
4.057097632521921187e+05	1.501120311877638613e+00	6.972670628070232191e-02
4.088633564044203958e+05	1.512788562524405300e+00	6.995475700835988853e-02
4.120408313245116151e+05	1.524545175382436168e+00	7.018358809458720426e-02
4.152423669625783223e+05	1.536390812564687902e+00	7.041320222817058772e-02
4.184681436032907222e+05	1.548326141121961763e+00	7.064360210734413337e-02
4.217183428757954389e+05	1.560351833079604456e+00	7.087479043982253257e-02
4.249931477637332864e+05	1.572468565474571367e+00	7.110676994283245123e-02
4.282927426153100678e+05	1.584677020392690316e+00	7.133954334314779322e-02
4.316173131534532877e+05	1.596977885006240605e+00	7.157311337712228549e-02
4.349670464860479115e+05	1.609371851611824500e+00	7.180748279072231288e-02
4.383421311162315542e+05	1.621859617668460762e+00	7.204265433956121012e-02
4.417427569527871674e+05	1.634441885836035668e+00	7.227863078893272120e-02
4.451691153205978335e+05	1.647119364013988285e+00	7.251541491384501381e-02
4.486213989711827599e+05	1.659892765380288848e+00	7.275300949905356973e-02
4.520998020933184307e+05	1.672762808430743542e+00	7.299141733909668417e-02
4.556045203237308306e+05	1.685730217018547972e+00	7.323064123832875860e-02
4.591357507578679943e+05	1.698795720394152831e+00	7.347068401095491197e-02
4.626936919607546297e+05	1.711960053245419777e+00	7.371154848106521718e-02
4.662785439779292792e+05	1.725223955738092396e+00	7.395323748266915964e-02
4.698905083464658819e+05	1.738588173556575356e+00	7.419575385973084525e-02
4.735297881060586078e+05	1.752053457944945825e+00	7.443910046620313969e-02
4.771965878102143761e+05	1.765620565748369231e+00	7.468328016606264053e-02
4.808911135375117301e+05	1.779290259454754164e+00	7.492829583334537080e-02
4.846135729029476061e+05	1.793063307236736792e+00	7.517415035218091846e-02
4.883641750693760114e+05	1.806940482994001895e+00	7.542084661682867119e-02
4.921431307590142824e+05	1.820922566395858810e+00	7.566838753171303833e-02
4.959506522650518455e+05	1.835010342924190851e+00	7.591677601145863097e-02
4.997869534633469302e+05	1.849204603916735135e+00	7.616601498092569200e-02
5.036522498241861467e+05	1.863506146610591330e+00	7.641610737524662245e-02
5.075467584241554141e+05	1.877915774186144526e+00	7.666705613986213308e-02
5.114706979580973857e+05	1.892434295811307621e+00	7.691886423055629973e-02
5.154242887511395966e+05	1.907062526686025272e+00	7.717153461349342269e-02
5.194077527708364069e+05	1.921801288087199078e+00	7.742507026525363711e-02
5.234213136393824243e+05	1.936651407413876536e+00	7.767947417287096590e-02
5.274651966459190007e+05	1.951613718232785510e+00	7.793474933386748682e-02
5.315396287589553976e+05	1.966689060324291916e+00	7.819089875629224584e-02
5.356448386388281360e+05	1.981878279728498837e+00	7.844792545875707568e-02
5.397810566503257724e+05	1.997182228791959391e+00	7.870583247047423237e-02
5.439485148753512185e+05	2.012601766214526133e+00	7.896462283129208892e-02
5.481474471257012337e+05	2.028137757096634797e+00	7.922429959173396541e-02
5.523780889559256611e+05	2.043791072986883783e+00	7.948486581303465526e-02
5.566406776763133239e+05	2.059562591930081066e+00	7.974632456717822837e-02
5.609354523659426486e+05	2.075453198515532893e+00	8.000867893693511257e-02
5.652626538858347340e+05	2.091463783925707975e+00	8.027193201590088201e-02
5.696225248922200408e+05	2.107595245985326660e+00	8.053608690853349128e-02
5.740153098498992622e+05	2.123848489210792501e+00	8.080114673019152260e-02
5.784412550456844037e+05	2.140224424859926700e+00	8.106711460717221096e-02
5.829006086019602371e+05	2.156723970982144412e+00	8.133399367674999658e-02
5.873936204903366743e+05	2.173348052468969005e+00	8.160178708721464724e-02
5.919205425454147626e+05	2.190097601104964209e+00	8.187049799791046301e-02
5.964816284786465112e+05	2.206973555619018867e+00	8.214012957927395442e-02
6.010771338922742289e+05	2.223976861735917243e+00	8.241068501287410197e-02
6.057073162934238790e+05	2.241108472228488413e+00	8.268216749145086697e-02
6.103724351082696812e+05	2.258369346970014568e+00	8.295458021895378564e-02
6.150727516962933587e+05	2.275760452986987037e+00	8.322792641058128493e-02
6.198085293647006620e+05	2.293282764512451166e+00	8.350220929282123339e-02
6.245800333828778239e+05	2.310937263039491985e+00	8.377743210348892466e-02
6.293875309969928348e+05	2.328724937375261206e+00	8.405359809176840558e-02
6.342312914447202347e+05	2.346646783695456318e+00	8.433071051825119513e-02
6.391115859700395958e+05	2.364703805599075892e+00	8.460877265497666888e-02
6.440286878381646238e+05	2.382897014163657623e+00	8.488778778547288739e-02
6.489828723505825037e+05	2.401227428000923592e+00	8.516775920479467687e-02
6.539744168601892889e+05	2.419696073312779472e+00	8.544869021956730260e-02
6.590036007865644060e+05	2.438303983947831988e+00	8.573058414802479932e-02
6.640707056313381763e+05	2.457052201458246987e+00	8.601344432005103569e-02
6.691760149936727248e+05	2.475941775157029401e+00	8.629727407722129207e-02
6.743198145858835196e+05	2.494973762175823673e+00	8.658207677284242287e-02
6.795023922491421690e+05	2.514149227523009955e+00	8.686785577199489239e-02
6.847240379693051800e+05	2.533469244142275922e+00	8.715461445157299258e-02
6.899850438928969670e+05	2.552934892971749914e+00	8.744235620032751732e-02
6.952857043431560742e+05	2.572547263003372109e+00	8.773108441890577203e-02
7.006263158362291288e+05	2.592307451342814595e+00	8.802080251989630177e-02
7.060071770974925021e+05	2.612216563269866398e+00	8.831151392786652787e-02
7.114285890779771144e+05	2.632275712299209758e+00	8.860322207940764250e-02
7.168908549709254876e+05	2.652486020241677345e+00	8.889593042317861515e-02
7.223942802284801146e+05	2.672848617266002869e+00	8.918964241994378761e-02
7.279391725784741575e+05	2.693364641960943828e+00	8.948436154261869835e-02
7.335258420413535787e+05	2.714035241397892317e+00	8.978009127631167430e-02
7.391546009472435107e+05	2.734861571194023622e+00	9.007683511836736545e-02
7.448257639531228924e+05	2.755844795575839168e+00	9.037459657840923866e-02
7.505396480601239018e+05	2.776986087443173545e+00	9.067337917838180772e-02
7.562965726309847087e+05	2.798286628433773959e+00	9.097318645259636072e-02
7.620968594075954752e+05	2.819747608988216747e+00	9.127402194777105293e-02
7.679408325287137413e+05	2.841370228415452726e+00	9.157588922307795254e-02
7.738288185477763182e+05	2.863155694958716690e+00	9.187879185018406336e-02
7.797611464508684585e+05	2.885105225862004907e+00	9.218273341329627502e-02
7.857381476748116547e+05	2.907220047437006016e+00	9.248771750920586898e-02
7.917601561253948603e+05	2.929501395130556851e+00	9.279374774733190057e-02
7.978275081957392395e+05	2.951950513592584979e+00	9.310082774976527475e-02
8.039405427847970277e+05	2.974568656744561945e+00	9.340896115131673560e-02
8.100996013159852009e+05	2.997357087848442347e+00	9.371815159955503016e-02
8.163050277559706010e+05	3.020317079576170904e+00	9.402840275485906119e-02
8.225571686335802078e+05	3.043449914079650487e+00	9.433971829045637025e-02
8.288563730588449398e+05	3.066756883061202199e+00	9.465210189247404149e-02
8.352029927422280889e+05	3.090239287844711580e+00	9.496555725997850306e-02
8.415973820139336167e+05	3.113898439447068789e+00	9.528008810502609782e-02
8.480398978434093297e+05	3.137735658650329995e+00	9.559569815270557713e-02
8.545308998589696130e+05	3.161752276074321522e+00	9.591239114118499387e-02
8.610707503675762564e+05	3.185949632249827523e+00	9.623017082175595871e-02
8.676598143747439608e+05	3.210329077692242183e+00	9.654904095888428017e-02
8.742984596046402585e+05	3.234891972975937335e+00	9.686900533025126492e-02
8.809870565202713478e+05	3.259639688808949387e+00	9.719006772680231776e-02
8.877259783438665327e+05	3.284573606108404764e+00	9.751223195279433431e-02
8.945156010774067836e+05	3.309695116076469379e+00	9.783550182584142829e-02
9.013563035232833354e+05	3.335005620276792815e+00	9.815988117696231030e-02
9.082484673051394057e+05	3.360506530711615092e+00	9.848537385062566818e-02
9.151924768888377585e+05	3.386199269899350828e+00	9.881198370480205606e-02
9.221887196036075475e+05	3.412085270952832428e+00	9.913971461100601346e-02
9.292375856633338844e+05	3.438165977658076855e+00	9.946857045434746858e-02
9.363394681880157441e+05	3.464442844553684786e+00	9.979855513357854813e-02
9.434947632253752090e+05	3.490917337010791321e+00	1.001296725611395266e-01
9.507038697726322571e+05	3.517590931313633540e+00	1.004619266632105906e-01
9.579671897984283278e+05	3.544465114740667389e+00	1.007953213797578018e-01
9.652851282649530331e+05	3.571541385646435973e+00	1.011298606645817943e-01
9.726580931501742452e+05	3.598821253543819765e+00	1.014655484853675266e-01
9.800864954702869290e+05	3.626306239187099933e+00	1.018023888237307162e-01
9.875707493022927083e+05	3.653997874655497746e+00	1.021403856752696043e-01
9.951112718067754759e+05	3.681897703437448488e+00	1.024795430496144300e-01
1.002708483250821708e+06	3.710007280515403849e+00	1.028198649704737955e-01
1.010362807031131815e+06	3.738328172451343967e+00	1.031613554756856677e-01
1.018074669697281322e+06	3.766861957472843248e+00	1.035040186172683646e-01
1.025844500975180068e+06	3.795610225559871154e+00	1.038478584614700717e-01
1.033672733790683676e+06	3.824574578532151659e+00	1.041928790888175665e-01
1.041559804293401074e+06	3.853756630137250117e+00	1.045390845941663455e-01
1.049506151880657766e+06	3.883158006139241891e+00	1.048864790867536645e-01
1.057512219221639214e+06	3.912780344408036459e+00	1.052350666902469173e-01
1.065578452281745849e+06	3.942625295009497322e+00	1.055848515427953160e-01
1.073705300347076496e+06	3.972694520296021103e+00	1.059358377970793241e-01
1.081893216049149632e+06	4.002989694998015935e+00	1.062880296203640301e-01
1.090142655389756896e+06	4.033512506315853230e+00	1.066414311945494547e-01
1.098454077766047092e+06	4.064264654012676559e+00	1.069960467162219264e-01
1.106827945995742455e+06	4.095247850507708343e+00	1.073518803967078855e-01
1.115264726342623821e+06	4.126463820970538876e+00	1.077089364621212908e-01
1.123764888542093569e+06	4.157914303415711110e+00	1.080672191534203797e-01
1.132328905827046372e+06	4.189601048798439642e+00	1.084267327264566982e-01
1.140957254953856114e+06	4.221525821110765797e+00	1.087874814520289612e-01
1.149650416228550021e+06	4.253690397478399277e+00	1.091494696159365507e-01
1.158408873533261009e+06	4.286096568258590978e+00	1.095127015190314052e-01
1.167233114352762233e+06	4.318746137138313124e+00	1.098771814772705607e-01
1.176123629801292671e+06	4.351640921233509651e+00	1.102429138217690813e-01
1.185080914649529383e+06	4.384782751188896377e+00	1.106099028988551114e-01
1.194105467351781903e+06	4.418173471278578290e+00	1.109781530701223901e-01
1.203197790073379176e+06	4.451814939507381830e+00	1.113476687124841796e-01
1.212358388718258357e+06	4.485709027712934116e+00	1.117184542182281526e-01
1.221587772956776433e+06	4.519857621668559311e+00	1.120905139950680446e-01
1.230886456253721612e+06	4.554262621186929039e+00	1.124638524662010114e-01
1.240254955896502128e+06	4.588925940224357625e+00	1.128384740703605726e-01
1.249693793023582082e+06	4.623849506986008606e+00	1.132143832618711515e-01
1.259203492653135676e+06	4.659035264031924584e+00	1.135915845107040578e-01
1.268784583711875603e+06	4.694485168383685014e+00	1.139700823025322080e-01
1.278437599064103095e+06	4.730201191631890012e+00	1.143498811387848452e-01
1.288163075541009195e+06	4.766185320044582951e+00	1.147309855367044940e-01
1.297961553970167646e+06	4.802439554676366740e+00	1.151134000294002369e-01
1.307833579205228016e+06	4.838965911478266158e+00	1.154971291659075694e-01
1.317779700155882630e+06	4.875766421408612494e+00	1.158821775112396091e-01
1.327800469818001147e+06	4.912843130544539250e+00	1.162685496464468948e-01
1.337896445304032881e+06	4.950198100194460160e+00	1.166562501686741332e-01
1.348068187873578398e+06	4.987833407011198261e+00	1.170452836912145023e-01
1.358316262964274501e+06	5.025751143106252705e+00	1.174356548435687569e-01
1.368641240222829161e+06	5.063953416164626908e+00	1.178273682715009346e-01
1.379043693536299746e+06	5.102442349560558199e+00	1.182204286370961976e-01
1.389524201063672546e+06	5.141220082474366571e+00	1.186148406188196336e-01
1.400083345267581521e+06	5.180288770009801702e+00	1.190106089115709059e-01
1.410721712946328567e+06	5.219650583312534842e+00	1.194077382267466486e-01
1.421439895266091218e+06	5.259307709689307941e+00	1.198062332922939371e-01
1.432238487793435343e+06	5.299262352728248082e+00	1.202060988527718088e-01
1.443118090528022265e+06	5.339516732419865797e+00	1.206073396694084671e-01
1.454079307935543824e+06	5.380073085278931799e+00	1.210099605201617745e-01
1.465122748980960110e+06	5.420933664467443514e+00	1.214139661997753333e-01
1.476249027161919046e+06	5.462100739918280823e+00	1.218193615198408242e-01
1.487458760542499600e+06	5.503576598460056424e+00	1.222261513088556684e-01
1.498752571787119145e+06	5.545363543942572804e+00	1.226343404122822861e-01
1.510131088194763521e+06	5.587463897363472931e+00	1.230439336926078681e-01
1.521594941733434098e+06	5.629879996995689417e+00	1.234549360294080467e-01
1.533144769074856071e+06	5.672614198515876005e+00	1.238673523194014081e-01
1.544781211629456840e+06	5.715668875133808058e+00	1.242811874765143432e-01
1.556504915581614710e+06	5.759046417722828437e+00	1.246964464319395560e-01
1.568316531925120158e+06	5.802749234951026125e+00	1.251131341341983338e-01
1.580216716498943511e+06	5.846779753413596126e+00	1.255312555492015258e-01
1.592206130023255944e+06	5.891140417766108861e+00	1.259508156603088291e-01
1.604285438135741511e+06	5.935833690858863143e+00	1.263718194683933760e-01
1.616455311428119196e+06	5.980862053872020745e+00	1.267942719919022965e-01
1.628716425483017694e+06	6.026228006452040376e+00	1.272181782669170036e-01
1.641069460911025992e+06	6.071934066848765355e+00	1.276435433472183634e-01
1.653515103388126940e+06	6.117982772053925267e+00	1.280703723043473408e-01
1.666054043693332002e+06	6.164376677940390792e+00	1.284986702276683102e-01
1.678686977746607503e+06	6.211118359402486355e+00	1.289284422244315609e-01
1.691414606647125678e+06	6.258210410497533793e+00	1.293596934198371073e-01
1.704237636711745756e+06	6.305655444588225578e+00	1.297924289570965561e-01
1.717156779513810296e+06	6.353456094486166883e+00	1.302266539974988591e-01
1.730172751922223717e+06	6.401615012596471921e+00	1.306623737204715141e-01
1.743286276140830480e+06	6.450134871063457176e+00	1.310995933236476230e-01
1.756498079748056829e+06	6.499018361917322295e+00	1.315383180229283133e-01
1.769808895736884093e+06	6.548268197222041564e+00	1.319785530525458828e-01
1.783219462555095553e+06	6.597887109224288338e+00	1.324203036651315502e-01
1.796730524145825300e+06	6.647877850503449260e+00	1.328635751317794600e-01
1.810342829988431651e+06	6.698243194122875721e+00	1.333083727421088271e-01
1.824057135139622260e+06	6.748985933782024382e+00	1.337547018043354075e-01
1.837874200274933130e+06	6.800108883969950391e+00	1.342025676453306171e-01
1.851794791730511468e+06	6.851614880119883289e+00	1.346519756106924481e-01
1.865819681545187254e+06	6.903506778764906926e+00	1.351029310648079462e-01
1.879949647502862848e+06	6.955787457694791343e+00	1.355554393909223221e-01
1.894185473175209714e+06	7.008459816113975727e+00	1.360095059912047877e-01
1.908527947964740219e+06	7.061526774800927164e+00	1.364651362868123385e-01
1.922977867148106219e+06	7.114991276268349374e+00	1.369223357179632228e-01
1.937536031919789035e+06	7.168856284924835620e+00	1.373811097439969764e-01
1.952203249436101876e+06	7.223124787237675370e+00	1.378414638434473094e-01
1.966980332859472372e+06	7.277799791896698345e+00	1.383034035141087748e-01
1.981868101403137902e+06	7.332884329979645344e+00	1.387669342731020217e-01
1.996867380376102636e+06	7.388381455118514296e+00	1.392320616569452663e-01
2.011979001228448702e+06	7.444294243667205713e+00	1.396987912216209882e-01
2.027203801596992183e+06	7.500625794870451557e+00	1.401671285426462354e-01
2.042542625351283234e+06	7.557379231034012435e+00	1.406370792151401539e-01
2.057996322639927035e+06	7.614557697696072047e+00	1.411086488538933481e-01
2.073565749937276822e+06	7.672164363799987896e+00	1.415818430934386862e-01
2.089251770090434002e+06	7.730202421868203722e+00	1.420566675881198282e-01
2.105055252366647590e+06	7.788675088177616779e+00	1.425331280121609756e-01
2.120977072500992101e+06	7.847585602935996718e+00	1.430112300597380648e-01
2.137018112744535785e+06	7.906937230460194144e+00	1.434909794450488496e-01
2.153179261912669986e+06	7.966733259354970009e+00	1.439723819023834006e-01
2.169461415434001945e+06	8.026977002693890029e+00	1.444554431861964083e-01
2.185865475399450399e+06	8.087671798200982920e+00	1.449401690711755730e-01
2.202392350611784495e+06	8.148821008434032009e+00	1.454265653523147961e-01
2.219042956635546405e+06	8.210428020969283480e+00	1.459146378449890091e-01
2.235818215847269632e+06	8.272496248587270173e+00	1.464043923850202600e-01
2.252719057486173697e+06	8.335029129460357566e+00	1.468958348287532911e-01
2.269746417705094907e+06	8.398030127341199247e+00	1.473889710531289254e-01
2.286901239621996414e+06	8.461502731753331119e+00	1.478838069557538992e-01
2.304184473371598870e+06	8.525450458182186608e+00	1.483803484549756357e-01
2.321597076157653704e+06	8.589876848268520604e+00	1.488786014899581844e-01
2.339140012305427808e+06	8.654785470002599013e+00	1.493785720207493339e-01
2.356814253314695321e+06	8.720179917920260593e+00	1.498802660283599930e-01
2.374620777913010679e+06	8.786063813300039271e+00	1.503836895148367714e-01
2.392560572109454311e+06	8.852440804362009530e+00	1.508888485033355320e-01
2.410634629248769023e+06	8.919314566468100836e+00	1.513957490381965254e-01
2.428843950065896381e+06	8.986688802323870462e+00	1.519043971850186636e-01
2.447189542740900069e+06	9.054567242181732922e+00	1.524147990307367639e-01
2.465672422954277601e+06	9.122953644045603383e+00	1.529269606836931306e-01
2.484293613942726515e+06	9.191851793877225063e+00	1.534408882737164359e-01
2.503054146555366926e+06	9.261265505804216147e+00	1.539565879521984093e-01
2.521955059310249053e+06	9.331198622329115011e+00	1.544740658921650300e-01
2.540997398451422341e+06	9.401655014540562405e+00	1.549933282883592667e-01
2.560182218006273732e+06	9.472638582325435763e+00	1.555143813573147682e-01
2.579510579843484331e+06	9.544153254583298107e+00	1.560372313374319975e-01
2.598983553731288295e+06	9.616202989441942961e+00	1.565618844890560302e-01
2.618602217396106105e+06	9.688791774474351470e+00	1.570883470945561577e-01
2.638367656581792980e+06	9.761923626917900165e+00	1.576166254584017989e-01
2.658280965109232813e+06	9.835602593894863688e+00	1.581467259072410481e-01
2.678343244936297648e+06	9.909832752634255115e+00	1.586786547899796673e-01
2.698555606218405068e+06	9.984618210695902718e+00	1.592124184778585805e-01
2.718919167369437404e+06	1.005996310619583056e+01	1.597480233645350300e-01
2.739435055123063736e+06	1.013587160803317033e+01	1.602854758661580448e-01
2.760104404594636988e+06	1.021234791611916393e+01	1.608247824214526500e-01
2.780928359343516175e+06	1.028939626160775589e+01	1.613659494917955572e-01
2.801908071435774677e+06	1.036702090712762825e+01	1.619089835612996520e-01
2.823044701507467311e+06	1.044522614701626750e+01	1.624538911368883232e-01
2.844339418828270398e+06	1.052401630755544559e+01	1.630006787483828656e-01
2.865793401365764905e+06	1.060339574720905809e+01	1.635493529485794462e-01
2.887407835849968251e+06	1.068336885686190207e+01	1.640999203133306494e-01
2.909183917838506866e+06	1.076394006006080417e+01	1.646523874416274125e-01
2.931122851782271639e+06	1.084511381325754620e+01	1.652067609556806538e-01
2.953225851091454737e+06	1.092689460605320662e+01	1.657630475010054283e-01
2.975494138202174567e+06	1.100928696144465491e+01	1.663212537465003360e-01
2.997928944643571507e+06	1.109229543607283475e+01	1.668813863845315382e-01
3.020531511105376761e+06	1.117592462047273649e+01	1.674434521310164958e-01
3.043303087505972479e+06	1.126017913932523484e+01	1.680074577255072366e-01
3.066244933061072137e+06	1.134506365171121622e+01	1.685734099312710677e-01
3.089358316352710128e+06	1.143058285136680929e+01	1.691413155353784226e-01
3.112644515398916323e+06	1.151674146694120360e+01	1.697111813487851562e-01
3.136104817723887507e+06	1.160354426225627655e+01	1.702830142064178376e-01
3.159740520428599790e+06	1.169099603656785646e+01	1.708568209672583771e-01
3.183552930261935107e+06	1.177910162482889334e+01	1.714326085144245171e-01
3.207543363692478277e+06	1.186786589795510061e+01	1.720103837552637016e-01
3.231713146980727091e+06	1.195729376309213876e+01	1.725901536214341225e-01
3.256063616251882166e+06	1.204739016388493411e+01	1.731719250689897349e-01
3.280596117569096852e+06	1.213816008074869934e+01	1.737557050784694079e-01
3.305312007007494103e+06	1.222960853114279978e+01	1.743415006549814128e-01
3.330212650728353765e+06	1.232174056984523958e+01	1.749293188282914635e-01
3.355299425054285675e+06	1.241456128923081259e+01	1.755191666529082040e-01
3.380573716544635594e+06	1.250807581955008096e+01	1.761110512081734691e-01
3.406036922071657609e+06	1.260228932921124390e+01	1.767049795983489380e-01
3.431690448897017166e+06	1.269720702506316989e+01	1.773009589527033691e-01
3.457535714749152306e+06	1.279283415268163893e+01	1.778989964256034728e-01
3.483574147901006509e+06	1.288917599665697367e+01	1.784990991965995921e-01
3.509807187248411123e+06	1.298623788088401199e+01	1.791012744705177961e-01
3.536236282388983294e+06	1.308402516885407252e+01	1.797055294775485867e-01
3.562862893701783381e+06	1.318254326394965759e+01	1.803118714733329964e-01
3.589688492427318357e+06	1.328179760974047952e+01	1.809203077390573455e-01
3.616714560748344287e+06	1.338179369028240728e+01	1.815308455815433097e-01
3.643942591871143784e+06	1.348253703041822860e+01	1.821434923333379308e-01
3.671374090107504744e+06	1.358403319608092730e+01	1.827582553528001863e-01
3.699010570957171265e+06	1.368628779459879041e+01	1.833751420241996610e-01
3.726853561191131361e+06	1.378930647500354212e+01	1.839941597578059751e-01
3.754904598935273010e+06	1.389309492833988102e+01	1.846153159899759089e-01
3.783165233754806221e+06	1.399765888797784363e+01	1.852386181832517409e-01
3.811637026739270892e+06	1.410300412992733321e+01	1.858640738264531744e-01
3.840321550588215701e+06	1.420913647315511597e+01	1.864916904347646842e-01
3.869220389697484672e+06	1.431606177990409812e+01	1.871214755498391280e-01
3.898335140246106312e+06	1.442378595601480917e+01	1.877534367398807635e-01
3.927667410283858888e+06	1.453231495124937922e+01	1.883875815997459735e-01
3.957218819819584023e+06	1.464165475961832108e+01	1.890239177510342483e-01
3.986991000909946393e+06	1.475181141970892540e+01	1.896624528421872735e-01
4.016985597749042790e+06	1.486279101501680522e+01	1.903031945485776921e-01
4.047204266758636106e+06	1.497459967427978533e+01	1.909461505726086916e-01
4.077648676678932738e+06	1.508724357181375098e+01	1.915913286438093166e-01
4.108320508660220075e+06	1.520072892785172414e+01	1.922387365189302810e-01
4.139221456355040427e+06	1.531506200888489921e+01	1.928883819820395307e-01
4.170353226011131424e+06	1.543024912800651194e+01	1.935402728446179721e-01
4.201717536565043963e+06	1.554629664525824673e+01	1.941944169456604197e-01
4.233316119736434892e+06	1.566321096797908652e+01	1.948508221517700201e-01
4.265150720123023726e+06	1.578099855115669037e+01	1.955094963572550359e-01
4.297223095296356827e+06	1.589966589778168782e+01	1.961704474842297374e-01
4.329535015898214653e+06	1.601921955920439800e+01	1.968336834827122683e-01
4.362088265737753361e+06	1.613966613549424167e+01	1.974992123307215131e-01
4.394884641889270395e+06	1.626101227580149811e+01	1.981670420343795980e-01
4.427925954790998250e+06	1.638326467872280290e+01	1.988371806280060661e-01
4.461214028344120830e+06	1.650643009266754291e+01	1.995096361742260127e-01
4.494750700013139285e+06	1.663051531622918944e+01	2.001844167640608463e-01
4.528537820926405489e+06	1.675552719855726735e+01	2.008615305170359244e-01
4.562577255977896973e+06	1.688147263973393919e+01	2.015409855812791140e-01
4.596870883929328993e+06	1.700835859115179005e+01	2.022227901336212386e-01
4.631420597513289191e+06	1.713619205589546368e+01	2.029069523797012164e-01
4.666228303537079133e+06	1.726498008912583870e+01	2.035934805540600412e-01
4.701295922987326048e+06	1.739472979846710743e+01	2.042823829202533303e-01
4.736625391135320067e+06	1.752544834439650856e+01	2.049736677709470822e-01
4.772218657643110491e+06	1.765714294063691980e+01	2.056673434280226198e-01
4.808077686670622788e+06	1.778982085455312401e+01	2.063634182426842267e-01
4.844204456983233802e+06	1.792348940754991560e+01	2.070619005955536551e-01
4.880600962060361169e+06	1.805815597547380946e+01	2.077627988967861994e-01
4.917269210204873234e+06	1.819382798901789400e+01	2.084661215861636774e-01
4.954211224653212354e+06	1.833051293412927052e+01	2.091718771332095883e-01
4.991429043686321005e+06	1.846821835241950538e+01	2.098800740372853690e-01
5.028924720741537400e+06	1.860695184157859217e+01	2.105907208277036924e-01
5.066700324525141157e+06	1.874672105579142212e+01	2.113038260638309962e-01
5.104757939125782810e+06	1.888753370615743421e+01	2.120193983351930378e-01
5.143099664129032753e+06	1.902939756111446812e+01	2.127374462615835571e-01
5.181727614732306451e+06	1.917232044686397074e+01	2.134579784931715241e-01
5.220643921860996634e+06	1.931631024780067918e+01	2.141810037106088305e-01
5.259850732285185717e+06	1.946137490694449923e+01	2.149065306251358998e-01
5.299350208737734705e+06	1.960752242637735776e+01	2.156345679786939029e-01
5.339144530032495037e+06	1.975476086768065542e+01	2.163651245440302850e-01
5.379235891184203327e+06	1.990309835237882652e+01	2.170982091248104262e-01
5.419626503528556786e+06	2.005254306238365203e+01	2.178338305557253884e-01
5.460318594843644649e+06	2.020310324044352868e+01	2.185719977026016059e-01
5.501314409472218715e+06	2.035478719059588215e+01	2.193127194625140997e-01
5.542616208444551565e+06	2.050760327862172616e+01	2.200560047638937533e-01
5.584226269602633081e+06	2.066155993250521661e+01	2.208018625666402779e-01
5.626146887725149281e+06	2.081666564289604082e+01	2.215503018622331788e-01
5.668380374653165229e+06	2.097292896357445358e+01	2.223013316738438605e-01
5.710929059416973963e+06	2.113035851192062253e+01	2.230549610564498131e-01
5.753795288363898173e+06	2.128896296938749089e+01	2.238111990969440523e-01
5.796981425286931917e+06	2.144875108197673086e+01	2.245700549142488345e-01
5.840489851554402150e+06	2.160973166071853058e+01	2.253315376594316466e-01
5.884322966240560636e+06	2.177191358215473471e+01	2.260956565158168952e-01
5.928483186257105321e+06	2.193530578882551296e+01	2.268624206991027292e-01
5.972972946485892870e+06	2.209991728976035930e+01	2.276318394574713411e-01
6.017794699912278913e+06	2.226575716097147861e+01	2.284039220717072605e-01
6.062950917759741656e+06	2.243283454595187010e+01	2.291786778553127069e-01
6.108444089625444263e+06	2.260115865617692776e+01	2.299561161546239130e-01
6.154276723616685718e+06	2.277073877160928106e+01	2.307362463489276150e-01
6.200451346488561481e+06	2.294158424120815809e+01	2.315190778505758773e-01
6.246970503782408312e+06	2.311370448344161588e+01	2.323046201051035264e-01
6.293836759965485893e+06	2.328710898680338559e+01	2.330928825913497482e-01
6.341052698571563698e+06	2.346180731033300759e+01	2.338838748215719687e-01
6.388620922342747450e+06	2.363780908414059567e+01	2.346776063415643709e-01
6.436544053372003138e+06	2.381512400993420187e+01	2.354740867307805741e-01
6.484824733247088268e+06	2.399376186155232205e+01	2.362733256024481809e-01
6.533465623195391148e+06	2.417373248549983344e+01	2.370753326036917907e-01
6.582469404229860753e+06	2.435504580148790410e+01	2.378801174156515708e-01
6.631838777296037413e+06	2.453771180297802346e+01	2.386876897536068243e-01
6.681576463420113549e+06	2.472174055772981305e+01	2.394980593670926194e-01
6.731685203858278692e+06	2.490714220835361559e+01	2.403112360400231906e-01
6.782167760246934369e+06	2.509392697286627083e+01	2.411272295908163110e-01
6.833026914754171856e+06	2.528210514525158459e+01	2.419460498725099218e-01
6.884265470232373103e+06	2.547168709602497927e+01	2.427677067728920279e-01
6.935886250371838920e+06	2.566268327280186057e+01	2.435922102146171886e-01
6.987892099855732173e+06	2.585510420087095085e+01	2.444195701553362743e-01
7.040285884516024962e+06	2.604896048377128537e+01	2.452497965878151776e-01
7.093070491490490735e+06	2.624426280387306321e+01	2.460828995400629327e-01
7.146248829381383024e+06	2.644102192296475096e+01	2.469188890754545895e-01
7.199823828414539807e+06	2.663924868284181713e+01	2.477577752928580290e-01
7.253798440600319766e+06	2.683895400590212788e+01	2.485995683267613610e-01
7.308175639895484783e+06	2.704014889574495228e+01	2.494442783473930780e-01
7.362958422366081737e+06	2.724284443777361275e+01	2.502919155608534507e-01
7.418149806351882406e+06	2.744705179980389786e+01	2.511424902092457834e-01
7.473752832631896250e+06	2.765278223267648983e+01	2.519960125707971232e-01
7.529770564591002651e+06	2.786004707087345267e+01	2.528524929599861859e-01
7.586206088388029486e+06	2.806885773314017030e+01	2.537119417276799127e-01
7.643062513125005178e+06	2.827922572311154426e+01	2.545743692612545406e-01
7.700342971017492004e+06	2.849116262994223803e+01	2.554397859847264418e-01
7.758050617566456087e+06	2.870468012894258436e+01	2.563082023588862390e-01
7.816188631731276400e+06	2.891978998221872388e+01	2.571796288814242604e-01
7.874760216104006395e+06	2.913650403931738353e+01	2.580540760870655981e-01
7.933768597085074522e+06	2.935483423787592727e+01	2.589315545476992830e-01
7.993217025060088374e+06	2.957479260427657763e+01	2.598120748725102902e-01
8.053108774578089826e+06	2.979639125430591307e+01	2.606956477081110446e-01
8.113447144531136379e+06	3.001964239381934618e+01	2.615822837386757582e-01
8.174235458335174248e+06	3.024455831941034134e+01	2.624719936860727687e-01
8.235477064112258144e+06	3.047115141908463087e+01	2.633647883099999865e-01
8.297175334874093533e+06	3.069943417293930210e+01	2.642606784081183990e-01
8.359333668707070872e+06	3.092941915384744078e+01	2.651596748161840211e-01
8.421955488958481699e+06	3.116111902814711954e+01	2.660617884081868390e-01
