1.000000000000000000e+06
1.003504067815534188e+06
1.007024324554670718e+06
1.010560630309951492e+06
1.014112860912555945e+06
1.017680906431103358e+06
1.021264669829314807e+06
1.024864065764560830e+06
1.028479019511698629e+06
1.032109465998210944e+06
1.035755348938395269e+06
1.039416620055740583e+06
1.043093238383865217e+06
1.046785169637471903e+06
1.050492385645819362e+06
1.054214863841988146e+06
1.057952586802039761e+06
1.061705541828740388e+06
1.065473720575213432e+06
1.069257118704376509e+06
1.073055735580407782e+06
1.076869573988964781e+06
1.080698639883302385e+06
1.084542942153525772e+06
1.088402492416767403e+06
1.092277304826178355e+06
1.096167395896855276e+06
1.100072784347026609e+06
1.103993490953061497e+06
1.107929538416937692e+06
1.111880951244981959e+06
1.115847755636823364e+06
1.119829979383584578e+06
1.123827651774445781e+06
1.127840803510832600e+06
1.131869466627539136e+06
1.135913674420106225e+06
1.139973461377940141e+06
1.144048863122633891e+06
1.148139916351059452e+06
1.152246658782795770e+06
1.156369129111539805e+06
1.160507366960098501e+06
1.164661412838738644e+06
1.168831308106593322e+06
1.173017094935823930e+06
1.177218816278351704e+06
1.181436515834941296e+06
1.185670238026483683e+06
1.189920027967211558e+06
1.194185931439798791e+06
1.198467994872125331e+06
1.202766265315621626e+06
1.207080790425044484e+06
1.211411618439576589e+06
1.215758798165198881e+06
1.220122378958160290e+06
1.224502410709565040e+06
1.228898943830869626e+06
1.233312029240336269e+06
1.237741718350361567e+06
1.242188063055544626e+06
1.246651115721510723e+06
1.251130929174440447e+06
1.255627556691170437e+06
1.260141051989997970e+06
1.264671469221935607e+06
1.269218862962549319e+06
1.273783288204279495e+06
1.278364800349172903e+06
1.282963455202101497e+06
1.287579308964347234e+06
1.292212418227538001e+06
1.296862839968014043e+06
1.301530631541437237e+06
1.306215850677756593e+06
1.310918555476490175e+06
1.315638804402216570e+06
1.320376656280383235e+06
1.325132170293326024e+06
1.329905405976548558e+06
1.334696423215184128e+06
1.339505282240704633e+06
1.344332043627781561e+06
1.349176768291362794e+06
1.354039517483907985e+06
1.358920352792792488e+06
1.363819336137865670e+06
1.368736529769172426e+06
1.373671996264782967e+06
1.378625798528778134e+06
1.383597999789377442e+06
1.388588663597136736e+06
1.393597853823326994e+06
1.398625634658333147e+06
1.403672070610278985e+06
1.408737226503619691e+06
1.413821167477913201e+06
1.418923958986667683e+06
1.424045666796243284e+06
1.429186356984869111e+06
1.434346095941717038e+06
1.439524950366062811e+06
1.444722987266517244e+06
1.449940273960296996e+06
1.455176878072611056e+06
1.460432867536068661e+06
1.465708310590162408e+06
1.471003275780803990e+06
1.476317831959928852e+06
1.481652048285134370e+06
1.487005994219357381e+06
1.492379739530649967e+06
1.497773354291939642e+06
1.503186908880897798e+06
1.508620473979771836e+06
1.514074120575348847e+06
1.519547919958888553e+06
1.525041943726123776e+06
1.530556263777300017e+06
1.536090952317246003e+06
1.541646081855459372e+06
1.547221725206263596e+06
1.552817955488965381e+06
1.558434846128053032e+06
1.564072470853429055e+06
1.569730903700668132e+06
1.575410219011286041e+06
1.581110491433077026e+06
1.586831795920425095e+06
1.592574207734692609e+06
1.598337802444580477e+06
1.604122655926554697e+06
1.609928844365287106e+06
1.615756444254077971e+06
1.621605532395366579e+06
1.627476185901219957e+06
1.633368482193846954e+06
1.639282499006119091e+06
1.645218314382179873e+06
1.651176006677950267e+06
1.657155654561765492e+06
1.663157337014989695e+06
1.669181133332625497e+06
1.675227123123966623e+06
1.681295386313257972e+06
1.687386003140363144e+06
1.693499054161469219e+06
1.699634620249805506e+06
1.705792782596339006e+06
1.711973622710548807e+06
1.718177222421112470e+06
1.724403663876739563e+06
1.730653029546931852e+06
1.736925402222745586e+06
1.743220865017615026e+06
1.749539501368172467e+06
1.755881395035090391e+06
1.762246630103898002e+06
1.768635290985833388e+06
1.775047462418738054e+06
1.781483229467888596e+06
1.787942677526951535e+06
1.794425892318798928e+06
1.800932959896504181e+06
1.807463966644196073e+06
1.814018999278006842e+06
1.820598144847020041e+06
1.827201490734240040e+06
1.833829124657510081e+06
1.840481134670531377e+06
1.847157609163806075e+06
1.853858636865630513e+06
1.860584306843142025e+06
1.867334708503264934e+06
1.874109931593755493e+06
1.880910066204246832e+06
1.887735202767252224e+06
1.894585432059235405e+06
1.901460845201647608e+06
1.908361533661992988e+06
1.915287589254918043e+06
1.922239104143274715e+06
1.929216170839200728e+06
1.936218882205215748e+06
1.943247331455363426e+06
1.950301612156266114e+06
1.957381818228273885e+06
1.964488043946602847e+06
1.971620383942453889e+06
1.978778933204161702e+06
1.985963787078341004e+06
1.993175041271053487e+06
2.000412791848951019e+06
2.007677135240502888e+06
2.014968168237131322e+06
2.022285987994391238e+06
2.029630692033203552e+06
2.037002378241046332e+06
2.044401144873156678e+06
2.051827090553746093e+06
2.059280314277244499e+06
2.066760915409505367e+06
2.074268993689080235e+06
2.081804649228416150e+06
2.089367982515177224e+06
2.096959094413444633e+06
2.104578086164996494e+06
2.112225059390611947e+06
2.119900116091329139e+06
2.127603358649719507e+06
2.135334889831228647e+06
2.143094812785419170e+06
2.150883231047315989e+06
2.158700248538737651e+06
2.166545969569567591e+06
2.174420498839126434e+06
2.182323941437494475e+06
2.190256402846849058e+06
2.198217988942800090e+06
2.206208805995792150e+06
2.214228960672423244e+06
2.222278560036805458e+06
2.230357711552005261e+06
2.238466523081352934e+06
2.246605102889865171e+06
2.254773559645646717e+06
2.262972002421272919e+06
2.271200540695220232e+06
2.279459284353252035e+06
2.287748343689867295e+06
2.296067829409714788e+06
2.304417852629029192e+06
2.312798524877084419e+06
2.321209958097623195e+06
2.329652264650334138e+06
2.338125557312283665e+06
2.346629949279408902e+06
2.355165554167968221e+06
2.363732486016045325e+06
2.372330859285027254e+06
2.380960788861098234e+06
2.389622390056733508e+06
2.398315778612215538e+06
2.407041070697143208e+06
2.415798382911946625e+06
2.424587832289409824e+06
2.433409536296233535e+06
2.442263612834540196e+06
2.451150180243441369e+06
2.460069357300583739e+06
2.469021263223683927e+06
2.478006017672148533e+06
2.487023740748591255e+06
2.496074553000444546e+06
2.505158575421538670e+06
2.514275929453693796e+06
2.523426736988303717e+06
2.532611120367967524e+06
2.541829202388091013e+06
2.551081106298496947e+06
2.560366955805050675e+06
2.569686875071301125e+06
2.579040988720120862e+06
2.588429421835346147e+06
2.597852299963425845e+06
2.607309749115083832e+06
2.616801895766992122e+06
2.626328866863435600e+06
2.635890789817987010e+06
2.645487792515206151e+06
2.655120003312306944e+06
2.664787551040893421e+06
2.674490565008639824e+06
2.684229175001005642e+06
2.694003511282965075e+06
2.703813704600727651e+06
2.713659886183477473e+06
2.723542187745112460e+06
2.733460741485971492e+06
2.743415680094625801e+06
2.753407136749621481e+06
2.763435245121231303e+06
2.773500139373256825e+06
2.783601954164805822e+06
2.793740824652051087e+06
2.803916886490078177e+06
2.814130275834642816e+06
2.824381129344014917e+06
2.834669584180776495e+06
2.844995778013645671e+06
2.855359849019312300e+06
2.865761935884288978e+06
2.876202177806736436e+06
2.886680714498327579e+06
2.897197686186103150e+06
2.907753233614359517e+06
2.918347498046482448e+06
2.928980621266865171e+06
2.939652745582788251e+06
2.950364013826308306e+06
2.961114569356166758e+06
2.971904556059697643e+06
2.982734118354754988e+06
2.993603401191636454e+06
3.004512550055014435e+06
3.015461710965859704e+06
3.026451030483419541e+06
3.037480655707157217e+06
3.048550734278716613e+06
3.059661414383891504e+06
3.070812844754610676e+06
3.082005174670922570e+06
3.093238553962978534e+06
3.104513133013032842e+06
3.115829062757472042e+06
3.127186494688819628e+06
3.138585580857744906e+06
3.150026473875110038e+06
3.161509326914017089e+06
3.173034293711842503e+06
3.184601528572284617e+06
3.196211186367443763e+06
3.207863422539888881e+06
3.219558393104723189e+06
3.231296254651668947e+06
3.243077164347201120e+06
3.254901279936597217e+06
3.266768759746090509e+06
3.278679762684936635e+06
3.290634448247590568e+06
3.302632976515819784e+06
3.314675508160837460e+06
3.326762204445461743e+06
3.338893227226276416e+06
3.351068738955815323e+06
3.363288902684677392e+06
3.375553882063772064e+06
3.387863841346478555e+06
3.400218945390863810e+06
3.412619359661858995e+06
3.425065250233496074e+06
3.437556783791141119e+06
3.450094127633716445e+06
3.462677449675928336e+06
3.475306918450545054e+06
3.487982703110611532e+06
3.500704973431765568e+06
3.513473899814468343e+06
3.526289653286312241e+06
3.539152405504316557e+06
3.552062328757213894e+06
3.565019595967773814e+06
3.578024380695073865e+06
3.591076857136909384e+06
3.604177200132028200e+06
3.617325585162569303e+06
3.630522188356358558e+06
3.643767186489259824e+06
3.657060756987598725e+06
3.670403077930502594e+06
3.683794328052280005e+06
3.697234686744864099e+06
3.710724334060142748e+06
3.724263450712469406e+06
3.737852218080983032e+06
3.751490818212135229e+06
3.765179433822051622e+06
3.778918248299048282e+06
3.792707445706026629e+06
3.806547210783018265e+06
3.820437728949596640e+06
3.834379186307401396e+06
3.848371769642637577e+06
3.862415666428522207e+06
3.876511064827886876e+06
3.890658153695646208e+06
3.904857122581336182e+06
3.919108161731685512e+06
3.933411462093144190e+06
3.947767215314436238e+06
3.962175613749169745e+06
3.976636850458380766e+06
3.991151119213129394e+06
4.005718614497133996e+06
4.020339531509340275e+06
4.035014066166568082e+06
4.049742415106140543e+06
4.064524775688472670e+06
4.079361345999791753e+06
4.094252324854762293e+06
4.109197911799174733e+06
4.124198307112582028e+06
4.139253711811017245e+06
4.154364327649702318e+06
4.169530357125751674e+06
4.184752003480860498e+06
4.200029470704062842e+06
4.215362963534474373e+06
4.230752687464019284e+06
4.246198848740210757e+06
4.261701654368905351e+06
4.277261312117091380e+06
4.292878030515680090e+06
4.308552018862300552e+06
4.324283487224113196e+06
4.340072646440607496e+06
4.355919708126480691e+06
4.371824884674446657e+06
4.387788389258103445e+06
4.403810435834789649e+06
4.419891239148436114e+06
4.436031014732506126e+06
4.452229978912833147e+06
4.468488348810562864e+06
4.484806342345039360e+06
4.501184178236764856e+06
4.517622076010332443e+06
4.534120255997352302e+06
4.550678939339416102e+06
4.567298347991088405e+06
4.583978704722886905e+06
4.600720233124250546e+06
4.617523157606559806e+06
4.634387703406160697e+06
4.651314096587353386e+06
4.668302564045489766e+06
4.685353333509966731e+06
4.702466633547320962e+06
4.719642693564278074e+06
4.736881743810850196e+06
4.754184015383404680e+06
4.771549740227812901e+06
4.788979151142549701e+06
4.806472481781774200e+06
4.824029966658562422e+06
4.841651841147959232e+06
4.859338341490216553e+06
4.877089704793918878e+06
4.894906169039222412e+06
4.912787973081010394e+06
4.930735356652076356e+06
4.948748560366431251e+06
4.966827825722464360e+06
4.984973395106239244e+06
5.003185511794696562e+06
5.021464419958969578e+06
5.039810364667664282e+06
5.058223591890118085e+06
5.076704348499742337e+06
5.095252882277304307e+06
5.113869441914305091e+06
5.132554277016281150e+06
5.151307638106166385e+06
5.170129776627691463e+06
5.189020944948723540e+06
5.207981396364676766e+06
5.227011385101921856e+06
5.246111166321187280e+06
5.265280996121012606e+06
5.284521131541159935e+06
5.303831830566101708e+06
5.323213352128471248e+06
5.342665956112551503e+06
5.362189903357753530e+06
5.381785455662141554e+06
5.401452875785933807e+06
5.421192427455060184e+06
5.441004375364685431e+06
5.460888985182776116e+06
5.480846523553677835e+06
5.500877258101684973e+06
5.520981457434662618e+06
5.541159391147630289e+06
5.561411329826404341e+06
5.581737545051234774e+06
5.602138309400461614e+06
5.622613896454152651e+06
5.643164580797800794e+06
5.663790638026039116e+06
5.684492344746308401e+06
5.705269978582605720e+06
5.726123818179186434e+06
5.747054143204335123e+06
5.768061234354107641e+06
5.789145373356145807e+06
5.810306842973415740e+06
5.831545927008033730e+06
5.852862910305081867e+06
5.874258078756441362e+06
5.895731719304616563e+06
5.917284119946633466e+06
5.938915569737871177e+06
5.960626358795961365e+06
5.982416778304710984e+06
6.004287120518001728e+06
6.026237678763707168e+06
6.048268747447647154e+06
6.070380622057566419e+06
6.092573599167089909e+06
6.114847976439707913e+06
6.137204052632767707e+06
6.159642127601546235e+06
6.182162502303211018e+06
6.204765478800922632e+06
6.227451360267867334e+06
6.250220450991337188e+06
6.273073056376853026e+06
6.296009482952213846e+06
6.319030038371686824e+06
6.342135031420073472e+06
6.365324772016922012e+06
6.388599571220693178e+06
6.411959741232885979e+06
6.435405595402305946e+06
6.458937448229243048e+06
6.482555615369673818e+06
6.506260413639601320e+06
6.530052161019208841e+06
6.553931176657201722e+06
6.577897780875060707e+06
6.601952295171425678e+06
6.626095042226321064e+06
6.650326345905552618e+06
6.674646531265067868e+06
6.699055924555270001e+06
6.723554853225492872e+06
6.748143645928341895e+06
6.772822632524136454e+06
6.797592144085365348e+06
6.822452512901086360e+06
6.847404072481456213e+06
6.872447157562186942e+06
6.897582104109021835e+06
6.922809249322336167e+06
6.948128931641583331e+06
6.973541490749924444e+06
6.999047267578702420e+06
7.024646604312122799e+06
7.050339844391817227e+06
7.076127332521469332e+06
7.102009414671425708e+06
7.127986438083387911e+06
7.154058751275074668e+06
7.180226704044874758e+06
7.206490647476605140e+06
7.232850933944214135e+06
7.259307917116506957e+06
7.285861951961915940e+06
7.312513394753272645e+06
7.339262603072627448e+06
7.366109935815981589e+06
7.393055753198214807e+06
7.420100416757876053e+06
7.447244289362051524e+06
7.474487735211246647e+06
7.501831119844309054e+06
7.529274810143297538e+06
7.556819174338477664e+06
7.584464582013241947e+06
7.612211404109056108e+06
7.640060012930525467e+06
7.668010782150342129e+06
7.696064086814304814e+06
7.724220303346429951e+06
7.752479809553930536e+06
7.780842984632373787e+06
7.809310209170768037e+06
7.837881865156621672e+06
7.866558335981156677e+06
7.895340006444443949e+06
7.924227262760552578e+06
7.953220492562784813e+06
7.982320084908887744e+06
8.011526430286249146e+06
8.040839920617200434e+06
8.070260949264246039e+06
8.099789911035387777e+06
8.129427202189432457e+06
8.159173220441299491e+06
8.189028364967419766e+06
8.218993036411060020e+06
8.249067636887719855e+06
8.279252569990576245e+06
8.309548240795890801e+06
8.339955055868432857e+06
8.370473423266998492e+06
8.401103752549860626e+06
8.431846454780327156e+06
8.462701942532233894e+06
8.493670629895482212e+06
8.524752932481674477e+06
8.555949267429629341e+06
8.587260053411060944e+06
8.618685710636168718e+06
8.650226660859312862e+06
8.681883327384674922e+06
8.713656135071968660e+06
8.745545510342160240e+06
8.777551881183164194e+06
8.809675677155669779e+06
8.841917329398864880e+06
8.874277270636253059e+06
8.906755935181513429e+06
8.939353758944274858e+06
8.972071179436052218e+06
9.004908635776072741e+06
9.037866568697245792e+06
9.070945420552039519e+06
9.104145635318461806e+06
9.137467658606030047e+06
9.170911937661768869e+06
9.204478921376233920e+06
9.238169060289518908e+06
9.271982806597366929e+06
9.305920614157212898e+06
9.339982938494352624e+06
9.374170236807990819e+06
9.408482967977441847e+06
9.442921592568323016e+06
9.477486572838686407e+06
9.512178372745312750e+06
9.546997457949906588e+06
9.581944295825393870e+06
9.617019355462186038e+06
9.652223107674505562e+06
9.687556025006731972e+06
9.723018581739718094e+06
9.758611253897231072e+06
9.794334519252322614e+06
9.830188857333771884e+06
9.866174749432526529e+06
9.902292678608203307e+06
9.938543129695551470e+06
9.974926589311014861e+06
1.001144354585927725e+07
1.004809448953979462e+07
1.008487991235343181e+07
1.012180030810909159e+07
1.015885617243031226e+07
1.019604800276199915e+07
1.023337629837705940e+07
1.027084156038317643e+07
1.030844429172951914e+07
1.034618499721351080e+07
1.038406418348764069e+07
1.042208235906627588e+07
1.046024003433250822e+07
1.049853772154498659e+07
1.053697593484488502e+07
1.057555519026274979e+07
1.061427600572550297e+07
1.065313890106335841e+07
1.069214439801685885e+07
1.073129302024389245e+07
1.077058529332670942e+07
1.081002174477903731e+07
1.084960290405316651e+07
1.088932930254705809e+07
1.092920147361151688e+07
1.096921995255735889e+07
1.100938527666263469e+07
1.104969798517982475e+07
1.109015861934312992e+07
1.113076772237576172e+07
1.117152583949720860e+07
1.121243351793063059e+07
1.125349130691016838e+07
1.129469975768839195e+07
1.133605942354368232e+07
1.137757085978769511e+07
1.141923462377282418e+07
1.146105127489970811e+07
1.150302137462475710e+07
1.154514548646772094e+07
1.158742417601926066e+07
1.162985801094857045e+07
1.167244756101100706e+07
1.171519339805578627e+07
1.175809609603364579e+07
1.180115623100457527e+07
1.184437438114559650e+07
1.188775112675853632e+07
1.193128705027779937e+07
1.197498273627826758e+07
1.201883877148313448e+07
1.206285574477180839e+07
1.210703424718783982e+07
1.215137487194686010e+07
1.219587821444461495e+07
1.224054487226491794e+07
1.228537544518774003e+07
1.233037053519725986e+07
1.237553074648997933e+07
1.242085668548284657e+07
1.246634896082142182e+07
1.251200818338806182e+07
1.255783496631017327e+07
1.260382992496843822e+07
1.264999367700508982e+07
1.269632684233227745e+07
1.274283004314032383e+07
1.278950390390617959e+07
1.283634905140179768e+07
1.288336611470259354e+07
1.293055572519588098e+07
1.297791851658936217e+07
1.302545512491971627e+07
1.307316618856111914e+07
1.312105234823381342e+07
1.316911424701277167e+07
1.321735253033638559e+07
1.326576784601506405e+07
1.331436084424004331e+07
1.336313217759207636e+07
1.341208250105023757e+07
1.346121247200074606e+07
1.351052275024583377e+07
1.356001399801257811e+07
1.360968687996187992e+07
1.365954206319733709e+07
1.370958021727427095e+07
1.375980201420876943e+07
1.381020812848665379e+07
1.386079923707260750e+07
1.391157601941932738e+07
1.396253915747657791e+07
1.401368933570043743e+07
1.406502724106250703e+07
1.411655356305911765e+07
1.416826899372068606e+07
1.422017422762093879e+07
1.427226996188636124e+07
1.432455689620550163e+07
1.437703573283843324e+07
1.442970717662616447e+07
1.448257193500022776e+07
1.453563071799206361e+07
1.458888423824269511e+07
1.464233321101227030e+07
1.469597835418968275e+07
1.474982038830227777e+07
1.480386003652552515e+07
1.485809802469274774e+07
1.491253508130490221e+07
1.496717193754039891e+07
1.502200932726492546e+07
1.507704798704132996e+07
1.513228865613956936e+07
1.518773207654660195e+07
1.524337899297645502e+07
1.529923015288016386e+07
1.535528630645589903e+07
1.541154820665904880e+07
1.546801660921234824e+07
1.552469227261604555e+07
1.558157595815815404e+07
1.563866842992466129e+07
1.569597045480980910e+07
1.575348280252650566e+07
1.581120624561651424e+07
1.586914155946104787e+07
1.592728952229110524e+07
1.598565091519794799e+07
1.604422652214365639e+07
1.610301712997166440e+07
1.616202352841731161e+07
1.622124651011856087e+07
1.628068687062660232e+07
1.634034540841660276e+07
1.640022292489844561e+07
1.646032022442749143e+07
1.652063811431545019e+07
1.658117740484124050e+07
1.664193890926187299e+07
1.670292344382342510e+07
1.676413182777204365e+07
1.682556488336493820e+07
1.688722343588146940e+07
1.694910831363429129e+07
1.701122034798041731e+07
1.707356037333253026e+07
1.713612922717014700e+07
1.719892775005088374e+07
1.726195678562181070e+07
1.732521718063078448e+07
1.738870978493786603e+07
1.745243545152676851e+07
1.751639503651631624e+07
1.758058939917200431e+07
1.764501940191754326e+07
1.770968591034646705e+07
1.777458979323383793e+07
1.783973192254786193e+07
1.790511317346170545e+07
1.797073442436522618e+07
1.803659655687685311e+07
1.810270045585540310e+07
1.816904700941203162e+07
1.823563710892217606e+07
1.830247164903755486e+07
1.836955152769822255e+07
1.843687764614467695e+07
1.850445090892994404e+07
1.857227222393180802e+07
1.864034250236501172e+07
1.870866265879355744e+07
1.877723361114293337e+07
1.884605628071261570e+07
1.891513159218833223e+07
1.898446047365461662e+07
1.905404385660725087e+07
1.912388267596580088e+07
1.919397787008628249e+07
1.926433038077367097e+07
1.933494115329471603e+07
1.940581113639057428e+07
1.947694128228962421e+07
1.954833254672028869e+07
1.961998588892388344e+07
1.969190227166756988e+07
1.976408266125730798e+07
1.983652802755082026e+07
1.990923934397071600e+07
1.998221758751757070e+07
2.005546373878306895e+07
2.012897878196325153e+07
2.020276370487173274e+07
2.027681949895300344e+07
2.035114715929580480e+07
2.042574768464649469e+07
2.050062207742251456e+07
2.057577134372591600e+07
2.065119649335686490e+07
2.072689853982726112e+07
2.080287850037436560e+07
2.087913739597454667e+07
2.095567625135698915e+07
2.103249609501747042e+07
2.110959795923229307e+07
2.118698288007209450e+07
2.126465189741585404e+07
2.134260605496490374e+07
2.142084640025692433e+07
2.149937398468011990e+07
2.157818986348732933e+07
2.165729509581026435e+07
2.173669074467374757e+07
2.181637787701006606e+07
2.189635756367329136e+07
2.197663087945375219e+07
2.205719890309245139e+07
2.213806271729565784e+07
2.221922340874942020e+07
2.230068206813424826e+07
2.238243979013978317e+07
2.246449767347955704e+07
2.254685682090573385e+07
2.262951833922405168e+07
2.271248333930865303e+07
2.279575293611706793e+07
2.287932824870524183e+07
2.296321040024258196e+07
2.304740051802711561e+07
2.313189973350060731e+07
2.321670918226392567e+07
2.330183000409218296e+07
2.338726334295018762e+07
2.347301034700779989e+07
2.355907216865541786e+07
2.364544996451950073e+07
2.373214489547812194e+07
2.381915812667663023e+07
2.390649082754335180e+07
2.399414417180525884e+07
2.408211933750388026e+07
2.417041750701113418e+07
2.425903986704520136e+07
2.434798760868656635e+07
2.443726192739403620e+07
2.452686402302083746e+07
2.461679509983080253e+07
2.470705636651454493e+07
2.479764903620576859e+07
2.488857432649759576e+07
2.497983345945896208e+07
2.507142766165110096e+07
2.516335816414402798e+07
2.525562620253315195e+07
2.534823301695587113e+07
2.544117985210834444e+07
2.553446795726215839e+07
2.562809858628124744e+07
2.572207299763875827e+07
2.581639245443396643e+07
2.591105822440930083e+07
2.600607157996746525e+07
2.610143379818843678e+07
2.619714616084688529e+07
2.629320995442921668e+07
2.638962647015108168e+07
2.648639700397460908e+07
2.658352285662597045e+07
2.668100533361282945e+07
2.677884574524200708e+07
2.687704540663706139e+07
2.697560563775603846e+07
2.707452776340919733e+07
2.717381311327692866e+07
2.727346302192759514e+07
2.737347882883555070e+07
2.747386187839918211e+07
2.757461351995892823e+07
2.767573510781561211e+07
2.777722800124857575e+07
2.787909356453398615e+07
2.798133316696323082e+07
2.808394818286140636e+07
2.818693999160577357e+07
2.829030997764433175e+07
2.839405953051450849e+07
2.849819004486182705e+07
2.860270292045870423e+07
2.870759956222335622e+07
2.881288138023864105e+07
2.891854978977112845e+07
2.902460621129012108e+07
2.913105207048676163e+07
2.923788879829333350e+07
2.934511783090241253e+07
2.945274060978625342e+07
2.956075858171627671e+07
2.966917319878241792e+07
2.977798591841286793e+07
2.988719820339353010e+07
2.999681152188782394e+07
3.010682734745644405e+07
3.021724715907718986e+07
3.032807244116487354e+07
3.043930468359136209e+07
3.055094538170566037e+07
3.066299603635394573e+07
3.077545815389984474e+07
3.088833324624479190e+07
3.100162283084831759e+07
3.111532843074848503e+07
3.122945157458243892e+07
3.134399379660697281e+07
3.145895663671920449e+07
3.157434164047733322e+07
3.169015035912145674e+07
3.180638434959444031e+07
3.192304517456288263e+07
3.204013440243822336e+07
3.215765360739778727e+07
3.227560436940608919e+07
3.239398827423604578e+07
3.251280691349033639e+07
3.263206188462291285e+07
3.275175479096037894e+07
3.287188724172374606e+07
3.299246085204998776e+07
3.311347724301390350e+07
3.323493804164984822e+07
3.335684488097369671e+07
3.347919940000488237e+07
3.360200324378843606e+07
3.372525806341713667e+07
3.384896551605374366e+07
3.397312726495337486e+07
3.409774497948586196e+07
3.422282033515828103e+07
3.434835501363742352e+07
3.447435070277260244e+07
3.460080909661827236e+07
3.472773189545689523e+07
3.485512080582185090e+07
3.498297754052037746e+07
3.511130381865669042e+07
3.524010136565513909e+07
3.536937191328348964e+07
3.549911719967606664e+07
3.562933896935746074e+07
3.576003897326578200e+07
3.589121896877638996e+07
3.602288071972541511e+07
3.615502599643379450e+07
3.628765657573079318e+07
3.642077424097819626e+07
3.655438078209415078e+07
3.668847799557746202e+07
3.682306768453163654e+07
3.695815165868918598e+07
3.709373173443613946e+07
3.722980973483635485e+07
3.736638748965615034e+07
3.750346683538902551e+07
3.764104961528025568e+07
3.777913767935184389e+07
3.791773288442733884e+07
