0.000000000000000000e+00
3.707233950061257929e+03
7.428959988570772111e+03
1.116522589837235864e+04
1.491608030710869934e+04
1.868157263785344549e+04
2.246175306472554803e+04
2.625667247281468008e+04
3.006638242208899464e+04
3.389093511479103472e+04
3.773038336599222384e+04
4.158478057698789053e+04
4.545418071123585105e+04
4.933863827255554497e+04
5.323820828540483490e+04
5.715294627699721605e+04
6.108290826111473143e+04
6.502815072339191101e+04
6.898873060797038488e+04
7.296470530541078188e+04
7.695613264168938622e+04
8.096307086819247343e+04
8.498557865269412287e+04
8.902371507108421065e+04
9.307753959989128634e+04
9.714711210950417444e+04
1.012324928580126725e+05
1.053337424855949357e+05
1.094509220094543416e+05
1.135840928192262072e+05
1.177333166728208307e+05
1.218986556926737539e+05
1.260801723623559810e+05
1.302779295235082973e+05
1.344919903730994556e+05
1.387224184609891381e+05
1.429692776877207216e+05
1.472326323025731836e+05
1.515125469018244185e+05
1.558090864272366744e+05
1.601223161647277884e+05
1.644523017432380002e+05
1.687991091337143444e+05
1.731628046482854988e+05
1.775434549395942595e+05
1.819411270002285019e+05
1.863558881622836925e+05
1.907878060970408842e+05
1.952369488147874363e+05
1.997033846646803431e+05
2.041871823347532190e+05
2.086884108519847505e+05
2.132071395824700594e+05
2.177434382316572592e+05
2.222973768446496688e+05
2.268690258066146635e+05
2.314584558432137128e+05
2.360657380211509299e+05
2.406909437487078831e+05
2.453341447763773613e+05
2.499954131975756027e+05
2.546748214493570849e+05
2.593724423131959047e+05
2.640883489158335142e+05
2.688226147301057354e+05
2.735753135759162251e+05
2.783465196211456787e+05
2.831363073826618493e+05
2.879447517273628619e+05
2.927719278732105158e+05
2.976179113903590478e+05
3.024827782022811007e+05
3.073666045869027730e+05
3.122694671778448392e+05
3.171914429656083230e+05
3.221326092988299206e+05
3.270930438855919056e+05
3.320728247946905904e+05
3.370720304569881409e+05
3.420907396667569410e+05
3.471290315830761101e+05
3.521869857312170789e+05
3.572646820040927269e+05
3.623622006636885926e+05
3.674796223425460048e+05
3.726170280452512670e+05
3.777744991499506868e+05
3.829521174098844640e+05
3.881499649549559690e+05
3.933681242932863533e+05
3.986066783128152601e+05
4.038657102829329669e+05
4.091453038560831919e+05
4.144455430694494862e+05
4.197665123465724755e+05
4.251082964991068002e+05
4.304709807284665294e+05
4.358546506275702268e+05
4.412593921825923026e+05
4.466852917746999301e+05
4.521324361818393227e+05
4.576009125805201475e+05
4.630908085476274136e+05
4.686022120622496586e+05
4.741352115074959584e+05
4.796898956723783631e+05
4.852663537536705844e+05
4.908646753577985801e+05
4.964849505027411506e+05
5.021272696199624334e+05
5.077917235563402064e+05
5.134784035760981496e+05
5.191874013628046960e+05
5.249188090213248506e+05
5.306727190798518714e+05
5.364492244918732904e+05
5.422484186382445041e+05
5.480703953292069491e+05
5.539152488064493518e+05
5.597830737451885361e+05
5.656739652562597767e+05
5.715880188882034272e+05
5.775253306294055656e+05
5.834859969102214091e+05
5.894701146051264368e+05
5.954777810348833445e+05
6.015090939687248319e+05
6.075641516265335958e+05
6.136430526810768060e+05
6.197458962602077518e+05
6.258727819491322152e+05
6.320238097926371265e+05
6.381990802973802201e+05
6.443986944341822527e+05
6.506227536402984988e+05
6.568713598217677791e+05
6.631446153557382058e+05
6.694426230928103905e+05
6.757654863593855407e+05
6.821133089600959793e+05
6.884861951801311225e+05
6.948842497876915149e+05
7.013075780364170205e+05
7.077562856678119861e+05
7.142304789137095213e+05
7.207302644987434614e+05
7.272557496428284794e+05
7.338070420636776835e+05
7.403842499793344177e+05
7.469874821106831077e+05
7.536168476840397343e+05
7.602724564336575568e+05
7.669544186043806840e+05
7.736628449542291928e+05
7.803978467569884378e+05
7.871595358048635535e+05
7.939480244111334905e+05
8.007634254128334578e+05
8.076058521734129172e+05
8.144754185854399111e+05
8.213722390733445063e+05
8.282964285961138085e+05
8.352481026501096785e+05
8.422273772717560641e+05
8.492343690404114313e+05
8.562691950811084826e+05
8.633319730673925951e+05
8.704228212241665460e+05
8.775418583305678330e+05
8.846892037227982655e+05
8.918649772970655467e+05
8.990692995124547742e+05
9.063022913938600104e+05
9.135640745349773206e+05
9.208547711012063082e+05
9.281745038326592185e+05
9.355233960471798200e+05
9.429015716433303896e+05
9.503091551034539007e+05
9.577462714967145585e+05
9.652130464821776841e+05
9.727096063119207975e+05
9.802360778341321275e+05
9.877925884962354321e+05
9.953792663480420597e+05
1.002996240044960054e+06
1.010643638851127820e+06
1.018321592642651871e+06
1.026030231910849456e+06
1.033769687765478157e+06
1.041540091938012512e+06
1.049341576784927631e+06
1.057174275291017955e+06
1.065038321072702529e+06
1.072933848381428979e+06
1.080860992106998106e+06
1.088819887780947145e+06
1.096810671579997288e+06
1.104833480329475831e+06
1.112888451506759040e+06
1.120975723244748544e+06
1.129095434335381258e+06
1.137247724233125802e+06
1.145432733058551792e+06
1.153650601601844653e+06
1.161901471326456871e+06
1.170185484372648876e+06
1.178502783561131451e+06
1.186853512396743987e+06
1.195237815072101541e+06
1.203655836471276358e+06
1.212107722173557617e+06
1.220593618457134813e+06
1.229113672302895226e+06
1.237668031398223247e+06
1.246256844140761532e+06
1.254880259642284829e+06
1.263538427732540760e+06
1.272231498963125050e+06
1.280959624611372594e+06
1.289722956684327684e+06
1.298521647922653239e+06
1.307355851804598700e+06
1.316225722550060134e+06
1.325131415124537423e+06
1.334073085243212525e+06
1.343050889375031460e+06
1.352064984746784903e+06
1.361115529347251635e+06
1.370202681931321044e+06
1.379326602024193853e+06
1.388487449925570749e+06
1.397685386713877786e+06
1.406920574250532780e+06
1.416193175184206571e+06
1.425503352955149021e+06
1.434851271799494512e+06
1.444237096753643826e+06
1.453660993658626918e+06
1.463123129164539278e+06
1.472623670734973159e+06
1.482162786651484668e+06
1.491740646018082742e+06
1.501357418765760493e+06
1.511013275657043327e+06
1.520708388290562667e+06
1.530442929105658084e+06
1.540217071387045085e+06
1.550030989269443788e+06
1.559884857742293738e+06
1.569778852654471528e+06
1.579713150719016790e+06
1.589687929517967626e+06
1.599703367507118732e+06
1.609759644020893145e+06
1.619856939277205151e+06
1.629995434382365085e+06
1.640175311335996259e+06
1.650396753036017995e+06
1.660659943283635657e+06
1.670965066788350232e+06
1.681312309173019603e+06
1.691701856978951953e+06
1.702133897671025712e+06
1.712608619642836973e+06
1.723126212221877649e+06
1.733686865674754139e+06
1.744290771212444641e+06
1.754938120995572302e+06
1.765629108139710966e+06
1.776363926720750518e+06
1.787142771780248266e+06
1.797965839330882300e+06
1.808833326361869462e+06
1.819745430844449904e+06
1.830702351737419609e+06
1.841704288992668036e+06
1.852751443560770713e+06
1.863844017396610696e+06
1.874982213465013076e+06
1.886166235746473074e+06
1.897396289242865983e+06
1.908672579983194824e+06
1.919995315029412042e+06
1.931364702482257038e+06
1.942780951487095095e+06
1.954244272239878774e+06
1.965754875993049704e+06
1.977312975061552599e+06
1.988918782828846946e+06
2.000572513752956875e+06
2.012274383372578770e+06
2.024024608313228469e+06
2.035823406293399166e+06
2.047670996130781714e+06
2.059567597748518456e+06
2.071513432181512937e+06
2.083508721582726575e+06
2.095553689229583368e+06
2.107648559530377854e+06
2.119793558030715212e+06
2.131988911420022137e+06
2.144234847538066562e+06
2.156531595381554216e+06
2.168879385110740550e+06
2.181278448056090623e+06
2.193729016724967398e+06
2.206231324808404315e+06
2.218785607187882997e+06
2.231392099942161236e+06
2.244051040354151744e+06
2.256762666917845607e+06
2.269527219345275778e+06
2.282344938573515974e+06
2.295216066771728452e+06
2.308140847348285839e+06
2.321119524957901333e+06
2.334152345508798026e+06
2.347239556169963907e+06
2.360381405378434807e+06
2.373578142846611794e+06
2.386830019569626078e+06
2.400137287832777016e+06
2.413500201218995266e+06
2.426919014616346452e+06
2.440393984225593973e+06
2.453925367567850742e+06
2.467513423492187634e+06
2.481158412183389068e+06
2.494860595169657841e+06
2.508620235330474563e+06
2.522437596904441714e+06
2.536312945497178473e+06
2.550246548089295626e+06
2.564238673044404946e+06
2.578289590117204003e+06
2.592399570461531170e+06
2.606568886638593860e+06
2.620797812625157647e+06
2.635086623821838759e+06
2.649435597061396576e+06
2.663845010617135093e+06
2.678315144211349078e+06
2.692846279023796786e+06
2.707438697700229008e+06
2.722092684361021500e+06
2.736808524609780405e+06
2.751586505542103201e+06
2.766426915754297748e+06
2.781330045352236368e+06
2.796296185960226692e+06
2.811325630729946773e+06
2.826418674349443521e+06
2.841575613052150235e+06
2.856796744626068044e+06
2.872082368422850035e+06
2.887432785367108416e+06
2.902848297965667211e+06
2.918329210316888522e+06
2.933875828120137565e+06
2.949488458685223479e+06
2.965167410941915587e+06
2.980912995449587703e+06
2.996725524406796787e+06
3.012605311661108863e+06
3.028552672718768474e+06
3.044567924754643813e+06
3.060651386622058693e+06
3.076803378862828016e+06
3.093024223717242014e+06
3.109314245134242345e+06
3.125673768781526014e+06
3.142103122055822983e+06
3.158602634093206841e+06
3.175172635779401287e+06
3.191813459760305937e+06
3.208525440452454612e+06
3.225308914053591900e+06
3.242164218553350307e+06
3.259091693743934855e+06
3.276091681230906397e+06
3.293164524444072507e+06
3.310310568648371845e+06
3.327530160954889841e+06
3.344823650331949815e+06
3.362191387616222724e+06
3.379633725523965433e+06
3.397151018662312999e+06
3.414743623540595174e+06
3.432411898581839167e+06
3.450156204134254716e+06
3.467976902482834645e+06
3.485874357860985212e+06
3.503848936462297104e+06
3.521901006452368572e+06
3.540030937980704010e+06
3.558239103192655370e+06
3.576525876241505146e+06
3.594891633300600573e+06
3.613336752575555816e+06
3.631861614316548221e+06
3.650466600830697455e+06
3.669152096494521946e+06
3.687918487766476348e+06
3.706766163199562579e+06
3.725695513454051688e+06
3.744706931310246699e+06
3.763800811681389809e+06
3.782977551626596600e+06
3.802237550363909453e+06
3.821581209283432923e+06
3.841008931960515678e+06
3.860521124169114977e+06
3.880118193895134144e+06
3.899800551349930465e+06
3.919568608983874321e+06
3.939422781500023790e+06
3.959363485867880285e+06
3.979391141337200999e+06
3.999506169451945461e+06
4.019708994064314291e+06
4.040000041348874569e+06
4.060379739816744812e+06
4.080848520329920575e+06
4.101406816115681082e+06
4.122055062781062908e+06
4.142793698327500373e+06
4.163623163165474311e+06
4.184543900129327551e+06
4.205556354492143728e+06
4.226660973980735056e+06
4.247858208790714853e+06
4.269148511601730250e+06
4.290532337592724711e+06
4.312010144457292743e+06
4.333582392419258133e+06
4.355249544248178601e+06
4.377012065275112167e+06
4.398870423408392817e+06
4.420825089149571955e+06
4.442876535609410144e+06
4.465025238523976877e+06
4.487271676270949654e+06
4.509616329885913990e+06
4.532059683078832924e+06
4.554602222250568680e+06
4.577244436509600841e+06
4.599986817688816227e+06
4.622829860362345353e+06
4.645774061862642877e+06
4.668819922297532670e+06
4.691967944567534141e+06
4.715218634383154102e+06
4.738572500282356516e+06
4.762030053648209199e+06
4.785591808726523072e+06
4.809258282643711194e+06
4.833029995424724184e+06
4.856907470011118799e+06
4.880891232279248536e+06
4.904981811058538966e+06
4.929179738149985671e+06
4.953485548344652168e+06
4.977899779442379251e+06
5.002422972270574421e+06
5.027055670703165233e+06
5.051798421679633670e+06
5.076651775224242359e+06
5.101616284465322271e+06
5.126692505654734559e+06
5.151880998187445104e+06
5.177182324621251784e+06
5.202597050696619786e+06
5.228125745356653817e+06
5.253768980767222121e+06
5.279527332337216474e+06
5.305401378738925792e+06
5.331391701928552240e+06
5.357498887166885659e+06
5.383723523040132597e+06
5.410066201480825432e+06
5.436527517788936384e+06
5.463108070653066039e+06
5.489808462171860971e+06
5.516629297875501215e+06
5.543571186747393571e+06
5.570634741245964542e+06
5.597820577326593921e+06
5.625129314463770017e+06
5.652561575673324987e+06
5.680117987534824759e+06
5.707799180214175023e+06
5.735605787486291490e+06
5.763538446757978760e+06
5.791597799090979621e+06
5.819784489225125872e+06
5.848099165601689368e+06
5.876542480386853218e+06
5.905115089495421387e+06
5.933817652614593506e+06
5.962650833227952942e+06
5.991615298639589921e+06
6.020711719998477027e+06
6.049940772322841920e+06
6.079303134524896741e+06
6.108799489435597323e+06
6.138430523829625919e+06
6.168196928450559266e+06
6.198099398036145605e+06
6.228138631343845278e+06
6.258315331176438369e+06
6.288630204407920130e+06
6.319083962009513751e+06
6.349677319075807929e+06
6.380410994851192459e+06
6.411285712756392546e+06
6.442302200415166095e+06
6.473461189681309275e+06
6.504763416665666737e+06
6.536209621763471514e+06
6.567800549681784585e+06
6.599536949467228726e+06
6.631419574533757754e+06
6.663449182690730318e+06
6.695626536171172746e+06
6.727952401660134085e+06
6.760427550323401578e+06
6.793052757836261764e+06
6.825828804412522353e+06
6.858756474833765067e+06
6.891836558478722349e+06
6.925069849352906458e+06
6.958457146118451841e+06
6.991999252124086954e+06
7.025696975435449742e+06
7.059551128865465522e+06
7.093562530005040579e+06
7.127732001253835857e+06
7.162060369851470925e+06
7.196548467908712104e+06
7.231197132439019158e+06
7.266007205390254036e+06
7.300979533676599152e+06
7.336114969210742041e+06
7.371414368936229497e+06
7.406878594860088080e+06
7.442508514085667208e+06
7.478304998845659196e+06
7.514268926535373554e+06
7.550401179746260867e+06
7.586702646299712360e+06
7.623174219280892983e+06
7.659816797073097900e+06
7.696631283392112702e+06
7.733618587320931256e+06
7.770779623344631866e+06
7.808115311385598034e+06
7.845626576838890091e+06
7.883314350607888773e+06
7.921179569140244275e+06
7.959223174463929608e+06
7.997446114223727956e+06
8.035849341717861593e+06
8.074433815934812650e+06
8.113200501590587199e+06
8.152150369166046381e+06
8.191284394944626838e+06
8.230603561050286517e+06
8.270108855485636741e+06
8.309801272170431912e+06
8.349681810980334878e+06
8.389751477785859257e+06
8.430011284491648898e+06
8.470462249076055363e+06
8.511105395630897954e+06
8.551941754401577637e+06
8.592972361827412620e+06
8.634198260582348332e+06
8.675620499615831301e+06
8.717240134194035083e+06
8.759058225941378623e+06
8.801075842882305384e+06
8.843294059483356774e+06
8.885713956695515662e+06
8.928336621996954083e+06
8.971163149435896426e+06
9.014194639673933387e+06
9.057432200029572472e+06
9.100876944522129372e+06
9.144529993915867060e+06
9.188392475764457136e+06
9.232465524455847219e+06
9.276750281257236376e+06
9.321247894360620528e+06
9.365959518928421661e+06
9.410886317139586434e+06
9.456029458235941827e+06
9.501390118568904698e+06
9.546969481646491215e+06
9.592768738180613145e+06
9.638789086134858429e+06
9.685031730772405863e+06
9.731497884704418480e+06
9.778188767938721925e+06
9.825105607928808779e+06
9.872249639623219147e+06
9.919622105515224859e+06
9.967224255692956969e+06
1.001505734788971394e+07
1.006312264753478020e+07
1.011142142780452035e+07
1.015995496967388690e+07
1.020872456196819246e+07
1.025773150141533650e+07
1.030697709269836359e+07
1.035646264850837924e+07
1.040618948959789239e+07
1.045615894483439624e+07
1.050637235125448555e+07
1.055683105411827937e+07
1.060753640696418285e+07
1.065848977166412026e+07
1.070969251847906969e+07
1.076114602611509152e+07
1.081285168177962303e+07
1.086481088123827428e+07
1.091702502887197398e+07
1.096949553773447871e+07
1.102222382961040549e+07
1.107521133507349528e+07
1.112845949354552478e+07
1.118196975335534848e+07
1.123574357179858536e+07
1.128978241519762203e+07
1.134408775896203145e+07
1.139866108764945716e+07
1.145350389502692968e+07
1.150861768413254619e+07
1.156400396733764187e+07
1.161966426640942693e+07
1.167560011257394589e+07
1.173181304657963291e+07
1.178830461876119114e+07
1.184507638910398073e+07
1.190212992730885744e+07
1.195946681285743788e+07
1.201708863507787138e+07
1.207499699321101978e+07
1.213319349647708796e+07
1.219167976414292492e+07
1.225045742558944039e+07
1.230952812037986889e+07
1.236889349832822382e+07
1.242855521956838295e+07
1.248851495462368429e+07
1.254877438447689824e+07
1.260933520064079389e+07
1.267019910522911884e+07
1.273136781102818623e+07
1.279284304156885482e+07
1.285462653119906783e+07
1.291672002515697852e+07
1.297912527964441478e+07
1.304184406190100126e+07
1.310487815027883835e+07
1.316822933431751654e+07
1.323189941481993906e+07
1.329589020392831787e+07
1.336020352520110831e+07
1.342484121369018778e+07
1.348980511601872928e+07
1.355509709045956098e+07
1.362071900701409392e+07
1.368667274749184027e+07
1.375296020559048466e+07
1.381958328697640821e+07
1.388654390936597995e+07
1.395384400260731205e+07
1.402148550876257755e+07
1.408947038219096139e+07
1.415780058963216655e+07
1.422647811029046401e+07
1.429550493591953628e+07
1.436488307090765238e+07
1.443461453236362524e+07
1.450470135020335391e+07
1.457514556723691896e+07
1.464594923925633542e+07
1.471711443512391672e+07
1.478864323686131090e+07
1.486053773973908648e+07
1.493280005236705206e+07
1.500543229678506777e+07
1.507843660855468921e+07
1.515181513685133308e+07
1.522557004455710948e+07
1.529970350835438445e+07
1.537421771881989390e+07
1.544911488051968254e+07
1.552439721210454777e+07
1.560006694640626758e+07
1.567612633053446747e+07
1.575257762597419694e+07
1.582942310868422687e+07
1.590666506919600815e+07
1.598430581271328032e+07
1.606234765921249241e+07
1.614079294354392588e+07
1.621964401553346962e+07
1.629890324008509517e+07
1.637857299728421122e+07
1.645865568250167742e+07
1.653915370649840683e+07
1.662006949553099647e+07
1.670140549145790562e+07
1.678316415184642375e+07
1.686534795008046553e+07
1.694795937546902150e+07
1.703100093335556239e+07
1.711447514522806555e+07
1.719838454882980138e+07
1.728273169827105850e+07
1.736751916414166242e+07
1.745274953362399712e+07
1.753842541060723364e+07
1.762454941580216587e+07
1.771112418685694784e+07
1.779815237847337872e+07
1.788563666252448782e+07
1.797357972817271203e+07
1.806198428198868409e+07
1.815085304807128757e+07
1.824018876816849038e+07
1.832999420179864392e+07
1.842027212637320161e+07
1.851102533731979877e+07
1.860225664820672944e+07
1.869396889086788893e+07
1.878616491552887112e+07
1.887884759093369171e+07
1.897201980447267741e+07
1.906568446231132373e+07
1.915984448951971531e+07
1.925450283020322770e+07
1.934966244763390720e+07
1.944532632438297570e+07
1.954149746245429292e+07
1.963817888341845572e+07
1.973537362854835391e+07
1.983308475895532593e+07
1.993131535572633520e+07
2.003006852006231248e+07
2.012934737341729179e+07
2.022915505763868243e+07
2.032949473510836437e+07
2.043036958888502419e+07
2.053178282284735888e+07
2.063373766183837503e+07
2.073623735181053728e+07
2.083928515997240692e+07
2.094288437493571267e+07
2.104703830686403066e+07
2.115175028762219101e+07
2.125702367092679441e+07
2.136286183249808848e+07
2.146926817021252960e+07
2.157624610425662249e+07
2.168379907728207856e+07
2.179193055456155539e+07
2.190064402414607629e+07
2.200994299702329934e+07
2.211983100727690011e+07
2.223031161224718764e+07
2.234138839269277826e+07
2.245306495295364410e+07
2.256534492111502588e+07
2.267823194917280227e+07
2.279172971319981664e+07
2.290584191351358593e+07
2.302057227484509349e+07
2.313592454650884122e+07
2.325190250257412344e+07
2.336850994203753397e+07
2.348575068899664283e+07
2.360362859282509983e+07
2.372214752834866941e+07
2.384131139602299035e+07
2.396112412211219966e+07
2.408158965886906534e+07
2.420271198471632972e+07
2.432449510442929715e+07
2.444694304931996763e+07
2.457005987742229551e+07
2.469384967367883027e+07
2.481831655012855306e+07
2.494346464609640837e+07
2.506929812838397175e+07
2.519582119146139920e+07
2.532303805766100809e+07
2.545095297737207264e+07
2.557957022923695296e+07
2.570889412034898996e+07
2.583892898645144701e+07
2.596967919213807583e+07
2.610114913105484843e+07
2.623334322610387206e+07
2.636626592964776605e+07
2.649992172371627390e+07
2.663431512021404505e+07
2.676945066113006696e+07
2.690533291874828935e+07
2.704196649586036801e+07
2.717935602597912401e+07
2.731750617355430871e+07
2.745642163418950140e+07
2.759610713486054540e+07
2.773656743413590640e+07
2.787780732239838690e+07
2.801983162206820026e+07
2.816264518782817200e+07
2.830625290685014799e+07
2.845065969902330637e+07
2.859587051718378812e+07
2.874189034734651446e+07
2.888872420893795043e+07
2.903637715503131971e+07
2.918485427258314192e+07
2.933416068267098814e+07
2.948430154073420539e+07
2.963528203681513667e+07
2.978710739580263942e+07
2.993978287767731026e+07
3.009331377775860578e+07
3.024770542695346475e+07
3.040296319200696796e+07
3.055909247575458139e+07
3.071609871737660468e+07
3.087398739265389368e+07
3.103276401422584057e+07
3.119243413185041398e+07
3.135300333266544342e+07
3.151447724145223200e+07
3.167686152090102807e+07
3.184016187187846750e+07
3.200438403369654715e+07
3.216953378438422829e+07
3.233561694096025825e+07
3.250263935970865935e+07
3.267060693645564467e+07
3.283952560684902221e+07
3.300940134663911164e+07
3.318024017196203023e+07
3.335204813962511718e+07
3.352483134739418328e+07
3.369859593428282440e+07
3.387334808084405214e+07
3.404909400946365297e+07
3.422583998465634137e+07
3.440359231336340308e+07
3.458235734525281936e+07
3.476214147302117944e+07
3.494295113269855827e+07
3.512479280395478755e+07
3.530767301040843874e+07
3.549159831993789971e+07
3.567657534499455988e+07
3.586261074291840941e+07
3.604971121625612676e+07
3.623788351308109611e+07
3.642713442731588334e+07
3.661747079905717820e+07
3.680889951490289718e+07
3.700142750828180462e+07
3.719506175978556275e+07
3.738980929750276357e+07
3.758567719735617936e+07
3.778267258344164491e+07
3.798080262836993486e+07
3.818007455361080915e+07
3.838049562983983755e+07
3.858207317728736997e+07
3.878481456609044224e+07
3.898872721664706618e+07
3.919381859997279942e+07
3.940009623806050420e+07
3.960756770424222201e+07
3.981624062355368584e+07
4.002612267310208082e+07
4.023722158243558556e+07
4.044954513391625881e+07
4.066310116309536248e+07
4.087789755909136683e+07
4.109394226497107744e+07
4.131124327813298255e+07
4.152980865069364011e+07
4.174964648987700045e+07
4.197076495840664953e+07
4.219317227490001917e+07
4.241687671426703036e+07
4.264188660810983181e+07
4.286821034512719512e+07
4.309585637152028084e+07
4.332483319140270352e+07
4.355514936721217632e+07
4.378681352012695372e+07
4.401983433048329502e+07
4.425422053819750994e+07
4.448998094319026917e+07
4.472712440581439435e+07
4.496565984728544950e+07
4.520559625011549145e+07
4.544694265855047852e+07
4.568970817901016772e+07
4.593390198053155839e+07
4.617953329521581531e+07
4.642661141867770255e+07
4.667514571049882472e+07
4.692514559468450397e+07
4.717662056012311578e+07
4.742958016104934365e+07
4.768403401751069725e+07
4.793999181583754718e+07
4.819746330911587924e+07
4.845645831766467541e+07
4.871698672951601446e+07
4.897905850089840591e+07
4.924268365672418475e+07
4.950787229108094424e+07
4.977463456772504747e+07
5.004298072057978809e+07
5.031292105423736572e+07
5.058446594446349144e+07
5.085762583870726824e+07
5.113241125661285967e+07
5.140883279053620249e+07
5.168690110606555641e+07
5.196662694254481792e+07
5.224802111360132694e+07
5.253109450767771155e+07
5.281585808856752515e+07
5.310232289595398307e+07
5.339050004595389962e+07
5.368040073166456819e+07
5.397203622371469438e+07
5.426541787082050741e+07
5.456055710034455359e+07
5.485746541885909438e+07
5.515615441271348298e+07
5.545663574860598892e+07
5.575892117415984720e+07
5.606302251850274205e+07
5.636895169285152853e+07
5.667672069110010564e+07
5.698634159041270614e+07
5.729782655182097107e+07
5.761118782082539797e+07
5.792643772800119221e+07
5.824358868960808218e+07
5.856265320820577443e+07
5.888364387327302992e+07
5.920657336183079332e+07
5.953145443907111138e+07
5.985829995898990333e+07
6.018712286502417922e+07
6.051793619069444388e+07
6.085075306025148183e+07
6.118558668932797015e+07
6.152245038559448719e+07
6.186135754942114651e+07
6.220232167454287410e+07
6.254535634873086214e+07
6.289047525446797907e+07
6.323769216962933540e+07
6.358702096816812456e+07
6.393847562080550194e+07
6.429207019572728872e+07
6.464781885928428918e+07
6.500573587669790536e+07
6.536583561277129501e+07
6.572813253260576725e+07
6.609264120232209563e+07
6.645937628978697956e+07
6.682835256534546614e+07
6.719958490255834162e+07
6.757308827894470096e+07
6.794887777673000097e+07
6.832696858359992504e+07
6.870737599345968664e+07
6.909011540719854832e+07
6.947520233346033096e+07
6.986265238941906393e+07
7.025248130156084895e+07
7.064470490647086501e+07
7.103933915162721276e+07
7.143640009619903564e+07
7.183590391185125709e+07
7.223786688355606794e+07
7.264230541040861607e+07
7.304923600644978881e+07
7.345867530149492621e+07
