0.000000000000000000e+00	0.000000000000000000e+00	0.000000000000000000e+00
1.021010073411639780e+02	3.775847033599957162e-04	5.070974041095396151e-02
2.043759465590607363e+02	7.560015868222515591e-04	5.043717285535051498e-02
3.068969220829193318e+02	1.135328680533986270e-03	5.019723079783065117e-02
4.097265867622170390e+02	1.515797815867807926e-03	4.998540416818338106e-02
5.129198114222701861e+02	1.897612027942417170e-03	4.979795885512013770e-02
6.165250292015622335e+02	2.280950530204702530e-03	4.963178741291507379e-02
7.205853223172456410e+02	2.665972735885693487e-03	4.948429055483796052e-02
8.251393041906527515e+02	3.052821522202059639e-03	4.935328277872241820e-02
9.302218384567798921e+02	3.441625890960371692e-03	4.923691695817734859e-02
1.035864627518729321e+03	3.832503146424192774e-03	4.913362387966182382e-02
1.142096696407143781e+03	4.225560685767371441e-03	4.904206359082467770e-02
1.248944792319559610e+03	4.620897477509556747e-03	4.896108611010633466e-02
1.356433716002323990e+03	5.018605287742588204e-03	4.888969957806305056e-02
1.464586597834672148e+03	5.418769701733693218e-03	4.882704434275111222e-02
1.573425128878742498e+03	5.821470978885702127e-03	4.877237179197158046e-02
1.682969755112891335e+03	6.226784771461868311e-03	4.872502699503742513e-02
1.793239841449187452e+03	6.634782731501238581e-03	4.868443441199511029e-02
1.904253810854800577e+03	7.045533025609590494e-03	4.865008608116559025e-02
2.016029262879300177e+03	7.459100773545081914e-03	4.862153181593998480e-02
2.128583075078483489e+03	7.875548423515257163e-03	4.859837103627090427e-02
2.241931490177463274e+03	8.294936074704554324e-03	4.858024593485253673e-02
2.356090191295796558e+03	8.717321755627501639e-03	4.856683573696135570e-02
2.471074367139510741e+03	9.142761665356222492e-03	4.855785185971049633e-02
2.586898768728260166e+03	9.571310383425308405e-03	4.855303381365995430e-02
2.703577758952390468e+03	1.000302105320516333e-02	4.855214571940018320e-02
2.821125356034023298e+03	1.043794554271842111e-02	4.855497333544116917e-02
2.939555271785325203e+03	1.087613458620443306e-02	4.856132151277170461e-02
3.058880945409935521e+03	1.131763790919219047e-02	4.857101200675414954e-02
3.179115573473117820e+03	1.176250433939645366e-02	4.858388158936520484e-02
3.300272136565959499e+03	1.221078190538096506e-02	4.859978041478979494e-02
3.422363423107831295e+03	1.266251792463249544e-02	4.861857059947715526e-02
3.545402050662882175e+03	1.311775908243614785e-02	4.864012498437459558e-02
3.669400485089895483e+03	1.357655150273357793e-02	4.866432605244257886e-02
3.794371057798041875e+03	1.403894081197255145e-02	4.869106497897211783e-02
3.920325981341590250e+03	1.450497219681025352e-02	4.872024079585875189e-02
4.047277363553546365e+03	1.497469045641029381e-02	4.875175965396822547e-02
4.175237220390626135e+03	1.544814004997134040e-02	4.878553417021420230e-02
4.304217487638255989e+03	1.592536514003760340e-02	4.882148284801845345e-02
4.434230031604479336e+03	1.640640963206806135e-02	4.885952956152030818e-02
4.565286658914988038e+03	1.689131721067964331e-02	4.889960309533859795e-02
4.697399125506777636e+03	1.738013137292513527e-02	4.894163673288142585e-02
4.830579144905574140e+03	1.787289545892094614e-02	4.898556788718957250e-02
4.964838395862308062e+03	1.836965268010315108e-02	4.903133776915853670e-02
5.100188529413613651e+03	1.887044614535237502e-02	4.907889108867768274e-02
5.236641175424874746e+03	1.937531888520393694e-02	4.912817578485189490e-02
5.374207948666543416e+03	1.988431387433109779e-02	4.917914278195739675e-02
5.512900454469083343e+03	2.039747405246904177e-02	4.923174576824194959e-02
5.652730293996640285e+03	2.091484234392816319e-02	4.928594099503995352e-02
5.793709069175055447e+03	2.143646167582829651e-02	4.934168709399873454e-02
5.935848387306222321e+03	2.196237499517243036e-02	4.939894491048020531e-02
6.079159865396956775e+03	2.249262528486398183e-02	4.945767735144560029e-02
6.223655134228047245e+03	2.302725557876277376e-02	4.951784924633080565e-02
6.369345842186021400e+03	2.356630897586298526e-02	4.957942721959605198e-02
6.516243658878418501e+03	2.410982865367003458e-02	4.964237957378889177e-02
6.664360278550687326e+03	2.465785788084345898e-02	4.970667618208947369e-02
6.813707423321587157e+03	2.521044002916820320e-02	4.977228838942716199e-02
6.964296846252029354e+03	2.576761858490967186e-02	4.983918892135372203e-02
7.116140334260910095e+03	2.632943715960252978e-02	4.990735179995189202e-02
7.269249710900296122e+03	2.689593950031916522e-02	4.997675226613271932e-02
7.423636839001192129e+03	2.746716949945926523e-02	5.004736670774287410e-02
7.579313623200062466e+03	2.804317120409813291e-02	5.011917259296978094e-02
7.736292012355348561e+03	2.862398882492803165e-02	5.019214840857281340e-02
7.894584001862303921e+03	2.920966674482321224e-02	5.026627360253013016e-02
8.054201635874072963e+03	2.980024952705810637e-02	5.034152853072379474e-02
8.215157009436219596e+03	3.039578192320524508e-02	5.041789440732095257e-02
8.377462270540569079e+03	3.099630888073456533e-02	5.049535325855241535e-02
8.541129622104928785e+03	3.160187555033854706e-02	5.057388787960408194e-02
8.706171323883951118e+03	3.221252729300255052e-02	5.065348179437823006e-02
8.872599694315886154e+03	3.282830968683785045e-02	5.073411921789124090e-02
9.040427112310051598e+03	3.344926853369543929e-02	5.081578502110443291e-02
9.209666018979773071e+03	3.407544986557797806e-02	5.089846469800280576e-02
9.380328919323139417e+03	3.470689995085866203e-02	5.098214433474377444e-02
9.552428383857497465e+03	3.534366530032902187e-02	5.106681058072620738e-02
9.725977050209137815e+03	3.598579267308069096e-02	5.115245062143704280e-02
9.900987624661602240e+03	3.663332908223437823e-02	5.123905215294070892e-02
1.007747288366677458e+04	3.728632180053086109e-02	5.132660335789769601e-02
1.025544567531987741e+04	3.794481836578858513e-02	5.141509288299948854e-02
1.043491892080151774e+04	3.860886658623925716e-02	5.150450981772342063e-02
1.061590561578908455e+04	3.927851454575013307e-02	5.159484367431102503e-02
1.079841883183966456e+04	3.995381060894077907e-02	5.168608436888864899e-02
1.098247171774628987e+04	4.063480342620130054e-02	5.177822220365451561e-02
1.116807750086981287e+04	4.132154193862027508e-02	5.187124785005367555e-02
1.135524948844731443e+04	4.201407538282592169e-02	5.196515233288272889e-02
1.154400106887959737e+04	4.271245329574991506e-02	5.205992701525838373e-02
1.173434571299890376e+04	4.341672551931786278e-02	5.215556358439583928e-02
1.192629697531792044e+04	4.412694220507076825e-02	5.225205403814423000e-02
1.211986849526214428e+04	4.484315381872473749e-02	5.234939067223144671e-02
1.231507399838645142e+04	4.556541114467237835e-02	5.244756606817158745e-02
1.251192729757639609e+04	4.629376529042755067e-02	5.254657308180031572e-02
1.271044229423702018e+04	4.702826769102408377e-02	5.264640483238850616e-02
1.291063297946855346e+04	4.776897011336578985e-02	5.274705469231055072e-02
1.311251343523075229e+04	4.851592466053462893e-02	5.284851627722678830e-02
1.331609783549669191e+04	4.926918377605967597e-02	5.295078343675101162e-02
1.352140044739674886e+04	5.002880024814993637e-02	5.305385024557512930e-02
1.372843563235403599e+04	5.079482721389544375e-02	5.315771099502415026e-02
1.393721784721127551e+04	5.156731816343670949e-02	5.326236018501583069e-02
1.414776164535080716e+04	5.234632694410874809e-02	5.336779251640322297e-02
1.436008167780729127e+04	5.313190776455813807e-02	5.347400288367666621e-02
1.457419269437495132e+04	5.392411519883977267e-02	5.358098636800612269e-02
1.479010954470888646e+04	5.472300419049175302e-02	5.368873823060526379e-02
1.500784717942201678e+04	5.552863005659412071e-02	5.379725390639912563e-02
1.522742065117765014e+04	5.634104849181129776e-02	5.390652899797758468e-02
1.544884511577777448e+04	5.716031557241883082e-02	5.401655926982208006e-02
1.567213583324897445e+04	5.798648776032126750e-02	5.412734064278659774e-02
1.589730816892471375e+04	5.881962190705660593e-02	5.423886918882576957e-02
1.612437759452621685e+04	5.965977525779556784e-02	5.435114112594974234e-02
1.635335968924062399e+04	6.050700545533074792e-02	5.446415281340097336e-02
1.658427014079803121e+04	6.136137054406171770e-02	5.457790074703460642e-02
1.681712474654763355e+04	6.222292897397670164e-02	5.469238155489852815e-02
1.705193941453286970e+04	6.309173960463064501e-02	5.480759199299908152e-02
1.728873016456659025e+04	6.396786170912335812e-02	5.492352894124388069e-02
1.752751312930545100e+04	6.485135497807464899e-02	5.504018939955202666e-02
1.776830455532616179e+04	6.574227952360664484e-02	5.515757048412730373e-02
1.801112080420058919e+04	6.664069588332151295e-02	5.527566942388174864e-02
1.825597835357280928e+04	6.754666502428657848e-02	5.539448355700234833e-02
1.850289379823768104e+04	6.846024834702510442e-02	5.551401032766081767e-02
1.875188385122028558e+04	6.938150768951018010e-02	5.563424728284755566e-02
1.900296534485730444e+04	7.031050533116579848e-02	5.575519206933809979e-02
1.925615523188071529e+04	7.124730399687652371e-02	5.587684243077328805e-02
1.951147058650348845e+04	7.219196686100462501e-02	5.599919620485591804e-02
1.976892860550811747e+04	7.314455755141754945e-02	5.612225132065432748e-02
2.002854660933784544e+04	7.410514015352551165e-02	5.624600579601118922e-02
2.029034204319087803e+04	7.507377921433004697e-02	5.637045773504846535e-02
2.055433247811742694e+04	7.605053974648315340e-02	5.649560532576766020e-02
2.082053561212067507e+04	7.703548723236065821e-02	5.662144683774294335e-02
2.108896927126156152e+04	7.802868762815015624e-02	5.674798061989552028e-02
2.135965141076670261e+04	7.903020736795011991e-02	5.687520509835329585e-02
2.163260011614059476e+04	8.004011336788513509e-02	5.700311877438850316e-02
2.190783360428254309e+04	8.105847303023853978e-02	5.713172022242986314e-02
2.218537022460705339e+04	8.208535424759778876e-02	5.726100808814835186e-02
2.246522846016916083e+04	8.312082540701824784e-02	5.739098108660959513e-02
2.274742692879501919e+04	8.416495539420630612e-02	5.752163800049408388e-02
2.303198438421685569e+04	8.521781359771873898e-02	5.765297767838014481e-02
2.331891971721246227e+04	8.627946991317875236e-02	5.778499903308605135e-02
2.360825195675103896e+04	8.734999474751570236e-02	5.791770104007238490e-02
2.390000027114347540e+04	8.842945902322102425e-02	5.805108273589866530e-02
2.419418396919852239e+04	8.951793418262608826e-02	5.818514321673324413e-02
2.449082250138485324e+04	9.061549219220184359e-02	5.831988163691410876e-02
2.478993546099801824e+04	9.172220554687653127e-02	5.845529720756090231e-02
2.509154258533424945e+04	9.283814727437871006e-02	5.859138919523104033e-02
2.539566375687011168e+04	9.396339093960197342e-02	5.872815692062308135e-02
2.570231900444784333e+04	9.509801064899074674e-02	5.886559975732330585e-02
2.601152850446814773e+04	9.624208105495352106e-02	5.900371713059249928e-02
2.632331258208783765e+04	9.739567736029423883e-02	5.914250851619554800e-02
2.663769171242562516e+04	9.855887532267354478e-02	5.928197343926742968e-02
2.695468652177359036e+04	9.973175125909135297e-02	5.942211147321665998e-02
2.727431778881603532e+04	1.009143820503965172e-01	5.956292223866539032e-02
2.759660644585492992e+04	1.021068451458210097e-01	5.970440540242193811e-02
2.792157358004320486e+04	1.033092185675430347e-01	5.984656067648860128e-02
2.824924043462349800e+04	1.045215809152704595e-01	5.998938781710028839e-02
2.857962841017668688e+04	1.057440113708602997e-01	6.013288662379145944e-02
2.891275906587564896e+04	1.069765897029576057e-01	6.027705693849721991e-02
2.924865412074758206e+04	1.082193962716661573e-01	6.042189864467816668e-02
2.958733545494386999e+04	1.094725120332467744e-01	6.056741166647579971e-02
2.992882511101796990e+04	1.107360185448456186e-01	6.071359596789275420e-02
3.027314529521039731e+04	1.120099979692486397e-01	6.086045155199685391e-02
3.062031837874263874e+04	1.132945330796688577e-01	6.100797846015441894e-02
3.097036689911786743e+04	1.145897072645592069e-01	6.115617677128215579e-02
3.132331356143177982e+04	1.158956045324624901e-01	6.130504660112449239e-02
3.167918123968948566e+04	1.172123095168839391e-01	6.145458810155106366e-02
3.203799297813269732e+04	1.185399074812017034e-01	6.160480145987877465e-02
3.239977199257428219e+04	1.198784843236047476e-01	6.175568689821005208e-02
3.276454167174192844e+04	1.212281265820643744e-01	6.190724467279294652e-02
3.313232557863032707e+04	1.225889214393372506e-01	6.205947507340171115e-02
3.350314745186199434e+04	1.239609567280006153e-01	6.221237842273242419e-02
3.387703120705788751e+04	1.253443209355231680e-01	6.236595507582016334e-02
3.425400093821577320e+04	1.267391032093654335e-01	6.252020541946938514e-02
3.463408091909837094e+04	1.281453933621156671e-01	6.267512987170426042e-02
3.501729560463092639e+04	1.295632818766607464e-01	6.283072888123351907e-02
3.540366963230817055e+04	1.309928599113920900e-01	6.298700292693140690e-02
3.579322782360942074e+04	1.324342193054416361e-01	6.314395251733199987e-02
3.618599518542496662e+04	1.338874525839589824e-01	6.330157819014155252e-02
3.658199691149152932e+04	1.353526529634230258e-01	6.345988051176038036e-02
3.698125838383562223e+04	1.368299143569822185e-01	6.361886007682199251e-02
3.738380517423074343e+04	1.383193313798461443e-01	6.377851750774424233e-02
3.778966304565998144e+04	1.398209993546970509e-01	6.393885345429189959e-02
3.819885795379141928e+04	1.413350143171490658e-01	6.409986859315332242e-02
3.861141604846288101e+04	1.428614730212415529e-01	6.426156362752880047e-02
3.902736367517749022e+04	1.444004729449726299e-01	6.442393928672891790e-02
3.944672737660784333e+04	1.459521122958648276e-01	6.458699632578634997e-02
3.986953389411288663e+04	1.475164900165772397e-01	6.475073552507662478e-02
4.029581016926305892e+04	1.490937057905486474e-01	6.491515768994986224e-02
4.072558334537822520e+04	1.506838600476879120e-01	6.508026365037548888e-02
4.115888076907443610e+04	1.522870539700968973e-01	6.524605426059022772e-02
4.159572999182251806e+04	1.539033894978372452e-01	6.541253039876328279e-02
4.203615877151797758e+04	1.555329693347389519e-01	6.557969296666524284e-02
4.248019507405944023e+04	1.571758969542406681e-01	6.574754288934936408e-02
4.292786707494236907e+04	1.588322766052863710e-01	6.591608111483893140e-02
4.337920316086003004e+04	1.605022133182489597e-01	6.608530861382706789e-02
4.383423193131775770e+04	1.621858129109029489e-01	6.625522637937818204e-02
4.429298220025831688e+04	1.638831819944383816e-01	6.642583542664429186e-02
4.475548299769884034e+04	1.655944279795173169e-01	6.659713679258551233e-02
4.522176357137919695e+04	1.673196590823730345e-01	6.676913153569843939e-02
4.569185338842199417e+04	1.690589843309517892e-01	6.694182073575147274e-02
4.616578213700363995e+04	1.708125135710956977e-01	6.711520549352911758e-02
4.664357972803981829e+04	1.725803574727791945e-01	6.728928693058203181e-02
4.712527629687987064e+04	1.743626275363781009e-01	6.746406618898126428e-02
4.761090220501575823e+04	1.761594360989927333e-01	6.763954443108438630e-02
4.810048804180142179e+04	1.779708963408094535e-01	6.781572283930339951e-02
4.859406462618580554e+04	1.797971222915130673e-01	6.799260261588011001e-02
4.909166300845719525e+04	1.816382288367405784e-01	6.817018498266876059e-02
4.959331447200133698e+04	1.834943317245864292e-01	6.834847118092218787e-02
5.009905053507079720e+04	1.853655475721489865e-01	6.852746247108547351e-02
5.060890295256824902e+04	1.872519938721285693e-01	6.870716013259473010e-02
5.112290371784156741e+04	1.891537889994696908e-01	6.888756546368071665e-02
5.164108506449373090e+04	1.910710522180570636e-01	6.906867978117650630e-02
5.216347946820213838e+04	1.930039036874476588e-01	6.925050442033360565e-02
5.269011964855597034e+04	1.949524644696683517e-01	6.943304073464003079e-02
5.322103857090247038e+04	1.969168565360477630e-01	6.961629009564400394e-02
5.375626944820916106e+04	1.988972027741057191e-01	6.980025389278249337e-02
5.429584574293844344e+04	2.008936269944899544e-01	6.998493353321406929e-02
5.483980116893653030e+04	2.029062539379644925e-01	7.017033044165654765e-02
5.538816969333484303e+04	2.049352092824453520e-01	7.035644606022814496e-02
5.594098553846745926e+04	2.069806196500947326e-01	7.054328184829383730e-02
5.649828318379946722e+04	2.090426126144559194e-01	7.073083928231509165e-02
5.706009736787232396e+04	2.111213167076511632e-01	7.091911985570439891e-02
5.762646309026121889e+04	2.132168614276240270e-01	7.110812507868098653e-02
5.819741561354743317e+04	2.153293772454367982e-01	7.129785647813523253e-02
5.877299046530621126e+04	2.174589956126257995e-01	7.148831559749162234e-02
5.935322344010626693e+04	2.196058489685994985e-01	7.167950399657872784e-02
5.993815060152766819e+04	2.217700707481045919e-01	7.187142325150180922e-02
6.052780828419083264e+04	2.239517953887333046e-01	7.206407495451649936e-02
6.112223309580290515e+04	2.261511583384950563e-01	7.225746071390931613e-02
6.172146191921735590e+04	2.283682960634365600e-01	7.245158215388089462e-02
6.232553191451064777e+04	2.306033460553260639e-01	7.264644091442973295e-02
6.293448052107192052e+04	2.328564468393847509e-01	7.284203865124086463e-02
6.354834545970883482e+04	2.351277379820783109e-01	7.303837703557775063e-02
6.416716473476962710e+04	2.374173600989686883e-01	7.323545775417694692e-02
6.479097663628052396e+04	2.397254548626224779e-01	7.343328250914468724e-02
6.541981974209624605e+04	2.420521650105676437e-01	7.363185301785797610e-02
6.605373292007084819e+04	2.443976343533257045e-01	7.383117101286630624e-02
6.669275533024081960e+04	2.467620077824890790e-01	7.403123824179710932e-02
6.733692642702489684e+04	2.491454312788604075e-01	7.423205646726559193e-02
6.798628596144195762e+04	2.515480519206588217e-01	7.443362746678272579e-02
6.864087398334333557e+04	2.539700178917793094e-01	7.463595303267031578e-02
6.930073084366085823e+04	2.564114784901104782e-01	7.483903497197585963e-02
6.996589719667400641e+04	2.588725841359232893e-01	7.504287510639004455e-02
7.063641400229194551e+04	2.613534863803139707e-01	7.524747527216740783e-02
7.131232252835345571e+04	2.638543379137143208e-01	7.545283732004889887e-02
7.199366435294091934e+04	2.663752925744528599e-01	7.565896311518584272e-02
7.268048136671521934e+04	2.689165053573946418e-01	7.586585453706672089e-02
7.337281577526606270e+04	2.714781324226365755e-01	7.607351347944708853e-02
7.407071010147969355e+04	2.740603311042687507e-01	7.628194185027951935e-02
7.477420718792290427e+04	2.766632599191944930e-01	7.649114157164671468e-02
7.548335019924721564e+04	2.792870785760265262e-01	7.670111457969767954e-02
7.619818262460801634e+04	2.819319479840370901e-01	7.691186282458223333e-02
7.691874828010471538e+04	2.845980302621868852e-01	7.712338827039212641e-02
7.764509131123367115e+04	2.872854887482007569e-01	7.733569289510000555e-02
7.837725619536667364e+04	2.899944880077382492e-01	7.754877869050268158e-02
7.911528774424115545e+04	2.927251938436066792e-01	7.776264766216522961e-02
7.985923110647188150e+04	2.954777733050553135e-01	7.797730182936561671e-02
8.060913177007956256e+04	2.982523946971304962e-01	7.819274322504490837e-02
8.136503556504033622e+04	3.010492275901088810e-01	7.840897389575350596e-02
8.212698866585390351e+04	3.038684428289997741e-01	7.862599590160418428e-02
8.289503759412720683e+04	3.067102125431040993e-01	7.884381131622346384e-02
8.366922922118066344e+04	3.095747101556581837e-01	7.906242222670566144e-02
8.444961077067337465e+04	3.124621103935463218e-01	7.928183073356907806e-02
8.523622982124632108e+04	3.153725892970810074e-01	7.950203895071203397e-02
8.602913430918582890e+04	3.183063242298576068e-01	7.972304900537220684e-02
8.682837253110556048e+04	3.212634938886773650e-01	7.994486303808547023e-02
8.763399314665267593e+04	3.242442783135608408e-01	8.016748320264846517e-02
8.844604518122746958e+04	3.272488588978099133e-01	8.039091166608029748e-02
8.926457802872880711e+04	3.302774183981660450e-01	8.061515060858724657e-02
9.008964145431519137e+04	3.333301409450264430e-01	8.084020222352678031e-02
9.092128559719234181e+04	3.364072120527575871e-01	8.106606871737577491e-02
9.175956097341298300e+04	3.395088186300547761e-01	8.129275230969706945e-02
9.260451847870624624e+04	3.426351489904107539e-01	8.152025523311007271e-02
9.345620939132175408e+04	3.457863928626388472e-01	8.174857973325969085e-02
9.431468537489681330e+04	3.489627414014815909e-01	8.197772806878786400e-02
9.517999848134633794e+04	3.521643871983029528e-01	8.220770251130721240e-02
9.605220115377145703e+04	3.553915242918507800e-01	8.243850534537414121e-02
9.693134622939133260e+04	3.586443481791042331e-01	8.267013886846492909e-02
9.781748694249629625e+04	3.619230558262001018e-01	8.290260539094966574e-02
9.871067692742402141e+04	3.652278456794449957e-01	8.313590723607139354e-02
9.961097022155519517e+04	3.685589176763989783e-01	8.337004673992380599e-02
1.005184212683332007e+05	3.719164732570485743e-01	8.360502625142998689e-02
1.014330849203059042e+05	3.753007153750611558e-01	8.384084813232292599e-02
1.023550164421914815e+05	3.787118485091287567e-01	8.407751475712729738e-02
1.032842715139635402e+05	3.821500786743826095e-01	8.431502851314141844e-02
1.042209062339613884e+05	3.856156134339011055e-01	8.455339180042106828e-02
1.051649771220223483e+05	3.891086619102999133e-01	8.479260703176107195e-02
1.061165411226400902e+05	3.926294347974167986e-01	8.503267663268622434e-02
1.070756556081439630e+05	3.961781443720761575e-01	8.527360304143007108e-02
1.080423783818995144e+05	3.997550045059298784e-01	8.551538870892749777e-02
1.090167676815386803e+05	4.033602306774099477e-01	8.575803609880069955e-02
1.099988821822089958e+05	4.069940399837497780e-01	8.600154768734712130e-02
1.109887809998493758e+05	4.106566511531046793e-01	8.624592596353052032e-02
1.119865236944885255e+05	4.143482845567564299e-01	8.649117342896986416e-02
1.129921702735692088e+05	4.180691622214123826e-01	8.673729259793194757e-02
1.140057811952979973e+05	4.218195078415998278e-01	8.698428599732377364e-02
1.150274173720182880e+05	4.255995467921460662e-01	8.723215616668381078e-02
1.160571401736055996e+05	4.294095061407407488e-01	8.748090565817591424e-02
1.170950114308956254e+05	4.332496146606202858e-01	8.773053703658577340e-02
1.181410934391323244e+05	4.371201028433246982e-01	8.798105287931595742e-02
1.191954489614396880e+05	4.410212029115441190e-01	8.823245577637792159e-02
1.202581412323256518e+05	4.449531488320825900e-01	8.848474833039481069e-02
1.213292339612065116e+05	4.489161763288984641e-01	8.873793315659364578e-02
1.224087913359605154e+05	4.529105228962528318e-01	8.899201288280468580e-02
1.234968780265067908e+05	4.569364278119513734e-01	8.924699014946398112e-02
1.245935591884106543e+05	4.609941321506839662e-01	8.950286760960804444e-02
1.256989004665168759e+05	4.650838787974676536e-01	8.975964792887781984e-02
1.268129679986084375e+05	4.692059124611842602e-01	9.001733378551754483e-02
1.279358284190924169e+05	4.733604796882177612e-01	9.027592787037599931e-02
1.290675488627147715e+05	4.775478288761990653e-01	9.053543288691123792e-02
1.302081969683025964e+05	4.817682102878524386e-01	9.079585155119032636e-02
1.313578408825326769e+05	4.860218760649387959e-01	9.105718659189555864e-02
1.325165492637286370e+05	4.903090802423057948e-01	9.131944075032606689e-02
1.336843912856858806e+05	4.946300787620388495e-01	9.158261678040656439e-02
1.348614366415274853e+05	4.989851294877295507e-01	9.184671744868809495e-02
1.360477555475860427e+05	5.033744922188364557e-01	9.211174553435667878e-02
1.372434187473129423e+05	5.077984287051510170e-01	9.237770382923841950e-02
1.384484975152237748e+05	5.122572026613949614e-01	9.264459513780999578e-02
1.396630636608636414e+05	5.167510797818914980e-01	9.291242227720193647e-02
1.408871895328075334e+05	5.212803277553672565e-01	9.318118807720895957e-02
1.421209480226926680e+05	5.258452162798714635e-01	9.345089538029925647e-02
1.433644125692719244e+05	5.304460170777739458e-01	9.372154704162426186e-02
1.446176571625066572e+05	5.350830039109081282e-01	9.399314592902642540e-02
1.458807563476871583e+05	5.397564525958168380e-01	9.426569492305282572e-02
1.471537852295788762e+05	5.444666410190933670e-01	9.453919691696274774e-02
1.484368194766077504e+05	5.492138491528671951e-01	9.481365481674197682e-02
1.497299353250680724e+05	5.539983590703725369e-01	9.508907154111240212e-02
1.510332095833706262e+05	5.588204549616671013e-01	9.536545002154755979e-02
1.523467196363123658e+05	5.636804231494290107e-01	9.564279320228301351e-02
1.536705434493912617e+05	5.685785521049228075e-01	9.592110404033160620e-02
1.550047595731327601e+05	5.735151324640062054e-01	9.620038550549615819e-02
1.563494471474724414e+05	5.784904570433463400e-01	9.648064058038598179e-02
1.577046859061555879e+05	5.835048208566981920e-01	9.676187226043095335e-02
1.590705561811677762e+05	5.885585211312974740e-01	9.704408355389468332e-02
1.604471389072134625e+05	5.936518573244314867e-01	9.732727748189401451e-02
1.618345156262139499e+05	5.987851311400814724e-01	9.761145707841402397e-02
1.632327684918417362e+05	6.039586465456997511e-01	9.789662539032482902e-02
1.646419802740907762e+05	6.091727097891196374e-01	9.818278547739875406e-02
1.660622343638854800e+05	6.144276294156082452e-01	9.846994041232767780e-02
1.674936147777099686e+05	6.197237162849953407e-01	9.875809328074330873e-02
1.689362061622874171e+05	6.250612835889866048e-01	9.904724718123422700e-02
1.703900937992830586e+05	6.304406468685638254e-01	9.933740522536370354e-02
1.718553636100479634e+05	6.358621240315386336e-01	9.962857053769254290e-02
1.733321021603966656e+05	6.413260353702279204e-01	9.992074625579687452e-02
1.748203966654170072e+05	6.468327035792511559e-01	1.002139355302872625e-01
1.763203349943246285e+05	6.523824537734913553e-01	1.005081415248336579e-01
1.778320056753428071e+05	6.579756135061510802e-01	1.008033674161816218e-01
1.793554979006254580e+05	6.636125127869673124e-01	1.010996163941776521e-01
1.808909015312133124e+05	6.692934841005481195e-01	1.013968916617893901e-01
1.824383071020298521e+05	6.750188624248592006e-01	1.016951964351288096e-01
1.839978058269122848e+05	6.807889852498379968e-01	1.019945339434748660e-01
1.855694896036824794e+05	6.866041925961549053e-01	1.022949074292958671e-01
1.871534510192492162e+05	6.924648270340929557e-01	1.025963201482737175e-01
1.887497833547582850e+05	6.983712337026025674e-01	1.028987753693281909e-01
1.903585805907726171e+05	7.043237603284677739e-01	1.032022763746401894e-01
1.919799374124929891e+05	7.103227572456229932e-01	1.035068264596785415e-01
1.936139492150205187e+05	7.163685774146241192e-01	1.038124289332220257e-01
1.952607121086544939e+05	7.224615764422505082e-01	1.041190871173885563e-01
1.969203229242325469e+05	7.286021126012635074e-01	1.044268043476567071e-01
1.985928792185088387e+05	7.347905468503055371e-01	1.047355839728948274e-01
2.002784792795724643e+05	7.410272428539481648e-01	1.050454293553880758e-01
2.019772221323072154e+05	7.473125670028933909e-01	1.053563438708625538e-01
2.036892075438883039e+05	7.536468884343109353e-01	1.056683309085154343e-01
2.054145360293289123e+05	7.600305790523613769e-01	1.059813938710389841e-01
2.071533088570531399e+05	7.664640135488143269e-01	1.062955361746539262e-01
2.089056280545265472e+05	7.729475694238834294e-01	1.066107612491325601e-01
2.106715964139158896e+05	7.794816270071655007e-01	1.069270725378305142e-01
2.124513174978024617e+05	7.860665694787806190e-01	1.072444734977132247e-01
2.142448956449255929e+05	7.927027828906232365e-01	1.075629675993873130e-01
2.160524359759780054e+05	7.993906561878042494e-01	1.078825583271301597e-01
2.178740443994388625e+05	8.061305812302339557e-01	1.082032491789197970e-01
2.197098276174563507e+05	8.129229528143868677e-01	1.085250436664637746e-01
2.215598931317657116e+05	8.197681686951984181e-01	1.088479453152301074e-01
2.234243492496596591e+05	8.266666296081561782e-01	1.091719576644808315e-01
2.253033050899989903e+05	8.336187392915377359e-01	1.094970842673009537e-01
2.271968705892651924e+05	8.406249045088065586e-01	1.098233286906285938e-01
2.291051565076626430e+05	8.476855350711893777e-01	1.101506945152915667e-01
2.310282744352670561e+05	8.548010438604253247e-01	1.104791853360357345e-01
2.329663367982138880e+05	8.619718468516629484e-01	1.108088047615583549e-01
2.349194568649371213e+05	8.691983631365439722e-01	1.111395564145418180e-01
2.368877487524547905e+05	8.764810149464596911e-01	1.114714439316864258e-01
2.388713274326982792e+05	8.838202276759683507e-01	1.118044709637448786e-01
2.408703087388933636e+05	8.912164299064063711e-01	1.121386411755537216e-01
2.428848093719822064e+05	8.986700534296482301e-01	1.124739582460696496e-01
2.449149469070979976e+05	9.061815332720636329e-01	1.128104258684023004e-01
2.469608398000861343e+05	9.137513077186451005e-01	1.131480477498515436e-01
2.490226073940762435e+05	9.213798183373247408e-01	1.134868276119390812e-01
2.511003699260977446e+05	9.290675100034512246e-01	1.138267691904458895e-01
2.531942485337498947e+05	9.368148309244701544e-01	1.141678762354489673e-01
2.553043652619207278e+05	9.446222326647819578e-01	1.145101525113541574e-01
2.574308430695494753e+05	9.524901701707646495e-01	1.148536017969340461e-01
2.595738058364549652e+05	9.604191017960381771e-01	1.151982278853649205e-01
2.617333783701903303e+05	9.684094893268263560e-01	1.155440345842633915e-01
2.639096864129721071e+05	9.764617980075946946e-01	1.158910257157223372e-01
2.661028566486501368e+05	9.845764965668389879e-01	1.162392051163500667e-01
2.683130167097359081e+05	9.927540572430904042e-01	1.165885766373059851e-01
2.705402951844595373e+05	1.000994955811025822e+00	1.169391441443395213e-01
2.727848216239194735e+05	1.009299671607921445e+00	1.172909115178297906e-01
2.750467265492512379e+05	1.017668687560177254e+00	1.176438826528234116e-01
2.773261414588662446e+05	1.026102490210101026e+00	1.179980614590711990e-01
2.796231988357345108e+05	1.034601569742853888e+00	1.183534518610686037e-01
2.819380321547344793e+05	1.043166420013643458e+00	1.187100577980959720e-01
2.842707758900499903e+05	1.051797538575095059e+00	1.190678832242572788e-01
2.866215655226128874e+05	1.060495426704786803e+00	1.194269321085199842e-01
2.889905375476176850e+05	1.069260589433055131e+00	1.197872084347575278e-01
2.913778294820867595e+05	1.078093535570985306e+00	1.201487162017855770e-01
2.937835798724865890e+05	1.086994777738591988e+00	1.205114594234059505e-01
2.962079283024031320e+05	1.095964832393217403e+00	1.208754421284470026e-01
2.986510154002804775e+05	1.105004219858163994e+00	1.212406683608051178e-01
3.011129828472042573e+05	1.114113464351494720e+00	1.216071421794850393e-01
3.035939733847555472e+05	1.123293094015089588e+00	1.219748676586427938e-01
3.060941308229130227e+05	1.132543640943886265e+00	1.223438488876293084e-01
3.086136000480291550e+05	1.141865641215390248e+00	1.227140899710288530e-01
3.111525270308445324e+05	1.151259634919328034e+00	1.230855950287056827e-01
3.137110588345823344e+05	1.160726166187596942e+00	1.234583681958447976e-01
3.162893436230827356e+05	1.170265783224361478e+00	1.238324136229962680e-01
3.188875306690169382e+05	1.179879038336446584e+00	1.242077354761167152e-01
3.215057703621526598e+05	1.189566487963918284e+00	1.245843379366161768e-01
3.241442142176794587e+05	1.199328692710888156e+00	1.249622252014006146e-01
3.268030148846041993e+05	1.209166217376576036e+00	1.253414014829150602e-01
3.294823261541960528e+05	1.219079630986557472e+00	1.257218710091896341e-01
3.321823029685057700e+05	1.229069506824282954e+00	1.261036380238839683e-01
3.349031014289470040e+05	1.239136422462830289e+00	1.264867067863319483e-01
3.376448788049381692e+05	1.249280959796878365e+00	1.268710815715874407e-01
3.404077935426030308e+05	1.259503705074900726e+00	1.272567666704710054e-01
3.431920052735517966e+05	1.269805248931653585e+00	1.276437663896135555e-01
3.459976748237118009e+05	1.280186186420850580e+00	1.280320850515034858e-01
3.488249642222292605e+05	1.290647117048098202e+00	1.284217269945329976e-01
3.516740367104439065e+05	1.301188644804102568e+00	1.288126965730454765e-01
3.545450567509187968e+05	1.311811378198079581e+00	1.292049981573818451e-01
3.574381900365504553e+05	1.322515930291461306e+00	1.295986361339272475e-01
3.603536034997272654e+05	1.333302918731783748e+00	1.299936149051596490e-01
3.632914653215793078e+05	1.344172965786909257e+00	1.303899388896961609e-01
3.662519449412834365e+05	1.355126698379456318e+00	1.307876125223426944e-01
3.692352130654367502e+05	1.366164748121480255e+00	1.311866402541401744e-01
3.722414416775022401e+05	1.377287751349423495e+00	1.315870265524149985e-01
3.752708040473295259e+05	1.388496349159340726e+00	1.319887759008261108e-01
3.783234747407406685e+05	1.399791187442367857e+00	1.323918927994141570e-01
3.813996296291886829e+05	1.411172916920455656e+00	1.327963817646536648e-01
3.844994458994870074e+05	1.422642193182372505e+00	1.332022473294979525e-01
3.876231020636144676e+05	1.434199676719978278e+00	1.336094940434314482e-01
3.907707779685882269e+05	1.445846032964758221e+00	1.340181264725217591e-01
3.939426548064171802e+05	1.457581932324647278e+00	1.344281491994646360e-01
3.971389151241204818e+05	1.469408050221100659e+00	1.348395668236392342e-01
4.003597428338318714e+05	1.481325067126477713e+00	1.352523839611571854e-01
4.036053232229638961e+05	1.493333668601652064e+00	1.356666052449128912e-01
4.068758429644628195e+05	1.505434545333951490e+00	1.360822353246363137e-01
4.101714901271368726e+05	1.517628393175374679e+00	1.364992788669438795e-01
4.134924541860462050e+05	1.529915913181033149e+00	1.369177405553897720e-01
4.168389260329900426e+05	1.542297811647952654e+00	1.373376250905203322e-01
4.202110979870643350e+05	1.554774800154138825e+00	1.377589371899227144e-01
4.236091638052961789e+05	1.567347595597921472e+00	1.381816815882802585e-01
4.270333186933514080e+05	1.580016920237574229e+00	1.386058630374251699e-01
4.304837593163416605e+05	1.592783501731299456e+00	1.390314863063899786e-01
4.339606838096877327e+05	1.605648073177425195e+00	1.394585561814622454e-01
4.374642917900795583e+05	1.618611373154953181e+00	1.398870774662385463e-01
4.409947843665142427e+05	1.631674145764401507e+00	1.403170549816771251e-01
4.445523641514074407e+05	1.644837140668916176e+00	1.407484935661530989e-01
4.481372352718071197e+05	1.658101113135762361e+00	1.411813980755129982e-01
4.517496033806737396e+05	1.671466824078061242e+00	1.416157733831265864e-01
4.553896756682400592e+05	1.684935040096817938e+00	1.420516243799456180e-01
4.590576608734828187e+05	1.698506533523371997e+00	1.424889559745582401e-01
4.627537692956404644e+05	1.712182082462007315e+00	1.429277730932434209e-01
4.664782128058500821e+05	1.725962470833013462e+00	1.433680806800254337e-01
4.702312048588629696e+05	1.739848488416028571e+00	1.438098836967318939e-01
4.740129605048268568e+05	1.753840930893637795e+00	1.442531871230504914e-01
4.778236964011869859e+05	1.767940599895402976e+00	1.446979959565828366e-01
4.816636308246486587e+05	1.782148303042127679e+00	1.451443152129034131e-01
4.855329836832474102e+05	1.796464853990513921e+00	1.455921499256144502e-01
4.894319765285052126e+05	1.810891072478141517e+00	1.460415051464061809e-01
4.933608325676597888e+05	1.825427784368715445e+00	1.464923859451136290e-01
4.973197766760144150e+05	1.840075821697760183e+00	1.469447974097705945e-01
5.013090354093525093e+05	1.854836022718554300e+00	1.473987446466720197e-01
5.053288370164635708e+05	1.869709231948475381e+00	1.478542327804298617e-01
5.093794114517481648e+05	1.884696300215637832e+00	1.483112669540339046e-01
5.134609903879318736e+05	1.899798084705935919e+00	1.487698523289080477e-01
5.175738072288574767e+05	1.915015449010373461e+00	1.492299940849712292e-01
5.217180971223847591e+05	1.930349263172793206e+00	1.496916974206957407e-01
5.258940969733707607e+05	1.945800403737904194e+00	1.501549675531660688e-01
5.301020454567827983e+05	1.961369753799797833e+00	1.506198097181407625e-01
5.343421830308461795e+05	1.977058203050597207e+00	1.510862291701114690e-01
5.386147519503644435e+05	1.992866647829738547e+00	1.515542311823626087e-01
5.429199962800741196e+05	2.008795991173387474e+00	1.520238210470337969e-01
5.472581619081425015e+05	2.024847142864375726e+00	1.524950040751796021e-01
5.516294965597330593e+05	2.041021019482397669e+00	1.529677855968287203e-01
5.560342498107013525e+05	2.057318544454682652e+00	1.534421709610501727e-01
5.604726731013813987e+05	2.073740648107003981e+00	1.539181655360101486e-01
5.649450197504541138e+05	2.090288267714993431e+00	1.543957747090378974e-01
5.694515449689647648e+05	2.106962347556004644e+00	1.548750038866847090e-01
5.739925058743824484e+05	2.123763838961132855e+00	1.553558584947870858e-01
5.785681615048331441e+05	2.140693700367878982e+00	1.558383439785310243e-01
5.831787728333788691e+05	2.157752897372978040e+00	1.563224658025146041e-01
5.878246027824502671e+05	2.174942402785805307e+00	1.568082294508106322e-01
5.925059162383330986e+05	2.192263196681969450e+00	1.572956404270290931e-01
5.972229800658368040e+05	2.209716266457593559e+00	1.577847042543844280e-01
6.019760631229886785e+05	2.227302606883675651e+00	1.582754264757532947e-01
6.067654362758997595e+05	2.245023220161099786e+00	1.587678126537483414e-01
6.115913724137227982e+05	2.262879115975973132e+00	1.592618683707719973e-01
6.164541464636946330e+05	2.280871311555287662e+00	1.597575992290903857e-01
6.213540354063444538e+05	2.299000831723189364e+00	1.602550108508943028e-01
6.262913182907642331e+05	2.317268708957477052e+00	1.607541088783638883e-01
6.312662762500118697e+05	2.335675983446595438e+00	1.612548989737357663e-01
6.362791925166541478e+05	2.354223703147143354e+00	1.617573868193696585e-01
6.413303524383665062e+05	2.372912923841592026e+00	1.622615781178124716e-01
6.464200434937103419e+05	2.391744709196661489e+00	1.627674785918671874e-01
6.515485553079891251e+05	2.410720130821989216e+00	1.632750939846579485e-01
6.567161796692362987e+05	2.429840268329283681e+00	1.637844300596974223e-01
6.619232105443220353e+05	2.449106209391916700e+00	1.642954926009547456e-01
6.671699440951712895e+05	2.468519049804935417e+00	1.648082874129220832e-01
6.724566786951103713e+05	2.488079893545541932e+00	1.653228203206833224e-01
6.777837149453487946e+05	2.507789852834073852e+00	1.658390971699818806e-01
6.831513556915422669e+05	2.527650048195288601e+00	1.663571238272879838e-01
6.885599060405261116e+05	2.547661608520279675e+00	1.668769061798716369e-01
6.940096733771441504e+05	2.567825671128739717e+00	1.673984501358656007e-01
6.995009673812090186e+05	2.588143381831711665e+00	1.679217616243369182e-01
7.050341000445842510e+05	2.608615894994799955e+00	1.684468465953607996e-01
7.106093856884185225e+05	2.629244373601927531e+00	1.689737110200808246e-01
7.162271409804639407e+05	2.650029989319421020e+00	1.695023608907902934e-01
7.218876849525710568e+05	2.670973922560737623e+00	1.700328022209939838e-01
7.275913390182724688e+05	2.692077362551525077e+00	1.705650410454826738e-01
7.333384269905347610e+05	2.713341507395304664e+00	1.710990834204035305e-01
7.391292750995988026e+05	2.734767564139478413e+00	1.716349354233293878e-01
7.449642120109937387e+05	2.756356748841982451e+00	1.721726031533309942e-01
7.508435688436625060e+05	2.778110286638350246e+00	1.727120927310556164e-01
7.567676791882385733e+05	2.800029411809336732e+00	1.732534102987864644e-01
7.627368791254276875e+05	2.822115367848927470e+00	1.737965620205233763e-01
7.687515072445689002e+05	2.844369407533020588e+00	1.743415540820544007e-01
7.748119046622853493e+05	2.866792792988428040e+00	1.748883926910287656e-01
7.809184150413307361e+05	2.889386795762610483e+00	1.754370840770264894e-01
7.870713846095156623e+05	2.912152696893704817e+00	1.759876344916368185e-01
7.932711621788211633e+05	2.935091786981242290e+00	1.765400502085270051e-01
7.995180991646241164e+05	2.958205366257282698e+00	1.770943375235223827e-01
8.058125496051008813e+05	2.981494744658208962e+00	1.776505027546740889e-01
8.121548701807282632e+05	3.004961241896878743e+00	1.782085522423394464e-01
8.185454202339656185e+05	3.028606187535447969e+00	1.787684923492532940e-01
8.249845617890690919e+05	3.052430921058685520e+00	1.793303294606033993e-01
8.314726595720582409e+05	3.076436791947847027e+00	1.798940699841075908e-01
8.380100810308278305e+05	3.100625159755088678e+00	1.804597203500886149e-01
8.445971963554098038e+05	3.124997394178435695e+00	1.810272870115501309e-01
8.512343784983728547e+05	3.149554875137265064e+00	1.815967764442529830e-01
8.579220031954149017e+05	3.174298992848489043e+00	1.821681951467932770e-01
8.646604489860524191e+05	3.199231147903113470e+00	1.827415496406760431e-01
8.714500972345147748e+05	3.224352751343541268e+00	1.833168464703938960e-01
8.782913321507506771e+05	3.249665224741299596e+00	1.838940922035101067e-01
8.851845408116232138e+05	3.275170000275455795e+00	1.844732934307279359e-01
8.921301131822558818e+05	3.300868520811606643e+00	1.850544567659708206e-01
8.991284421375119127e+05	3.326762239981342351e+00	1.856375888464658064e-01
9.061799234836687101e+05	3.352852622262445514e+00	1.862226963328169338e-01
9.132849559802360600e+05	3.379141143059618102e+00	1.868097859090886159e-01
9.204439413619358093e+05	3.405629288785807507e+00	1.873988642828793849e-01
9.276572843608441763e+05	3.432318556944129018e+00	1.879899381854070461e-01
9.349253927287039114e+05	3.459210456210424223e+00	1.885830143715857554e-01
9.422486772594086360e+05	3.486306506516451353e+00	1.891780996201069820e-01
9.496275518116309540e+05	3.513608239133607203e+00	1.897752007335168078e-01
9.570624333316517295e+05	3.541117196757397778e+00	1.903743245383046068e-01
9.645537418763269670e+05	3.568834933592415215e+00	1.909754778849788726e-01
9.721019006362436339e+05	3.596763015438011912e+00	1.915786676481467943e-01
9.797073359590462642e+05	3.624903019774608826e+00	1.921839007265993549e-01
9.873704773729381850e+05	3.653256535850654796e+00	1.927911840433946533e-01
9.950917576103430474e+05	3.681825164770166303e+00	1.934005245459346212e-01
1.002871612631754368e+06	3.710610519580975986e+00	1.940119292060561995e-01
1.010710481649775407e+06	3.739614225363676603e+00	1.946254050201059738e-01
1.018608807153311325e+06	3.768837919321132990e+00	1.952409590090276037e-01
1.026567034931949107e+06	3.798283250868689898e+00	1.958585982184467833e-01
1.034585614100534120e+06	3.827951881725098815e+00	1.964783297187526478e-01
1.042664997123908950e+06	3.857845486004058078e+00	1.971001606051797361e-01
1.050805639841853874e+06	3.887965750306487056e+00	1.977240979979013047e-01
1.059008001494203694e+06	3.918314373813462037e+00	1.983501490421061275e-01
1.067272544746139320e+06	3.948893068379790261e+00	1.989783209080834836e-01
1.075599735713682370e+06	3.979703558628345572e+00	1.996086207913159161e-01
1.083990043989404337e+06	4.010747582045187443e+00	2.002410559125565592e-01
1.092443942668255186e+06	4.042026889075124529e+00	2.008756335179242847e-01
1.100961908373676008e+06	4.073543243218340493e+00	2.015123608789810006e-01
1.109544421283813193e+06	4.105298421127373310e+00	2.021512452928229120e-01
1.118191965157996397e+06	4.137294212705095120e+00	2.027922940821733910e-01
1.126905027363384143e+06	4.169532421203292039e+00	2.034355145954571953e-01
1.135684098901814083e+06	4.202014863322014904e+00	2.040809142069001381e-01
1.144529674436858855e+06	4.234743369309684091e+00	2.047285003166108841e-01
1.153442252321039326e+06	4.267719783063774308e+00	2.053782803506749854e-01
1.162422334623341914e+06	4.300945962232636255e+00	2.060302617612363441e-01
1.171470427156803431e+06	4.334423778317551879e+00	2.066844520265915808e-01
1.180587039506442612e+06	4.368155116776089031e+00	2.073408586512769658e-01
1.189772685057243798e+06	4.402141877125632874e+00	2.079994891661598178e-01
1.199027881022523390e+06	4.436385973048346365e+00	2.086603511285287094e-01
1.208353148472363362e+06	4.470889332496368773e+00	2.093234521221835065e-01
1.217749012362321606e+06	4.505653897798051588e+00	2.099887997575254073e-01
1.227216001562347868e+06	4.540681625764939611e+00	2.106564016716491738e-01
1.236754648885905743e+06	4.575974487799525647e+00	2.113262655284322555e-01
1.246365491119338199e+06	4.611534470003901376e+00	2.119983990186293799e-01
1.256049069051404251e+06	4.647363573289044147e+00	2.126728098599647288e-01
1.265805927503063809e+06	4.683463813485016836e+00	2.133495057972210340e-01
1.275636615357500501e+06	4.719837221452057641e+00	2.140284946023381374e-01
1.285541685590320965e+06	4.756485843192310270e+00	2.147097840744997821e-01
1.295521695300027728e+06	4.793411739962579965e+00	2.153933820402323118e-01
1.305577205738701858e+06	4.830616988387854249e+00	2.160792963534941824e-01
1.315708782342867693e+06	4.868103680575500469e+00	2.167675348957737447e-01
1.325916994764687959e+06	4.905873924230696126e+00	2.174581055761815596e-01
1.336202416903289733e+06	4.943929842772322836e+00	2.181510163315452944e-01
1.346565626936350483e+06	4.982273575449845282e+00	2.188462751265089490e-01
1.357007207351988647e+06	5.020907277461296836e+00	2.195438899536218680e-01
1.367527744980795775e+06	5.059833120071800749e+00	2.202438688334397709e-01
1.378127831028133864e+06	5.099053290733074562e+00	2.209462198146182610e-01
1.388808061106718844e+06	5.138569993203983444e+00	2.216509509740104134e-01
1.399569035269417102e+06	5.178385447671890240e+00	2.223580704167661126e-01
1.410411358042246662e+06	5.218501890874752469e+00	2.230675862764235073e-01
1.421335638457661262e+06	5.258921576224281580e+00	2.237795067150125661e-01
1.432342490088114981e+06	5.299646773930128063e+00	2.244938399231514725e-01
1.443432531079812674e+06	5.340679771124757558e+00	2.252105941201442418e-01
1.454606384186740965e+06	5.382022871989364354e+00	2.259297775540788089e-01
1.465864676804939285e+06	5.423678397880674851e+00	2.266513985019275590e-01
1.477208041007083608e+06	5.465648687458906529e+00	2.273754652696469425e-01
1.488637113577235723e+06	5.507936096816337113e+00	2.281019861922764791e-01
1.500152536045895889e+06	5.550542999607008809e+00	2.288309696340388444e-01
1.511754954725338379e+06	5.593471787177452192e+00	2.295624239884420381e-01
1.523445020745175891e+06	5.636724868698292923e+00	2.302963576783798039e-01
1.535223390088194516e+06	5.680304671296824814e+00	2.310327791562293842e-01
1.547090723626457388e+06	5.724213640190607855e+00	2.317716969039597952e-01
1.559047687157705659e+06	5.768454238822131153e+00	2.325131194332285822e-01
1.571094951441969024e+06	5.813028948994295675e+00	2.332570552854858481e-01
1.583233192238496616e+06	5.857940271007037403e+00	2.340035130320786416e-01
1.595463090342960320e+06	5.903190723794990546e+00	2.347525012743527095e-01
1.607785331624906976e+06	5.948782845066059366e+00	2.355040286437541097e-01
1.620200607065510005e+06	5.994719191441093109e+00	2.362581038019406221e-01
1.632709612795595545e+06	6.041002338594584131e+00	2.370147354408730922e-01
1.645313050133950775e+06	6.087634881396411402e+00	2.377739322829319490e-01
1.658011625625925371e+06	6.134619434054666698e+00	2.385357030810180967e-01
1.670806051082319580e+06	6.181958630259532406e+00	2.393000566186579692e-01
1.683697043618524913e+06	6.229655123328107891e+00	2.400670017101088072e-01
1.696685325694017811e+06	6.277711586350532613e+00	2.408365472004698749e-01
1.709771625152076595e+06	6.326130712336937911e+00	2.416087019657799373e-01
1.722956675259907730e+06	6.374915214365917571e+00	2.423834749131302257e-01
1.736241214748898987e+06	6.424067825733458470e+00	2.431608749807719627e-01
1.749625987855309620e+06	6.473591300103501034e+00	2.439409111382253859e-01
1.763111744361251593e+06	6.523488411659558395e+00	2.447235923863818885e-01
1.776699239635894541e+06	6.573761955257185541e+00	2.455089277576174289e-01
1.790389234677057248e+06	6.624414746577861557e+00	2.462969263159009159e-01
1.804182496153053362e+06	6.675449622283815998e+00	2.470875971569041762e-01
1.818079796444908483e+06	6.726869440174234605e+00	2.478809494081107290e-01
1.832081913688812871e+06	6.778677079342337208e+00	2.486769922289211454e-01
1.846189631818960421e+06	6.830875440333874060e+00	2.494757348107716766e-01
1.860403740610667039e+06	6.883467445306669319e+00	2.502771863772424443e-01
1.874725035723827081e+06	6.936456038191403550e+00	2.510813561841697683e-01
1.889154318746673176e+06	6.989844184853528652e+00	2.518882535197500272e-01
1.903692397239892045e+06	7.043634873256498174e+00	2.526978877046620053e-01
1.918340084781026933e+06	7.097831113626047461e+00	2.535102680921765272e-01
1.933098201009246288e+06	7.152435938615844258e+00	2.543254040682654260e-01
1.947967571670453297e+06	7.207452403474392533e+00	2.551433050517196155e-01
1.962949028662666446e+06	7.262883586212936393e+00	2.559639804942593355e-01
1.978043410081801005e+06	7.318732587774851694e+00	2.567874398806537783e-01
1.993251560267786030e+06	7.375002532206285544e+00	2.576136927288238954e-01
2.008574329850984504e+06	7.431696566827896255e+00	2.584427485899748467e-01
2.024012575798978331e+06	7.488817862407972648e+00	2.592746170486953106e-01
2.039567161463717464e+06	7.546369613336874949e+00	2.601093077230838269e-01
2.055238956629035296e+06	7.604355037802841721e+00	2.609468302648587090e-01
2.071028837558432948e+06	7.662777377968795989e+00	2.617871943594785034e-01
2.086937687043315032e+06	7.721639900150813141e+00	2.626304097262563420e-01
2.102966394451523200e+06	7.780945894997696399e+00	2.634764861184805684e-01
2.119115855776242446e+06	7.840698677671927186e+00	2.643254333235300346e-01
2.135386973685313947e+06	7.900901588032126277e+00	2.651772611629931165e-01
2.151780657570894808e+06	7.961557990816784169e+00	2.660319794927899495e-01
2.168297823599376716e+06	8.022671275828974657e+00	2.668895982032834513e-01
2.184939394761838485e+06	8.084244858123016186e+00	2.677501272194067194e-01
2.201706300924837589e+06	8.146282178192407741e+00	2.686135765007796050e-01
2.218599478881460149e+06	8.208786702158699100e+00	2.694799560418297268e-01
2.235619872402908280e+06	8.271761921962387021e+00	2.703492758719160949e-01
2.252768432290385943e+06	8.335211355554870138e+00	2.712215460554426305e-01
2.270046116427352652e+06	8.399138547091794749e+00	2.720967766919912822e-01
2.287453889832241461e+06	8.463547067128123658e+00	2.729749779164351020e-01
2.304992724711512681e+06	8.528440512814404073e+00	2.738561598990644774e-01
2.322663600513034035e+06	8.593822508094303814e+00	2.747403328457084237e-01
2.340467503980105277e+06	8.659696703904485204e+00	2.756275069978640913e-01
2.358405429205561522e+06	8.726066778374789834e+00	2.765176926328108409e-01
2.376478377686483320e+06	8.792936437030666852e+00	2.774109000637463018e-01
2.394687358379318379e+06	8.860309412997125378e+00	2.783071396398978381e-01
2.413033387755271979e+06	8.928189467203665686e+00	2.792064217466618259e-01
2.431517489856217057e+06	8.996580388591166155e+00	2.801087568057175625e-01
2.450140696351074614e+06	9.065485994320468421e+00	2.810141552751606597e-01
2.468904046592453960e+06	9.134910129981959059e+00	2.819226276496290540e-01
2.487808587673805188e+06	9.204856669807032432e+00	2.828341844604285726e-01
2.506855374486972112e+06	9.275329516881026137e+00	2.837488362756581672e-01
2.526045469780297019e+06	9.346332603358220581e+00	2.846665937003438063e-01
2.545379944216893520e+06	9.417869890677440736e+00	2.855874673765638194e-01
2.564859876433674246e+06	9.489945369780455664e+00	2.865114679835735201e-01
2.584486353100462351e+06	9.562563061330692449e+00	2.874386062379434836e-01
2.604260468979876023e+06	9.635727015934817175e+00	2.883688928936832263e-01
2.624183326987490989e+06	9.709441314365315989e+00	2.893023387423750425e-01
2.644256038252391387e+06	9.783710067784552322e+00	2.902389546133007370e-01
2.664479722178334370e+06	9.858537417971060535e+00	2.911787513735757393e-01
2.684855506505286321e+06	9.933927537547237563e+00	2.921217399282804439e-01
2.705384527371339500e+06	1.000988463020843078e+01	2.930679312205926590e-01
2.726067929375242908e+06	1.008641293095430136e+01	2.940173362319217776e-01
2.746906865639274009e+06	1.016351670632144888e+01	2.949699659820372855e-01
2.767902497872669250e+06	1.024120025461810535e+01	2.959258315292077612e-01
2.789055996435402427e+06	1.031946790616010468e+01	2.968849439703311610e-01
2.810368540402628016e+06	1.039832402350934260e+01	2.978473144410714868e-01
2.831841317629376426e+06	1.047777300171312120e+01	2.988129541159925684e-01
2.853475524815926328e+06	1.055781926854605679e+01	2.997818742086971189e-01
2.875272367573567200e+06	1.063846728475336789e+01	3.007540859719567417e-01
2.897233060490812175e+06	1.071972154429588286e+01	3.017296006978538170e-01
2.919358827200188302e+06	1.080158657459716309e+01	3.027084297179143402e-01
2.941650900445528328e+06	1.088406693679246473e+01	3.036905844032509738e-01
2.964110522149656434e+06	1.096716722597919613e+01	3.046760761646957194e-01
2.986738943482704926e+06	1.105089207146967922e+01	3.056649164529395279e-01
3.009537424930815119e+06	1.113524613704533550e+01	3.066571167586751301e-01
3.032507236365489662e+06	1.122023412121329855e+01	3.076526886127312621e-01
3.055649657113306690e+06	1.130586075746434815e+01	3.086516435862169949e-01
3.078965976026275661e+06	1.139213081453323184e+01	3.096539932906587356e-01
3.102457491552670952e+06	1.147904909666074857e+01	3.106597493781430575e-01
3.126125511808319017e+06	1.156662044385750576e+01	3.116689235414588643e-01
3.149971354648598004e+06	1.165484973217031417e+01	3.126815275142367234e-01
3.173996347740768921e+06	1.174374187394982272e+01	3.136975730710960253e-01
3.198201828636989463e+06	1.183330181812065973e+01	3.147170720277818745e-01
3.222589144847775344e+06	1.192353455045323862e+01	3.157400362413141925e-01
3.247159653916078620e+06	1.201444509383786041e+01	3.167664776101282720e-01
3.271914723491856828e+06	1.210603850856059438e+01	3.177964080742209929e-01
3.296855731407294516e+06	1.219831989258161897e+01	3.188298396152962622e-01
3.321984065752424765e+06	1.229129438181500689e+01	3.198667842569091202e-01
3.347301124951430596e+06	1.238496715041105034e+01	3.209072540646113469e-01
3.372808317839549854e+06	1.247934341104079614e+01	3.219512611461003981e-01
3.398507063740407117e+06	1.257442841518217946e+01	3.229988176513656217e-01
3.424398792544022202e+06	1.267022745340864986e+01	3.240499357728350849e-01
3.450484944785405882e+06	1.276674585567998399e+01	3.251046277455238442e-01
3.476766971723663155e+06	1.286398899163495813e+01	3.261629058471868792e-01
3.503246335421778262e+06	1.296196227088655384e+01	3.272247823984602566e-01
3.529924508826961275e+06	1.306067114331923307e+01	3.282902697630182831e-01
3.556802975851495750e+06	1.316012109938808727e+01	3.293593803477189996e-01
3.583883231454337947e+06	1.326031767042074350e+01	3.304321266027585025e-01
3.611166781723209191e+06	1.336126642892110361e+01	3.315085210218209344e-01
3.638655143957372289e+06	1.346297298887562377e+01	3.325885761422294196e-01
3.666349846751011442e+06	1.356544300606181253e+01	3.336723045450991076e-01
3.694252430077148136e+06	1.366868217835872024e+01	3.347597188554917169e-01
3.722364445372279268e+06	1.377269624606010012e+01	3.358508317425677459e-01
3.750687455621666275e+06	1.387749099218997095e+01	3.369456559197392953e-01
3.779223035445077810e+06	1.398307224281987615e+01	3.380442041448306623e-01
3.807972771183414385e+06	1.408944586738938476e+01	3.391464892202253889e-01
3.836938260985804256e+06	1.419661777902834388e+01	3.402525239930214718e-01
3.866121114897391293e+06	1.430459393488169439e+01	3.413623213552027247e-01
3.895522954947784543e+06	1.441338033643673988e+01	3.424758942437778897e-01
3.925145415240158793e+06	1.452298302985280642e+01	3.435932556409453387e-01
3.954990142041047104e+06	1.463340810629347999e+01	3.447144185742506695e-01
3.985058793870800175e+06	1.474466170226130579e+01	3.458393961167443020e-01
4.015353041594615206e+06	1.485674999993459089e+01	3.469682013871490112e-01
4.045874568514356855e+06	1.496967922750714131e+01	3.481008475500067534e-01
4.076625070461001247e+06	1.508345565953030309e+01	3.492373478158450895e-01
4.107606255887845531e+06	1.519808561725783669e+01	3.503777154413343364e-01
4.138819845964301843e+06	1.531357546899295841e+01	3.515219637294559329e-01
4.170267574670483824e+06	1.542993163043829874e+01	3.526701060296593693e-01
4.201951188892389648e+06	1.554716056504808641e+01	3.538221557380254456e-01
4.233872448517824523e+06	1.566526878438306269e+01	3.549781262974324170e-01
4.266033126533266157e+06	1.578426284846886851e+01	3.561380311977161983e-01
4.298435009120982140e+06	1.590414936615538721e+01	3.573018839758325127e-01
4.331079895757319406e+06	1.602493499548042166e+01	3.584696982160297529e-01
4.363969599311496131e+06	1.614662644403521341e+01	3.596414875500046904e-01
4.397105946145107970e+06	1.626923046933261219e+01	3.608172656570735604e-01
4.430490776212526485e+06	1.639275387917854943e+01	3.619970462643409825e-01
4.464125943161930889e+06	1.651720353204586189e+01	3.631808431468643850e-01
4.498013314437047578e+06	1.664258633745071947e+01	3.643686701278212037e-01
4.532154771379777230e+06	1.676890925633235341e+01	3.655605410786785248e-01
4.566552209333571605e+06	1.689617930143553082e+01	3.667564699193635036e-01
4.601207537747415714e+06	1.702440353769530290e+01	3.679564706184275669e-01
4.636122680280709639e+06	1.715358908262507143e+01	3.691605571932232155e-01
4.671299574909020215e+06	1.728374310670784197e+01	3.703687437100716129e-01
4.706740174030411057e+06	1.741487283378967277e+01	3.715810442844369454e-01
4.742446444572692737e+06	1.754698554147648437e+01	3.727974730810899584e-01
4.778420368101458065e+06	1.768008856153379327e+01	3.740180443142882560e-01
4.814663940928796306e+06	1.781418928028893589e+01	3.752427722479503291e-01
4.851179174223117530e+06	1.794929513903745644e+01	3.764716711958248085e-01
4.887968094119453803e+06	1.808541363445117511e+01	3.777047555216695440e-01
4.925032741830720566e+06	1.822255231898988370e+01	3.789420396394219126e-01
4.962375173759952188e+06	1.836071880131660095e+01	3.801835380133791187e-01
4.999997461613046005e+06	1.849992074671473929e+01	3.814292651583719440e-01
5.037901692512581125e+06	1.864016587750921161e+01	3.826792356399384420e-01
5.076089969112545252e+06	1.878146197349092006e+01	3.839334640745074578e-01
5.114564409713618457e+06	1.892381687234334819e+01	3.851919651295797054e-01
5.153327148379542865e+06	1.906723847007305750e+01	3.864547535238958553e-01
5.192380335054427385e+06	1.921173472144377214e+01	3.877218440276211653e-01
5.231726135680689476e+06	1.935731364041272329e+01	3.889932514625318305e-01
5.271366732317985035e+06	1.950398330057071306e+01	3.902689907021854587e-01
5.311304323263026774e+06	1.965175183558542926e+01	3.915490766721104188e-01
5.351541123170300387e+06	1.980062743964809613e+01	3.928335243499793683e-01
5.392079363173713908e+06	1.995061836792356758e+01	3.941223487658063740e-01
5.432921291009021923e+06	2.010173293700331598e+01	3.954155650021150548e-01
5.474069171137296595e+06	2.025397952536225077e+01	3.967131881941294846e-01
5.515525284869337454e+06	2.040736657381903285e+01	3.980152335299559918e-01
5.557291930490646511e+06	2.056190258599851006e+01	3.993217162507784468e-01
5.599371423387856223e+06	2.071759612879946744e+01	4.006326516510297364e-01
5.641766096175928600e+06	2.087445583286527295e+01	4.019480550785905493e-01
5.684478298825996928e+06	2.103249039305689294e+01	4.032679419349623484e-01
5.727510398794500157e+06	2.119170856893067523e+01	4.045923276754759823e-01
5.770864781153100543e+06	2.135211918521907037e+01	4.059212278094638804e-01
5.814543848719761707e+06	2.151373113231559842e+01	4.072546579004499012e-01
5.858550022190553136e+06	2.167655336676249789e+01	4.085926335663522813e-01
5.902885740272550844e+06	2.184059491174252443e+01	4.099351704796552198e-01
5.947553459817781113e+06	2.200586485757447619e+01	4.112822843676210982e-01
5.992555655957998708e+06	2.217237236221189889e+01	4.126339910124638410e-01
6.037894822240741923e+06	2.234012665174649115e+01	4.139903062515605248e-01
6.083573470766089857e+06	2.250913702091410329e+01	4.153512459776205756e-01
6.129594132324551232e+06	2.267941283360491056e+01	4.167168261389023187e-01
6.175959356536156498e+06	2.285096352337805570e+01	4.180870627393986627e-01
6.222671711990220472e+06	2.302379859397878192e+01	4.194619718390289465e-01
6.269733786386514083e+06	2.319792761986075647e+01	4.208415695538418877e-01
6.317148186677217484e+06	2.337336024671130019e+01	4.222258720562064305e-01
6.364917539210149087e+06	2.355010619198132105e+01	4.236148955750127509e-01
6.413044489872792736e+06	2.372817524541823531e+01	4.250086563958729857e-01
6.461531704237581231e+06	2.390757726960348606e+01	4.264071708613161316e-01
6.510381867708274163e+06	2.408832220049415795e+01	4.278104553709888291e-01
6.559597685667384416e+06	2.427042004796846086e+01	4.292185263818543151e-01
6.609181883624638431e+06	2.445388089637499007e+01	4.306314004083951485e-01
6.659137207366501912e+06	2.463871490508604012e+01	4.320490940228119414e-01
6.709466423107136972e+06	2.482493230905606296e+01	4.334716238552344114e-01
6.760172317639926448e+06	2.501254341938237502e+01	4.348990065939138949e-01
6.811257698490707204e+06	2.520155862387206014e+01	4.363312589854364543e-01
6.862725394071843475e+06	2.539198838761210197e+01	4.377683978349192206e-01
6.914578253837282769e+06	2.558384325354302291e+01	4.392104400062205594e-01
6.966819148439113982e+06	2.577713384303819311e+01	4.406574024221495134e-01
7.019450969885255210e+06	2.597187085648725002e+01	4.421093020646613136e-01
7.072476631697911769e+06	2.616806507388240988e+01	4.435661559750781469e-01
7.125899069073644467e+06	2.636572735541070145e+01	4.450279812542891622e-01
7.179721239044542424e+06	2.656486864205029974e+01	4.464947950629596374e-01
7.233946120640363544e+06	2.676549995617047983e+01	4.479666146217466949e-01
7.288576715052172542e+06	2.696763240213701351e+01	4.494434572115086901e-01
7.343616045797002502e+06	2.717127716692148098e+01	4.509253401735046629e-01
7.399067158883793280e+06	2.737644552071518689e+01	4.524122809096262077e-01
7.454933122980567627e+06	2.758314881754774461e+01	4.539042968825938162e-01
7.511217029583016410e+06	2.779139849591082623e+01	4.554014056161740376e-01
7.567921993183866143e+06	2.800120607938480788e+01	4.569036246954019109e-01
7.625051151444054209e+06	2.821258317727214049e+01	4.584109717667883555e-01
7.682607665364916436e+06	2.842554148523442947e+01	4.599234645385344988e-01
7.740594719461463392e+06	2.864009278593355745e+01	4.614411207807554982e-01
7.799015521937445737e+06	2.885624894967940790e+01	4.629639583256902058e-01
7.857873304861233570e+06	2.907402193508063704e+01	4.644919950679281540e-01
7.917171324343224056e+06	2.929342378970107319e+01	4.660252489646189433e-01
7.976912860714578070e+06	2.951446665072104381e+01	4.675637380356982287e-01
8.037101218707243912e+06	2.973716274560343820e+01	4.691074803641080426e-01
8.097739727635269985e+06	2.996152439276459489e+01	4.706564940960133447e-01
8.158831741577561013e+06	3.018756400225048253e+01	4.722107974410265641e-01
8.220380639561980031e+06	3.041529407641785809e+01	4.737704086724298658e-01
8.282389825750615448e+06	3.064472721061978078e+01	4.753353461274066882e-01
8.344862729626830667e+06	3.087587609389768417e+01	4.769056282072509645e-01
8.407802806183308363e+06	3.110875350967710773e+01	4.784812733776042659e-01
8.471213536111639813e+06	3.134337233646924403e+01	4.800623001686780134e-01
8.535098425993505865e+06	3.157974554857823080e+01	4.816487271754819055e-01
8.599461008492805064e+06	3.181788621681205242e+01	4.832405730580456860e-01
8.664304842549791560e+06	3.205780750920086319e+01	4.848378565416567310e-01
8.729633513576287776e+06	3.229952269171925394e+01	4.864405964170759322e-01
8.795450633652379736e+06	3.254304512901402546e+01	4.880488115407847216e-01
8.861759841724671423e+06	3.278838828513772796e+01	4.896625208352026193e-01
8.928564803805943578e+06	3.303556572428737326e+01	4.912817432889242664e-01
8.995869213176270947e+06	3.328459111154863592e+01	4.929064979569503513e-01
9.063676790585808456e+06	3.353547821364605142e+01	4.945368039609221444e-01
9.131991284458938986e+06	3.378824089969847222e+01	4.961726804893593634e-01
9.200816471099810675e+06	3.404289314197946936e+01	4.978141467978871582e-01
9.270156154899757355e+06	3.429944901668481094e+01	4.994612222094731990e-01
9.340014168545771390e+06	3.455792270470385574e+01	5.011139261146699830e-01
9.410394373231105506e+06	3.481832849239869887e+01	5.027722779718478696e-01
9.481300658867049962e+06	3.508068077238776539e+01	5.044362973074343337e-01
9.552736944296101108e+06	3.534499404433459091e+01	5.061060037161561054e-01
9.624707177507421002e+06	3.561128291574495819e+01	5.077814168612716506e-01
9.697215335853258148e+06	3.587956210276764324e+01	5.094625564748210822e-01
9.770265426267024130e+06	3.614984643100136452e+01	5.111494423578635260e-01
9.843861485483424738e+06	3.642215083630917860e+01	5.128420943807132648e-01
9.918007580259639770e+06	3.669649036563692590e+01	5.145405324831967553e-01
9.992707807598944753e+06	3.697288017784053693e+01	5.162447766748842204e-01
1.006796629497482069e+07	3.725133554451532092e+01	5.179548470353487755e-01
1.014378720055802353e+07	3.753187185083607602e+01	5.196707637143939129e-01
1.022017471344441548e+07	3.781450459640009143e+01	5.213925469323170692e-01
1.029713305388479121e+07	3.809924939607741123e+01	5.231202169801510982e-01
1.037466647351660766e+07	3.838612198086838845e+01	5.248537942199055228e-01
1.045277925559717230e+07	3.867513819876631942e+01	5.265932990848297690e-01
1.053147571523845010e+07	3.896631401562633812e+01	5.283387520796524184e-01
1.061076019964405335e+07	3.925966551604221877e+01	5.300901737808453307e-01
1.069063708834770322e+07	3.955520890422869940e+01	5.318475848368564574e-01
1.077111079345344193e+07	3.985296050491024999e+01	5.336110059683799589e-01
1.085218575987766869e+07	4.015293676421661928e+01	5.353804579686055609e-01
1.093386646559306979e+07	4.045515425058538739e+01	5.371559617034711298e-01
1.101615742187417299e+07	4.075962965567043739e+01	5.389375381119162478e-01
1.109906317354510538e+07	4.106637979525877569e+01	5.407252082061433374e-01
1.118258829922872782e+07	4.137542161019219833e+01	5.425189930718762321e-01
1.126673741159766726e+07	4.168677216729621904e+01	5.443189138686136408e-01
1.135151515762775764e+07	4.200044866031772273e+01	5.461249918298973771e-01
1.143692621885251440e+07	4.231646841086654831e+01	5.479372482635542774e-01
1.152297531162042543e+07	4.263484886936745255e+01	5.497557045519800845e-01
1.160966718735346757e+07	4.295560761601661426e+01	5.515803821523930228e-01
1.169700663280772418e+07	4.327876236174596158e+01	5.534113025970884836e-01
1.178499847033599392e+07	4.360433094919471131e+01	5.552484874937121395e-01
1.187364755815247260e+07	4.393233135368882358e+01	5.570919585255211803e-01
1.196295879059898481e+07	4.426278168422597759e+01	5.589417374516583159e-01
1.205293709841379710e+07	4.459570018447013240e+01	5.607978461074032417e-01
1.214358744900184870e+07	4.493110523375152354e+01	5.626603064044563007e-01
1.223491484670747258e+07	4.526901534807557681e+01	5.645291403311974987e-01
1.232692433308863640e+07	4.560944918113766278e+01	5.664043699529615061e-01
1.241962098719370924e+07	4.595242552534714520e+01	5.682860174123000041e-01
1.251300992584018223e+07	4.629796331285859878e+01	5.701741049292630148e-01
1.260709630389491841e+07	4.664608161660877528e+01	5.720686548016672424e-01
1.270188531455744058e+07	4.699679965136471793e+01	5.739696894053715193e-01
1.279738218964452855e+07	4.735013677477682137e+01	5.758772311945460354e-01
1.289359219987696595e+07	4.770611248843972874e+01	5.777913027019576653e-01
1.299052065516930073e+07	4.806474643896451227e+01	5.797119265392345344e-01
1.308817290492046997e+07	4.842605841905390207e+01	5.816391253971550102e-01
1.318655433830752969e+07	4.879006836858915364e+01	5.835729220459148214e-01
1.328567038458144851e+07	4.915679637572444705e+01	5.855133393354141624e-01
1.338552651336438954e+07	4.952626267798678583e+01	5.874604001955413546e-01
1.348612823495025188e+07	4.989848766338812425e+01	5.894141276364440740e-01
1.358748110060670599e+07	5.027349187154273125e+01	5.913745447488113482e-01
1.368959070287938230e+07	5.065129599479278966e+01	5.933416747041748707e-01
1.379246267589933984e+07	5.103192087934602483e+01	5.953155407551731226e-01
1.389610269569138251e+07	5.141538752641638865e+01	5.972961662358470258e-01
1.400051648048582487e+07	5.180171709337771091e+01	5.992835745619222720e-01
1.410570979103204049e+07	5.219093089492368875e+01	6.012777892310978700e-01
1.421168843091429397e+07	5.258305040423657317e+01	6.032788338233375791e-01
1.431845824687018432e+07	5.297809725416536963e+01	6.052867320011622310e-01
1.442602512911147065e+07	5.337609323841284237e+01	6.073015075099258420e-01
1.453439501164669357e+07	5.377706031272927589e+01	6.093231841781192593e-01
1.464357387260721251e+07	5.418102059611876342e+01	6.113517859176618163e-01
1.475356773457467183e+07	5.458799637205084565e+01	6.133873367241932106e-01
1.486438266491146199e+07	5.499801008968323401e+01	6.154298606773680458e-01
1.497602477609347738e+07	5.541108436509296808e+01	6.174793819411463769e-01
1.508850022604545392e+07	5.582724198251715109e+01	6.195359247641065714e-01
1.520181521847864985e+07	5.624650589560246061e+01	6.215995134797224209e-01
1.531597600323092751e+07	5.666889922866330664e+01	6.236701725066763347e-01
1.543098887660991773e+07	5.709444527795164959e+01	6.257479263491525501e-01
1.554686018173799478e+07	5.752316751293333397e+01	6.278327995971380027e-01
1.566359630890014768e+07	5.795508957757525792e+01	6.299248169267375186e-01
1.578120369589484297e+07	5.839023529164350634e+01	6.320240031004584758e-01
1.589968882838659734e+07	5.882862865200792868e+01	6.341303829675193349e-01
1.601905824026218615e+07	5.927029383396003936e+01	6.362439814641638325e-01
1.613931851398842596e+07	5.971525519253687264e+01	6.383648236139600751e-01
1.626047628097363561e+07	6.016353726385830925e+01	6.404929345281101805e-01
1.638253822193115763e+07	6.061516476647216223e+01	6.426283394057566989e-01
1.650551106724574603e+07	6.107016260270981434e+01	6.447710635342984720e-01
1.662940159734258428e+07	6.152855586005150457e+01	6.469211322896905036e-01
1.675421664305943996e+07	6.199036981250336709e+01	6.490785711367668132e-01
1.687996308602081984e+07	6.245562992198177454e+01	6.512434056295464124e-01
1.700664785901572555e+07	6.292436183971103958e+01	6.534156614115483874e-01
1.713427794637798890e+07	6.339659140763062339e+01	6.555953642161160833e-01
1.726286038436854258e+07	6.387234465980954212e+01	6.577825398667126455e-01
1.739240226156233624e+07	6.435164782387799676e+01	6.599772142772595274e-01
1.752291071923624724e+07	6.483452732246253447e+01	6.621794134524461306e-01
1.765439295176089555e+07	6.532100977463589686e+01	6.643891634880522146e-01
1.778685620699572563e+07	6.581112199737869162e+01	6.666064905712620892e-01
1.792030778668556362e+07	6.630489100704673433e+01	6.688314209809943511e-01
1.805475504686187953e+07	6.680234402085562806e+01	6.710639810882198519e-01
1.819020539824586734e+07	6.730350845837227780e+01	6.733041973562899907e-01
1.832666630665404350e+07	6.780841194301545727e+01	6.755520963412509072e-01
1.846414529340925440e+07	6.831708230357666878e+01	6.778077046921973103e-01
1.860264993575168401e+07	6.882954757574073312e+01	6.800710491515665757e-01
1.874218786725545302e+07	6.934583600362728362e+01	6.823421565554809165e-01
1.888276677824643627e+07	6.986597604133670814e+01	6.846210538340931073e-01
1.902439441622428596e+07	7.038999635451156678e+01	6.869077680118934603e-01
1.916707858628725260e+07	7.091792582190838345e+01	6.892023262080493318e-01
1.931082715156023949e+07	7.144979353698158775e+01	6.915047556367567294e-01
1.945564803362596035e+07	7.198562880947866915e+01	6.938150836075417383e-01
1.960154921295912564e+07	7.252546116704668577e+01	6.961333375256272271e-01
1.974853872936429083e+07	7.306932035685235860e+01	6.984595448922632510e-01
1.989662468241688609e+07	7.361723634721376186e+01	7.007937333050435758e-01
2.004581523190674558e+07	7.416923932924149199e+01	7.031359304582613934e-01
2.019611859828623384e+07	7.472535971849664804e+01	7.054861641432659258e-01
2.034754306312051043e+07	7.528562815665682706e+01	7.078444622487776172e-01
2.050009696954192966e+07	7.585007551319746710e+01	7.102108527612367439e-01
2.065378872270739824e+07	7.641873288708390533e+01	7.125853637651634598e-01
2.080862679025906697e+07	7.699163160847609788e+01	7.149680234434894199e-01
2.096461970278941467e+07	7.756880324044931285e+01	7.173588600779013946e-01
2.112177605430767313e+07	7.815027958071996750e+01	7.197579020492076429e-01
2.128010450271224231e+07	7.873609266339349233e+01	7.221651778376599884e-01
2.143961377026501298e+07	7.932627476071938588e+01	7.245807160233304067e-01
2.160031264406977966e+07	7.992085838486126192e+01	7.270045452864517532e-01
2.176220997655350715e+07	8.051987628967762589e+01	7.294366944077689263e-01
2.192531468595207483e+07	8.112336147251900798e+01	7.318771922688931397e-01
2.208963575679966062e+07	8.173134717603878130e+01	7.343260678526504215e-01
2.225518224042078480e+07	8.234386689001361503e+01	7.367833502434674164e-01
2.242196325542689487e+07	8.296095435318096634e+01	7.392490686276906864e-01
2.258998798821619526e+07	8.358264355508832466e+01	7.417232522939807282e-01
2.275926569347747043e+07	8.420896873795734905e+01	7.442059306336377134e-01
2.292980569469734654e+07	8.483996439856082361e+01	7.466971331409967272e-01
2.310161738467168063e+07	8.547566529011471914e+01	7.491968894137678303e-01
2.327471022602059320e+07	8.611610642418384032e+01	7.517052291534118691e-01
2.344909375170678645e+07	8.676132307259956633e+01	7.542221821654971903e-01
2.362477756555907056e+07	8.741135076939690407e+01	7.567477783600826680e-01
2.380177134279826656e+07	8.806622531276032362e+01	7.592820477520593192e-01
2.398008483056789637e+07	8.872598276698731468e+01	7.618250204615479859e-01
2.415972784846859425e+07	8.939065946446565647e+01	7.643767267142611566e-01
2.434071028909640014e+07	9.006029200766519693e+01	7.669371968418627894e-01
2.452304211858547106e+07	9.073491727114571859e+01	7.695064612823615535e-01
2.470673337715398520e+07	9.141457240357696890e+01	7.720845505804548869e-01
2.489179417965486646e+07	9.209929482977615578e+01	7.746714953879531018e-01
2.507823471613061801e+07	9.278912225276090453e+01	7.772673264641140056e-01
2.526606525237147138e+07	9.348409265581446448e+01	7.798720746760305911e-01
2.545529613047873601e+07	9.418424430456992980e+01	7.824857709990310495e-01
2.564593776943125576e+07	9.488961574910632635e+01	7.851084465170448112e-01
2.583800066565714031e+07	9.560024582606379795e+01	7.877401324229855728e-01
2.603149539360905439e+07	9.631617366077236397e+01	7.903808600191348788e-01
2.622643260634409264e+07	9.703743866939733209e+01	7.930306607175301448e-01
2.642282303610746935e+07	9.776408056109889344e+01	7.956895660403650039e-01
2.662067749492084980e+07	9.849613934020909767e+01	7.983576076203511285e-01
2.682000687517630309e+07	9.923365530842937687e+01	8.010348172011233503e-01
2.702082215023136511e+07	9.997666906703227596e+01	8.037212266376272396e-01
2.722313437501277030e+07	1.007252215190952285e+02	8.064168678965166759e-01
2.742695468662126735e+07	1.014793538717384536e+02	8.091217730565535282e-01
2.763229430494238436e+07	1.022391076383846809e+02	8.118359743089779146e-01
2.783916453326150402e+07	1.030045246410349336e+02	8.145595039579297536e-01
2.804757675888429955e+07	1.037756470125642068e+02	8.172923944208334568e-01
2.825754245375969261e+07	1.045525171990263544e+02	8.200346782288084890e-01
2.846907317510994151e+07	1.053351779619853801e+02	8.227863880270640529e-01
2.868218056606365368e+07	1.061236723808576130e+02	8.255475565752834477e-01
2.889687635629427433e+07	1.069180438552740782e+02	8.283182167480667157e-01
