0.000000000000000000e+00	0.000000000000000000e+00	0.000000000000000000e+00
2.031661345271190839e+02	7.513404695017461554e-04	1.003910551926119610e-01
4.046354339000952223e+02	1.496779837968520259e-03	9.884540614641461331e-02
6.045955884208275393e+02	2.236635037497959003e-03	9.739533662081194254e-02
8.032193945527924370e+02	2.971545441165939633e-03	9.603313672448483829e-02
1.000666206750030710e+03	3.702100684075477956e-03	9.475183223379066155e-02
1.197083235410761972e+03	4.428845466053113467e-03	9.354510735493541673e-02
1.392606708253890702e+03	5.152283848979944195e-03	9.240723611253372216e-02
1.587362910390417255e+03	5.872883105267272946e-03	9.133302135877381656e-02
1.781469116580121636e+03	6.591077167394324837e-03	9.031774051841963413e-02
1.975034427596979867e+03	7.307269722627534117e-03	8.935709729100446697e-02
2.168160521247285033e+03	8.021836991936506095e-03	8.844717862463444269e-02
2.360942327370578823e+03	8.735130227630156716e-03	8.758441635747617193e-02
2.553468635083688696e+03	9.447477960277951906e-03	8.676555299467357540e-02
2.745822639585457637e+03	1.015918802199299552e-02	8.598761115138905953e-02
2.938082435009067922e+03	1.087054937007989920e-02	8.524786624792833611e-02
3.130321459075039456e+03	1.158183373233513148e-02	8.454382209151223293e-02
3.322608894651577884e+03	1.229329709289568758e-02	8.387318902197778148e-02
3.515010032757011231e+03	1.300518103541554830e-02	8.323386433623863878e-02
3.707586601034302475e+03	1.371771395848181418e-02	8.262391473943941911e-02
3.900397061281638798e+03	1.443111217653207483e-02	8.204156059980220739e-02
4.093496879227730915e+03	1.514558091807163137e-02	8.148516180982935675e-02
4.286938769391824280e+03	1.586131523169920579e-02	8.095320507910619412e-02
4.480772917558486370e+03	1.657850080930289502e-02	8.044429250385970454e-02
4.675047183123770083e+03	1.729731473477628956e-02	7.995713127599861358e-02
4.869807283325753815e+03	1.801792616570326022e-02	7.949052440985704404e-02
5.065096961157340047e+03	1.874049695466395785e-02	7.904336237855305591e-02
5.260958138568249524e+03	1.946518221610801791e-02	7.861461556395360484e-02
5.457431056392759274e+03	2.019213084411053752e-02	7.820332743492651451e-02
5.654554402288503297e+03	2.092148598576669405e-02	7.780860837800719632e-02
5.852365427838898540e+03	2.165338547448979883e-02	7.742963011295601883e-02
6.050900055850443096e+03	2.238796222702853222e-02	7.706562063309208011e-02
6.250192978771380695e+03	2.312534460763164545e-02	7.671585961683136112e-02
6.450277749062520343e+03	2.386565676243416340e-02	7.637967426266541182e-02
6.651186862266893513e+03	2.460901892682798922e-02	7.605643550497023786e-02
6.852951833450057165e+03	2.535554770830268992e-02	7.574555457259213309e-02
7.055603267614561446e+03	2.610535634698967281e-02	7.544647985621814879e-02
7.259170924633114737e+03	2.685855495592456496e-02	7.515869405414085658e-02
7.463683779190598216e+03	2.761525074284146980e-02	7.488171156922007743e-02
7.669170076177169904e+03	2.837554821513549319e-02	7.461507613269316441e-02
7.875657381931993768e+03	2.913954936947187740e-02	7.435835863302653337e-02
8.083172631698291298e+03	2.990735386737636628e-02	7.411115513023612544e-02
8.291742173615937645e+03	3.067905919801396444e-02	7.387308503813332095e-02
8.501391809546918012e+03	3.145476082924872352e-02	7.364378945873281679e-02
8.712146833001013874e+03	3.223455234797388547e-02	7.342292965465292698e-02
8.924032064404622361e+03	3.301852559061124737e-02	7.321018564677876650e-02
9.137071883932048877e+03	3.380677076459125824e-02	7.300525492571631470e-02
9.351290262099584652e+03	3.459937656155508828e-02	7.280785126671338037e-02
9.566710788303693334e+03	3.539643026294950895e-02	7.261770363874091305e-02
9.783356697468805578e+03	3.619801783862715283e-02	7.243455519933435227e-02
1.000125089495441171e+04	3.700422403900581469e-02	7.225816236761707645e-02
1.022041597985953013e+04	3.781513248129780846e-02	7.208829396865397421e-02
1.044087426684847560e+04	3.863082573026801331e-02	7.192473044294596385e-02
1.066264780661286204e+04	3.945138537394558137e-02	7.176726311545451875e-02
1.088575840507316934e+04	4.027689209467213982e-02	7.161569351908741998e-02
1.111022764141587140e+04	4.110742573584107856e-02	7.146983276804101670e-02
1.133607688505345868e+04	4.194306536465162299e-02	7.132950097682504154e-02
1.156332731158591741e+04	4.278388933116812620e-02	7.119452672118586900e-02
1.179199991783832411e+04	4.362997532396074157e-02	7.106474653748430514e-02
1.202211553604099026e+04	4.448140042257347354e-02	7.094000445739713501e-02
1.225369484721407935e+04	4.533824114704880504e-02	7.082015157509573278e-02
1.248675839381256992e+04	4.620057350471521579e-02	7.070504564430932226e-02
1.272132659168514328e+04	4.706847303443638386e-02	7.059455070290836243e-02
1.295741974139314516e+04	4.794201484849249656e-02	7.048853672285074201e-02
1.319505803893525808e+04	4.882127367226254261e-02	7.038687928352557743e-02
1.343426158591817330e+04	4.970632388185684120e-02	7.028945926669402655e-02
1.367505039920999661e+04	5.059723953983551181e-02	7.019616257138366899e-02
1.391744442011259162e+04	5.149409442914703455e-02	7.010687984723132371e-02
1.416146352308343739e+04	5.239696208539998401e-02	7.002150624490001418e-02
1.440712752403766899e+04	5.330591582758119340e-02	6.993994118230342782e-02
1.465445618825755446e+04	5.422102878732167064e-02	6.986208812548268254e-02
1.490346923793395217e+04	5.514237393680053445e-02	6.978785438307129330e-02
1.515418635936477949e+04	5.607002411538004188e-02	6.971715091337250814e-02
1.540662720983090912e+04	5.700405205504693179e-02	6.964989214315318866e-02
1.566081142417098454e+04	5.794453040473979133e-02	6.958599579732425988e-02
1.591675862107328066e+04	5.889153175362948911e-02	6.952538273875387420e-02
1.617448840910169565e+04	5.984512865341573562e-02	6.946797681750802034e-02
1.643402039247397624e+04	6.080539363970704353e-02	6.941370472887392618e-02
1.669537417660485153e+04	6.177239925253071029e-02	6.936249587957225848e-02
1.695856937343097161e+04	6.274621805603550206e-02	6.931428226160667172e-02
1.722362560652750471e+04	6.372692265742337103e-02	6.926899833324486055e-02
1.749056251603284181e+04	6.471458572517130303e-02	6.922658090665455288e-02
1.775939976338801353e+04	6.570928000656742207e-02	6.918696904176853402e-02
1.803015703590714111e+04	6.671107834462200459e-02	6.915010394596876608e-02
1.830285405118328708e+04	6.772005369436934208e-02	6.911592887922046735e-02
1.857751056134321334e+04	6.873627913861075911e-02	6.908438906430990067e-02
1.885414635715811528e+04	6.975982790312447446e-02	6.905543160186085327e-02
1.913278127201889220e+04	7.079077337137433534e-02	6.902900538983895717e-02
1.941343518578343355e+04	7.182918909874513869e-02	6.900506104725852297e-02
1.969612802850332082e+04	7.287514882633144842e-02	6.898355084184261410e-02
1.998087978403703528e+04	7.392872649430688725e-02	6.896442862138965624e-02
2.026771049355553623e+04	7.498999625489474741e-02	6.894764974862921392e-02
2.055664025894655060e+04	7.605903248496424796e-02	6.893317103935543699e-02
2.084768924612252886e+04	7.713590979826998040e-02	6.892095070364714915e-02
2.114087768823922670e+04	7.822070305736092410e-02	6.891094828999259903e-02
2.143622588882784839e+04	7.931348738516948160e-02	6.890312463214864902e-02
2.173375422484694354e+04	8.041433817630370962e-02	6.889744179858395268e-02
2.203348314965704049e+04	8.152333110805345950e-02	6.889386304434891306e-02
2.233543319592469561e+04	8.264054215113568469e-02	6.889235276524487139e-02
2.263962497845655162e+04	8.376604758018039998e-02	6.889287645415671790e-02
2.294607919697013494e+04	8.489992398398284179e-02	6.889540065943117186e-02
2.325481663880311316e+04	8.604224827552783839e-02	6.889989294519198448e-02
2.356585818156452660e+04	8.719309770179937968e-02	6.890632185347922434e-02
2.387922479573248711e+04	8.835254985339233147e-02	6.891465686811856783e-02
2.419493754719901699e+04	8.952068267392833401e-02	6.892486838022642004e-02
2.451301759976733229e+04	9.069757446929585520e-02	6.893692765526512889e-02
2.483348621760191963e+04	9.188330391671560571e-02	6.895080680156243091e-02
2.515636476763608152e+04	9.307795007364848272e-02	6.896647874022400482e-02
2.548167472193709909e+04	9.428159238654677810e-02	6.898391717636215281e-02
2.580943766003367637e+04	9.549431069946572037e-02	6.900309657157616128e-02
2.613967527120593513e+04	9.671618526253666914e-02	6.902399211761661713e-02
2.647240935674073262e+04	9.794729674031167621e-02	6.904657971117779403e-02
2.680766183215464116e+04	9.918772621998873940e-02	6.907083592975778175e-02
2.714545472938529201e+04	1.004375552195197058e-01	6.909673800853552428e-02
2.748581019895399368e+04	1.016968656956120237e-01	6.912426381821347443e-02
2.782875051210136371e+04	1.029657400516307136e-01	6.915339184377684856e-02
2.817429806289561020e+04	1.042442611453989615e-01	6.918410116412883337e-02
2.852247537031842148e+04	1.055325122969160284e-01	6.921637143255400526e-02
2.887330508032556827e+04	1.068305772959814853e-01	6.925018285797604478e-02
2.922680996788850825e+04	1.081385404097491149e-01	6.928551618696521253e-02
2.958301293901373720e+04	1.094564863901987539e-01	6.932235268646719240e-02
2.994193703274401560e+04	1.107845004815406070e-01	6.936067412721283465e-02
3.030360542314188569e+04	1.121226684275544866e-01	6.940046276778241707e-02
3.066804142125614453e+04	1.134710764788657289e-01	6.944170133929071509e-02
3.103526847707341585e+04	1.148298114001659598e-01	6.948437303066548609e-02
3.140531018145425696e+04	1.161989604773769058e-01	6.952846147449265324e-02
3.177819026805680551e+04	1.175786115247676872e-01	6.957395073340248703e-02
3.215393261524745685e+04	1.189688528920245236e-01	6.962082528697038919e-02
3.253256124799986355e+04	1.203697734712769196e-01	6.966907001911304409e-02
3.291410033978270803e+04	1.217814627040825909e-01	6.971867020595559628e-02
3.329857421443954809e+04	1.232040105883827757e-01	6.976961150414705271e-02
3.368600734805675893e+04	1.246375076854136371e-01	6.982187993961186390e-02
3.407642437082546530e+04	1.260820451265955711e-01	6.987546189670758301e-02
3.446985006889513170e+04	1.275377146203913181e-01	6.993034410778131704e-02
3.486630938622046233e+04	1.290046084591397468e-01	6.998651364310182199e-02
3.526582742640119250e+04	1.304828195258627144e-01	7.004395790115396092e-02
3.566842945451814012e+04	1.319724413010588682e-01	7.010266459927974592e-02
3.607414089896344376e+04	1.334735678694752847e-01	7.016262176464975464e-02
3.648298735326650058e+04	1.349862939268636208e-01	7.022381772555175150e-02
3.689499457791622262e+04	1.365107147867221371e-01	7.028624110298824224e-02
3.731018850218095031e+04	1.380469263870299501e-01	7.034988080256036891e-02
3.772859522592591384e+04	1.395950252969710426e-01	7.041472600663743753e-02
3.815024102142741322e+04	1.411551087236470325e-01	7.048076616679095630e-02
3.857515233518659807e+04	1.427272745187882497e-01	7.054799099648909055e-02
3.900335578974289092e+04	1.443116211854632291e-01	7.061639046403875297e-02
3.943487818548556970e+04	1.459082478847815445e-01	7.068595478576353286e-02
3.986974650246527744e+04	1.475172544425965571e-01	7.075667441941299596e-02
4.030798790220845694e+04	1.491387413562187125e-01	7.082854005778702056e-02
4.074962972952881682e+04	1.507728098011179019e-01	7.090154262257665485e-02
4.119469951434415270e+04	1.524195616376459450e-01	7.097567325840298258e-02
4.164322497349089826e+04	1.540790994177501094e-01	7.105092332705072178e-02
4.209523401254501368e+04	1.557515263917106096e-01	7.112728440189418355e-02
4.255075472764112055e+04	1.574369465148713620e-01	7.120474826249574563e-02
4.300981540729742846e+04	1.591354644543920560e-01	7.128330688938462611e-02
4.347244453424292442e+04	1.608471855960090513e-01	7.136295245899880457e-02
4.393867078724849125e+04	1.625722160508101810e-01	7.144367733878750903e-02
4.440852304296102375e+04	1.643106626620212396e-01	7.152547408246907878e-02
4.488203037774304539e+04	1.660626330118122884e-01	7.160833542543784680e-02
4.535922206951502449e+04	1.678282354281146194e-01	7.169225428031369973e-02
4.584012759960644325e+04	1.696075789914691934e-01	7.177722373263019373e-02
4.632477665460648859e+04	1.714007735418745793e-01	7.186323703665542517e-02
4.681319912822530750e+04	1.732079296856733897e-01	7.195028761134125705e-02
4.730542512315815839e+04	1.750291588024498191e-01	7.203836903639594669e-02
4.780148495295707107e+04	1.768645730519544657e-01	7.212747504847745461e-02
4.830140914390723628e+04	1.787142853810472776e-01	7.221759953749896932e-02
4.880522843691242451e+04	1.805784095306734449e-01	7.230873654304766085e-02
4.931297378938568727e+04	1.824570600428589429e-01	7.240088025090947454e-02
4.982467637714647572e+04	1.843503522677298889e-01	7.249402498969768904e-02
5.034036759632788016e+04	1.862584023705694258e-01	7.258816522758040901e-02
5.086007906528819149e+04	1.881813273388903140e-01	7.268329556910477218e-02
5.138384262653414044e+04	1.901192449895509617e-01	7.277941075211422084e-02
5.191169034864874993e+04	1.920722739758886077e-01	7.287650564475540993e-02
5.244365452822949010e+04	1.940405337948902520e-01	7.297457524257121297e-02
5.297976769183536817e+04	1.960241447943969206e-01	7.307361466567825758e-02
5.352006259794148355e+04	1.980232281803356309e-01	7.317361915602491051e-02
5.406457223890366731e+04	2.000379060239885209e-01	7.327458407472708934e-02
5.461332984293308982e+04	2.020683012692987279e-01	7.337650489948151222e-02
5.516636887607824610e+04	2.041145377402038830e-01	7.347937722204955779e-02
5.572372304421845911e+04	2.061767401480118500e-01	7.358319674581396963e-02
5.628542629506697995e+04	2.082550340988124637e-01	7.368795928340123036e-02
5.685151282018466736e+04	2.103495461009279588e-01	7.379366075437415740e-02
5.742201705700264574e+04	2.124604035723967055e-01	7.390029718298392336e-02
5.799697369085738319e+04	2.145877348485030756e-01	7.400786469598807926e-02
5.857641765703472629e+04	2.167316691893405034e-01	7.411635952052496312e-02
5.916038414282623853e+04	2.188923367874196224e-01	7.422577798204887944e-02
5.974890858959660545e+04	2.210698687753177849e-01	7.433611650231976287e-02
6.034202669486163359e+04	2.232643972333676619e-01	7.444737159744911625e-02
6.093977441437805101e+04	2.254760551973894744e-01	7.455953987599574229e-02
6.154218796424649918e+04	2.277049766664720476e-01	7.467261803711586210e-02
6.214930382302425278e+04	2.299512966107897793e-01	7.478660286875825347e-02
6.276115873385075247e+04	2.322151509794670998e-01	7.490149124591279073e-02
6.337778970658659819e+04	2.344966767084928350e-01	7.501728012890153396e-02
6.399923401996453322e+04	2.367960117286787569e-01	7.513396656171540677e-02
6.462552922375145135e+04	2.391132949736588797e-01	7.525154767039587966e-02
6.525671314092599641e+04	2.414486663879468198e-01	7.537002066145727375e-02
6.589282386986674101e+04	2.438022669350316807e-01	7.548938282035203007e-02
6.653389978655595041e+04	2.461742386055323084e-01	7.560963150997297710e-02
6.717997954679363465e+04	2.485647244253889887e-01	7.573076416919610754e-02
6.783110208842931024e+04	2.509738684641211193e-01	7.585277831146237937e-02
6.848730663360240578e+04	2.534018158431164403e-01	7.597567152339222696e-02
6.914863269100239268e+04	2.558487127439938447e-01	7.609944146343683435e-02
6.981512005813696305e+04	2.583147064169954987e-01	7.622408586056497737e-02
7.048680882362056582e+04	2.607999451894539855e-01	7.634960251298131273e-02
7.116373936947158654e+04	2.633045784742925055e-01	7.647598928687646125e-02
7.184595237342873588e+04	2.658287567785950767e-01	7.660324411521186871e-02
7.253348881127982168e+04	2.683726317122230309e-01	7.673136499653072928e-02
7.322638995920425805e+04	2.709363559964822477e-01	7.686034999380030042e-02
7.392469739613494312e+04	2.735200834728621633e-01	7.699019723328438813e-02
7.462845300613198197e+04	2.761239691118185235e-01	7.712090490344057636e-02
7.533769898077227117e+04	2.787481690216147556e-01	7.725247125384764046e-02
7.605247782155674940e+04	2.813928404572285658e-01	7.738489459415670568e-02
7.677283234232876566e+04	2.840581418293005034e-01	7.751817329306941173e-02
7.749880567171561415e+04	2.867442327131667357e-01	7.765230577734098805e-02
7.823044125557935331e+04	2.894512738579277933e-01	7.778729053080625511e-02
7.896778285948581470e+04	2.921794271955835964e-01	7.792312609343055030e-02
7.971087457119407190e+04	2.949288558502442537e-01	7.805981106038277495e-02
8.045976080315827858e+04	2.976997241473871569e-01	7.819734408113117319e-02
8.121448629504624114e+04	3.004921976231754721e-01	7.833572385855910869e-02
8.197509611627610866e+04	3.033064430338439088e-01	7.847494914810339284e-02
8.274163566857241676e+04	3.061426283651562108e-01	7.861501875691413732e-02
8.351415068853557750e+04	3.090009228419120513e-01	7.875593154303081600e-02
8.429268725023017032e+04	3.118814969375234281e-01	7.889768641458144716e-02
8.507729176779305271e+04	3.147845223836653883e-01	7.904028232899827644e-02
8.586801099805503327e+04	3.177101721799753808e-01	7.918371829225305525e-02
8.666489204318441625e+04	3.206586206038348208e-01	7.932799335810937491e-02
8.746798235334728088e+04	3.236300432202119937e-01	7.947310662739238973e-02
8.827732972938488820e+04	3.266246168915682979e-01	7.961905724727710854e-02
8.909298232551179535e+04	3.296425197878413704e-01	7.976584441058962027e-02
8.991498865203138848e+04	3.326839313964922162e-01	7.991346735512763755e-02
9.074339757806880516e+04	3.357490325326178970e-01	8.006192536299597262e-02
9.157825833432674699e+04	3.388380053491466537e-01	8.021121775995573855e-02
9.241962051585612062e+04	3.419510333470902608e-01	8.036134391479041184e-02
9.326753408484860847e+04	3.450883013858762616e-01	8.051230323868434346e-02
9.412204937344843347e+04	3.482499956937510910e-01	8.066409518461752082e-02
9.498321708658331772e+04	3.514363038782550852e-01	8.081671924677071017e-02
9.585108830481492623e+04	3.546474149367689899e-01	8.097017495994954239e-02
9.672571448721086199e+04	3.578835192671398491e-01	8.112446189901457994e-02
9.760714747423477820e+04	3.611448086783749511e-01	8.127957967832938335e-02
9.849543949065847846e+04	3.644314764014163210e-01	8.143552795121970778e-02
9.939064314849395305e+04	3.677437170999891536e-01	8.159230640944305224e-02
1.002928114499457588e+05	3.710817268815258529e-01	8.174991478267237821e-02
1.012019977903865947e+05	3.744457033081751152e-01	8.190835283798941768e-02
1.021182559613491758e+05	3.778358454078724615e-01	8.206762037938990229e-02
1.030416401535449404e+05	3.812523536855087491e-01	8.222771724730043585e-02
1.039722049598999292e+05	3.846954301341635740e-01	8.238864331810449859e-02
1.049100053786158387e+05	3.881652782464304896e-01	8.255039850368001142e-02
1.058550968162482895e+05	3.916621030258070069e-01	8.271298275094701724e-02
1.068075350908117252e+05	3.951861109981825715e-01	8.287639604142386929e-02
1.077673764349036064e+05	3.987375102233978730e-01	8.304063839079497966e-02
1.087346774988523539e+05	4.023165103068923054e-01	8.320570984848718599e-02
1.097094953538877453e+05	4.059233224114344174e-01	8.337161049725422268e-02
1.106918874953327177e+05	4.095581592689315209e-01	8.353834045277340470e-02
1.116819118458191806e+05	4.132212351923283400e-01	8.370589986324596110e-02
1.126796267585276073e+05	4.169127660875928676e-01	8.387428890901181544e-02
1.136850910204484826e+05	4.206329694657844342e-01	8.404350780216657268e-02
1.146983638556662627e+05	4.243820644552038779e-01	8.421355678619360519e-02
1.157195049286714493e+05	4.281602718136481855e-01	8.438443613559601375e-02
1.167485743476924399e+05	4.319678139407384099e-01	8.455614615554424285e-02
1.177856326680506027e+05	4.358049148903334058e-01	8.472868718152667955e-02
1.188307408955445280e+05	4.396718003830514809e-01	8.490205957900849587e-02
1.198839604898531252e+05	4.435686978188616014e-01	8.507626374309837369e-02
1.209453533679691027e+05	4.474958362897876185e-01	8.525130009822096122e-02
1.220149819076509593e+05	4.514534465926805518e-01	8.542716909779900225e-02
1.230929089509049518e+05	4.554417612421011730e-01	8.560387122393849080e-02
1.241791978074908548e+05	4.594610144832922960e-01	8.578140698712581613e-02
1.252739122584515717e+05	4.635114423052373311e-01	8.595977692592229880e-02
1.263771165596704814e+05	4.675932824538230892e-01	8.613898160667811388e-02
1.274888754454527225e+05	4.717067744450902378e-01	8.631902162323917826e-02
1.286092541321365570e+05	4.758521595785950575e-01	8.649989759666824873e-02
1.297383183217241021e+05	4.800296809508436402e-01	8.668161017496969767e-02
1.308761342055443383e+05	4.842395834688446032e-01	8.686416003281985376e-02
1.320227684679411177e+05	4.884821138637546745e-01	8.704754787130426774e-02
1.331782882899887918e+05	4.927575207046265282e-01	8.723177441765556095e-02
1.343427613532294345e+05	4.970660544122363911e-01	8.741684042500659502e-02
1.355162558434441744e+05	5.014079672730382686e-01	8.760274667213818756e-02
1.366988404544547375e+05	5.057835134532290278e-01	8.778949396323827703e-02
1.378905843919404433e+05	5.101929490128717104e-01	8.797708312766362726e-02
1.390915573772933567e+05	5.146365319201593458e-01	8.816551501971001126e-02
1.403018296514983522e+05	5.191145220657709114e-01	8.835479051838282527e-02
1.415214719790415838e+05	5.236271812773334311e-01	8.854491052717333721e-02
1.427505556518474477e+05	5.281747733339876572e-01	8.873587597384298420e-02
1.439891524932447064e+05	5.327575639810627761e-01	8.892768781020773949e-02
1.452373348619633762e+05	5.373758209448662448e-01	8.912034701193065345e-02
1.464951756561551010e+05	5.420298139475572263e-01	8.931385457831647612e-02
1.477627483174510417e+05	5.467198147221618010e-01	8.950821153210913872e-02
1.490401268350439786e+05	5.514460970276763296e-01	8.970341891929944911e-02
1.503273857498006255e+05	5.562089366642835042e-01	8.989947780892933171e-02
1.516246001584070909e+05	5.610086114886896347e-01	9.009638929290642029e-02
1.529318457175379153e+05	5.658454014295508649e-01	9.029415448581648573e-02
1.542491986480705673e+05	5.707195885030658111e-01	9.049277452474756289e-02
1.555767357393112325e+05	5.756314568286121647e-01	9.069225056910820704e-02
1.569145343532662373e+05	5.805812926445497180e-01	9.089258380045869834e-02
1.582626724289396661e+05	5.855693843241221996e-01	9.109377542233947078e-02
1.596212284866628179e+05	5.905960223914757945e-01	9.129582666010475911e-02
1.609902816324542218e+05	5.956614995377915722e-01	9.149873876076335122e-02
1.623699115624153637e+05	6.007661106375494775e-01	9.170251299281582946e-02
1.637601985671535949e+05	6.059101527648925734e-01	9.190715064610155416e-02
1.651612235362443316e+05	6.110939252101376118e-01	9.211265303164722917e-02
1.665730679627183417e+05	6.163177294963780861e-01	9.231902148151389931e-02
1.679958139475897478e+05	6.215818693962368302e-01	9.252625734865466134e-02
1.694295442044071387e+05	6.268866509487067695e-01	9.273436200676996033e-02
1.708743420638553798e+05	6.322323824761756361e-01	9.294333685016811786e-02
1.723302914783689776e+05	6.376193746014966468e-01	9.315318329362715088e-02
1.737974770267993445e+05	6.430479402652568011e-01	9.336390277226475076e-02
1.752759839191041247e+05	6.485183947431274465e-01	9.357549674140409890e-02
1.767658980010761588e+05	6.540310556633613936e-01	9.378796667644395679e-02
1.782673057591076067e+05	6.595862430244201491e-01	9.400131407273677742e-02
1.797802943249848904e+05	6.651842792127150572e-01	9.421554044546352757e-02
1.813049514807256055e+05	6.708254890205037624e-01	9.443064732951378382e-02
1.828413656634444487e+05	6.765101996638942516e-01	9.464663627936882595e-02
1.843896259702604148e+05	6.822387408010012200e-01	9.486350886898525792e-02
1.859498221632347559e+05	6.880114445502164555e-01	9.508126669168359690e-02
1.875220446743534121e+05	6.938286455086439819e-01	9.529991136003672370e-02
1.891063846105374105e+05	6.996906807706385623e-01	9.551944450576291268e-02
1.907029337586956099e+05	7.055978899464997456e-01	9.573986777961993044e-02
1.923117845908137679e+05	7.115506151813032476e-01	9.596118285130363079e-02
1.939330302690818498e+05	7.175492011738702214e-01	9.618339140934573095e-02
1.955667646510532359e+05	7.235939951958566541e-01	9.640649516101297556e-02
1.972130822948538407e+05	7.296853471110279488e-01	9.663049583221475225e-02
1.988720784644178348e+05	7.358236093946297629e-01	9.685539516740686306e-02
2.005438491347693489e+05	7.420091371529307089e-01	9.708119492949800200e-02
2.022284909973415488e+05	7.482422881429033890e-01	9.730789689976360179e-02
2.039261014653333114e+05	7.545234227920434300e-01	9.753550287775382410e-02
2.056367786791063845e+05	7.608529042183391766e-01	9.776401468120837768e-02
2.073606215116234671e+05	7.672310982503920407e-01	9.799343414597347368e-02
2.090977295739250549e+05	7.736583734476810692e-01	9.822376312592021042e-02
2.108482032206496515e+05	7.801351011209887165e-01	9.845500349286180619e-02
2.126121435555906501e+05	7.866616553529587330e-01	9.868715713647777110e-02
2.143896524372984422e+05	7.932384130188262494e-01	9.892022596423621916e-02
2.161808324847212643e+05	7.998657538072879714e-01	9.915421190131892826e-02
2.179857870828840241e+05	8.065440602415131499e-01	9.938911689054742704e-02
2.198046203886221047e+05	8.132737177003599438e-01	9.962494289231535460e-02
2.216374373363409832e+05	8.200551144396845960e-01	9.986169188451417267e-02
2.234843436438337085e+05	8.268886416138664375e-01	1.000993658624694249e-01
2.253454458181283553e+05	8.337746932974443581e-01	1.003379668388714729e-01
2.272208511613886803e+05	8.407136665069473436e-01	1.005774968437132405e-01
2.291106677768539521e+05	8.477059612228734498e-01	1.008179579242264173e-01
2.310150045748220291e+05	8.547519804118259845e-01	1.010593521448182042e-01
2.329339712786791206e+05	8.618521300488239945e-01	1.013016815870133730e-01
2.348676784309748036e+05	8.690068191397800623e-01	1.015449483493987004e-01
2.368162373995377566e+05	8.762164597441278735e-01	1.017891545475600457e-01
2.387797603836388153e+05	8.834814669976251977e-01	1.020343023140295596e-01
2.407583604202081042e+05	8.908022591353587094e-01	1.022803937982355305e-01
2.427521513900802238e+05	8.981792575148489499e-01	1.025274311664435001e-01
2.447612480243005848e+05	9.056128866393853283e-01	1.027754166017109672e-01
2.467857659104763879e+05	9.131035741815236584e-01	1.030243523038328474e-01
2.488258214991688437e+05	9.206517510067385723e-01	1.032742404892963289e-01
2.508815321103375463e+05	9.282578511972656710e-01	1.035250833912334800e-01
2.529530159398296091e+05	9.359223120761132053e-01	1.037768832593750357e-01
2.550403920659239811e+05	9.436455742312744865e-01	1.040296423600042680e-01
2.571437804559102515e+05	9.514280815400704139e-01	1.042833629759179481e-01
2.592633019727327337e+05	9.592702811937315888e-01	1.045380474063804244e-01
2.613990783816697949e+05	9.671726237221126565e-01	1.047936979670859997e-01
2.635512323570765438e+05	9.751355630186393508e-01	1.050503169901169653e-01
2.657198874891588348e+05	9.831595563653726666e-01	1.053079068239076155e-01
2.679051682908218936e+05	9.912450644583485904e-01	1.055664698332061252e-01
2.701072002045390545e+05	9.993925514329925486e-01	1.058260083990395367e-01
2.723261096093085944e+05	1.007602484889859040e+00	1.060865249186784126e-01
2.745620238276286982e+05	1.015875335920439104e+00	1.063480218056016280e-01
2.768150711325389566e+05	1.024211579133214922e+00	1.066105014894673381e-01
2.790853807547210017e+05	1.032611692679929360e+00	1.068739664160794356e-01
2.813730828896354069e+05	1.041076158281995623e+00	1.071384190473582548e-01
2.836783087047237786e+05	1.049605461257142824e+00	1.074038618613104845e-01
2.860011903466539225e+05	1.058200090546223215e+00	1.076702973520012319e-01
2.883418609486393980e+05	1.066860538740295627e+00	1.079377280295274466e-01
2.907004546377853840e+05	1.075587302107803067e+00	1.082061564199904014e-01
2.930771065425086417e+05	1.084380880622028531e+00	1.084755850654737647e-01
2.954719528000071296e+05	1.093241777988731345e+00	1.087460165240153181e-01
2.978851305637796759e+05	1.102170501673969571e+00	1.090174533695862924e-01
3.003167780112153850e+05	1.111167562932182662e+00	1.092898981920709528e-01
3.027670343512239633e+05	1.120233476834419983e+00	1.095633535972406897e-01
3.052360398319292581e+05	1.129368762296810713e+00	1.098378222067377674e-01
3.077239357484217035e+05	1.138573942109245118e+00	1.101133066580546188e-01
3.102308644505693810e+05	1.147849542964276770e+00	1.103898096045151100e-01
3.127569693508789642e+05	1.157196095486207055e+00	1.106673337152574987e-01
3.153023949324188870e+05	1.166614134260401059e+00	1.109458816752168231e-01
3.178672867568082293e+05	1.176104197862847034e+00	1.112254561851114126e-01
3.204517914722558344e+05	1.185666828889899493e+00	1.115060599614272896e-01
3.230560568216647371e+05	1.195302573988267447e+00	1.117876957364005996e-01
3.256802316507907817e+05	1.205011983885199367e+00	1.120703662580094101e-01
3.283244659164705663e+05	1.214795613418927722e+00	1.123540742899589301e-01
3.309889106949023553e+05	1.224654021569307361e+00	1.126388226116699504e-01
3.336737181899914867e+05	1.234587771488694807e+00	1.129246140182690455e-01
3.363790417417605640e+05	1.244597430533062488e+00	1.132114513205773193e-01
3.391050358348158188e+05	1.254683570293329664e+00	1.134993373451035764e-01
3.418518561068819836e+05	1.264846766626935848e+00	1.137882749340333594e-01
3.446196593573968858e+05	1.275087599689644247e+00	1.140782669452224951e-01
3.474086035561727476e+05	1.285406653967586132e+00	1.143693162521916967e-01
3.502188478521220968e+05	1.295804518309549236e+00	1.146614257441182644e-01
3.530505525820470066e+05	1.306281785959495512e+00	1.149545983258307147e-01
3.559038792794920737e+05	1.316839054589316715e+00	1.152488369178079619e-01
3.587789906836595619e+05	1.327476926331823348e+00	1.155441444561701170e-01
3.616760507484033005e+05	1.338196007814019151e+00	1.158405238926792924e-01
3.645952246512802085e+05	1.348996910190591869e+00	1.161379781947368128e-01
3.675366788026661379e+05	1.359880249177643607e+00	1.164365103453793016e-01
3.705005808549526846e+05	1.370846645086716498e+00	1.167361233432796380e-01
3.734870997117948718e+05	1.381896722859011106e+00	1.170368202027457089e-01
3.764964055374422460e+05	1.393031112099909929e+00	1.173386039537211711e-01
3.795286697661264334e+05	1.404250447113711386e+00	1.176414776417881031e-01
3.825840651115362998e+05	1.415555366938689108e+00	1.179454443281643117e-01
3.856627655763371149e+05	1.426946515382310210e+00	1.182505070897107990e-01
3.887649464617921622e+05	1.438424541056838590e+00	1.185566690189318872e-01
3.918907843774307985e+05	1.449990097415102985e+00	1.188639332239775359e-01
3.950404572507961420e+05	1.461643842786565450e+00	1.191723028286521269e-01
3.982141443372622016e+05	1.473386440413644527e+00	1.194817809724155883e-01
4.014120262299387832e+05	1.485218558488362373e+00	1.197923708103901114e-01
4.046342848696391447e+05	1.497140870189225259e+00	1.201040755133661875e-01
4.078811035549087101e+05	1.509154053718331001e+00	1.204168982678103794e-01
4.111526669521497097e+05	1.521258792338826771e+00	1.207308422758698180e-01
4.144491611058056587e+05	1.533455774412595396e+00	1.210459107553848584e-01
4.177707734486432164e+05	1.545745693438295820e+00	1.213621069398921198e-01
4.211176928120790981e+05	1.558129248089571872e+00	1.216794340786379880e-01
4.244901094366085017e+05	1.570607142253640287e+00	1.219978954365869839e-01
4.278882149823008804e+05	1.583180085070121201e+00	1.223174942944312282e-01
4.313122025393679505e+05	1.595848790970142872e+00	1.226382339486016826e-01
4.347622666388350190e+05	1.608613979715823650e+00	1.229601177112808197e-01
4.382386032632586430e+05	1.621476376439927147e+00	1.232831489104117273e-01
4.417414098575477838e+05	1.634436711685901544e+00	1.236073308897143730e-01
4.452708853398486390e+05	1.647495721448151818e+00	1.239326670086948051e-01
4.488272301125292433e+05	1.660654147212683229e+00	1.242591606426632495e-01
4.524106460732263513e+05	1.673912735997976409e+00	1.245868151827432407e-01
4.560213366259871982e+05	1.687272240396208156e+00	1.249156340358904549e-01
4.596595066924939165e+05	1.700733418614784442e+00	1.252456206249060733e-01
4.633253627233608859e+05	1.714297034518139418e+00	1.255767783884509936e-01
4.670191127095207921e+05	1.727963857669863934e+00	1.259091107810667021e-01
4.707409661937093479e+05	1.741734663375198444e+00	1.262426212731867226e-01
4.744911342820102000e+05	1.755610232723749942e+00	1.265773133511572390e-01
4.782698296555072302e+05	1.769591352632603476e+00	1.269131905172538599e-01
4.820772665820070542e+05	1.783678815889698344e+00	1.272502562897001865e-01
4.859136609278655378e+05	1.797873421197581978e+00	1.275885142026862984e-01
4.897792301698846859e+05	1.812175973217431180e+00	1.279279678063870718e-01
4.936741934073105222e+05	1.826587282613444607e+00	1.282686206669839402e-01
4.975987713739170576e+05	1.841108166097550347e+00	1.286104763666841844e-01
5.015531864501751261e+05	1.855739446474432786e+00	1.289535385037410553e-01
5.055376626755188336e+05	1.870481952686918081e+00	1.292978106924755621e-01
5.095524257606961764e+05	1.885336519861669835e+00	1.296432965632981771e-01
5.135977031002191361e+05	1.900303989355256018e+00	1.299899997627306791e-01
5.176737237848960212e+05	1.915385208800517880e+00	1.303379239534289136e-01
5.217807186144739389e+05	1.930581032153346310e+00	1.306870728142067450e-01
5.259189201103491941e+05	1.945892319739710441e+00	1.310374500400575959e-01
5.300885625283995178e+05	1.961319938303137222e+00	1.313890593421790376e-01
5.342898818719004048e+05	1.976864761052502528e+00	1.317419044479992696e-01
5.385231159045186359e+05	1.992527667710102701e+00	1.320959891011984078e-01
5.427885041634498630e+05	2.008309544560269444e+00	1.324513170617376834e-01
5.470862879725935636e+05	2.024211284498113272e+00	1.328078921058823136e-01
5.514167104558722349e+05	2.040233787078804095e+00	1.331657180262281193e-01
5.557800165506316116e+05	2.056377958567155328e+00	1.335247986317298352e-01
5.601764530211521778e+05	2.072644711987611466e+00	1.338851377477263682e-01
5.646062684722275008e+05	2.089034967174490998e+00	1.342467392159687745e-01
5.690697133629001910e+05	2.105549650822808871e+00	1.346096068946483482e-01
5.735670400202280143e+05	2.122189696539210857e+00	1.349737446584258482e-01
5.780985026532293996e+05	2.138956044893568720e+00	1.353391563984592261e-01
5.826643573668727186e+05	2.155849643470746368e+00	1.357058460224314922e-01
5.872648621761904797e+05	2.172871446922816752e+00	1.360738174545831070e-01
5.919002770205182023e+05	2.190022417021748602e+00	1.364430746357404578e-01
5.965708637777997646e+05	2.207303522712334320e+00	1.368136215233465014e-01
6.012768862790345447e+05	2.224715740165644995e+00	1.371854620914909617e-01
6.060186103228023276e+05	2.242260052832772299e+00	1.375586003309436367e-01
6.107963036899314029e+05	2.259937451499099748e+00	1.379330402491823482e-01
6.156102361582361627e+05	2.277748934338833298e+00	1.383087858704294404e-01
6.204606795173789142e+05	2.295695506969986699e+00	1.386858412356811454e-01
6.253479075838836143e+05	2.313778182509936165e+00	1.390642104027413617e-01
6.302721962161810370e+05	2.331997981631082961e+00	1.394438974462555159e-01
6.352338233298275154e+05	2.350355932617166577e+00	1.398249064577413714e-01
6.402330689128208905e+05	2.368853071419930068e+00	1.402072415456274423e-01
6.452702150410240283e+05	2.387490441716189959e+00	1.405909068352839408e-01
6.503455458936997456e+05	2.406269094965311606e+00	1.409759064690602470e-01
6.554593477691820590e+05	2.425190090467197468e+00	1.413622446063170224e-01
6.606119091006368399e+05	2.444254495420596474e+00	1.417499254234645401e-01
6.658035204719585599e+05	2.463463384981924520e+00	1.421389531139959084e-01
6.710344746337675024e+05	2.482817842324454016e+00	1.425293318885266225e-01
6.763050665195666952e+05	2.502318958698091844e+00	1.429210659748290368e-01
6.816155932619571686e+05	2.521967833489379363e+00	1.433141596178709454e-01
6.869663542090231786e+05	2.541765574282113249e+00	1.437086170798501095e-01
6.923576509408177808e+05	2.561713296918346039e+00	1.441044426402357803e-01
6.977897872859819327e+05	2.581812125559874715e+00	1.445016405958056693e-01
7.032630693384642946e+05	2.602063192750102338e+00	1.449002152606824190e-01
7.087778054743997054e+05	2.622467639476488976e+00	1.453001709663744589e-01
7.143343063690849813e+05	2.643026615233365018e+00	1.457015120618163906e-01
7.199328850140930153e+05	2.663741278085249853e+00	1.461042429134063458e-01
7.255738567345171468e+05	2.684612794730653729e+00	1.465083679050466214e-01
7.312575392063306645e+05	2.705642340566313475e+00	1.469138914381842298e-01
7.369842524738799548e+05	2.726831099751913179e+00	1.473208179318545585e-01
7.427543189675256144e+05	2.748180265275356859e+00	1.477291518227160372e-01
7.485680635213932255e+05	2.769691039018443934e+00	1.481388975650977102e-01
7.544258133912479971e+05	2.791364631823011422e+00	1.485500596310382615e-01
7.603278982725488022e+05	2.813202263557726290e+00	1.489626425103280638e-01
7.662746503185606562e+05	2.835205163185103849e+00	1.493766507105528385e-01
7.722664041586884996e+05	2.857374568829345929e+00	1.497920887571355664e-01
7.783034969168836251e+05	2.879711727844439739e+00	1.502089611933801194e-01
7.843862682302085450e+05	2.902217896882851367e+00	1.506272725805161417e-01
7.905150602675413247e+05	2.924894341964725530e+00	1.510470274977405991e-01
7.966902177484206622e+05	2.947742338547622687e+00	1.514682305422622444e-01
8.029120879620177438e+05	2.970763171596701557e+00	1.518908863293498002e-01
8.091810207862687530e+05	2.993958135655521602e+00	1.523149994923723993e-01
8.154973687071243767e+05	3.017328534917256277e+00	1.527405746828463529e-01
8.218614868379824329e+05	3.040875683296598631e+00	1.531676165704830284e-01
8.282737329392061802e+05	3.064600904501978196e+00	1.535961298432324262e-01
8.347344674378553173e+05	3.088505532108564378e+00	1.540261192073308083e-01
8.412440534475033637e+05	3.112590909631590019e+00	1.544575893873456618e-01
8.478028567882453790e+05	3.136858390600381075e+00	1.548905451262251320e-01
8.544112460068226792e+05	3.161309338632818822e+00	1.553249911853437082e-01
8.610695923969309079e+05	3.185945127510474872e+00	1.557609323445493799e-01
8.677782700196307851e+05	3.210767141254135648e+00	1.561983734022158454e-01
8.745376557239742251e+05	3.235776774200116446e+00	1.566373191752847283e-01
8.813481291677299887e+05	3.260975431076946762e+00	1.570777744993182845e-01
8.882100728382882662e+05	3.286364527082715981e+00	1.575197442285481420e-01
8.951238720737060066e+05	3.311945487962940415e+00	1.579632332359239832e-01
9.020899150839315262e+05	3.337719750089096937e+00	1.584082464131621459e-01
9.091085929721581051e+05	3.363688760537629108e+00	1.588547886707993295e-01
9.161802997563650133e+05	3.389853977169646537e+00	1.593028649382388640e-01
9.233054323909981176e+05	3.416216868711146493e+00	1.597524801638040559e-01
9.304843907888205722e+05	3.442778914833860338e+00	1.602036393147874271e-01
9.377175778429217171e+05	3.469541606236684395e+00	1.606563473775050321e-01
9.450053994488865137e+05	3.496506444727707219e+00	1.611106093573441977e-01
9.523482645271498477e+05	3.523674943306921215e+00	1.615664302788183126e-01
9.597465850454920437e+05	3.551048626249455165e+00	1.620238151856189524e-01
9.672007760417080717e+05	3.578629029189450250e+00	1.624827691406679764e-01
9.747112556464576628e+05	3.606417699204603977e+00	1.629432972261715407e-01
9.822784451062697917e+05	3.634416194901287867e+00	1.634054045436709179e-01
9.899027688067243434e+05	3.662626086500318845e+00	1.638690962141002017e-01
9.975846542958033970e+05	3.691048955923359021e+00	1.643343773778359884e-01
1.005324532307436340e+06	3.719686396880029555e+00	1.648012531947560255e-01
1.013122836785177933e+06	3.748540014955525468e+00	1.652697288442908641e-01
1.020980004906105110e+06	3.777611427699026692e+00	1.657398095254797588e-01
1.028896477104863967e+06	3.806902264712673567e+00	1.662115004570251242e-01
1.036872697097908705e+06	3.836414167741253323e+00	1.666848068773507663e-01
1.044909111907919985e+06	3.866148790762545584e+00	1.671597340446551727e-01
1.053006171888385899e+06	3.896107800078272287e+00	1.676362872369693835e-01
1.061164330748399952e+06	3.926292874405846955e+00	1.681144717522135845e-01
1.069384045577635989e+06	3.956705704970785220e+00	1.685942929082510922e-01
1.077665776871450245e+06	3.987347995599582084e+00	1.690757560429513862e-01
1.086009988556265133e+06	4.018221462813632350e+00	1.695588665142434004e-01
1.094417148015064886e+06	4.049327835923554275e+00	1.700436297001732822e-01
1.102887726113113342e+06	4.080668857124360116e+00	1.705300509989654267e-01
1.111422197223882657e+06	4.112246281591382946e+00	1.710181358290777109e-01
1.120021039255116368e+06	4.144061877576710629e+00	1.715078896292657751e-01
1.128684733675133204e+06	4.176117426506512409e+00	1.719993178586348703e-01
1.137413765539348125e+06	4.208414723079161313e+00	1.724924259967056672e-01
1.146208623516895110e+06	4.240955575363742902e+00	1.729872195434721538e-01
1.155069799917550292e+06	4.273741804899669816e+00	1.734837040194599778e-01
1.163997790718828561e+06	4.306775246796936685e+00	1.739818849657887301e-01
1.172993095593211008e+06	4.340057749836859990e+00	1.744817679442311475e-01
1.182056217935667373e+06	4.373591176573919270e+00	1.749833585372777833e-01
1.191187664891354274e+06	4.407377403438227148e+00	1.754866623481975973e-01
1.200387947383483406e+06	4.441418320838654843e+00	1.759916850010951883e-01
1.209657580141453538e+06	4.475715833266906252e+00	1.764984321409776846e-01
1.218997081729151309e+06	4.510271859402246619e+00	1.770069094338158067e-01
1.228406974573457148e+06	4.545088332216955074e+00	1.775171225666069552e-01
1.237887784992987523e+06	4.580167199082691099e+00	1.780290772474396599e-01
1.247440043227083981e+06	4.615510421877735858e+00	1.785427792055502005e-01
1.257064283464910695e+06	4.651119977094662516e+00	1.790582341913951048e-01
1.266761043874882627e+06	4.686997855949217140e+00	1.795754479767132650e-01
1.276530866634237347e+06	4.723146064489736951e+00	1.800944263545866952e-01
1.286374297958879266e+06	4.759566623707566002e+00	1.806151751395075056e-01
1.296291888133385684e+06	4.796261569648088141e+00	1.811377001674407128e-01
1.306284191541288979e+06	4.833232953522760056e+00	1.816620072958970711e-01
1.316351766695592087e+06	4.870482841822025399e+00	1.821881024039877506e-01
1.326495176269411109e+06	4.908013316428689876e+00	1.827159913924997214e-01
1.336714987127003027e+06	4.945826474732720079e+00	1.832456801839546512e-01
1.347011770354873734e+06	4.983924429746350526e+00	1.837771747226835672e-01
1.357386101293202490e+06	5.022309310220342660e+00	1.843104809748855322e-01
1.367838559567519231e+06	5.060983260761202196e+00	1.848456049287016123e-01
1.378369729120507138e+06	5.099948441948839672e+00	1.853825525942789931e-01
1.388980198244156782e+06	5.139207030455545500e+00	1.859213300038402572e-01
1.399670559612115379e+06	5.178761219165675556e+00	1.864619432117524400e-01
1.410441410312252585e+06	5.218613217296153906e+00	1.870043982945916172e-01
1.421293351879518712e+06	5.258765250518036893e+00	1.875487013512175394e-01
1.432226990329015534e+06	5.299219561078882812e+00	1.880948585028374420e-01
1.443242936189275002e+06	5.339978407925880077e+00	1.886428758930817629e-01
1.454341804535891162e+06	5.381044066830281913e+00	1.891927596880658424e-01
1.465524215025306214e+06	5.422418830512420129e+00	1.897445160764702765e-01
1.476790791928863851e+06	5.464105008767695892e+00	1.902981512696016730e-01
1.488142164167168317e+06	5.506104928593710923e+00	1.908536715014706453e-01
1.499578965344648110e+06	5.548420934318154529e+00	1.914110830288606735e-01
1.511101833784377202e+06	5.591055387727640102e+00	1.919703921313963835e-01
1.522711412563166581e+06	5.634010668197539928e+00	1.925316051116227889e-01
1.534408349546959857e+06	5.677289172822951535e+00	1.930947282950694066e-01
1.546193297426398145e+06	5.720893316550289320e+00	1.936597680303306923e-01
1.558066913752734661e+06	5.764825532310164924e+00	1.942267306891314604e-01
1.570029860973957926e+06	5.809088271151042981e+00	1.947956226664053769e-01
1.582082806471245596e+06	5.853684002374121675e+00	1.953664503803670960e-01
1.594226422595636686e+06	5.898615213669014423e+00	1.959392202725819543e-01
1.606461386704940116e+06	5.943884411250320632e+00	1.965139388080505700e-01
1.618788381201063981e+06	5.989494119995732113e+00	1.970906124752710431e-01
1.631208093567462871e+06	6.035446883584594246e+00	1.976692477863236652e-01
1.643721216406934196e+06	6.081745264637753223e+00	1.982498512769363952e-01
1.656328447479712311e+06	6.128391844858499304e+00	1.988324295065719560e-01
1.669030489741801983e+06	6.175389225174403585e+00	1.994169890584960581e-01
1.681828051383633632e+06	6.222740025880334258e+00	2.000035365398526166e-01
1.694721845868975390e+06	6.270446886782448104e+00	2.005920785817475738e-01
1.707712591974172276e+06	6.318512467343353478e+00	2.011826218393182042e-01
1.720801013827606337e+06	6.366939446828125071e+00	2.017751729918143833e-01
1.733987840949559817e+06	6.415730524451794814e+00	2.023697387426753314e-01
1.747273808292253176e+06	6.464888419527495600e+00	2.029663258196070796e-01
1.760659656280273339e+06	6.514415871616034970e+00	2.035649409746603522e-01
1.774146130851266207e+06	6.564315640676466224e+00	2.041655909843118621e-01
1.787733983496935107e+06	6.614590507217780413e+00	2.047682826495389463e-01
1.801423971304331673e+06	6.665243272451675693e+00	2.053730227959019439e-01
1.815216856997448253e+06	6.716276758446459105e+00	2.059798182736220507e-01
1.829113408979189582e+06	6.767693808282331247e+00	2.065886759576622822e-01
1.843114401373540284e+06	6.819497286207413467e+00	2.071996027478092417e-01
1.857220614068164490e+06	6.871690077795360452e+00	2.078126055687507800e-01
1.871432832757208031e+06	6.924275090103731323e+00	2.084276913701562095e-01
1.885751848984532990e+06	6.977255251833950567e+00	2.090448671267642611e-01
1.900178460187166231e+06	7.030633513492077213e+00	2.096641398384552768e-01
1.914713469739152119e+06	7.084412847551051051e+00	2.102855165303412766e-01
1.929357686995711643e+06	7.138596248614081929e+00	2.109090042528437015e-01
1.944111927337673726e+06	7.193186733579050696e+00	2.115346100817793451e-01
1.958977012216317700e+06	7.248187341804415595e+00	2.121623411184371533e-01
1.973953769198490540e+06	7.303601135276157841e+00	2.127922044896692066e-01
1.989043032012118027e+06	7.359431198776160699e+00	2.134242073479725443e-01
2.004245640591957606e+06	7.415680640051501626e+00	2.140583568715673513e-01
2.019562441125817131e+06	7.472352589985461258e+00	2.146946602644885793e-01
2.034994286100996891e+06	7.529450202769348621e+00	2.153331247566700191e-01
2.050542034351165872e+06	7.586976656075959724e+00	2.159737576040230145e-01
2.066206551103539532e+06	7.644935151234117043e+00	2.166165660885310540e-01
2.081988708026406122e+06	7.703328913404527079e+00	2.172615575183272918e-01
2.097889383277042769e+06	7.762161191757066092e+00	2.179087392277858637e-01
2.113909461549955886e+06	7.821435259649267557e+00	2.185581185776068747e-01
2.130049834125497378e+06	7.881154414806208486e+00	2.192097029549041065e-01
2.146311398918807972e+06	7.941321979501588579e+00	2.198634997732912544e-01
2.162695060529163573e+06	8.001941300740314844e+00	2.205195164729684687e-01
2.179201730289697647e+06	8.063015750442479757e+00	2.211777605208139763e-01
2.195832326317437924e+06	8.124548725628486068e+00	2.218382394104679300e-01
2.212587773563769180e+06	8.186543648605770329e+00	2.225009606624238911e-01
2.229469003865242004e+06	8.249003967156784967e+00	2.231659318241200896e-01
2.246476955994761083e+06	8.311933154728395223e+00	2.238331604700204980e-01
2.263612575713173952e+06	8.375334710622761136e+00	2.245026542017162507e-01
2.280876815821172670e+06	8.439212160189374146e+00	2.251744206480063015e-01
2.298270636211753357e+06	8.503569055019147171e+00	2.258484674649891832e-01
2.315795003922821954e+06	8.568408973139067797e+00	2.265248023361597918e-01
2.333450893190382048e+06	8.633735519208984854e+00	2.272034329724959556e-01
2.351239285502071027e+06	8.699552324719686425e+00	2.278843671125502512e-01
2.369161169651016127e+06	8.765863048192180429e+00	2.285676125225428179e-01
2.387217541790178977e+06	8.832671375378758682e+00	2.292531769964538113e-01
2.405409405487135984e+06	8.899981019465689869e+00	2.299410683561134705e-01
2.423737771779114380e+06	8.967795721276837995e+00	2.306312944512999841e-01
2.442203659228549805e+06	9.036119249479245497e+00	2.313238631598289741e-01
2.460808093979114667e+06	9.104955400790423425e+00	2.320187823876505573e-01
2.479552109811946750e+06	9.174308000186396583e+00	2.327160600689385239e-01
2.498436748202572577e+06	9.244180901112329707e+00	2.334157041661914234e-01
2.517463058378014714e+06	9.314577985693810902e+00	2.341177226703217429e-01
2.536632097374461126e+06	9.385503164950234734e+00	2.348221236007534962e-01
2.555944930095345713e+06	9.456960379009698769e+00	2.355289150055203118e-01
2.575402629369796719e+06	9.528953597325262592e+00	2.362381049613560824e-01
2.595006276011594571e+06	9.601486818893084418e+00	2.369497015737979662e-01
2.614756958878510632e+06	9.674564072471985909e+00	2.376637129772757595e-01
2.634655774932100903e+06	9.748189416804670770e+00	2.383801473352136768e-01
2.654703829298040364e+06	9.822366940840979055e+00	2.390990128401292714e-01
2.674902235326690599e+06	9.897100763961976355e+00	2.398203177137297470e-01
2.695252114654366393e+06	9.972395036206647134e+00	2.405440702070083259e-01
2.715754597264865413e+06	1.004825393849953308e+01	2.412702786003426692e-01
2.736410821551523637e+06	1.012468168288036985e+01	2.419989512036000157e-01
2.757221934379792772e+06	1.020168251273559434e+01	2.427300963562300240e-01
2.778189091150188819e+06	1.027926070303126593e+01	2.434637224273689671e-01
2.799313455861757044e+06	1.035742056054789018e+01	2.441998378159333516e-01
2.820596201175952796e+06	1.043616642411676132e+01	2.449384509507330776e-01
2.842038508481128607e+06	1.051550266485858387e+01	2.456795702905586187e-01
2.863641567957337946e+06	1.059543368642322747e+01	2.464232043242916281e-01
2.885406578641709872e+06	1.067596392523162585e+01	2.471693615710019998e-01
2.907334748494343832e+06	1.075709785071957825e+01	2.479180505800520351e-01
2.929427294464590959e+06	1.083883996558298968e+01	2.486692799312011926e-01
2.951685442557871342e+06	1.092119480602510073e+01	2.494230582347063963e-01
2.974110427903076634e+06	1.100416694200586498e+01	2.501793941314225389e-01
2.996703494820308406e+06	1.108776097749259826e+01	2.509382962929133098e-01
3.019465896889308933e+06	1.117198155071315213e+01	2.516997734215501437e-01
3.042398897018149961e+06	1.125683333441006617e+01	2.524638342506174693e-01
3.065503767512716819e+06	1.134232103609766895e+01	2.532304875444224557e-01
3.088781790146504994e+06	1.142844939832031237e+01	2.539997420983918230e-01
3.112234256231034640e+06	1.151522319891291524e+01	2.547716067391856409e-01
3.135862466686736792e+06	1.160264725126322283e+01	2.555460903247987470e-01
3.159667732114385348e+06	1.169072640457612877e+01	2.563232017446699929e-01
3.183651372867083643e+06	1.177946554413999891e+01	2.571029499197889923e-01
3.207814719122764189e+06	1.186886959159495092e+01	2.578853438027997047e-01
3.232159110957147554e+06	1.195894350520276461e+01	2.586703923781170644e-01
3.256685898417409975e+06	1.204969228011947990e+01	2.594581046620257347e-01
3.281396441596305929e+06	1.214112094866963432e+01	2.602484897027906308e-01
3.306292110706790816e+06	1.223323458062237101e+01	2.610415565807726601e-01
3.331374286157314666e+06	1.232603828347002306e+01	2.618373144085323068e-01
3.356644358627590816e+06	1.241953720270845984e+01	2.626357723309403203e-01
3.382103729144867975e+06	1.251373652211928267e+01	2.634369395252886270e-01
3.407753809160999954e+06	1.260864146405499930e+01	2.642408252014025183e-01
3.433596020629853942e+06	1.270425728972541535e+01	2.650474386017476203e-01
3.459631796085357200e+06	1.280058929948641477e+01	2.658567890015442470e-01
3.485862578720219899e+06	1.289764283313123272e+01	2.666688857088846953e-01
3.512289822465111036e+06	1.299542327018341048e+01	2.674837380648334983e-01
3.538914992068495136e+06	1.309393603019217345e+01	2.683013554435526582e-01
3.565739563177055679e+06	1.319318657303001885e+01	2.691217472524071175e-01
3.592765022416696418e+06	1.329318039919240491e+01	2.699449229320803889e-01
3.619992867474169005e+06	1.339392305009976880e+01	2.707708919566907957e-01
3.647424607179312501e+06	1.349542010840182726e+01	2.715996638339045477e-01
3.675061761587806977e+06	1.359767719828374943e+01	2.724312481050473744e-01
3.702905862064709887e+06	1.370069998577525539e+01	2.732656543452273712e-01
3.730958451368485577e+06	1.380449417906149634e+01	2.741028921634435234e-01
3.759221083735687658e+06	1.390906552879641467e+01	2.749429712027086081e-01
3.787695324966321699e+06	1.401441982841855705e+01	2.757859011401584959e-01
3.816382752509719692e+06	1.412056291446882206e+01	2.766316916871799370e-01
3.845284955551244784e+06	1.422750066691125781e+01	2.774803525895137013e-01
3.874403535099457949e+06	1.433523900945559326e+01	2.783318936273842525e-01
3.903740104073990602e+06	1.444378390988233818e+01	2.791863246156152112e-01
3.933296287394144107e+06	1.455314138037063287e+01	2.800436554037474823e-01
3.963073722068018280e+06	1.466331747782799866e+01	2.809038958761582161e-01
3.993074057282431051e+06	1.477431830422304415e+01	2.817670559521816553e-01
4.023298954493415542e+06	1.488615000692030854e+01	2.826331455862287623e-01
4.053750087517399341e+06	1.499881877901763083e+01	2.835021747679085102e-01
4.084429142623128369e+06	1.511233085968624223e+01	2.843741535221480099e-01
4.115337818624209613e+06	1.522669253451319804e+01	2.852490919093166322e-01
4.146477826972351409e+06	1.534191013584634966e+01	2.861270000253454127e-01
4.177850891851281282e+06	1.545799004314184799e+01	2.870078880018491763e-01
4.209458750271437690e+06	1.557493868331449249e+01	2.878917660062523254e-01
4.241303152165291831e+06	1.569276253109044283e+01	2.887786442419116861e-01
4.273385860483340919e+06	1.581146810936235703e+01	2.896685329482376337e-01
4.305708651290952228e+06	1.593106198954775188e+01	2.905614424008239882e-01
4.338273313865828328e+06	1.605155079194958034e+01	2.914573829115634784e-01
4.371081650796185248e+06	1.617294118611953735e+01	2.923563648287834660e-01
4.404135478079719469e+06	1.629523989122419181e+01	2.932583985373677371e-01
4.437436625223187730e+06	1.641845367641346343e+01	2.941634944588785161e-01
4.470986935342984274e+06	1.654258936119274281e+01	2.950716630516887484e-01
4.504788265266185626e+06	1.666765381579675065e+01	2.959829148111065567e-01
4.538842485632464290e+06	1.679365396156662626e+01	2.968972602695033047e-01
4.573151480996785685e+06	1.692059677132990458e+01	2.978147099964442712e-01
4.607717149932892062e+06	1.704848926978340273e+01	2.987352745988140490e-01
4.642541405137343332e+06	1.717733853387816367e+01	2.996589647209449425e-01
4.677626173534625210e+06	1.730715169320836466e+01	3.005857910447482517e-01
4.712973396382836625e+06	1.743793593040237155e+01	3.015157642898449453e-01
4.748585029380369000e+06	1.756969848151740266e+01	3.024488952136946129e-01
4.784463042772941291e+06	1.770244663643560656e+01	3.033851946117273601e-01
4.820609421461981721e+06	1.783618773926506051e+01	3.043246733174760910e-01
4.857026165113594383e+06	1.797092918874293233e+01	3.052673422027066819e-01
4.893715288267998956e+06	1.810667843864041515e+01	3.062132121775496540e-01
4.930678820450348780e+06	1.824344299817274972e+01	3.071622941906371196e-01
4.967918806282130070e+06	1.838123043241140664e+01	3.081145992292291802e-01
5.005437305593143217e+06	1.852004836269840737e+01	3.090701383193583118e-01
5.043236393534768373e+06	1.865990446706540240e+01	3.100289225259521553e-01
5.081318160693634301e+06	1.880080648065426274e+01	3.109909629529759023e-01
5.119684713206500746e+06	1.894276219614212664e+01	3.119562707435656890e-01
5.158338172875826247e+06	1.908577946416899707e+01	3.129248570801639873e-01
5.197280677286175080e+06	1.922986619376846207e+01	3.138967331846584941e-01
5.236514379921421409e+06	1.937503035280132835e+01	3.148719103185139145e-01
5.276041450282996520e+06	1.952127996839315571e+01	3.158503997829116838e-01
5.315864074009046890e+06	1.966862312737511331e+01	3.168322129188916314e-01
5.355984452994191088e+06	1.981706797672710962e+01	3.178173611074857074e-01
5.396404805510480888e+06	1.996662272402532778e+01	3.188058557698582596e-01
5.437127366329003125e+06	2.011729563789214481e+01	3.197977083674454768e-01
5.478154386842575856e+06	2.026909504845013288e+01	3.207929304020932237e-01
5.519488135189366527e+06	2.042202934777941081e+01	3.217915334162027574e-01
5.561130896377127618e+06	2.057610699037734392e+01	3.227935289928680618e-01
5.603084972408785485e+06	2.073133649362319986e+01	3.237989287560159579e-01
5.645352682408723980e+06	2.088772643824540154e+01	3.248077443705491563e-01
5.687936362749881111e+06	2.104528546879179629e+01	3.258199875424916958e-01
5.730838367182149552e+06	2.120402229410472472e+01	3.268356700191281106e-01
5.774061066961393692e+06	2.136394568779837755e+01	3.278548035891483137e-01
5.817606850979633629e+06	2.152506448874047251e+01	3.288774000827915378e-01
5.861478125896016136e+06	2.168738760153686940e+01	3.299034713719916079e-01
5.905677316268979572e+06	2.185092399702055488e+01	3.309330293705217696e-01
5.950206864689204842e+06	2.201568271274356192e+01	3.319660860341385189e-01
5.995069231913714670e+06	2.218167285347314177e+01	3.330026533607314265e-01
6.040266897000727244e+06	2.234890359169071772e+01	3.340427433904664123e-01
6.085802357445900328e+06	2.251738416809599741e+01	3.350863682059339044e-01
6.131678129319198430e+06	2.268712389211334468e+01	3.361335399322973316e-01
6.177896747402982786e+06	2.285813214240275926e+01	3.371842707374417825e-01
6.224460765331083909e+06	2.303041836737441272e+01	3.382385728321210538e-01
6.271372755728848279e+06	2.320399208570681537e+01	3.392964584701090303e-01
6.318635310354433022e+06	2.337886288686962288e+01	3.403579399483456780e-01
6.366251040240865201e+06	2.355504043164924965e+01	3.414230296070943083e-01
6.414222575839310884e+06	2.373253445267895145e+01	3.424917398300836857e-01
6.462552567163516767e+06	2.391135475497326013e+01	3.435640830446743399e-01
6.511243683934953995e+06	2.409151121646503313e+01	3.446400717219860743e-01
6.560298615729473531e+06	2.427301378854804526e+01	3.457197183770795434e-01
6.609720072124851868e+06	2.445587249662293416e+01	3.468030355690893130e-01
6.659510782849408686e+06	2.464009744064706098e+01	3.478900359013843424e-01
6.709673497931737453e+06	2.482569879568853111e+01	3.489807320217201969e-01
6.760210987851537764e+06	2.501268681248425807e+01	3.500751366223964767e-01
6.811126043691769242e+06	2.520107181800293716e+01	3.511732624404141356e-01
6.862421477291600779e+06	2.539086421601094656e+01	3.522751222576253061e-01
6.914100121400756761e+06	2.558207448764343894e+01	3.533807289008915054e-01
6.966164829834879376e+06	2.577471319197918120e+01	3.544900952422501694e-01
7.018618477632114664e+06	2.596879096661989905e+01	3.556032341990568169e-01
7.071463961210804060e+06	2.616431852827375693e+01	3.567201587341520264e-01
7.124704198528425768e+06	2.636130667334343514e+01	3.578408818560280258e-01
7.178342129241595045e+06	2.655976627851811145e+01	3.589654166189659157e-01
7.232380714867386967e+06	2.675970830137037026e+01	3.600937761232183010e-01
7.286822938945760950e+06	2.696114378095717612e+01	3.612259735151637230e-01
7.341671807203288190e+06	2.716408383842564689e+01	3.623620219874581494e-01
7.396930347717883065e+06	2.736853967762255024e+01	3.635019347792050048e-01
7.452601611085123383e+06	2.757452258570971537e+01	3.646457251761194840e-01
7.508688670585430227e+06	2.778204393378258530e+01	3.657934065106855925e-01
7.565194622352750041e+06	2.799111517749432565e+01	3.669449921623214039e-01
7.622122585544326343e+06	2.820174785768397641e+01	3.681004955575442605e-01
7.679475702511752024e+06	2.841395360100937140e+01	3.692599301701432468e-01
7.737257138973501511e+06	2.862774412058547568e+01	3.704233095213226856e-01
7.795470084188459441e+06	2.884313121662645329e+01	3.715906471798927080e-01
7.854117751130966470e+06	2.906012677709332337e+01	3.727619567624231856e-01
7.913203376666847616e+06	2.927874277834527206e+01	3.739372519334088207e-01
7.972730221731180325e+06	2.949899128579741259e+01	3.751165464054425636e-01
8.032701571507116780e+06	2.972088445458235739e+01	3.762998539393830888e-01
8.093120735605997033e+06	2.994443453021672141e+01	3.774871883445239940e-01
8.153991048248975538e+06	3.016965384927307170e+01	3.786785634787522836e-01
8.215315868449896574e+06	3.039655484005660213e+01	3.798739932487448789e-01
8.277098580199399963e+06	3.062515002328629521e+01	3.810734916101063408e-01
8.339342592650765553e+06	3.085545201278257110e+01	3.822770725675703751e-01
8.402051340306771919e+06	3.108747351615863153e+01	3.834847501751446064e-01
8.465228283208131790e+06	3.132122733551770111e+01	3.846965385363080858e-01
8.528876907123042271e+06	3.155672636815432242e+01	3.859124518041648910e-01
8.593000723738862202e+06	3.179398360726361261e+01	3.871325041816378598e-01
8.657603270854206756e+06	3.203301214265196251e+01	3.883567099216133078e-01
8.722688112573338673e+06	3.227382516145627989e+01	3.895850833271493063e-01
8.788258839501427487e+06	3.251643594886650845e+01	3.908176387516337225e-01
8.854319068941734731e+06	3.276085788885511363e+01	3.920543905989601896e-01
8.920872445093672723e+06	3.300710446491000738e+01	3.932953533237057986e-01
8.987922639253119007e+06	3.325518926077560877e+01	3.945405414313175596e-01
9.055473350013323128e+06	3.350512596119624220e+01	3.957899694782779920e-01
9.123528303468024358e+06	3.375692835266769976e+01	3.970436520722989693e-01
9.192091253415832296e+06	3.401061032419337948e+01	3.983016038724829788e-01
9.261165981565831229e+06	3.426618586804508482e+01	3.995638395895174111e-01
9.330756297745333984e+06	3.452366908053163996e+01	4.008303739858532500e-01
9.400866040108764544e+06	3.478307416277181119e+01	4.021012218758802659e-01
9.471499075347911566e+06	3.504441542147225164e+01	4.033763981261170306e-01
9.542659298904288560e+06	3.530770726971316265e+01	4.046559176553898851e-01
9.614350635182578117e+06	3.557296422773810463e+01	4.059397954350135174e-01
9.686577037765996531e+06	3.584020092375077127e+01	4.072280464889780904e-01
9.759342489632967860e+06	3.610943209471675885e+01	4.085206858941377028e-01
9.832651003375798464e+06	3.638067258717261865e+01	4.098177287803927427e-01
9.906506621420377865e+06	3.665393735803874620e+01	4.111191903308717421e-01
9.980913416248250753e+06	3.692924147544103874e+01	4.124250857821235017e-01
1.005587549061989039e+07	3.720660011953703616e+01	4.137354304243055503e-01
1.013139697779925540e+07	3.748602858334673016e+01	4.150502396013696083e-01
1.020748204178120196e+07	3.776754227359403870e+01	4.163695287112494370e-01
1.028413487751933374e+07	3.805115671154980106e+01	4.176933132060537956e-01
1.036135971115614474e+07	3.833688753388333481e+01	4.190216085922452982e-01
1.043916080025479570e+07	3.862475049351999701e+01	4.203544304308530211e-01
1.051754243403269164e+07	3.891476146050539597e+01	4.216917943376481404e-01
1.059650893359659985e+07	3.920693642287536562e+01	4.230337159833372773e-01
1.067606465217970870e+07	3.950129148753305230e+01	4.243802110937574534e-01
1.075621397538021766e+07	3.979784288113168600e+01	4.257312954500753199e-01
1.083696132140205614e+07	4.009660695096527405e+01	4.270869848889695120e-01
1.091831114129690453e+07	4.039760016586402713e+01	4.284472953028382602e-01
1.100026791920836829e+07	4.070083911709784985e+01	4.298122426399855756e-01
1.108283617261811905e+07	4.100634051928702206e+01	4.311818429048214774e-01
1.116602045259335078e+07	4.131412121131779003e+01	4.325561121580608348e-01
1.124982534403637610e+07	4.162419815726588013e+01	4.339350665169212085e-01
1.133425546593612432e+07	4.193658844732706115e+01	4.353187221553141972e-01
1.141931547162154317e+07	4.225130929875464858e+01	4.367070953040579906e-01
1.150501004901642911e+07	4.256837805680246589e+01	4.381002022510657179e-01
1.159134392089690082e+07	4.288781219567743364e+01	4.394980593415469539e-01
1.167832184514999576e+07	4.320962931949639341e+01	4.409006829782144976e-01
1.176594861503491178e+07	4.353384716325270176e+01	4.423080896214858782e-01
1.185422905944558047e+07	4.386048359378773398e+01	4.437202957896850819e-01
1.194316804317572899e+07	4.418955661077160357e+01	4.451373180592427259e-01
1.203277046718535945e+07	4.452108434768919665e+01	4.465591730649045576e-01
1.212304126886957698e+07	4.485508507283471147e+01	4.479858774999370685e-01
1.221398542232946120e+07	4.519157719031401399e+01	4.494174481163297208e-01
1.230560793864475936e+07	4.553057924105349485e+01	4.508539017250006165e-01
1.239791386614857987e+07	4.587210990381647235e+01	4.522952551960165990e-01
1.249090829070427082e+07	4.621618799622764584e+01	4.537415254587821578e-01
1.258459633598409407e+07	4.656283247580420692e+01	4.551927295022603071e-01
1.267898316375060566e+07	4.691206244099686273e+01	4.566488843751770887e-01
1.277407397413934767e+07	4.726389713223585431e+01	4.581100071862356238e-01
1.286987400594416447e+07	4.761835593298664548e+01	4.595761151043229464e-01
1.296638853690410964e+07	4.797545837081140263e+01	4.610472253587278857e-01
1.306362288399331458e+07	4.833522411844155897e+01	4.625233552393485659e-01
1.316158240371220745e+07	4.869767299485532419e+01	4.640045220969053474e-01
1.326027249238132499e+07	4.906282496636472246e+01	4.654907433431588193e-01
1.335969858643729612e+07	4.943070014771080878e+01	4.669820364511193533e-01
1.345986616273063608e+07	4.980131880316542947e+01	4.684784189552707589e-01
1.356078073882622644e+07	5.017470134764305811e+01	4.699799084517748970e-01
1.366244787330593728e+07	5.055086834782045457e+01	4.714865225986990538e-01
1.376487316607329436e+07	5.092984052326391264e+01	4.729982791162319344e-01
1.386806225866046548e+07	5.131163874756516918e+01	4.745151957869007675e-01
1.397202083453767933e+07	5.169628404948621636e+01	4.760372904557905738e-01
1.407675461942477711e+07	5.208379761411197961e+01	4.775645810307614925e-01
1.418226938160517626e+07	5.247420078401210475e+01	4.790970854826728798e-01
1.428857093224221468e+07	5.286751506041128579e+01	4.806348218456075738e-01
1.439566512569750659e+07	5.326376210436730929e+01	4.821778082170967705e-01
1.450355785985229537e+07	5.366296373795995578e+01	4.837260627583314099e-01
1.461225507643051073e+07	5.406514194548635999e+01	4.852796036943968216e-01
1.472176276132473163e+07	5.447031887466703637e+01	4.868384493144969904e-01
1.483208694492424093e+07	5.487851683785972767e+01	4.884026179721760452e-01
1.494323370244579762e+07	5.528975831328319401e+01	4.899721280855513506e-01
1.505520915426653251e+07	5.570406594624894581e+01	4.915469981375296116e-01
1.516801946625963785e+07	5.612146255040335063e+01	4.931272466760481255e-01
1.528167085013252124e+07	5.654197110897868583e+01	4.947128923142965484e-01
1.539616956376702897e+07	5.696561477605205681e+01	4.963039537309469895e-01
1.551152191156290658e+07	5.739241687781612455e+01	4.979004496703898774e-01
1.562773424478325807e+07	5.782240091385737202e+01	4.995023989429590028e-01
1.574481296190258674e+07	5.825559055844378520e+01	5.011098204251670518e-01
1.586276450895805471e+07	5.869200966182455659e+01	5.027227330599438604e-01
1.598159537990243547e+07	5.913168225153597746e+01	5.043411558568563491e-01
1.610131211696039140e+07	5.957463253371965806e+01	5.059651078923597112e-01
1.622192131098701991e+07	6.002088489444917485e+01	5.075946083100251194e-01
1.634342960182920657e+07	6.047046390106700642e+01	5.092296763207699861e-01
1.646584367868983373e+07	6.092339430353219853e+01	5.108703312031113164e-01
1.658917028049422428e+07	6.137970103577610104e+01	5.125165923033885296e-01
1.671341619625967182e+07	6.183940921706968652e+01	5.141684790360115942e-01
1.683858826546770334e+07	6.230254415340091612e+01	5.158260108837009472e-01
1.696469337843918428e+07	6.276913133886256446e+01	5.174892073977217510e-01
1.709173847671158612e+07	6.323919645704819459e+01	5.191580881981370243e-01
1.721973055342014879e+07	6.371276538246238630e+01	5.208326729740360150e-01
1.734867665368061885e+07	6.418986418193686916e+01	5.225129814837852216e-01
1.747858387497611344e+07	6.467051911606193926e+01	5.241990335552731972e-01
1.760945936754567176e+07	6.515475664062408612e+01	5.258908490861575746e-01
1.774131033477673307e+07	6.564260340805816440e+01	5.275884480441050961e-01
1.787414403359934688e+07	6.613408626890591790e+01	5.292918504670456326e-01
1.800796777488494292e+07	6.662923227329146414e+01	5.310010764634058855e-01
1.814278892384623364e+07	6.712806867240095698e+01	5.327161462123832791e-01
1.827861490044147149e+07	6.763062291997826492e+01	5.344370799641713354e-01
1.841545317978107184e+07	6.813692267382951684e+01	5.361638980402194665e-01
1.855331129253746569e+07	6.864699579733951396e+01	5.378966208334875487e-01
1.869219682535785809e+07	6.916087036099904140e+01	5.396352688086939464e-01
1.883211742127994075e+07	6.967857464394278111e+01	5.413798625025686428e-01
1.897308078015129641e+07	7.020013713550133616e+01	5.431304225241077033e-01
1.911509465905123577e+07	7.072558653676190943e+01	5.448869695548355097e-01
1.925816687271594256e+07	7.125495176214126047e+01	5.466495243490478995e-01
1.940230529396723956e+07	7.178826194097230484e+01	5.484181077340747335e-01
1.954751785414372012e+07	7.232554641909919724e+01	5.501927406105419083e-01
1.969381254353559762e+07	7.286683476048624186e+01	5.519734439526211567e-01
1.984119741182309762e+07	7.341215674884000464e+01	5.537602388083034954e-01
1.998968056851734594e+07	7.396154238924056301e+01	5.555531462996432523e-01
2.013927018340501189e+07	7.451502190978663975e+01	5.573521876230294048e-01
2.028997448699619249e+07	7.507262576325285863e+01	5.591573840494482583e-01
2.044180177097572014e+07	7.563438462875950563e+01	5.609687569247410188e-01
2.059476038865717500e+07	7.620032941345242250e+01	5.627863276698756856e-01
2.074885875544131920e+07	7.677049125419908648e+01	5.646101177812066219e-01
2.090410534927737713e+07	7.734490151929550450e+01	5.664401488307392318e-01
2.106050871112728119e+07	7.792359181018385073e+01	5.682764424664030756e-01
2.121807744543405995e+07	7.850659396318540928e+01	5.701190204123146588e-01
2.137682022059418261e+07	7.909394005124840987e+01	5.719679044690532121e-01
2.153674576943171769e+07	7.968566238570224414e+01	5.738231165139191514e-01
2.169786288967737556e+07	8.028179351803001396e+01	5.756846785012158518e-01
2.186018044445110857e+07	8.088236624165413957e+01	5.775526124625182112e-01
2.202370736274721473e+07	8.148741359373120474e+01	5.794269405069435441e-01
2.218845263992484659e+07	8.209696885696685342e+01	5.813076848214278058e-01
2.235442533819999173e+07	8.271106556143608657e+01	5.831948676709958201e-01
2.252163458714267239e+07	8.332973748642291412e+01	5.850885113990509367e-01
2.269008958417773247e+07	8.395301866227322307e+01	5.869886384276307156e-01
2.285979959508837759e+07	8.458094337225803372e+01	5.888952712577002480e-01
2.303077395452413335e+07	8.521354615445265779e+01	5.908084324694230505e-01
2.320302206651283801e+07	8.585086180363127539e+01	5.927281447224490574e-01
2.337655340497615933e+07	8.649292537317427332e+01	5.946544307561901777e-01
2.355137751424831897e+07	8.713977217698754885e+01	5.965873133900998493e-01
2.372750400959995016e+07	8.779143779144069981e+01	5.985268155239589216e-01
2.390494257776472345e+07	8.844795805731563121e+01	6.004729601381614268e-01
2.408370297746990249e+07	8.910936908176952898e+01	6.024257702939892489e-01
2.426379503997219354e+07	8.977570724031751581e+01	6.043852691339204330e-01
2.444522866959607229e+07	9.044700917882450142e+01	6.063514798818827600e-01
2.462801384427665174e+07	9.112331181551370207e+01	6.083244258435706042e-01
2.481216061610651016e+07	9.180465234298995369e+01	6.103041304067288175e-01
2.499767911188678443e+07	9.249106823027878477e+01	6.122906170414238458e-01
2.518457953368251398e+07	9.318259722488103591e+01	6.142839093003560347e-01
2.537287215938128531e+07	9.387927735483998504e+01	6.162840308191398497e-01
2.556256734325708821e+07	9.458114693082758606e+01	6.182910053166031927e-01
2.575367551653721929e+07	9.528824454824190582e+01	6.203048565950791682e-01
2.594620718797447905e+07	9.600060908932441350e+01	6.223256085407027349e-01
2.614017294442318380e+07	9.671827972529101203e+01	6.243532851236995862e-01
2.633558345141930506e+07	9.744129591847870131e+01	6.263879103986915720e-01
2.653244945376514643e+07	9.816969742450883984e+01	6.284295085049985685e-01
2.673078177611774951e+07	9.890352429446417659e+01	6.304781036669206973e-01
2.693059132358286530e+07	9.964281687708660229e+01	6.325337201940556264e-01
2.713188908231265098e+07	1.003876158209886569e+02	6.345963824815975540e-01
2.733468612010704726e+07	1.011379620768784662e+02	6.366661150106279754e-01
2.753899358702112362e+07	1.018938968998070607e+02	6.387429423484344282e-01
2.774482271597599983e+07	1.026554618514287256e+02	6.408268891488100305e-01
2.795218482337432727e+07	1.034226988022782479e+02	6.429179801523537963e-01
2.816109130972074717e+07	1.041956499340666369e+02	6.450162401867840511e-01
2.837155366024659947e+07	1.049743577419925344e+02	6.471216941672406353e-01
2.858358344553953409e+07	1.057588650370717431e+02	6.492343670966026492e-01
2.879719232217735052e+07	1.065492149484824438e+02	6.513542840657897681e-01
2.901239203336740285e+07	1.073454509259310186e+02	6.534814702540840958e-01
2.922919440958949551e+07	1.081476167420306496e+02	6.556159509294287036e-01
2.944761136924499646e+07	1.089557564947031523e+02	6.577577514487478183e-01
2.966765491930969805e+07	1.097699146095945082e+02	6.599068972582706749e-01
2.988933715599190816e+07	1.105901358425097527e+02	6.620634138938344959e-01
3.011267026539552584e+07	1.114164652818664081e+02	6.642273269812046799e-01
3.033766652418723330e+07	1.122489483511629800e+02	6.663986622363894385e-01
3.056433830027039722e+07	1.130876308114725930e+02	6.685774454659754173e-01
3.079269805346243829e+07	1.139325587639489612e+02	6.707637025674312303e-01
3.102275833617752790e+07	1.147837786523526091e+02	6.729574595294218753e-01
3.125453179411460459e+07	1.156413372655964196e+02	6.751587424321706665e-01
3.148803116695062444e+07	1.165052817403105792e+02	6.773675774477201372e-01
3.172326928903860971e+07	1.173756595634255291e+02	6.795839908403267238e-01
3.196025909011091664e+07	1.182525185747738021e+02	6.818080089667347687e-01
3.219901359598800912e+07	1.191359069697127637e+02	6.840396582765240208e-01
3.243954592929255962e+07	1.200258733017665236e+02	6.862789653124375944e-01
3.268186931016830355e+07	1.209224664852858240e+02	6.885259567107115952e-01
3.292599705700459331e+07	1.218257357981288465e+02	6.907806592013996383e-01
3.317194258716613427e+07	1.227357308843612174e+02	6.930430996087137974e-01
3.341971941772888973e+07	1.236525017569788361e+02	6.953133048513499004e-01
3.366934116622034460e+07	1.245760988006468892e+02	6.975913019428305883e-01
3.392082155136617273e+07	1.255065727744624553e+02	6.998771179918337193e-01
3.417417439384160191e+07	1.264439748147345739e+02	7.021707802025184408e-01
3.442941361702920496e+07	1.273883564377880475e+02	7.044723158748955605e-01
3.468655324778167903e+07	1.283397695427857457e+02	7.067817524051379641e-01
3.494560741719108075e+07	1.292982664145747265e+02	7.090991172859300029e-01
3.520659036136268079e+07	1.302638997265494538e+02	7.114244381068017820e-01
3.546951642219511420e+07	1.312367225435384341e+02	7.137577425545008625e-01
3.573440004816704988e+07	1.322167883247148836e+02	7.160990584132863601e-01
3.600125579512835294e+07	1.332041509265239370e+02	7.184484135653244063e-01
3.627009832709793746e+07	1.341988646056346681e+02	7.208058359909976787e-01
3.654094241706758738e+07	1.352009840219143655e+02	7.231713537692783245e-01
