0.000000000000000000e+00	0.000000000000000000e+00	0.000000000000000000e+00
5.108002687883810466e+01	9.449804972585050110e-05	2.547577409633542886e-02
1.022830371327790289e+02	1.892236186956412151e-04	2.544394734622033513e-02
1.536146033136267590e+02	2.841870161302095083e-04	2.541462537352298656e-02
2.050801261820724335e+02	3.793982334368340196e-04	2.538771450109678432e-02
2.566848433922866661e+02	4.748669602757303555e-04	2.536312557778916746e-02
3.084338377131452376e+02	5.706025997693187600e-04	2.534077373826744764e-02
3.603320448124343898e+02	6.666142829030035927e-04	2.532057817643735761e-02
4.123842606288586694e+02	7.629108821633885608e-04	2.530246193165143487e-02
4.645951483551794468e+02	8.595010244570819042e-04	2.528635168695163998e-02
5.169692450544250732e+02	9.563931033506863424e-04	2.527217757863693681e-02
5.695109679298418541e+02	1.053595290670207357e-03	2.525987301649048819e-02
6.222246202680654505e+02	1.151115547495921076e-03	2.524937451404226860e-02
6.751143970736981146e+02	1.248961634586341412e-03	2.524062152827736757e-02
7.281843904126815232e+02	1.347141122263460907e-03	2.523355630824101678e-02
7.814385944805458166e+02	1.445661399789009835e-03	2.522812375201975710e-02
8.348809104108806878e+02	1.544529684260129241e-03	2.522427127161296773e-02
8.885151508383954706e+02	1.643753029051031730e-03	2.522194866523689780e-02
9.423450442300968461e+02	1.743338331825679223e-03	2.522110799663068378e-02
9.963742389973746185e+02	1.843292342145143011e-03	2.522170348095958622e-02
1.050606307401003278e+03	1.943621668691856205e-03	2.522369137693713029e-02
1.105044749260359822e+03	2.044332786131665674e-03	2.522702988480643449e-02
1.159692995477664681e+03	2.145432041633679645e-03	2.523167904984698756e-02
1.214554411387047367e+03	2.246925661066037725e-03	2.523760067108896110e-02
1.269632299938246433e+03	2.348819754885756155e-03	2.524475821493887481e-02
1.324929904723621576e+03	2.451120323738700119e-03	2.525311673343751465e-02
1.380450412857062020e+03	2.553833263785564717e-03	2.526264278688536077e-02
1.436196957712675612e+03	2.656964371768450166e-03	2.527330437059173429e-02
1.492172621530850847e+03	2.760519349832074240e-03	2.528507084550937062e-02
1.548380437898590571e+03	2.864503810112392548e-03	2.529791287254057330e-02
1.604823394111035213e+03	2.968923279105415043e-03	2.531180235030646222e-02
1.661504433420266878e+03	3.073783201827493591e-03	2.532671235618458652e-02
1.718426457177467682e+03	3.179088945778315092e-03	2.534261709043346758e-02
1.775592326873987759e+03	3.284845804716877114e-03	2.535949182323164394e-02
1.833004866086658694e+03	3.391059002260318755e-03	2.537731284446872668e-02
1.890666862332324172e+03	3.497733695314799926e-03	2.539605741613764484e-02
1.948581068836383565e+03	3.604874977347309519e-03	2.541570372718013684e-02
2.006750206219696338e+03	3.712487881506438148e-03	2.543623085065575828e-02
2.065176964108195079e+03	3.820577383600161098e-03	2.545761870310300420e-02
2.123864002669082765e+03	3.929148404937803270e-03	2.547984800597268701e-02
2.182813954077445487e+03	4.038205815043274631e-03	2.550290024902246086e-02
2.242029423916891574e+03	4.147754434246249226e-03	2.552675765556191093e-02
2.301512992517408748e+03	4.257799036157206181e-03	2.555140314945257562e-02
2.361267216233783529e+03	4.368344350032499213e-03	2.557682032376350570e-02
2.421294628667574671e+03	4.479395063035013572e-03	2.560299341099427431e-02
2.481597741835387296e+03	4.590955822395466693e-03	2.562990725478264328e-02
2.542179047286272180e+03	4.703031237479603568e-03	2.565754728301539514e-02
2.603041017170660325e+03	4.815625881765721664e-03	2.568589948226767880e-02
2.664186105263398531e+03	4.928744294737287188e-03	2.571495037350046697e-02
2.725616747942973689e+03	5.042390983694501616e-03	2.574468698894859242e-02
2.787335365129335059e+03	5.156570425489269763e-03	2.577509685013660082e-02
2.849344361182101238e+03	5.271287068186887061e-03	2.580616794696348471e-02
2.911646125761297299e+03	5.386545332658400353e-03	2.583788871779822693e-02
2.974243034652302867e+03	5.502349614106761232e-03	2.587024803053519090e-02
3.037137450556874683e+03	5.618704283530217940e-03	2.590323516455839831e-02
3.100331723851819334e+03	5.735613689125866263e-03	2.593683979356579961e-02
3.163828193316809575e+03	5.853082157636098522e-03	2.597105196921202508e-02
3.227629186833051790e+03	5.971113995641145165e-03	2.600586210552415303e-02
3.291737022053909186e+03	6.089713490799731656e-03	2.604126096405207091e-02
3.356154007049122356e+03	6.208884913040876863e-03	2.607723963971581016e-02
3.420882440923524882e+03	6.328632515708520860e-03	2.611378954731392865e-02
3.485924614411867879e+03	6.448960536661955435e-03	2.615090240865868346e-02
3.551282810450526085e+03	6.569873199333473718e-03	2.618857024030634903e-02
3.616959304727307426e+03	6.691374713745518350e-03	2.622678534185360344e-02
3.682956366210547458e+03	6.813469277489512220e-03	2.626554028476974292e-02
3.749276257658120812e+03	6.936161076667522740e-03	2.630482790173823901e-02
3.815921236107509230e+03	7.059454286798891656e-03	2.634464127648335208e-02
3.882893553347895249e+03	7.183353073693605866e-03	2.638497373405603377e-02
3.950195456374873629e+03	7.307861594293516873e-03	2.642581883155609851e-02
4.017829187828615431e+03	7.432983997482938039e-03	2.646717034927099227e-02
4.085796986416484742e+03	7.558724424870496596e-03	2.650902228220939141e-02
4.154101087320430452e+03	7.685087011542796401e-03	2.655136883200889461e-02
4.222743722590257676e+03	7.812075886791977446e-03	2.659420439920217455e-02
4.291727121522942980e+03	7.939695174817445328e-03	2.663752357582188299e-02
4.361053511029091169e+03	8.067948995403818532e-03	2.668132113832852315e-02
4.430725115986807396e+03	8.196841464575593122e-03	2.672559204084667614e-02
4.500744159583574401e+03	8.326376695229613378e-03	2.677033140869311545e-02
4.571112863646787446e+03	8.456558797746555750e-03	2.681553453218355615e-02
4.641833448963298906e+03	8.587391880582103537e-03	2.686119686070505969e-02
4.712908135588699224e+03	8.718880050839093385e-03	2.690731399704017479e-02
4.784339143146219612e+03	8.851027414820506964e-03	2.695388169193324232e-02
4.856128691116628943e+03	8.983838078565764204e-03	2.700089583888403560e-02
4.928278999118571846e+03	9.117316148369357040e-03	2.704835246916105496e-02
5.000792287180271160e+03	9.251465731283501151e-03	2.709624774702323532e-02
5.073670776003070387e+03	9.386290935605679994e-03	2.714457796513950610e-02
5.146916687216569699e+03	9.521795871350654389e-03	2.719333954019742539e-02
5.220532243626538730e+03	9.657984650709095648e-03	2.724252900869355079e-02
5.294519669455055009e+03	9.794861388491851728e-03	2.729214302289453831e-02
5.368881190573977619e+03	9.932430202561858684e-03	2.734217834696398355e-02
5.443619034731441388e+03	1.007069521425316659e-02	2.739263185324445835e-02
5.518735431771985532e+03	1.020966054877817282e-02	2.744350051869126270e-02
5.594232613850536836e+03	1.034933033562349287e-02	2.749478142144675188e-02
5.670112815640361077e+03	1.048970870893466828e-02	2.754647173755321934e-02
5.746378274535332821e+03	1.063079980789036552e-02	2.759856873779480829e-02
5.823031230846851940e+03	1.077260777706667665e-02	2.765106978466449691e-02
5.900073927995535087e+03	1.091513676679174011e-02	2.770397232944969007e-02
5.977508612697636636e+03	1.105839093349062809e-02	2.775727390943165743e-02
6.055337535147118615e+03	1.120237444002216906e-02	2.781097214519462693e-02
6.133562949192672932e+03	1.134709145600644453e-02	2.786506473803665451e-02
6.212187112510525367e+03	1.149254615814447253e-02	2.791954946748207572e-02
6.291212286772895823e+03	1.163874273052985589e-02	2.797442418888744509e-02
6.370640737812606858e+03	1.178568536495332164e-02	2.802968683113931173e-02
6.450474735783448523e+03	1.193337826119937953e-02	2.808533539443911972e-02
6.530716555317015263e+03	1.208182562733647880e-02	2.814136794817077500e-02
6.611368475675811169e+03	1.223103168000025040e-02	2.819778262884796091e-02
6.692432780902927334e+03	1.238100064467041565e-02	2.825457763813872536e-02
6.773911759968409569e+03	1.253173675594155927e-02	2.831175124096165299e-02
6.855807706912421963e+03	1.268324425778797997e-02	2.836930176365435458e-02
6.938122920985420023e+03	1.283552740382302645e-02	2.842722759220654358e-02
7.020859706785102389e+03	1.298859045755243989e-02	2.848552717055870265e-02
7.104020374390742290e+03	1.314243769262287212e-02	2.854419899896313076e-02
7.187607239494851456e+03	1.329707339306547553e-02	2.860324163240240275e-02
7.271622623532050966e+03	1.345250185353429398e-02	2.866265367906571312e-02
7.356068853805353683e+03	1.360872737953990400e-02	2.872243379887919751e-02
7.440948263610339382e+03	1.376575428767912862e-02	2.878258070208817090e-02
7.526263192356836953e+03	1.392358690586014899e-02	2.884309314789004416e-02
7.612015985688138244e+03	1.408222957352305536e-02	2.890396994311408840e-02
7.698208995598382899e+03	1.424168664185700844e-02	2.896520994094933105e-02
7.784844580547904116e+03	1.440196247401362428e-02	2.902681203971395341e-02
7.871925105576122405e+03	1.456306144531582629e-02	2.908877518166946494e-02
7.959452942413112396e+03	1.472498794346425825e-02	2.915109835187460960e-02
8.047430469588736742e+03	1.488774636873916278e-02	2.921378057707829656e-02
8.135860072540629517e+03	1.505134113420016420e-02	2.927682092465139913e-02
8.224744143719943168e+03	1.521577666588189506e-02	2.934021850155352912e-02
8.314085082695772144e+03	1.538105740298717668e-02	2.940397245333441212e-02
8.403885296257798473e+03	1.554718779807692797e-02	2.946808196317041162e-02
8.494147198517732249e+03	1.571417231725780531e-02	2.953254625093121311e-02
8.584873211008674843e+03	1.588201544036604851e-02	2.959736457227850684e-02
8.676065762783884566e+03	1.605072166115018711e-02	2.966253621779491381e-02
8.767727290513365006e+03	1.622029548744972557e-02	2.972806051213969930e-02
8.859860238580053192e+03	1.639074144137309813e-02	2.979393681323447632e-02
8.952467059173673988e+03	1.656206405947129728e-02	2.986016451147308765e-02
9.045550212384534461e+03	1.673426789291138778e-02	2.992674302895888955e-02
9.139112166295277348e+03	1.690735750764626316e-02	2.999367181876535712e-02
9.233155397071932384e+03	1.708133748458307358e-02	3.006095036422105210e-02
9.327682389053728912e+03	1.725621241974939837e-02	3.012857817821735368e-02
9.422695634842055370e+03	1.743198692445780199e-02	3.019655480253743626e-02
9.518197635388249182e+03	1.760866562546825956e-02	3.026487980720768758e-02
9.614190900080615393e+03	1.778625316514913929e-02	3.033355278986824347e-02
9.710677946830364817e+03	1.796475420163617595e-02	3.040257337516419356e-02
9.807661302156522652e+03	1.814417340898956746e-02	3.047194121415509882e-02
9.905143501270569686e+03	1.832451547735055447e-02	3.054165598374311216e-02
1.000312708815961923e+04	1.850578511309529384e-02	3.061171738611840470e-02
1.010161461566906110e+04	1.868798703898776406e-02	3.068212514822216477e-02
1.020060864558463982e+04	1.887112599433158483e-02	3.075287902122631617e-02
1.030011174871349976e+04	1.905520673511997345e-02	3.082397878002697544e-02
1.040012650496464994e+04	1.924023403418460149e-02	3.089542422275616887e-02
1.050065550342904135e+04	1.942621268134372622e-02	3.096721517030585902e-02
1.060170134245824920e+04	1.961314748354776177e-02	3.103935146586789609e-02
1.070326662974377723e+04	1.980104326502598808e-02	3.111183297448691723e-02
1.080535398239407186e+04	1.998990486742903416e-02	3.118465958262642626e-02
1.090796602701274787e+04	2.017973714997358184e-02	3.125783119774804691e-02
1.101110539977504232e+04	2.037054498958382892e-02	3.133134774790369975e-02
1.111477474650442673e+04	2.056233328103318839e-02	3.140520918133835049e-02
1.121897672274787328e+04	2.075510693708356585e-02	3.147941546610583119e-02
1.132371399385205223e+04	2.094887088862629546e-02	3.155396658969525370e-02
1.142898923503753576e+04	2.114363008481943973e-02	3.162886255866761281e-02
1.153480513147353849e+04	2.133938949322604708e-02	3.170410339830436602e-02
1.164116437835201032e+04	2.153615409995121577e-02	3.177968915226467989e-02
1.174806968096104538e+04	2.173392890977793659e-02	3.185561988225341090e-02
1.185552375475842382e+04	2.193271894630308139e-02	3.193189566769841919e-02
1.196352932544444411e+04	2.213252925207222221e-02	3.200851660543628519e-02
1.207208912903426062e+04	2.233336488871338205e-02	3.208548280940812236e-02
1.218120591193032487e+04	2.253523093707110111e-02	3.216279441036353631e-02
1.229088243099414649e+04	2.273813249733917102e-02	3.224045155557195286e-02
1.240112145361797957e+04	2.294207468919326129e-02	3.231845440854392432e-02
1.251192575779595791e+04	2.314706265192252241e-02	3.239680314875839628e-02
1.262329813219533207e+04	2.335310154456136586e-02	3.247549797139798883e-02
1.273524137622712624e+04	2.356019654602018246e-02	3.255453908709336763e-02
1.284775830011674407e+04	2.376835285521597743e-02	3.263392672167185482e-02
1.296085172497406165e+04	2.397757569120201673e-02	3.271366111591507420e-02
1.307452448286377694e+04	2.418787029329798680e-02	3.279374252532231415e-02
1.318877941687519160e+04	2.439924192121910307e-02	3.287417121988068375e-02
1.330361938119159277e+04	2.461169585520444486e-02	3.295494748384110439e-02
1.341904724116016587e+04	2.482523739614630673e-02	3.303607161550143473e-02
1.353506587336115263e+04	2.503987186571813087e-02	3.311754392699395311e-02
1.365167816567684895e+04	2.525560460650217234e-02	3.319936474407981369e-02
1.376888701736076109e+04	2.547244098211740720e-02	3.328153440594849855e-02
1.388669533910653081e+04	2.569038637734707975e-02	3.336405326502288327e-02
1.400510605311648033e+04	2.590944619826548653e-02	3.344692168676940275e-02
1.412412209317029192e+04	2.612962587236503792e-02	3.353014004951285904e-02
1.424374640469364203e+04	2.635093084868323984e-02	3.361370874425722438e-02
1.436398194482646068e+04	2.657336659792895392e-02	3.369762817451046888e-02
1.448483168249117989e+04	2.679693861260868185e-02	3.378189875611382897e-02
1.460629859846115869e+04	2.702165240715314470e-02	3.386652091707584300e-02
1.472838568542858957e+04	2.724751351804289082e-02	3.395149509741126476e-02
1.485109594807276699e+04	2.747452750393462179e-02	3.403682174898371715e-02
1.497443240312799207e+04	2.770269994578678299e-02	3.412250133535205121e-02
1.509839807945174653e+04	2.793203644698573004e-02	3.420853433162146517e-02
1.522299601809238447e+04	2.816254263347090989e-02	3.429492122429849549e-02
1.534822927235703537e+04	2.839422415386051723e-02	3.438166251114926908e-02
1.547410090787964691e+04	2.862708667957734529e-02	3.446875870106196060e-02
1.560061400268871694e+04	2.886113590497412645e-02	3.455621031391267056e-02
1.572777164727496165e+04	2.909637754745868221e-02	3.464401788043425245e-02
1.585557694465948407e+04	2.933281734762004794e-02	3.473218194208965715e-02
1.598403301046147863e+04	2.957046106935373730e-02	3.482070305094720625e-02
1.611314297296579934e+04	2.980931449998672905e-02	3.490958176956016762e-02
1.624290997319110102e+04	3.004938345040353634e-02	3.499881867084943948e-02
1.637333716495755471e+04	3.029067375517147456e-02	3.508841433798799703e-02
1.650442771495497800e+04	3.053319127266671332e-02	3.517836936428991867e-02
1.663618480281028678e+04	3.077694188519903076e-02	3.526868435310145239e-02
1.676861162115569823e+04	3.102193149913804252e-02	3.535935991769448283e-02
1.690171137569700659e+04	3.126816604503946523e-02	3.545039668116371778e-02
1.703548728528113134e+04	3.151565147777009301e-02	3.554179527632607416e-02
1.716994258196460942e+04	3.176439377663452940e-02	3.563355634562227758e-02
1.730508051108127256e+04	3.201439894550035803e-02	3.572568054102132767e-02
1.744090433131101236e+04	3.226567301292537077e-02	3.581816852392744749e-02
1.757741731474788685e+04	3.251822203228359187e-02	3.591102096508944075e-02
1.771462274696820168e+04	3.277205208189117730e-02	3.600423854451232503e-02
1.785252392709899505e+04	3.302716926513313972e-02	3.609782195137085925e-02
1.799112416788718838e+04	3.328357971059130171e-02	3.619177188392622840e-02
1.813042679576726005e+04	3.354128957216943180e-02	3.628608904944346375e-02
1.827043515093100359e+04	3.380030502922235641e-02	3.638077416411210352e-02
1.841115258739517594e+04	3.406063228668107512e-02	3.647582795296884506e-02
1.855258247307104102e+04	3.432227757518142852e-02	3.657125114982173741e-02
1.869472818983339312e+04	3.458524715119178083e-02	3.666704449717611558e-02
1.883759313358952932e+04	3.484954729714063310e-02	3.676320874616303969e-02
1.898118071434864032e+04	3.511518432154498576e-02	3.685974465646946890e-02
1.912549435629119034e+04	3.538216455913870129e-02	3.695665299627031580e-02
1.927053749783758758e+04	3.565049437099953450e-02	3.705393454216091009e-02
1.941631359171913209e+04	3.592018014468039561e-02	3.715159007909396571e-02
1.956282610504645345e+04	3.619122829433593647e-02	3.724962040031531280e-02
1.971007851938033855e+04	3.646364526085362628e-02	3.734802630730284928e-02
1.985807433080129340e+04	3.673743751198239177e-02	3.744680860970711622e-02
2.000681704997977795e+04	3.701261154246258955e-02	3.754596812529270577e-02
2.015631020224625172e+04	3.728917387415556922e-02	3.764550567988179247e-02
2.030655732766177607e+04	3.756713105617428411e-02	3.774542210729880248e-02
2.045756198108888202e+04	3.784648966501442946e-02	3.784571824931644984e-02
2.060932773226171412e+04	3.812725630468417198e-02	3.794639495560375025e-02
2.076185816585766588e+04	3.840943760683668273e-02	3.804745308367502021e-02
2.091515688156766555e+04	3.869304023090017891e-02	3.814889349884013903e-02
2.106922749416816441e+04	3.897807086421110900e-02	3.825071707415636513e-02
2.122407363359180817e+04	3.926453622214484684e-02	3.835292469038083935e-02
2.137969894499946531e+04	3.955244304824900858e-02	3.845551723592592619e-02
2.153610708885180065e+04	3.984179811437583291e-02	3.855849560681381960e-02
2.169330174098142379e+04	4.013260822081563678e-02	3.866186070663340385e-02
2.185128659266437899e+04	4.042488019642909852e-02	3.876561344649819690e-02
2.201006535069342863e+04	4.071862089878283686e-02	3.886975474500544564e-02
2.216964173744938671e+04	4.101383721428136092e-02	3.897428552819653252e-02
2.233001949097473334e+04	4.131053605830325992e-02	3.907920672951740310e-02
2.249120236504578497e+04	4.160872437533470053e-02	3.918451928978208126e-02
2.265319412924613789e+04	4.190840913910535287e-02	3.929022415713511601e-02
2.281599856903999898e+04	4.220959735272399732e-02	3.939632228701646366e-02
2.297961948584556740e+04	4.251229604881429786e-02	3.950281464212658522e-02
2.314406069710781230e+04	4.281651228964945127e-02	3.960970219239335482e-02
2.330932603637382635e+04	4.312225316729158264e-02	3.971698591493897507e-02
2.347541935336584356e+04	4.342952580372681087e-02	3.982466679404852300e-02
2.364234451405608343e+04	4.373833735100375597e-02	3.993274582113922472e-02
2.381010540074072196e+04	4.404869499137033934e-02	4.004122399473054178e-02
2.397870591211472492e+04	4.436060593741223551e-02	4.015010232041508337e-02
2.414814996334754687e+04	4.467407743219296845e-02	4.025938181083083683e-02
2.431844148615706581e+04	4.498911674939057304e-02	4.036906348563385621e-02
2.448958442888590798e+04	4.530573119343892646e-02	4.047914837147149197e-02
2.466158275657683043e+04	4.562392809966713675e-02	4.058963750195736242e-02
2.483444045104811448e+04	4.594371483443900755e-02	4.070053191764652634e-02
2.500816151097021066e+04	4.626509879529489000e-02	4.081183266601056542e-02
2.518274995194164148e+04	4.658808741109204260e-02	4.092354080141569900e-02
2.535820980656581378e+04	4.691268814214675370e-02	4.103565738509962202e-02
2.553454512452780909e+04	4.723890848037644308e-02	4.114818348514922425e-02
2.571175997267086495e+04	4.756675594944109742e-02	4.126112017648037034e-02
2.588985843507461686e+04	4.789623810488803646e-02	4.137446854081785336e-02
2.606884461313160500e+04	4.822736253429346642e-02	4.148822966667449486e-02
2.624872262562572723e+04	4.856013685740759311e-02	4.160240464933346455e-02
2.642949660881000818e+04	4.889456872629851375e-02	4.171699459082947592e-02
2.661117071648475394e+04	4.923066582549678882e-02	4.183200059993111286e-02
2.679374912007624152e+04	4.956843587214104785e-02	4.194742379212385713e-02
2.697723600871565941e+04	4.990788661612396981e-02	4.206326528959395544e-02
2.716163558931749867e+04	5.024902584023736851e-02	4.217952622121290407e-02
2.734695208665971222e+04	5.059186136032046283e-02	4.229620772252133676e-02
2.753318974346266987e+04	5.093640102540593351e-02	4.241331093571559796e-02
2.772035282046912835e+04	5.128265271786788815e-02	4.253083700963321279e-02
2.790844559652447424e+04	5.163062435357027719e-02	4.264878709973970311e-02
2.809747236865706145e+04	5.198032388201556664e-02	4.276716236811646532e-02
2.828743745215874151e+04	5.233175928649367453e-02	4.288596398344667049e-02
2.847834518066563032e+04	5.268493858423142079e-02	4.300519312100541114e-02
2.867019990623995545e+04	5.303986982654392002e-02	4.312485096264806472e-02
2.886300599945074646e+04	5.339656109898387876e-02	4.324493869679815750e-02
2.905676784945576219e+04	5.375502052149316173e-02	4.336545751843978724e-02
2.925148986408433120e+04	5.411525624855600958e-02	4.348640862910618105e-02
2.944717646991851871e+04	5.447727646934925894e-02	4.360779323687087594e-02
2.964383211237634532e+04	5.484108940789624020e-02	4.372961255633972533e-02
2.984146125579476939e+04	5.520670332322032137e-02	4.385186780864196859e-02
3.004006838351271290e+04	5.557412650949851429e-02	4.397456022142281346e-02
3.023965799795453131e+04	5.594336729621588594e-02	4.409769102883675379e-02
3.044023462071347967e+04	5.631443404831993488e-02	4.422126147153944420e-02
3.064180279263659031e+04	5.668733516637769476e-02	4.434527279668244726e-02
3.084436707390850279e+04	5.706207908673072843e-02	4.446972625790771710e-02
3.104793204413599960e+04	5.743867428165159994e-02	4.459462311534049400e-02
3.125250230243351325e+04	5.781712925950199811e-02	4.471996463558642471e-02
3.145808246750784383e+04	5.819745256488951385e-02	4.484575209172503296e-02
3.166467717774419361e+04	5.857965277882676292e-02	4.497198676330611822e-02
3.187229109129189601e+04	5.896373851889000900e-02	4.509866993634677884e-02
3.208092888615087577e+04	5.934971843937911912e-02	4.522580290332756103e-02
3.229059526025761443e+04	5.973760123147658918e-02	4.535338696318839957e-02
3.250129493157242905e+04	6.012739562340899124e-02	4.548142342132795168e-02
3.271303263816665276e+04	6.051911038060830972e-02	4.560991358959916309e-02
3.292581313830964064e+04	6.091275430587284045e-02	4.573885878630973983e-02
3.313964121055792930e+04	6.130833623953216988e-02	4.586826033621831111e-02
3.335452165384103864e+04	6.170586505960591606e-02	4.599811957053505374e-02
3.357045928755211207e+04	6.210534968197140709e-02	4.612843782692110234e-02
3.378745895163547539e+04	6.250679906052562795e-02	4.625921644948620404e-02
3.400552550667615287e+04	6.291022218735088656e-02	4.639045678879042539e-02
3.422466383398984181e+04	6.331562809288121541e-02	4.652216020184259809e-02
3.444487883571107523e+04	6.372302584606548415e-02	4.665432805210384393e-02
3.466617543488493538e+04	6.413242455453713187e-02	4.678696170948629107e-02
3.488855857555674447e+04	6.454383336477997890e-02	4.692006255035438556e-02
3.511203322286323964e+04	6.495726146229699460e-02	4.705363195752750027e-02
3.533660436312299862e+04	6.537271807177755245e-02	4.718767132028041378e-02
3.556227700392845873e+04	6.579021245726765499e-02	4.732218203434743198e-02
3.578905617423806689e+04	6.620975392234042245e-02	4.745716550192331101e-02
3.601694692446750560e+04	6.663135181026488829e-02	4.759262313166694180e-02
3.624595432658272330e+04	6.705501550417804213e-02	4.772855633870435460e-02
3.647608347419234633e+04	6.748075442725584572e-02	4.786496654463205658e-02
3.670733948264202627e+04	6.790857804288774613e-02	4.800185517752027925e-02
3.693972748910657538e+04	6.833849585484716438e-02	4.813922367191762752e-02
3.717325265268464136e+04	6.877051740746659148e-02	4.827707346885533324e-02
3.740792015449315659e+04	6.920465228581233752e-02	4.841540601585191811e-02
3.764373519776109606e+04	6.964091011585803181e-02	4.855422276691728767e-02
3.788070300792482885e+04	7.007930056466092628e-02	4.869352518255885137e-02
3.811882883272468462e+04	7.051983334054066910e-02	4.883331472978653248e-02
3.835811794229814404e+04	7.096251819325156973e-02	4.897359288211840939e-02
3.859857562927860272e+04	7.140736491416542486e-02	4.911436111958680795e-02
3.884020720888977667e+04	7.185438333644608710e-02	4.925562092874347792e-02
3.908301801904353488e+04	7.230358333523054237e-02	4.939737380266842615e-02
3.932701342043698969e+04	7.275497482780843295e-02	4.953962124097421871e-02
3.957219879664972541e+04	7.320856777380199687e-02	4.968236474981314182e-02
3.981857955424250395e+04	7.366437217534863025e-02	4.982560584188654856e-02
4.006616112285422423e+04	7.412239807728031316e-02	4.996934603645008383e-02
4.031494895530171925e+04	7.458265556730818424e-02	5.011358685932285062e-02
4.056494852767833072e+04	7.504515477620490871e-02	5.025832984289414079e-02
4.081616533945412812e+04	7.550990587799014109e-02	5.040357652613165068e-02
4.106860491357441788e+04	7.597691909011267120e-02	5.054932845459170904e-02
4.132227279656109749e+04	7.644620467363802407e-02	5.069558718042592449e-02
4.157717455861294729e+04	7.691777293343395050e-02	5.084235426239037958e-02
4.183331579370650434e+04	7.739163421835702772e-02	5.098963126585598360e-02
4.209070211969754746e+04	7.786779892144045367e-02	5.113741976281607066e-02
4.234933917842296069e+04	7.834627748008247961e-02	5.128572133189763377e-02
4.260923263580240018e+04	7.882708037623444020e-02	5.143453755836920743e-02
4.287038818194218038e+04	7.931021813659303032e-02	5.158387003415301764e-02
4.313281153123710828e+04	7.979570133278865440e-02	5.173372035783348893e-02
4.339650842247402034e+04	8.028354058157693984e-02	5.188409013466804137e-02
4.366148461893558851e+04	8.077374654503083340e-02	5.203498097659867844e-02
4.392774590850526147e+04	8.126632993073473754e-02	5.218639450226119497e-02
4.419529810377083049e+04	8.176130149197603780e-02	5.233833233699777820e-02
4.446414704213058576e+04	8.225867202794157063e-02	5.249079611286704139e-02
4.473429858589716605e+04	8.275845238390974745e-02	5.264378746865617381e-02
4.500575862240550487e+04	8.326065345145018670e-02	5.279730804989220955e-02
4.527853306411718950e+04	8.376528616861680931e-02	5.295135950885498238e-02
4.555262784872810880e+04	8.427236152014699888e-02	5.310594350458695823e-02
4.582804893927512603e+04	8.478189053765898542e-02	5.326106170290815373e-02
4.610480232424440328e+04	8.529388429985214348e-02	5.341671577642617685e-02
4.638289401767832169e+04	8.580835393270488942e-02	5.357290740455005612e-02
4.666233005928451894e+04	8.632531060967636727e-02	5.372963827350332039e-02
4.694311651454428647e+04	8.684476555190694114e-02	5.388691007633644725e-02
4.722525947482254560e+04	8.736673002842171298e-02	5.404472451293978325e-02
4.750876505747596821e+04	8.789121535633054316e-02	5.420308329005816411e-02
4.779363940596517205e+04	8.841823290103556499e-02	5.436198812130281499e-02
4.807988868996329984e+04	8.894779407643209346e-02	5.452144072716651191e-02
4.836751910546877480e+04	8.947991034511723618e-02	5.468144283503686975e-02
4.865653687491509481e+04	9.001459321859292539e-02	5.484199617921021314e-02
4.894694824728353706e+04	9.055185425747455663e-02	5.500310250090673786e-02
4.923875949821552058e+04	9.109170507169871145e-02	5.516476354828412504e-02
4.953197693012467789e+04	9.163415732073065811e-02	5.532698107645295932e-02
4.982660687231081101e+04	9.217922271377500254e-02	5.548975684749061360e-02
5.012265568107313447e+04	9.272691300998529840e-02	5.565309263045693788e-02
5.042012973982449330e+04	9.327724001867532255e-02	5.581699020140922646e-02
5.071903545920582837e+04	9.383021559953079460e-02	5.598145134341781654e-02
5.101937927720123844e+04	9.438585166282228989e-02	5.614647784658045870e-02
5.132116765925321670e+04	9.494416016961844396e-02	5.631207150803995559e-02
5.162440709837899340e+04	9.550515313200114154e-02	5.647823413199878212e-02
5.192910411528636905e+04	9.606884261327978958e-02	5.664496752973493393e-02
5.223526525849109748e+04	9.663524072820851851e-02	5.681227351961787297e-02
5.254289710443383956e+04	9.720435964320259248e-02	5.698015392712655475e-02
5.285200625759801915e+04	9.777621157655634609e-02	5.714861058486418038e-02
5.316259935062824661e+04	9.835080879866225922e-02	5.731764533257600186e-02
5.347468304444867681e+04	9.892816363223005949e-02	5.748726001716484429e-02
5.378826402838226932e+04	9.950828845250721255e-02	5.765745649270957035e-02
5.410334902027088538e+04	1.000911956875011333e-01	5.782823662048125479e-02
5.441994476659515931e+04	1.006768978182010499e-01	5.799960226896091336e-02
5.473805804259453726e+04	1.012654073787998821e-01	5.817155531385674594e-02
5.505769565238974610e+04	1.018567369569210318e-01	5.834409763812214988e-02
5.537886442910290498e+04	1.024508991938403724e-01	5.851723113197319914e-02
5.570157123498080182e+04	1.030479067847144825e-01	5.869095769290613024e-02
5.602582296151646005e+04	1.036477724788054527e-01	5.886527922571726384e-02
5.635162652957276441e+04	1.042505090797096190e-01	5.904019764251780544e-02
5.667898888950581750e+04	1.048561294455857690e-01	5.921571486275617469e-02
5.700791702128969337e+04	1.054646464893859437e-01	5.939183281323431179e-02
5.733841793463972135e+04	1.060760731790834910e-01	5.956855342812639176e-02
5.767049866913821461e+04	1.066904225379056992e-01	5.974587864899798956e-02
5.800416629436027870e+04	1.073077076445665134e-01	5.992381042482580050e-02
5.833942790999913996e+04	1.079279416334984060e-01	6.010235071201625728e-02
5.867629064599313278e+04	1.085511376950872992e-01	6.028150147442435519e-02
5.901476166265337088e+04	1.091773090759087378e-01	6.046126468337355286e-02
5.935484815078989777e+04	1.098064690789613135e-01	6.064164231767567304e-02
5.969655733184087148e+04	1.104386310639056124e-01	6.082263636365001919e-02
6.003989645800065045e+04	1.110738084473011922e-01	6.100424881514359549e-02
6.038487281234939292e+04	1.117120147028463767e-01	6.118648167355101447e-02
6.073149370898254710e+04	1.123532633616177168e-01	6.136933694783548721e-02
6.107976649313967937e+04	1.129975680123084109e-01	6.155281665454778728e-02
6.142969854133724584e+04	1.136449423014739002e-01	6.173692281784785851e-02
6.178129726149910857e+04	1.142953999337733423e-01	6.192165746952461164e-02
6.213457009308742272e+04	1.149489546722117367e-01	6.210702264901778874e-02
6.248952450723583752e+04	1.156056203383863112e-01	6.229302040343711461e-02
6.284616800688127114e+04	1.162654108127303548e-01	6.247965278758512570e-02
6.320450812689895247e+04	1.169283400347630730e-01	6.266692186397743169e-02
6.356455243423426873e+04	1.175944220033333931e-01	6.285482970286432325e-02
6.392630852803886955e+04	1.182636707768719153e-01	6.304337838225214374e-02
6.428978403980461007e+04	1.189361004736385202e-01	6.323256998792527173e-02
6.465498663349862909e+04	1.196117252719724605e-01	6.342240661346690289e-02
6.502192400570100290e+04	1.202905594105468656e-01	6.361289036028203170e-02
6.539060388574034005e+04	1.209726171886196383e-01	6.380402333761908684e-02
6.576103403583023464e+04	1.216579129662859332e-01	6.399580766259171938e-02
6.613322225120855728e+04	1.223464611647358258e-01	6.418824546020215904e-02
6.650717636027405388e+04	1.230382762665069990e-01	6.438133886336261380e-02
6.688290422472583305e+04	1.237333728157428009e-01	6.457509001291762696e-02
6.726041373970350833e+04	1.244317654184514954e-01	6.476950105766859922e-02
6.763971283392619807e+04	1.251334687427634595e-01	6.496457415439520211e-02
6.802080946983241301e+04	1.258384975191899624e-01	6.516031146787794326e-02
6.840371164372362546e+04	1.265468665408887028e-01	6.535671517092288274e-02
6.878842738590313820e+04	1.272585906639208120e-01	6.555378744438392080e-02
6.917496476081764558e+04	1.279736848075126443e-01	6.575153047718551580e-02
6.956333186720433878e+04	1.286921639543280316e-01	6.594994646634842750e-02
6.995353683823076426e+04	1.294140431507269096e-01	6.614903761701132479e-02
7.034558784163925156e+04	1.301393375070326042e-01	6.634880614245572406e-02
7.073949307989131194e+04	1.308680621977989234e-01	6.654925426412927614e-02
7.113526079031346308e+04	1.316002324620799135e-01	6.675038421167060754e-02
7.153289924524273374e+04	1.323358636036990610e-01	6.695219822293312084e-02
7.193241675217360898e+04	1.330749709915211854e-01	6.715469854400915595e-02
7.233382165390232694e+04	1.338175700597193096e-01	6.735788742925527539e-02
7.273712232867741841e+04	1.345636763080532428e-01	6.756176714131592598e-02
7.314232719034577894e+04	1.353133053021396970e-01	6.776633995114850206e-02
7.354944468850197154e+04	1.360664726737286501e-01	6.797160813804888069e-02
7.395848330863768933e+04	1.368231941209797353e-01	6.817757398967609628e-02
7.436945157229118922e+04	1.375834854087387149e-01	6.838423980207712638e-02
7.478235803719727846e+04	1.383473623688149801e-01	6.859160787971275985e-02
7.519721129743946949e+04	1.391148409002630204e-01	6.879968053548324303e-02
7.561401998360210564e+04	1.398859369696638932e-01	6.900846009075262133e-02
7.603279276291932911e+04	1.406606666114007531e-01	6.921794887537573160e-02
7.645353833943295467e+04	1.414390459279509515e-01	6.942814922772419517e-02
7.687626545414139400e+04	1.422210910901615666e-01	6.963906349471067625e-02
7.730098288515764580e+04	1.430068183375416413e-01	6.985069403181744241e-02
7.772769944786028645e+04	1.437962439785415436e-01	7.006304320312049805e-02
7.815642399505230424e+04	1.445893843908467591e-01	7.027611338131679874e-02
7.858716541711437458e+04	1.453862560216615807e-01	7.048990694775116028e-02
7.901993264216334501e+04	1.461868753880021798e-01	7.070442629244309829e-02
7.945473463620994880e+04	1.469912590769884009e-01	7.091967381411225235e-02
7.989158040331400116e+04	1.477994237461308924e-01	7.113565192020634975e-02
8.033047898574540159e+04	1.486113861236289801e-01	7.135236302692830879e-02
8.077143946414202219e+04	1.494271630086627389e-01	7.156980955926289800e-02
8.121447095767191786e+04	1.502467712716930581e-01	7.178799395100524117e-02
8.165958262418965751e+04	1.510702278547508548e-01	7.200691864478638016e-02
8.210678366040196852e+04	1.518975497717436340e-01	7.222658609210225178e-02
8.255608330202671641e+04	1.527287541087494205e-01	7.244699875334129069e-02
8.300749082395492587e+04	1.535638580243166018e-01	7.266815909781199068e-02
8.346101554041553754e+04	1.544028787497687405e-01	7.289006960377091004e-02
8.391666680514023756e+04	1.552458335895094410e-01	7.311273275845056596e-02
8.437445401152485283e+04	1.560927399213209721e-01	7.333615105808889700e-02
8.483438659279655258e+04	1.569436151966736304e-01	7.356032700795626933e-02
8.529647402217867784e+04	1.577984769410305521e-01	7.378526312238410656e-02
8.576072581305756466e+04	1.586573427541564940e-01	7.401096192479481028e-02
8.622715151915063325e+04	1.595202303104286679e-01	7.423742594772933523e-02
8.669576073467066453e+04	1.603871573591407473e-01	7.446465773287676282e-02
8.716656309449981200e+04	1.612581417248246385e-01	7.469265983110288942e-02
8.763956827435367450e+04	1.621332013075543199e-01	7.492143480247974441e-02
8.811478599095366371e+04	1.630123540832642826e-01	7.515098521631544126e-02
8.859222600219820742e+04	1.638956181040666926e-01	7.538131365118182214e-02
8.907189810733166814e+04	1.647830114985635586e-01	7.561242269494615476e-02
8.955381214711796201e+04	1.656745524721682516e-01	7.584431494480095570e-02
9.003797800401221320e+04	1.665702593074225857e-01	7.607699300729110770e-02
9.052440560233597353e+04	1.674701503643215572e-01	7.631045949834724951e-02
9.101310490844745073e+04	1.683742440806277607e-01	7.654471704331386461e-02
9.150408593092062802e+04	1.692825589722031787e-01	7.677976827697979845e-02
9.199735872071739868e+04	1.701951136333271775e-01	7.701561584360984425e-02
9.249293337136684568e+04	1.711119267370286579e-01	7.725226239697398356e-02
9.299082001913715794e+04	1.720330170354037180e-01	7.748971060037866676e-02
9.349102884321885358e+04	1.729584033599549098e-01	7.772796312669714991e-02
9.399357006589944649e+04	1.738881046219139803e-01	7.796702265840171897e-02
9.449845395274412294e+04	1.748221398125766324e-01	7.820689188759316623e-02
9.500569081277401710e+04	1.757605280036319273e-01	7.844757351603370843e-02
9.551529099864821183e+04	1.767032883474992100e-01	7.868907025517632436e-02
9.602726490684511373e+04	1.776504400776634518e-01	7.893138482619815877e-02
9.654162297784192197e+04	1.786020025090075680e-01	7.917451996003142811e-02
9.705837569630001963e+04	1.795579950381550327e-01	7.941847839739442361e-02
9.757753359124693088e+04	1.805184371438068036e-01	7.966326288882541462e-02
9.809910723626121762e+04	1.814833483870832709e-01	7.990887619471294390e-02
9.862310724965685222e+04	1.824527484118651788e-01	8.015532108532882893e-02
9.914954429466856527e+04	1.834266569451368512e-01	8.040260034085974783e-02
9.967842907963988546e+04	1.844050937973337745e-01	8.065071675144076802e-02
1.002097723582091712e+05	1.853880788626869613e-01	8.089967311718697374e-02
1.007435849294969230e+05	1.863756321195693122e-01	8.114947224822739724e-02
1.012798776382954384e+05	1.873677736308465569e-01	8.140011696473653524e-02
1.018186613752586418e+05	1.883645235442285015e-01	8.165161009696857153e-02
1.023599470770898042e+05	1.893659020926161396e-01	8.190395448528971223e-02
1.029037457267371356e+05	1.903719295944636958e-01	8.215715298021214474e-02
1.034500683535806020e+05	1.913826264541240996e-01	8.241120844242670607e-02
1.039989260336270527e+05	1.923980131622100576e-01	8.266612374283702214e-02
1.045503298897048953e+05	1.934181102959540433e-01	8.292190176259361944e-02
1.051042910916542314e+05	1.944429385195603210e-01	8.317854539312757867e-02
1.056608208565258683e+05	1.954725185845728741e-01	8.343605753618303644e-02
1.062199304487742484e+05	1.965068713302323689e-01	8.369444110385393376e-02
1.067816311804545257e+05	1.975460176838408910e-01	8.395369901861607365e-02
1.073459344114215637e+05	1.985899786611299012e-01	8.421383421336389730e-02
1.079128515495262400e+05	1.996387753666235554e-01	8.447484963144197279e-02
1.084823940508137166e+05	2.006924289940053840e-01	8.473674822668224305e-02
1.090545734197259007e+05	2.017509608264929089e-01	8.499953296343873421e-02
1.096294012092994526e+05	2.028143922372039887e-01	8.526320681662041823e-02
1.102068890213670675e+05	2.038827446895290774e-01	8.552777277172900205e-02
1.107870485067628615e+05	2.049560397375113086e-01	8.579323382489288663e-02
1.113698913655200304e+05	2.060342990262120644e-01	8.605959298290215276e-02
1.119554293470792763e+05	2.071175442920966669e-01	8.632685326324490704e-02
1.125436742504916037e+05	2.082057973634094672e-01	8.659501769414404415e-02
1.131346379246237630e+05	2.092990801605539575e-01	8.686408931459116411e-02
1.137283322683637380e+05	2.103974146964729397e-01	8.713407117438287663e-02
1.143247692308302358e+05	2.115008230770359099e-01	8.740496633415882621e-02
1.149239608115792071e+05	2.126093275014215300e-01	8.767677786543510987e-02
1.155259190608105855e+05	2.137229502624995725e-01	8.794950885064385659e-02
1.161306560795820551e+05	2.148417137472268257e-01	8.822316238316715853e-02
1.167381840200161823e+05	2.159656404370299543e-01	8.849774156737488795e-02
1.173485150855122047e+05	2.170947529081975746e-01	8.877324951866188973e-02
1.179616615309616172e+05	2.182290738322789914e-01	8.904968936348617303e-02
1.185776356629569054e+05	2.193686259764702773e-01	8.932706423940282858e-02
1.191964498400074663e+05	2.205134322040138151e-01	8.960537729510383020e-02
1.198181164727541909e+05	2.216635154745952296e-01	8.988463169045519952e-02
1.204426480241849204e+05	2.228188988447421248e-01	9.016483059653400411e-02
1.210700570098518074e+05	2.239796054682258453e-01	9.044597719566754845e-02
1.217003559980874124e+05	2.251456585964617396e-01	9.072807468146819321e-02
1.223335576102239284e+05	2.263170815789142809e-01	9.101112625887673724e-02
1.229696745208123757e+05	2.274938978635028808e-01	9.129513514419343445e-02
1.236087194578418275e+05	2.286761309970073708e-01	9.158010456512442887e-02
1.242507052029625920e+05	2.298638046254808109e-01	9.186603776081415929e-02
1.248956445917038072e+05	2.310569424946520567e-01	9.215293798188615992e-02
1.255435505137018190e+05	2.322555684503483930e-01	9.244080849048227910e-02
1.261944359129188670e+05	2.334597064388999055e-01	9.272965256030145376e-02
1.268483137878713751e+05	2.346693805075620587e-01	9.301947347663874766e-02
1.275051971918526106e+05	2.358846148049273395e-01	9.331027453642373737e-02
1.281650992331600137e+05	2.371054335813460034e-01	9.360205904826186807e-02
1.288280330753239396e+05	2.383318611893492922e-01	9.389483033247322807e-02
1.294940119373345078e+05	2.395639220840688199e-01	9.418859172113108746e-02
1.301630490938709263e+05	2.408016408236612060e-01	9.448334655810372573e-02
1.308351578755311493e+05	2.420450420697326244e-01	9.477909819909351163e-02
1.315103516690634715e+05	2.432941505877674326e-01	9.507585001167591365e-02
1.321886439176005952e+05	2.445489912475611038e-01	9.537360537534336768e-02
1.328700481208872225e+05	2.458095890236413616e-01	9.567236768154231685e-02
1.335545778355195944e+05	2.470759689957112704e-01	9.597214033371617714e-02
1.342422466751782049e+05	2.483481563490796962e-01	9.627292674734376499e-02
1.349330683108602243e+05	2.496261763750914076e-01	9.657473034998244332e-02
1.356270564711229235e+05	2.509100544715774372e-01	9.687755458131044883e-02
1.363242249423147878e+05	2.521998161432823515e-01	9.718140289316405667e-02
1.370245875688169326e+05	2.534954870023113371e-01	9.748627874958190609e-02
1.377281582532860048e+05	2.547970927685790921e-01	9.779218562684711957e-02
1.384349509568878275e+05	2.561046592702424518e-01	9.809912701352756226e-02
1.391449796995448705e+05	2.574182124441580233e-01	9.840710641051848839e-02
1.398582585601756291e+05	2.587377783363249417e-01	9.871612733108489635e-02
1.405748016769392998e+05	2.600633831023376752e-01	9.902619330090191296e-02
1.412946232474810095e+05	2.613950530078398837e-01	9.933730785810156172e-02
1.420177375291755015e+05	2.627328144289746703e-01	9.964947455331046866e-02
1.427441588393745769e+05	2.640766938528429919e-01	9.996269694969567299e-02
1.434739015556554659e+05	2.654267178779626257e-01	1.002769786230063298e-01
1.442069801160663192e+05	2.667829132147226945e-01	1.005923231616168145e-01
1.449434090193804004e+05	2.681453066858537349e-01	1.009087341665726723e-01
1.456832028253415774e+05	2.695139252268819452e-01	1.012262152516286567e-01
1.464263761549210758e+05	2.708887958866039725e-01	1.015447700432971778e-01
1.471729436905643961e+05	2.722699458275441020e-01	1.018644021808898098e-01
1.479229201764481841e+05	2.736574023264291555e-01	1.021851153165613396e-01
1.486763204187367519e+05	2.750511927746630003e-01	1.025069131153537039e-01
1.494331592858333024e+05	2.764513446787916218e-01	1.028297992552434509e-01
1.501934517086380802e+05	2.778578856609804637e-01	1.031537774271805291e-01
1.509572126808086177e+05	2.792708434594959321e-01	1.034788513351366790e-01
1.517244572590159078e+05	2.806902459291794050e-01	1.038050246961493839e-01
1.524952005632047076e+05	2.821161210419286802e-01	1.041323012403667925e-01
1.532694577768533782e+05	2.835484968871787581e-01	1.044606847110928077e-01
1.540472441472380597e+05	2.849874016723904502e-01	1.047901788648321342e-01
1.548285749856942566e+05	2.864328637235343811e-01	1.051207874713358664e-01
1.556134656678828760e+05	2.878849114855833169e-01	1.054525143136462451e-01
1.564019316340516962e+05	2.893435735229956673e-01	1.057853631881455758e-01
1.571939883893028309e+05	2.908088785202102566e-01	1.061193379045982377e-01
1.579896515038617363e+05	2.922808552821442030e-01	1.064544422861978812e-01
1.587889366133468575e+05	2.937595327346916863e-01	1.067906801696150432e-01
1.595918594190334552e+05	2.952449399252118911e-01	1.071280554050431516e-01
1.603984356881281128e+05	2.967371060230369895e-01	1.074665718562447941e-01
1.612086812540392857e+05	2.982360603199726845e-01	1.078062334005989165e-01
1.620226120166523615e+05	2.997418322308068594e-01	1.081470439291465357e-01
1.628402439426003839e+05	3.012544512938107322e-01	1.084890073466393406e-01
1.636615930655392876e+05	3.027739471712476704e-01	1.088321275715869452e-01
1.644866754864256654e+05	3.043003496498875027e-01	1.091764085363039205e-01
1.653155073737943021e+05	3.058336886415194966e-01	1.095218541869575207e-01
1.661481049640336132e+05	3.073739941834621736e-01	1.098684684836158110e-01
1.669844845616661478e+05	3.089212964390823934e-01	1.102162554002949907e-01
1.678246625396332529e+05	3.104756256983215446e-01	1.105652189250087014e-01
1.686686553395697556e+05	3.120370123782040261e-01	1.109153630598164186e-01
1.695164794720921491e+05	3.136054870233704883e-01	1.112666918208710665e-01
1.703681515170780476e+05	3.151810803065943634e-01	1.116192092384677148e-01
1.712236881239573413e+05	3.167638230293211010e-01	1.119729193570944831e-01
1.720831060119936883e+05	3.183537461221883080e-01	1.123278262354783091e-01
1.729464219705756113e+05	3.199508806455648724e-01	1.126839339466382678e-01
1.738136528594996489e+05	3.215552577900743225e-01	1.130412465779322001e-01
1.746848156092650024e+05	3.231669088771402243e-01	1.133997682311081723e-01
1.755599272213641671e+05	3.247858653595236955e-01	1.137595030223512715e-01
1.764390047685702157e+05	3.264121588218549253e-01	1.141204550823380626e-01
1.773220653952368302e+05	3.280458209811881742e-01	1.144826285562835499e-01
1.782091263175904460e+05	3.296868836875422870e-01	1.148460276039925260e-01
1.791002048240248114e+05	3.313353789244458669e-01	1.152106563999107242e-01
1.799953182753942383e+05	3.329913388094793425e-01	1.155765191331748210e-01
1.808944841053214914e+05	3.346547955948447894e-01	1.159436200076648382e-01
1.817977198204875458e+05	3.363257816679019463e-01	1.163119632420521327e-01
1.827050430009378761e+05	3.380043295517350388e-01	1.166815530698554065e-01
1.836164713003826910e+05	3.396904719057080024e-01	1.170523937394871150e-01
1.845320224464971398e+05	3.413842415260197050e-01	1.174244895143101153e-01
1.854517142412315297e+05	3.430856713462783758e-01	1.177978446726865858e-01
1.863755645611096988e+05	3.447947944380529428e-01	1.181724635080295127e-01
1.873035913575419108e+05	3.465116440114525131e-01	1.185483503288582985e-01
1.882358126571261091e+05	3.482362534156833167e-01	1.189255094588491102e-01
1.891722465619641589e+05	3.499686561396337381e-01	1.193039452368869074e-01
1.901129112499672337e+05	3.517088858124393647e-01	1.196836620171187887e-01
1.910578249751703406e+05	3.534569762040651320e-01	1.200646641690084893e-01
1.920070060680427123e+05	3.552129612258789759e-01	1.204469560773891168e-01
1.929604729358056211e+05	3.569768749312403622e-01	1.208305421425153459e-01
1.939182440627434407e+05	3.587487515160753260e-01	1.212154267801172913e-01
1.948803380105236138e+05	3.605286253194686652e-01	1.216016144214574213e-01
1.958467734185137961e+05	3.623165308242505822e-01	1.219891095133797398e-01
1.968175690040993504e+05	3.641125026575837698e-01	1.223779165183680184e-01
1.977927435630062537e+05	3.659165755915615437e-01	1.227680399145977819e-01
1.987723159696234798e+05	3.677287845438034219e-01	1.231594841959922221e-01
1.997563051773247134e+05	3.695491645780507040e-01	1.235522538722788749e-01
2.007447302187917521e+05	3.713777509047647696e-01	1.239463534690387336e-01
2.017376102063418366e+05	3.732145788817324283e-01	1.243417875277686574e-01
2.027349643322557095e+05	3.750596840146731004e-01	1.247385606059324692e-01
2.037368118691048294e+05	3.769131019578439989e-01	1.251366772770184654e-01
2.047431721700816124e+05	3.787748685146510308e-01	1.255361421305929148e-01
2.057540646693295275e+05	3.806450196382596407e-01	1.259369597723592749e-01
2.067695088822741818e+05	3.825235914322072106e-01	1.263391348242128565e-01
2.077895244059645047e+05	3.844106201510343324e-01	1.267426719242966404e-01
2.088141309193995548e+05	3.863061422008891577e-01	1.271475757270598139e-01
2.098433481838673470e+05	3.882101941401546186e-01	1.275538509033133927e-01
2.108771960432849301e+05	3.901228126800771467e-01	1.279615021402868702e-01
2.119156944245367486e+05	3.920440346853930058e-01	1.283705341416880308e-01
2.129588633378117229e+05	3.939738971749516816e-01	1.287809516277564625e-01
2.140067228769523208e+05	3.959124373223618099e-01	1.291927593353256742e-01
2.150592932197912887e+05	3.978596924566139004e-01	1.296059620178768579e-01
2.161165946284999081e+05	3.998157000627248769e-01	1.300205644456006726e-01
2.171786474499334581e+05	4.017804977823769552e-01	1.304365714054545600e-01
2.182454721159771725e+05	4.037541234145577973e-01	1.308539877012187269e-01
2.193170891439000261e+05	4.057366149162150992e-01	1.312728181535588734e-01
2.203935191366969084e+05	4.077280104028892516e-01	1.316930676000820366e-01
2.214747827834486670e+05	4.097283481493800283e-01	1.321147408953986524e-01
2.225609008596713538e+05	4.117376665903920152e-01	1.325378429111788992e-01
2.236518942276702437e+05	4.137560043211899186e-01	1.329623785362156752e-01
2.247477838368994126e+05	4.157834000982639222e-01	1.333883526764812200e-01
2.258485907243142719e+05	4.178198928399813883e-01	1.338157702551897588e-01
2.269543360147339408e+05	4.198655216272578206e-01	1.342446362128562609e-01
2.280650409212027735e+05	4.219203257042251076e-01	1.346749555073576965e-01
2.291807267453488021e+05	4.239843444788952698e-01	1.351067331139940431e-01
2.303014148777484370e+05	4.260576175238345864e-01	1.355399740255478491e-01
2.314271267982930585e+05	4.281401845768421643e-01	1.359746832523472948e-01
2.325578840765511559e+05	4.302320855416196244e-01	1.364108658223262827e-01
2.336937083721412928e+05	4.323333604884614378e-01	1.368485267810855832e-01
2.348346214350978553e+05	4.344440496549309971e-01	1.372876711919577275e-01
2.359806451062413398e+05	4.365641934465464558e-01	1.377283041360657934e-01
2.371318013175552187e+05	4.386938324374771159e-01	1.381704307123857445e-01
2.382881120925533178e+05	4.408330073712236619e-01	1.386140560378130993e-01
2.394495995466597960e+05	4.429817591613205985e-01	1.390591852472205792e-01
2.406162858875854290e+05	4.451401288920330268e-01	1.395058234935229735e-01
2.417881934157006617e+05	4.473081578190462593e-01	1.399539759477406442e-01
2.429653445244249306e+05	4.494858873701861324e-01	1.404036477990653620e-01
2.441477617005990760e+05	4.516733591461083441e-01	1.408548442549185375e-01
2.453354675248732965e+05	4.538706149210156027e-01	1.413075705410195004e-01
2.465284846720907371e+05	4.560776966433678914e-01	1.417618319014490036e-01
2.477268359116722131e+05	4.582946464365935668e-01	1.422176335987118401e-01
2.489305441080041346e+05	4.605215065998076174e-01	1.426749809138024017e-01
2.501396322208284400e+05	4.627583196085325867e-01	1.431338791462702931e-01
2.513541233056326746e+05	4.650051281154204408e-01	1.435943336142839477e-01
2.525740405140439689e+05	4.672619749509813736e-01	1.440563496546969913e-01
2.537994070942197286e+05	4.695289031243064515e-01	1.445199326231143833e-01
2.550302463912458043e+05	4.718059558238048012e-01	1.449850878939563104e-01
2.562665818475319247e+05	4.740931764179340813e-01	1.454518208605258267e-01
2.575084370032104489e+05	4.763906084559393350e-01	1.459201369350747457e-01
2.587558354965408798e+05	4.786982956686006152e-01	1.463900415488688656e-01
2.600088010643033194e+05	4.810162819689611791e-01	1.468615401522563313e-01
2.612673575422093272e+05	4.833446114530872140e-01	1.473346382147340539e-01
2.625315288653041353e+05	4.856833284008126306e-01	1.478093412250149619e-01
2.638013390683755861e+05	4.880324772764948471e-01	1.482856546910942819e-01
2.650768122863563476e+05	4.903921027297592494e-01	1.487635841403217030e-01
2.663579727547417860e+05	4.927622495962722948e-01	1.492431351194619948e-01
2.676448448099994566e+05	4.951429628984990172e-01	1.497243131947688655e-01
2.689374528899784782e+05	4.975342878464601992e-01	1.502071239520525459e-01
2.702358215343283373e+05	4.999362698385074189e-01	1.506915729967467921e-01
2.715399753849199042e+05	5.023489544621018155e-01	1.511776659539789402e-01
2.728499391862474149e+05	5.047723874945577727e-01	1.516654084686384074e-01
2.741657377858682885e+05	5.072066149038563232e-01	1.521548062054475514e-01
2.754873961348161101e+05	5.096516828494097595e-01	1.526458648490292835e-01
2.768149392880257801e+05	5.121076376828477272e-01	1.531385901039797881e-01
2.781483924047559849e+05	5.145745259487986001e-01	1.536329876949351081e-01
2.794877807490128325e+05	5.170523943856737414e-01	1.541290633666452525e-01
2.808331296899933368e+05	5.195412899264877371e-01	1.546268228840405601e-01
2.821844647024971200e+05	5.220412596996196752e-01	1.551262720323081934e-01
2.835418113673725748e+05	5.245523510296392633e-01	1.556274166169601958e-01
2.849051953719439334e+05	5.270746114380961966e-01	1.561302624639029912e-01
2.862746425104484661e+05	5.296080886443296221e-01	1.566348154195130460e-01
2.876501786844746675e+05	5.321528305662781566e-01	1.571410813507065074e-01
2.890318299033998046e+05	5.347088853212895732e-01	1.576490661450129505e-01
2.904196222848317702e+05	5.372763012269387017e-01	1.581587757106450443e-01
2.918135820550545468e+05	5.398551268018508820e-01	1.586702159765751019e-01
2.932137355494629592e+05	5.424454107665065417e-01	1.591833928926052744e-01
2.946201092130243196e+05	5.450472020440950693e-01	1.596983124294427403e-01
2.960327296007154509e+05	5.476605497613236118e-01	1.602149805787718706e-01
2.974516233779728645e+05	5.502855032492498522e-01	1.607334033533272810e-01
2.988768173211484682e+05	5.529221120441246695e-01	1.612535867869713535e-01
3.003083383179603261e+05	5.555704258882265822e-01	1.617755369347642080e-01
3.017462133679527906e+05	5.582304947307126231e-01	1.622992598730424452e-01
3.031904695829475531e+05	5.609023687284530046e-01	1.628247616994910330e-01
3.046411341875068028e+05	5.635860982468875457e-01	1.633520485332197458e-01
3.060982345193899819e+05	5.662817338608715501e-01	1.638811265148382712e-01
3.075617980300200870e+05	5.689893263555371172e-01	1.644120018065310107e-01
3.090318522849497385e+05	5.717089267271570074e-01	1.649446805921361281e-01
3.105084249643260264e+05	5.744405861840031768e-01	1.654791690772175472e-01
3.119915438633538433e+05	5.771843561472046469e-01	1.660154734891460260e-01
3.134812368927731295e+05	5.799402882516302427e-01	1.665536000771711267e-01
3.149775320793316350e+05	5.827084343467635597e-01	1.670935551125014573e-01
3.164804575662512216e+05	5.854888464975647189e-01	1.676353448883815545e-01
3.179900416137083084e+05	5.882815769853604326e-01	1.681789757201706537e-01
3.195063125993179856e+05	5.910866783087382892e-01	1.687244539454149095e-01
3.210292990186035750e+05	5.939042031844166125e-01	1.692717859239352418e-01
3.225590294854819076e+05	5.967342045481415225e-01	1.698209780378959477e-01
3.240955327327505802e+05	5.995767355555885469e-01	1.703720366918901330e-01
3.256388376125697396e+05	6.024318495832540199e-01	1.709249683130159569e-01
3.271889730969519587e+05	6.052996002293611344e-01	1.714797793509561796e-01
3.287459682782496675e+05	6.081800413147618878e-01	1.720364762780587087e-01
3.303098523696478223e+05	6.110732268838484638e-01	1.725950655894162300e-01
3.318806547056594281e+05	6.139792112054699436e-01	1.731555538029423691e-01
3.334584047426162870e+05	6.168980487738401353e-01	1.737179474594604256e-01
3.350431320591712720e+05	6.198297943094668305e-01	1.742822531227774807e-01
3.366348663567979238e+05	6.227745027600761762e-01	1.748484773797681635e-01
3.382336374602862052e+05	6.257322293015294967e-01	1.754166268404535323e-01
3.398394753182540881e+05	6.287030293387700919e-01	1.759867081380867559e-01
3.414524100036473828e+05	6.316869585067477200e-01	1.765587279292298861e-01
3.430724717142471345e+05	6.346840726713571801e-01	1.771326928938394829e-01
3.446996907731855172e+05	6.376944279303932150e-01	1.777086097353515470e-01
3.463340976294529391e+05	6.407180806144879837e-01	1.782864851807587081e-01
3.479757228584055556e+05	6.437550872880503094e-01	1.788663259806943795e-01
3.496245971622964134e+05	6.468055047502483390e-01	1.794481389095212154e-01
3.512807513707837206e+05	6.498693900359499009e-01	1.800319307654100753e-01
3.529442164414499421e+05	6.529468004166824047e-01	1.806177083704212927e-01
3.546150234603299177e+05	6.560377934016103918e-01	1.812054785705998206e-01
3.562932036424208782e+05	6.591424267384786706e-01	1.817952482360485622e-01
3.579787883322348353e+05	6.622607584146343873e-01	1.823870242610176884e-01
3.596718090042995173e+05	6.653928466579540624e-01	1.829808135639897915e-01
3.613722972637073253e+05	6.685387499378585563e-01	1.835766230877675653e-01
3.630802848466420546e+05	6.716985269662878455e-01	1.841744597995529642e-01
3.647958036209099810e+05	6.748722366986834587e-01	1.847743306910427374e-01
3.665188855864837533e+05	6.780599383349950049e-01	1.853762427785081435e-01
3.682495628760356340e+05	6.812616913206659408e-01	1.859802031028819358e-01
3.699878677554866299e+05	6.844775553476502017e-01	1.865862187298484576e-01
3.717338326245419448e+05	6.877075903554026315e-01	1.871942967499301003e-01
3.734874900172413909e+05	6.909518565318966132e-01	1.878044442785722912e-01
3.752488726025031065e+05	6.942104143146307083e-01	1.884166684562368632e-01
3.770180131846794975e+05	6.974833243916570558e-01	1.890309764484841837e-01
3.787949447041077074e+05	7.007706477025992253e-01	1.896473754460661909e-01
3.805797002376640448e+05	7.040724454396785070e-01	1.902658726650119925e-01
3.823723129993158509e+05	7.073887790487343175e-01	1.908864753467226505e-01
3.841728163406894892e+05	7.107197102302755809e-01	1.915091907580540320e-01
3.859812437516237842e+05	7.140653009405040219e-01	1.921340261914105951e-01
3.877976288607398164e+05	7.174256133923687662e-01	1.927609889648358443e-01
3.896220054360016948e+05	7.208007100566031777e-01	1.933900864221011484e-01
3.914544073852869915e+05	7.241906536627809032e-01	1.940213259327974449e-01
3.932948687569643953e+05	7.275955072003842394e-01	1.946547148924273885e-01
3.951434237404494779e+05	7.310153339198315336e-01	1.952902607224935583e-01
3.970001066667951527e+05	7.344501973335709755e-01	1.959279708705957690e-01
3.988649520092635648e+05	7.379001612171376401e-01	1.965678528105181122e-01
4.007379943839052576e+05	7.413652896102247425e-01	1.972099140423237418e-01
4.026192685501395608e+05	7.448456468177582224e-01	1.978541620924487709e-01
4.045088094113445841e+05	7.483412974109875382e-01	1.985006045137933384e-01
4.064066520154397585e+05	7.518523062285635827e-01	1.991492488858155607e-01
4.083128315554775763e+05	7.553787383776335851e-01	1.998001028146269009e-01
4.102273833702263073e+05	7.589206592349186931e-01	2.004531739330843443e-01
4.121503429447778035e+05	7.624781344478388512e-01	2.011084699008872656e-01
4.140817459111360367e+05	7.660512299356017074e-01	2.017659984046694388e-01
4.160216280488151824e+05	7.696400118903081733e-01	2.024257671580957096e-01
4.179700252854425344e+05	7.732445467780687531e-01	2.030877839019588627e-01
4.199269736973578110e+05	7.768649013401119907e-01	2.037520564042746563e-01
4.218925095102278283e+05	7.805011425939214487e-01	2.044185924603759696e-01
4.238666690996505786e+05	7.841533378343535921e-01	2.050873998930113629e-01
4.258494889917600667e+05	7.878215546347562270e-01	2.057584865524433038e-01
4.278410058638472110e+05	7.915058608481173597e-01	2.064318603165421762e-01
4.298412565449725371e+05	7.952063246081992887e-01	2.071075290908884481e-01
4.318502780165867880e+05	7.989230143306855769e-01	2.077855008088630440e-01
4.338681074131482164e+05	8.026559987143241370e-01	2.084657834317535374e-01
4.358947820227483171e+05	8.064053467420844168e-01	2.091483849488515179e-01
4.379303392877327278e+05	8.101711276823054808e-01	2.098333133775464598e-01
4.399748168053408153e+05	8.139534110898805075e-01	2.105205767634290570e-01
4.420282523283210467e+05	8.177522668073939904e-01	2.112101831803911978e-01
4.440906837655752897e+05	8.215677649663142290e-01	2.119021407307260518e-01
4.461621491827927530e+05	8.253999759881666121e-01	2.125964575452255478e-01
4.482426868030862533e+05	8.292489705857094551e-01	2.132931417832849841e-01
4.503323350076318602e+05	8.331148197641189412e-01	2.139922016330051135e-01
4.524311323363177362e+05	8.369975948221878292e-01	2.146936453112863741e-01
4.545391174883837230e+05	8.408973673535098392e-01	2.153974810639389670e-01
4.566563293230783311e+05	8.448142092476950138e-01	2.161037171657795852e-01
4.587828068602998392e+05	8.487481926915546593e-01	2.168123619207381059e-01
4.609185892812581151e+05	8.526993901703275869e-01	2.175234236619578154e-01
4.630637159291283460e+05	8.566678744688874803e-01	2.182369107519012696e-01
4.652182263097123359e+05	8.606537186729678046e-01	2.189528315824513516e-01
4.673821600920932833e+05	8.646569961703726159e-01	2.196711945750160211e-01
4.695555571093124454e+05	8.686777806522281153e-01	2.203920081806347575e-01
4.717384573590267100e+05	8.727161461141993426e-01	2.211152808800819214e-01
4.739309010041820002e+05	8.767721668577367344e-01	2.218410211839703938e-01
4.761329283736836514e+05	8.808459174913148004e-01	2.225692376328615441e-01
4.783445799630761612e+05	8.849374729316910049e-01	2.232999387973650940e-01
4.805658964352150215e+05	8.890469084051477733e-01	2.240331332782525553e-01
4.827969186209500767e+05	8.931742994487577025e-01	2.247688297065602303e-01
4.850376875198168564e+05	8.973197219116612056e-01	2.255070367436927403e-01
4.872882443007068941e+05	9.014832519563077406e-01	2.262477630815397101e-01
4.895486303025694797e+05	9.056649660597534401e-01	2.269910174425743277e-01
4.918188870351031073e+05	9.098649410149407535e-01	2.277368085799679476e-01
4.940990561794412788e+05	9.140832539319663219e-01	2.284851452776951730e-01
4.963891795888548368e+05	9.183199822393814937e-01	2.292360363506459331e-01
4.986892992894555791e+05	9.225752036854928395e-01	2.299894906447302600e-01
5.009994574808945763e+05	9.268489963396550069e-01	2.307455170369951403e-01
5.033196965370675316e+05	9.311414385935750104e-01	2.315041244357280148e-01
5.056500590068282909e+05	9.354526091626322870e-01	2.322653217805715209e-01
5.079905876146928640e+05	9.397825870871817644e-01	2.330291180426320996e-01
5.103413252615631209e+05	9.441314517338917911e-01	2.337955222245944320e-01
5.127023150254343636e+05	9.484992827970535334e-01	2.345645433608288255e-01
5.150736001621222240e+05	9.528861602999261216e-01	2.353361905175082036e-01
5.174552241059814696e+05	9.572921645960658088e-01	2.361104727927174352e-01
5.198472304706390132e+05	9.617173763706822198e-01	2.368873993165700187e-01
5.222496630497105070e+05	9.661618766419645121e-01	2.376669792513164403e-01
5.246625658175445860e+05	9.706257467624574975e-01	2.384492217914581935e-01
5.270859829299469711e+05	9.751090684204019032e-01	2.392341361638710417e-01
5.295199587249247124e+05	9.796119236411107156e-01	2.400217316279109614e-01
5.319645377234274056e+05	9.841343947883406384e-01	2.408120174755284948e-01
5.344197646300905617e+05	9.886765645656675483e-01	2.416050030313881269e-01
5.368856843339730985e+05	9.932385160178502925e-01	2.424006976529854696e-01
5.393623419093184639e+05	9.978203325322391182e-01	2.431991107307601707e-01
5.418497826163016725e+05	1.002422097840158122e+00	2.440002516882140982e-01
5.443480519017885672e+05	1.007043896018308793e+00	2.448041299820297445e-01
5.468571954000868136e+05	1.011685811490160569e+00	2.456107551021807223e-01
5.493772589337128447e+05	1.016347929027368702e+00	2.464201365720625481e-01
5.519082885141668376e+05	1.021030333751208552e+00	2.472322839485992241e-01
5.544503303426748607e+05	1.025733111133948494e+00	2.480472068223684434e-01
5.570034308109816629e+05	1.030456347000316075e+00	2.488649148177200232e-01
5.595676365021179663e+05	1.035200127528918213e+00	2.496854175928932273e-01
5.621429941911783535e+05	1.039964539253679821e+00	2.505087248401393074e-01
5.647295508460901910e+05	1.044749669065266895e+00	2.513348462858396859e-01
5.673273536284285365e+05	1.049555604212592863e+00	2.521637916906314114e-01
5.699364498941682978e+05	1.054382432304211470e+00	2.529955708495227329e-01
5.725568871944850544e+05	1.059230241309797371e+00	2.538301935920195818e-01
5.751887132765538990e+05	1.064099119561624729e+00	2.546676697822471414e-01
5.778319760843414115e+05	1.068989155756031595e+00	2.555080093190704726e-01
5.804867237594003091e+05	1.073900438954890513e+00	2.563512221362173604e-01
5.831530046416872647e+05	1.078833058587121529e+00	2.571973182024043236e-01
5.858308672703467309e+05	1.083787104450141481e+00	2.580463075214619595e-01
5.885203603845332982e+05	1.088762666711386551e+00	2.588982001324531268e-01
5.912215329242259031e+05	1.093759835909817957e+00	2.597530061098070053e-01
5.939344340310362168e+05	1.098778702957416975e+00	2.606107355634358913e-01
5.966591130490294890e+05	1.103819359140704615e+00	2.614713986388644829e-01
5.993956195255442290e+05	1.108881896122256849e+00	2.623350055173588879e-01
6.021440032120203832e+05	1.113966405942237614e+00	2.632015664160489710e-01
6.049043140648343833e+05	1.119072981019943569e+00	2.640710915880572496e-01
6.076766022461222019e+05	1.124201714155325993e+00	2.649435913226280692e-01
6.104609181246059015e+05	1.129352698530520893e+00	2.658190759452543350e-01
6.132573122764547588e+05	1.134526027711441287e+00	2.666975558178052430e-01
6.160658354861102998e+05	1.139721795649303981e+00	2.675790413386562316e-01
6.188865387471381109e+05	1.144940096682205422e+00	2.684635429428191555e-01
6.217194732630761573e+05	1.150181025536690882e+00	2.693510711020706272e-01
6.245646904482824029e+05	1.155444677329322545e+00	2.702416363250846332e-01
6.274222419288002420e+05	1.160731147568280441e+00	2.711352491575612644e-01
6.302921795432001818e+05	1.166040532154920317e+00	2.720319201823581112e-01
6.331745553434633184e+05	1.171372927385407214e+00	2.729316600196256548e-01
6.360694215958355926e+05	1.176728429952295985e+00	2.738344793269340549e-01
6.389768307816932211e+05	1.182107136946132453e+00	2.747403887994100402e-01
6.418968355984267546e+05	1.187509145857089665e+00	2.756493991698695800e-01
6.448294889603098854e+05	1.192934554576573269e+00	2.765615212089507780e-01
6.477748439993803622e+05	1.198383461398853544e+00	2.774767657252450448e-01
6.507329540663213702e+05	1.203855965022694541e+00	2.783951435654403728e-01
6.537038727313566487e+05	1.209352164553009867e+00	2.793166656144465687e-01
6.566876537851342000e+05	1.214872159502498272e+00	2.802413427955369740e-01
6.596843512396210572e+05	1.220416049793298985e+00	2.811691860704841339e-01
6.626940193290037569e+05	1.225983935758657051e+00	2.821002064396941345e-01
6.657167125105769373e+05	1.231575918144567350e+00	2.830344149423447142e-01
6.687524854656765237e+05	1.237192098111501437e+00	2.839718226565243198e-01
6.718013931005602935e+05	1.242832577236036462e+00	2.849124406993680525e-01
6.748634905473332619e+05	1.248497457512566466e+00	2.858562802271991665e-01
6.779388331648493186e+05	1.254186841354971271e+00	2.868033524356631836e-01
6.810274765396622242e+05	1.259900831598375071e+00	2.877536685598723887e-01
6.841294764869083883e+05	1.265639531500780457e+00	2.887072398745434976e-01
6.872448890512784710e+05	1.271403044744865207e+00	2.896640776941393769e-01
6.903737705078988802e+05	1.277191475439612978e+00	2.906241933730086546e-01
6.935161773633019766e+05	1.283004928122108756e+00	2.915875983055301046e-01
6.966721663563488983e+05	1.288843507759245277e+00	2.925543039262509803e-01
6.998417944591853302e+05	1.294707319749492713e+00	2.935243217100326762e-01
7.030251188781644451e+05	1.300596469924604204e+00	2.944976631721932248e-01
7.062221970548196696e+05	1.306511064551416412e+00	2.954743398686479061e-01
7.094330866667974042e+05	1.312451210333575258e+00	2.964543633960586844e-01
7.126578456288337475e+05	1.318417014413342470e+00	2.974377453919739844e-01
7.158965320936960634e+05	1.324408584373337527e+00	2.984244975349780171e-01
7.191492044531728607e+05	1.330426028238369751e+00	2.994146315448342754e-01
7.224159213390065124e+05	1.336469454477162033e+00	3.004081591826315845e-01
7.256967416238986189e+05	1.342538972004212461e+00	3.014050922509318720e-01
7.289917244224722963e+05	1.348634690181573559e+00	3.024054425939155522e-01
7.323009290922546061e+05	1.354756718820671058e+00	3.034092220975323495e-01
7.356244152346632909e+05	1.360905168184127101e+00	3.044164426896456277e-01
7.389622426959790755e+05	1.367080148987561250e+00	3.054271163401853784e-01
7.423144715683710529e+05	1.373281772401486522e+00	3.064412550612969910e-01
7.456811621908550151e+05	1.379510150053081752e+00	3.074588709074894122e-01
7.490623751503214007e+05	1.385765394028094510e+00	3.084799759757815285e-01
7.524581712825233117e+05	1.392047616872668314e+00	3.095045824058656470e-01
7.558686116730854847e+05	1.398356931595208241e+00	3.105327023802474939e-01
7.592937576585371280e+05	1.404693451668293624e+00	3.115643481244007029e-01
7.627336708273038967e+05	1.411057291030512362e+00	3.125995319069224676e-01
7.661884130207294365e+05	1.417448564088349405e+00	3.136382660396859201e-01
7.696580463341289433e+05	1.423867385718138534e+00	3.146805628779916764e-01
7.731426331177703105e+05	1.430313871267875125e+00	3.157264348207257654e-01
7.766422359779487597e+05	1.436788136559205231e+00	3.167758943105100644e-01
7.801569177780019818e+05	1.443290297889303631e+00	3.178289538338600617e-01
7.836867416393593885e+05	1.449820472032814944e+00	3.188856259213421196e-01
7.872317709425780922e+05	1.456378776243769657e+00	3.199459231477281285e-01
7.907920693284040317e+05	1.462965328257547659e+00	3.210098581321513267e-01
7.943677006988255307e+05	1.469580246292827352e+00	3.220774435382687817e-01
7.979587292181093944e+05	1.476223649053502340e+00	3.231486920744130464e-01
8.015652193138870643e+05	1.482895655730690931e+00	3.242236164937555842e-01
8.051872356782197021e+05	1.489596386004706341e+00	3.253022295944664188e-01
8.088248432686550077e+05	1.496325960047011794e+00	3.263845442198697322e-01
8.124781073093079031e+05	1.503084498522219814e+00	3.274705732586112306e-01
8.161470932919398183e+05	1.509872122590088628e+00	3.285603296448095234e-01
8.198318669770451961e+05	1.516688953907533666e+00	3.296538263582260986e-01
8.235324943949393928e+05	1.523535114630637954e+00	3.307510764244254720e-01
8.272490418468354037e+05	1.530410727416645633e+00	3.318520929149347820e-01
8.309815759059741395e+05	1.537315915426052060e+00	3.329568889474121551e-01
8.347301634186806623e+05	1.544250802324559135e+00	3.340654776858072439e-01
8.384948715055122739e+05	1.551215512285197606e+00	3.351778723405282601e-01
8.422757675623346586e+05	1.558210169990319249e+00	3.362940861686002370e-01
8.460729192614650819e+05	1.565234900633710513e+00	3.374141324738433867e-01
8.498863945527697215e+05	1.572289829922624005e+00	3.385380246070218146e-01
8.537162616647859104e+05	1.579375084079854163e+00	3.396657759660317577e-01
8.575625891058659181e+05	1.586490789845852012e+00	3.407973999960532407e-01
8.614254456652946537e+05	1.593637074480795057e+00	3.419329101897231604e-01
8.653049004144398496e+05	1.600814065766713812e+00	3.430723200873025402e-01
8.692010227078724420e+05	1.608021892009564136e+00	3.442156432768481711e-01
8.731138821845420171e+05	1.615260682041402829e+00	3.453628933943820312e-01
8.770435487688971916e+05	1.622530565222459753e+00	3.465140841240586522e-01
8.809900926720601274e+05	1.629831671443311425e+00	3.476692291983441430e-01
8.849535843929802068e+05	1.637164131127013311e+00	3.488283423981758391e-01
8.889340947195970220e+05	1.644528075231254549e+00	3.499914375531493760e-01
8.929316947300073225e+05	1.651923635250513556e+00	3.511585285416773949e-01
8.969464557936500059e+05	1.659350943218252716e+00	3.523296292911768379e-01
9.009784495724650333e+05	1.666810131709060228e+00	3.535047537782239346e-01
9.050277480220905272e+05	1.674301333840867656e+00	3.546839160287550974e-01
9.090944233930483460e+05	1.681824683277139298e+00	3.558671301182188551e-01
9.131785482319421135e+05	1.689380314229092850e+00	3.570544101717653129e-01
9.172801953826360404e+05	1.696968361457876773e+00	3.582457703644165714e-01
9.213994379874789156e+05	1.704588960276836040e+00	3.594412249212513566e-01
9.255363494884918910e+05	1.712242246553709935e+00	3.606407881175738295e-01
9.296910036285956157e+05	1.719928356712901785e+00	3.618444742791002700e-01
9.338634744528207229e+05	1.727647427737718511e+00	3.630522977821306063e-01
9.380538363095273962e+05	1.735399597172625707e+00	3.642642730537358764e-01
9.422621638516298262e+05	1.743185003125515165e+00	3.654804145719354191e-01
9.464885320378318429e+05	1.751003784269989039e+00	3.667007368658756206e-01
9.507330161338661565e+05	1.758856079847652465e+00	3.679252545160183185e-01
9.549956917137268465e+05	1.766742029670394620e+00	3.691539821543203259e-01
9.592766346609280445e+05	1.774661774122716862e+00	3.703869344644075134e-01
9.635759211697318824e+05	1.782615454164004021e+00	3.716241261817784802e-01
9.678936277464319719e+05	1.790603211330898947e+00	3.728655720939648144e-01
9.722298312106004450e+05	1.798625187739610887e+00	3.741112870407388713e-01
9.765846086963538546e+05	1.806681526088254719e+00	3.753612859142892444e-01
9.809580376536198892e+05	1.814772369659196860e+00	3.766155836593976236e-01
9.853501958494294668e+05	1.822897862321444462e+00	3.778741952736448528e-01
9.897611613691807725e+05	1.831058148532984209e+00	3.791371358075918407e-01
9.941910126179408981e+05	1.839253373343190612e+00	3.804044203649580846e-01
9.986398283217247808e+05	1.847483682395191007e+00	3.816760641028243972e-01
1.003107687528799521e+06	1.855749221928278958e+00	3.829520822318176476e-01
1.007594669610985788e+06	1.864050138780323884e+00	3.842324900162965573e-01
1.012100854264967260e+06	1.872386580390189348e+00	3.855173027745494863e-01
1.016626321513580158e+06	1.880758694800123365e+00	3.868065358789842256e-01
1.021171151707169833e+06	1.889166630658264179e+00	3.881002047563199553e-01
1.025735425524890772e+06	1.897610537221047888e+00	3.893983248877848635e-01
1.030319223976029083e+06	1.906090564355653827e+00	3.907009118093002220e-01
1.034922628401360591e+06	1.914606862542516996e+00	3.920079811116837232e-01
1.039545720474457485e+06	1.923159582877746354e+00	3.933195484408432141e-01
1.044188582203055383e+06	1.931748877075652349e+00	3.946356294979722068e-01
1.048851295930403983e+06	1.940374897471247362e+00	3.959562400397428905e-01
1.053533944336609216e+06	1.949037797022727281e+00	3.972813958785119115e-01
1.058236610439996235e+06	1.957737729313993036e+00	3.986111128825073902e-01
1.062959377598481486e+06	1.966474848557190791e+00	3.999454069760397523e-01
1.067702329510950018e+06	1.975249309595257685e+00	4.012842941396955743e-01
1.072465550218608230e+06	1.984061267904425385e+00	4.026277904105282635e-01
1.077249124106386909e+06	1.992910879596815565e+00	4.039759118822824902e-01
1.082053135904335883e+06	2.001798301423021620e+00	4.053286747055770411e-01
1.086877670688988641e+06	2.010723690774629091e+00	4.066860950881083792e-01
1.091722813884775154e+06	2.019687205686834020e+00	4.080481892948629175e-01
1.096588651265465189e+06	2.028689004841110588e+00	4.094149736483135849e-01
1.101475268955483101e+06	2.037729247567643842e+00	4.107864645286300465e-01
1.106382753431443125e+06	2.046808093848169641e+00	4.121626783738777666e-01
1.111311191523472313e+06	2.055925704318423808e+00	4.135436316802275081e-01
1.116260670416692272e+06	2.065082240270880831e+00	4.149293410021619444e-01
1.121231277652634075e+06	2.074277863657373100e+00	4.163198229526873240e-01
1.126223101130677620e+06	2.083512737091753664e+00	4.177150942035373626e-01
1.131236229109497508e+06	2.092787023852570538e+00	4.191151714853742494e-01
1.136270750208508456e+06	2.102100887885740566e+00	4.205200715880174078e-01
1.141326753409336554e+06	2.111454493807272570e+00	4.219298113606405609e-01
1.146404328057260718e+06	2.120848006905932337e+00	4.233444077119842275e-01
