0.000000000000000000e+00
3.706856885435408913e+03
7.427454558838391677e+03
1.116184395534300711e+04
1.491007619890186470e+04
1.867220260295539629e+04
2.244827467117563356e+04
2.623834409813897219e+04
3.004246277005458251e+04
3.386068276546406560e+04
3.769305635595216881e+04
4.153963600686762948e+04
4.540047437805042136e+04
4.927562432453618385e+04
5.316513889728602953e+04
5.706907134390552528e+04
6.098747510939510539e+04
6.492040383686590940e+04
6.886791136826667935e+04
7.283005174514255486e+04
7.680687920936243609e+04
8.079844820384285413e+04
8.480481337333703414e+04
8.882602956514968537e+04
9.286215182988625020e+04
9.691323542222403921e+04
1.009793358016719576e+05
1.050605086333106738e+05
1.091568097885628231e+05
1.132682953459559940e+05
1.173950215918931644e+05
1.215370450214275625e+05
1.256944223390356638e+05
1.298672104593832046e+05
1.340554665081009734e+05
1.382592478225878440e+05
1.424786119527849369e+05
1.467136166619642172e+05
1.509643199275108054e+05
1.552307799417250790e+05
1.595130551126133651e+05
1.638112040647112299e+05
1.681252856398501899e+05
1.724553588979733177e+05
1.768014831179664470e+05
1.811637177984518930e+05
1.855421226586028934e+05
1.899367576389505994e+05
1.943476829022374004e+05
1.987749588342059869e+05
2.032186460444473196e+05
2.076788053672183305e+05
2.121554978622868657e+05
2.166487848157600965e+05
2.211587277409119997e+05
2.256853883790485561e+05
2.302288287003303412e+05
2.347891109046575148e+05
2.393662974224803038e+05
2.439604509156555869e+05
2.485716342783379368e+05
2.531999106378180441e+05
2.578453433553860523e+05
2.625079960272195749e+05
2.671879324852062855e+05
2.718852167978808284e+05
2.765999132712513674e+05
2.813320864497013390e+05
2.860818011168856174e+05
2.908491222965826746e+05
2.956341152536179870e+05
3.004368454947511200e+05
3.052573787695406936e+05
3.100957810712952632e+05
3.149521186379399151e+05
3.198264579529233743e+05
3.247188657461619005e+05
3.296294089949154295e+05
3.345581549247240182e+05
3.395051710103163496e+05
3.444705249765503686e+05
3.494542847993182950e+05
3.544565187065023929e+05
3.594772951788881328e+05
3.645166829511113465e+05
3.695747510125967674e+05
3.746515686085028574e+05
3.797472052406666335e+05
3.848617306685692165e+05
3.899952149102706462e+05
3.951477282433756627e+05
4.003193412060104311e+05
4.055101245977603830e+05
4.107201494806769770e+05
4.159494871801922563e+05
4.211982092861724086e+05
4.264663876538318582e+05
4.317540944047418889e+05
4.370614019278313499e+05
4.423883828803540673e+05
4.477351101888990961e+05
4.531016570503800176e+05
4.584880969330444932e+05
4.638945035774824210e+05
4.693209509976143017e+05
4.747675134817291982e+05
4.802342655934912618e+05
4.857212821729579009e+05
4.912286383376067970e+05
4.967564094833754934e+05
5.023046712856830563e+05
5.078734997004517354e+05
5.134629709651763551e+05
5.190731615999403875e+05
5.247041484084962867e+05
5.303560084792701527e+05
5.360288191864641849e+05
5.417226581910888199e+05
5.474376034420297947e+05
5.531737331771217287e+05
5.589311259242224041e+05
5.647098605022674892e+05
5.705100160223713610e+05
5.763316718889013864e+05
5.821749078005636111e+05
5.880398037514975294e+05
5.939264400323741138e+05
5.998348972314761486e+05
6.057652562358314171e+05
6.117175982322916389e+05
6.176920047086696140e+05
6.236885574548295699e+05
6.297073385638226755e+05
6.357484304330206942e+05
6.418119157652037684e+05
6.478978775697373785e+05
6.540063991636920255e+05
6.601375641729810741e+05
6.662914565334902145e+05
6.724681604922800325e+05
6.786677606086677406e+05
6.848903417554255575e+05
6.911359891199525446e+05
6.974047882054192014e+05
7.036968248319430277e+05
7.100121851377652492e+05
7.163509555804189295e+05
7.227132229379264172e+05
7.290990743099942338e+05
7.355085971191846766e+05
7.419418791121479589e+05
7.483990083607498091e+05
7.548800732633627485e+05
7.613851625460428186e+05
7.679143652637258638e+05
7.744677708014557138e+05
7.810454688756181858e+05
7.876475495351825375e+05
7.942741031629061326e+05
8.009252204765665811e+05
8.076009925302409101e+05
8.143015107155041769e+05
8.210268667627470568e+05
8.277771527423472144e+05
8.345524610660190228e+05
8.413528844880093820e+05
8.481785161063855048e+05
8.550294493643154856e+05
8.619057780513707548e+05
8.688075963047591504e+05
8.757349986106688157e+05
8.826880798055140767e+05
8.896669350772486068e+05
8.966716599667081609e+05
9.037023503688569181e+05
9.107591025341269560e+05
9.178420130697549321e+05
9.249511789410701022e+05
9.320866974728486966e+05
9.392486663506270852e+05
9.464371836220447440e+05
9.536523476982046850e+05
9.608942573550054803e+05
9.681630117344830651e+05
9.754587103461713996e+05
9.827814530685013160e+05
9.901313401501129847e+05
9.975084722112547606e+05
1.004912950245170156e+06
1.012344875619470607e+06
1.019804350077518495e+06
1.027291475739824120e+06
1.034806355105445255e+06
1.042349091053371551e+06
1.049919786843983922e+06
1.057518546120425919e+06
1.065145472910006298e+06
1.072800671625668649e+06
1.080484247067402583e+06
1.088196304423673544e+06
1.095936949272854952e+06
1.103706287584698759e+06
1.111504425721754786e+06
1.119331470440864097e+06
1.127187528894568328e+06
1.135072708632649388e+06
1.142987117603539489e+06
1.150930864155807998e+06
1.158904057039679028e+06
1.166906805408495013e+06
1.174939218820197508e+06
1.183001407238872256e+06
1.191093481036195997e+06
1.199215550992983393e+06
1.207367728300723247e+06
1.215550124563041609e+06
1.223762851797283627e+06
1.232006022436024621e+06
1.240279749328611419e+06
1.248584145742688328e+06
1.256919325365797617e+06
1.265285402306891046e+06
1.273682491097883787e+06
1.282110706695286091e+06
1.290570164481708780e+06
1.299060980267470237e+06
1.307583270292192232e+06
1.316137151226367801e+06
1.324722740172990598e+06
1.333340154669113457e+06
1.341989512687496841e+06
1.350670932638204657e+06
1.359384533370226622e+06
1.368130434173118323e+06
1.376908754778616130e+06
1.385719615362299606e+06
1.394563136545205023e+06
1.403439439395502675e+06
1.412348645430133212e+06
1.421290876616494264e+06
1.430266255374098197e+06
1.439274904576253146e+06
1.448316947551730089e+06
1.457392508086470887e+06
1.466501710425274447e+06
1.475644679273491260e+06
1.484821539798723534e+06
1.494032417632582132e+06
1.503277438872356899e+06
1.512556730082774069e+06
1.521870418297715019e+06
1.531218631021934561e+06
1.540601496232864913e+06
1.550019142382303253e+06
1.559471698398212437e+06
1.568959293686474208e+06
1.578482058132660110e+06
1.588040122103794478e+06
1.597633616450167727e+06
1.607262672507122159e+06
1.616927422096826602e+06
1.626627997530091554e+06
1.636364531608191319e+06
1.646137157624678221e+06
1.655946009367206600e+06
1.665791221119352616e+06
1.675672927662467118e+06
1.685591264277519193e+06
1.695546366746947635e+06
1.705538371356508695e+06
1.715567414897159208e+06
1.725633634666907601e+06
1.735737168472721707e+06
1.745878154632392339e+06
1.756056731976434123e+06
1.766273039849983994e+06
1.776527218114716001e+06
1.786819407150755171e+06
1.797149747858594172e+06
1.807518381661007646e+06
1.817925450505021960e+06
1.828371096863847226e+06
1.838855463738798629e+06
1.849378694661288988e+06
1.859940933694791049e+06
1.870542325436769985e+06
1.881183015020725317e+06
1.891863148118124809e+06
1.902582870940433815e+06
1.913342330241099466e+06
1.924141673317558598e+06
1.934981048013254534e+06
1.945860602719677612e+06
1.956780486378374510e+06
1.967740848482998088e+06
1.978741839081351645e+06
1.989783608777458780e+06
2.000866308733586222e+06
2.011990090672353748e+06
2.023155106878797058e+06
2.034361510202439968e+06
2.045609454059406649e+06
2.056899092434501741e+06
2.068230579883339815e+06
2.079604071534451097e+06
2.091019723091408610e+06
2.102477690834939014e+06
2.113978131625089794e+06
2.125521202903370839e+06
2.137107062694898341e+06
2.148735869610562921e+06
2.160407782849213108e+06
2.172122962199819274e+06
2.183881568043669686e+06
2.195683761356549803e+06
2.207529703710972331e+06
2.219419557278382592e+06
2.231353484831355046e+06
2.243331649745841976e+06
2.255354216003417037e+06
2.267421348193510436e+06
2.279533211515645962e+06
2.291689971781733446e+06
2.303891795418320689e+06
2.316138849468871951e+06
2.328431301596042700e+06
2.340769320084024686e+06
2.353153073840786703e+06
2.365582732400443871e+06
2.378058465925509576e+06
2.390580445209294092e+06
2.403148841678205878e+06
2.415763827394109219e+06
2.428425575056666974e+06
2.441134258005721495e+06
2.453890050223686732e+06
2.466693126337854192e+06
2.479543661622873042e+06
2.492441832003090996e+06
2.505387814054997638e+06
2.518381785009614192e+06
2.531423922754926607e+06
2.544514405838340521e+06
2.557653413469112478e+06
2.570841125520782080e+06
2.584077722533684224e+06
2.597363385717357043e+06
2.610698296953087207e+06
2.624082638796341605e+06
2.637516594479307532e+06
2.651000347913391888e+06
2.664534083691734355e+06
2.678117987091745250e+06
2.691752244077591226e+06
2.705437041302842088e+06
2.719172566112898756e+06
2.732959006547677796e+06
2.746796551344112959e+06
2.760685389938740525e+06
2.774625712470343802e+06
2.788617709782513324e+06
2.802661573426252231e+06
2.816757495662651490e+06
2.830905669465434272e+06
2.845106288523710333e+06
2.859359547244514339e+06
2.873665640755552799e+06
2.888024764907821547e+06
2.902437116278332658e+06
2.916902892172740307e+06
2.931422290628128685e+06
2.945995510415645316e+06
2.960622751043273602e+06
2.975304212758556474e+06
2.990040096551275346e+06
3.004830604156293906e+06
3.019675938056272920e+06
3.034576301484425087e+06
3.049531898427349515e+06
3.064542933627781924e+06
3.079609612587396987e+06
3.094732141569665633e+06
3.109910727602612227e+06
3.125145578481695149e+06
3.140436902772662230e+06
3.155784909814362414e+06
3.171189809721639846e+06
3.186651813388227019e+06
3.202171132489560172e+06
3.217747979485754855e+06
3.233382567624485120e+06
3.249075110943919979e+06
3.264825824275612831e+06
3.280634923247457482e+06
3.296502624286676757e+06
3.312429144622758962e+06
3.328414702290412039e+06
3.344459516132563353e+06
3.360563805803383701e+06
3.376727791771252640e+06
3.392951695321800187e+06
3.409235738560928963e+06
3.425580144417860545e+06
3.441985136648185551e+06
3.458450939836916514e+06
3.474977779401584528e+06
3.491565881595273502e+06
3.508215473509795964e+06
3.524926783078744076e+06
3.541700039080631919e+06
3.558535471142029390e+06
3.575433309740668163e+06
3.592393786208673380e+06
3.609417132735651918e+06
3.626503582371925004e+06
3.643653369031670503e+06
3.660866727496174164e+06
3.678143893417027779e+06
3.695485103319346905e+06
3.712890594604984857e+06
3.730360605555832386e+06
3.747895375337065198e+06
3.765495144000402652e+06
3.783160152487389743e+06
3.800890642632732168e+06
3.818686857167536393e+06
3.836549039722732268e+06
3.854477434832317755e+06
3.872472287936761975e+06
3.890533845386339352e+06
3.908662354444514960e+06
3.926858063291300088e+06
3.945121221026703715e+06
3.963452077674118802e+06
3.981850884183695540e+06
4.000317892435885035e+06
4.018853355244759470e+06
4.037457526361578144e+06
4.056130660478183068e+06
4.074873013230569661e+06
4.093684841202320531e+06
4.112566401928103529e+06
4.131517953897273168e+06
4.150539756557338871e+06
4.169632070317580365e+06
4.188795156552534550e+06
4.208029277605635114e+06
4.227334696792804636e+06
4.246711678406012245e+06
4.266160487716939300e+06
4.285681390980567783e+06
4.305274655438872986e+06
4.324940549324449152e+06
4.344679341864172369e+06
4.364491303282934241e+06
4.384376704807296395e+06
4.404335818669218570e+06
4.424368918109789491e+06
4.444476277382950298e+06
4.464658171759289689e+06
4.484914877529746853e+06
4.505246672009468079e+06
4.525653833541544154e+06
4.546136641500866041e+06
4.566695376297903247e+06
4.587330319382585585e+06
4.608041753248110414e+06
4.628829961434871890e+06
4.649695228534283116e+06
4.670637840192707255e+06
4.691658083115357906e+06
4.712756245070214383e+06
4.733932614891988225e+06
4.755187482486043125e+06
4.776521138832383789e+06
4.797933875989640132e+06
4.819425987099077553e+06
4.840997766388569027e+06
4.862649509176632389e+06
4.884381511876532808e+06
4.906194072000274435e+06
4.928087488162704743e+06
4.950062060085587204e+06
4.972118088601705618e+06
4.994255875658985227e+06
5.016475724324651062e+06
5.038777938789335079e+06
5.061162824371268973e+06
5.083630687520449981e+06
5.106181835822852328e+06
5.128816578004602343e+06
5.151535223936263472e+06
5.174338084637030028e+06
5.197225472278980538e+06
5.220197700191399083e+06
5.243255082865034230e+06
5.266397935956397094e+06
5.289626576292079873e+06
5.312941321873130277e+06
5.336342491879377514e+06
5.359830406673795544e+06
5.383405387806878425e+06
5.407067758021106012e+06
5.430817841255281121e+06
5.454655962649027817e+06
5.478582448547198437e+06
5.502597626504357904e+06
5.526701825289286673e+06
5.550895374889450148e+06
5.575178606515542604e+06
5.599551852605978958e+06
5.624015446831491776e+06
5.648569724099723622e+06
5.673215020559698343e+06
5.697951673606553115e+06
5.722780021886091679e+06
5.747700405299376696e+06
5.772713165007520467e+06
5.797818643436213955e+06
5.823017184280483983e+06
5.848309132509364747e+06
5.873694834370701574e+06
5.899174637395771220e+06
5.924748890404121950e+06
5.950417943508347496e+06
5.976182148118801415e+06
6.002041856948515400e+06
6.027997424017962068e+06
6.054049204659892246e+06
6.080197555524289608e+06
6.106442834583122283e+06
6.132785401135346852e+06
6.159225615811775438e+06
6.185763840580014512e+06
6.212400438749467954e+06
6.239135774976242334e+06
6.265970215268222615e+06
6.292904126989943907e+06
6.319937878867780790e+06
6.347071840994905680e+06
6.374306384836391546e+06
6.401641883234233595e+06
6.429078710412516259e+06
6.456617241982553154e+06
6.484257854947943240e+06
6.512000927709817886e+06
6.539846840071981773e+06
6.567795973246113397e+06
6.595848709856993519e+06
6.624005433947719634e+06
6.652266530985038728e+06
6.680632387864483520e+06
6.709103392915809527e+06
6.737679935908246785e+06
6.766362408055844717e+06
6.795151202022818848e+06
6.824046711928938515e+06
6.853049333354894072e+06
6.882159463347792625e+06
6.911377500426487997e+06
6.940703844587093219e+06
6.970138897308474407e+06
6.999683061557721347e+06
7.029336741795627400e+06
7.059100343982316554e+06
7.088974275582686998e+06
7.118958945572092198e+06
7.149054764441926964e+06
7.179262144205156714e+06
7.209581498402046040e+06
7.240013242105809972e+06
7.270557791928256862e+06
7.301215566025516950e+06
7.331986984103788622e+06
7.362872467425040901e+06
7.393872438812812790e+06
7.424987322657970712e+06
7.456217544924542308e+06
7.487563533155556768e+06
7.519025716478850693e+06
7.550604525613041595e+06
7.582300392873311415e+06
7.614113752177357674e+06
7.646045039051389322e+06
7.678094690636048093e+06
7.710263145692357793e+06
7.742550844607787207e+06
7.774958229402251542e+06
7.807485743734173477e+06
7.840133832906568423e+06
7.872902943873099983e+06
7.905793525244250894e+06
7.938806027293421328e+06
7.971940901963109151e+06
8.005198602871114388e+06
8.038579585316725075e+06
8.072084306286957115e+06
8.105713224462816492e+06
8.139466800225574523e+06
8.173345495663043112e+06
8.207349774575974792e+06
8.241480102484323084e+06
8.275736946633672342e+06
8.310120776001643389e+06
8.344632061304237694e+06
8.379271275002399459e+06
8.414038891308356076e+06
8.448935386192202568e+06
8.483961237388381734e+06
8.519116924402240664e+06
8.554402928516564891e+06
8.589819732798200101e+06
8.625367822104651481e+06
8.661047683090711012e+06
8.696859804215136915e+06
8.732804675747323781e+06
8.768882789774052799e+06
8.805094640206178650e+06
8.841440722785403952e+06
8.877921535091109574e+06
8.914537576547086239e+06
8.951289348428454250e+06
8.988177353868465871e+06
9.025202097865430638e+06
9.062364087289612740e+06
9.099663830890174955e+06
9.137101839302128181e+06
9.174678625053329393e+06
9.212394702571520582e+06
9.250250588191349059e+06
9.288246800161445513e+06
9.326383858651500195e+06
9.364662285759415478e+06
9.403082605518419296e+06
9.441645343904256821e+06
9.480351028842410073e+06
9.519200190215282142e+06
9.558193359869474545e+06
9.597331071623092517e+06
9.636613861272992566e+06
9.676042266602195799e+06
9.715616827387150377e+06
9.755338085405252874e+06
9.795206584442134947e+06
9.835222870299175382e+06
9.875387490800980479e+06
9.915700995802843943e+06
9.956163937198305503e+06
9.996776868926674128e+06
1.003754034698066115e+07
1.007845492941394076e+07
1.011952117634883150e+07
1.016073964998392947e+07
1.020211091460183635e+07
1.024363553657683916e+07
1.028531408438271657e+07
1.032714712860050797e+07
1.036913524192630127e+07
1.041127899917908385e+07
1.045357897730861232e+07
1.049603575540331937e+07
1.053864991469824500e+07
1.058142203858297504e+07
1.062435271260961518e+07
1.066744252450087294e+07
1.071069206415804103e+07
1.075410192366907187e+07
1.079767269731672667e+07
1.084140498158667609e+07
1.088529937517569214e+07
1.092935647899981029e+07
1.097357689620259032e+07
1.101796123216335848e+07
1.106251009450548328e+07
1.110722409310472012e+07
1.115210384009753540e+07
1.119714994988951460e+07
1.124236303916372918e+07
1.128774372688923590e+07
1.133329263432950340e+07
1.137901038505093753e+07
1.142489760493141785e+07
1.147095492216886207e+07
1.151718296728984080e+07
1.156358237315817364e+07
1.161015377498362772e+07
1.165689781033060141e+07
1.170381511912684701e+07
1.175090634367225319e+07
1.179817212864760123e+07
1.184561312112343311e+07
1.189322997056886926e+07
1.194102332886054739e+07
1.198899385029147379e+07
1.203714219158007018e+07
1.208546901187909395e+07
1.213397497278468870e+07
1.218266073834545352e+07
1.223152697507152334e+07
1.228057435194364004e+07
1.232980354042244330e+07
1.237921521445751935e+07
1.242881005049671419e+07
1.247858872749532945e+07
1.252855192692554183e+07
1.257870033278558217e+07
1.262903463160916977e+07
1.267955551247494295e+07
1.273026366701582447e+07
1.278115978942850977e+07
1.283224457648298703e+07
1.288351872753209807e+07
1.293498294452106021e+07
1.298663793199713156e+07
1.303848439711918682e+07
1.309052304966746084e+07
1.314275460205323435e+07
1.319517976932861470e+07
1.324779926919627562e+07
1.330061382201933861e+07
1.335362415083116852e+07
1.340683098134535179e+07
1.346023504196557589e+07
1.351383706379561312e+07
1.356763778064935282e+07
1.362163792906081676e+07
1.367583824829423241e+07
1.373023948035417497e+07
1.378484236999577843e+07
1.383964766473479569e+07
1.389465611485796794e+07
1.394986847343323752e+07
1.400528549632004648e+07
1.406090794217971154e+07
1.411673657248580642e+07
1.417277215153454803e+07
1.422901544645533897e+07
1.428546722722113505e+07
1.434212826665916294e+07
1.439899934046137519e+07
1.445608122719507664e+07
1.451337470831364579e+07
1.457088056816721149e+07
1.462859959401331842e+07
1.468653257602780312e+07
1.474468030731555074e+07
1.480304358392140642e+07
1.486162320484098792e+07
1.492041997203171998e+07
1.497943469042377360e+07
1.503866816793104634e+07
1.509812121546224318e+07
1.515779464693205059e+07
1.521768927927216329e+07
1.527780593244256638e+07
1.533814542944269814e+07
1.539870859632275812e+07
1.545949626219497994e+07
1.552050925924497470e+07
1.558174842274320498e+07
1.564321459105629101e+07
1.570490860565861687e+07
1.576683131114376336e+07
1.582898355523609370e+07
1.589136618880238384e+07
1.595398006586343795e+07
1.601682604360579699e+07
1.607990498239345104e+07
1.614321774577970058e+07
1.620676520051883161e+07
1.627054821657812223e+07
1.633456766714965552e+07
1.639882442866232246e+07
1.646331938079386577e+07
1.652805340648278967e+07
1.659302739194056019e+07
1.665824222666369379e+07
1.672369880344594270e+07
1.678939801839054003e+07
1.685534077092242986e+07
1.692152796380056813e+07
1.698796050313036516e+07
1.705463929837596789e+07
1.712156526237287000e+07
1.718873931134022027e+07
1.725616236489348859e+07
1.732383534605705366e+07
1.739175918127682060e+07
1.745993480043284595e+07
1.752836313685214520e+07
1.759704512732147425e+07
1.766598171210008115e+07
1.773517383493262529e+07
1.780462244306210428e+07
1.787432848724279553e+07
1.794429292175332084e+07
1.801451670440965891e+07
1.808500079657824710e+07
1.815574616318919510e+07
1.822675377274948359e+07
1.829802459735618904e+07
1.836955961270980537e+07
1.844135979812765121e+07
1.851342613655718043e+07
1.858575961458952352e+07
1.865836122247295082e+07
1.873123195412646979e+07
1.880437280715334788e+07
1.887778478285487741e+07
1.895146888624401763e+07
1.902542612605914474e+07
1.909965751477790996e+07
1.917416406863103434e+07
1.924894680761635303e+07
1.932400675551256537e+07
1.939934493989348412e+07
1.947496239214188606e+07
1.955086014746382087e+07
1.962703924490266293e+07
1.970350072735335305e+07
1.978024564157674462e+07
1.985727503821384162e+07
1.993458997180023789e+07
2.001219150078053400e+07
2.009008068752286583e+07
2.016825859833336622e+07
2.024672630347084627e+07
2.032548487716139480e+07
2.040453539761311933e+07
2.048387894703086838e+07
2.056351661163108423e+07
2.064344948165667430e+07
2.072367865139189363e+07
2.080420521917735040e+07
2.088503028742506728e+07
2.096615496263352782e+07
2.104758035540286452e+07
2.112930758045002073e+07
2.121133775662408769e+07
2.129367200692151114e+07
2.137631145850154757e+07
2.145925724270167574e+07
2.154251049505309016e+07
2.162607235529622063e+07
2.170994396739634871e+07
2.179412647955925763e+07
2.187862104424703866e+07
2.196342881819369644e+07
2.204855096242114902e+07
2.213398864225503057e+07
2.221974302734067664e+07
2.230581529165914282e+07
2.239220661354323104e+07
2.247891817569368333e+07
2.256595116519534960e+07
2.265330677353340760e+07
2.274098619660970941e+07
2.282899063475914672e+07
2.291732129276607558e+07
2.300597937988084555e+07
2.309496610983628407e+07
2.318428270086436346e+07
2.327393037571286783e+07
2.336391036166216061e+07
2.345422389054190367e+07
2.354487219874803349e+07
2.363585652725958824e+07
2.372717812165575102e+07
2.381883823213288561e+07
2.391083811352165416e+07
2.400317902530420199e+07
2.409586223163140193e+07
2.418888900134013966e+07
2.428226060797069222e+07
2.437597832978419214e+07
2.447004344978006929e+07
2.456445725571368262e+07
2.465922104011391103e+07
2.475433610030082241e+07
2.484980373840349540e+07
2.494562526137780026e+07
2.504180198102432489e+07
2.513833521400629729e+07
2.523522628186759353e+07
2.533247651105093583e+07
2.543008723291595280e+07
2.552805978375736997e+07
2.562639550482349098e+07
2.572509574233432859e+07
2.582416184750017151e+07
2.592359517654003203e+07
2.602339709070027992e+07
2.612356895627321675e+07
2.622411214461578429e+07
2.632502803216833621e+07
2.642631800047351047e+07
2.652798343619514629e+07
2.663002573113713413e+07
2.673244628226277605e+07
2.683524649171354994e+07
2.693842776682856679e+07
2.704199152016367018e+07
2.714593916951091960e+07
2.725027213791786879e+07
2.735499185370711982e+07
2.746009975049587712e+07
2.756559726721556857e+07
2.767148584813150764e+07
2.777776694286270067e+07
2.788444200640169159e+07
2.799151249913449213e+07
2.809897988686047494e+07
2.820684564081261307e+07
2.831511123767748848e+07
2.842377815961554646e+07
2.853284789428141713e+07
2.864232193484418839e+07
2.875220178000801057e+07
2.886248893403246626e+07
2.897318490675318614e+07
2.908429121360257268e+07
2.919580937563051656e+07
2.930774091952520981e+07
2.942008737763408944e+07
2.953285028798476979e+07
2.964603119430608302e+07
2.975963164604929835e+07
2.987365319840923697e+07
2.998809741234562546e+07
3.010296585460444167e+07
3.021826009773937240e+07
3.033398172013330832e+07
3.045013230601999164e+07
3.056671344550571218e+07
3.068372673459107056e+07
3.080117377519274130e+07
3.091905617516555265e+07
3.103737554832437262e+07
3.115613351446625590e+07
3.127533169939262047e+07
3.139497173493153229e+07
3.151505525895991921e+07
3.163558391542619467e+07
3.175655935437257588e+07
3.187798323195780441e+07
3.199985721047969535e+07
3.212218295839802548e+07
3.224496215035729855e+07
3.236819646720965579e+07
3.249188759603795409e+07
3.261603723017881811e+07
3.274064706924581528e+07
3.286571881915277243e+07
3.299125419213701785e+07
3.311725490678299218e+07
3.324372268804562837e+07
3.337065926727399230e+07
3.349806638223510981e+07
3.362594577713754028e+07
3.375429920265545696e+07
3.388312841595251858e+07
3.401243518070594966e+07
3.414222126713062078e+07
3.427248845200338960e+07
3.440323851868735254e+07
3.453447325715628266e+07
3.466619446401908249e+07
3.479840394254452735e+07
3.493110350268577784e+07
3.506429496110518277e+07
3.519798014119932055e+07
3.533216087312377244e+07
3.546683899381824583e+07
3.560201634703172743e+07
3.573769478334768116e+07
3.587387616020953655e+07
3.601056234194590151e+07
3.614775519979614764e+07
3.628545661193614453e+07
3.642366846350386739e+07
3.656239264662522823e+07
3.670163106043994427e+07
3.684138561112762243e+07
3.698165821193380654e+07
3.712245078319614381e+07
3.726376525237064809e+07
3.740560355405821651e+07
3.754796763003099710e+07
3.769085942925903201e+07
3.783428090793693066e+07
3.797823402951057255e+07
3.812272076470410079e+07
3.826774309154684097e+07
3.841330299540034682e+07
3.855940246898571402e+07
3.870604351241069287e+07
3.885322813319716603e+07
3.900095834630864114e+07
3.914923617417776585e+07
3.929806364673409611e+07
