0.000000000000000000e+00	0.000000000000000000e+00	0.000000000000000000e+00
5.105164988899450407e+01	6.607880986389996813e-05	2.547577409633542886e-02
1.021693693817209407e+02	1.322762120969285537e-04	2.544394734622033513e-02
1.533584436302760139e+02	1.985660153754047891e-04	2.541462537352298656e-02
2.046239791530629191e+02	2.649548327534088444e-04	2.538771450109678432e-02
2.559709126876980747e+02	3.314490574133258202e-04	2.536312557778916746e-02
3.074040195716020207e+02	3.980548735190075145e-04	2.534077373826744764e-02
3.589279216770951280e+02	4.647782664920018067e-04	2.532057817643735761e-02
4.105470949262495992e+02	5.316250327435498215e-04	2.530246193165143487e-02
4.622658764092852834e+02	5.986007888931583944e-04	2.528635168695163998e-02
5.140884711288318840e+02	6.657109805026545672e-04	2.527217757863693681e-02
5.660189583910902229e+02	7.329608903529617704e-04	2.525987301649048819e-02
6.180612978637502692e+02	8.003556462893127469e-04	2.524937451404226860e-02
6.702193353191951246e+02	8.679002286588977056e-04	2.524062152827736757e-02
7.224968080806501121e+02	9.355994773638130410e-04	2.523355630824101678e-02
7.748973501877259196e+02	1.003458098550617360e-03	2.522812375201975710e-02
8.274244972969302125e+02	1.071480670956660112e-03	2.522427127161296773e-02
8.800816913317850094e+02	1.139671651932141604e-03	2.522194866523689780e-02
9.328722848963908518e+02	1.208035383155826609e-03	2.522110799663068378e-02
9.857995454653790830e+02	1.276576096061175043e-03	2.522170348095958622e-02
1.038866659362538485e+03	1.345297916988794432e-03	2.522369137693713029e-02
1.092076735539640140e+03	1.414204872080145579e-03	2.522702988480643449e-02
1.145432809166421976e+03	1.483300891926690171e-03	2.523167904984698756e-02
1.198937845041746868e+03	1.552589815987453440e-03	2.523760067108896110e-02
1.252594740835953417e+03	1.622075396787975906e-03	2.524475821493887481e-02
1.306406330173199876e+03	1.691761303912048047e-03	2.525311673343751465e-02
1.360375385562564134e+03	1.761651127797580173e-03	2.526264278688536077e-02
1.414504621185970791e+03	1.831748383347059621e-03	2.527330437059173429e-02
1.468796695550584445e+03	1.902056513362483442e-03	2.528507084550937062e-02
1.523254214012857801e+03	1.972578891814082223e-03	2.529791287254057330e-02
1.577879731181099714e+03	2.043318826951723809e-03	2.531180235030646222e-02
1.632675753202945316e+03	2.114279564267257643e-03	2.532671235618458652e-02
1.687644739943774766e+03	2.185464289315635928e-03	2.534261709043346758e-02
1.742789107061882305e+03	2.256876130402323596e-03	2.535949182323164394e-02
1.798111227985708183e+03	2.328518161143875928e-03	2.537731284446872668e-02
1.853613435798278260e+03	2.400393402908343639e-03	2.539605741613764484e-02
1.909298025033733211e+03	2.472504827141836729e-03	2.541570372718013684e-02
1.965167253390348606e+03	2.544855357586936571e-03	2.543623085065575828e-02
2.021223343364507400e+03	2.617447872398738929e-03	2.545761870310300420e-02
2.077468483809584995e+03	2.690285206163660087e-03	2.547984800597268701e-02
2.133904831423652013e+03	2.763370151826056303e-03	2.550290024902246086e-02
2.190534512169590016e+03	2.836705462527314755e-03	2.552675765556191093e-02
2.247359622631052844e+03	2.910293853361862939e-03	2.555140314945257562e-02
2.304382231307536586e+03	2.984138003054328386e-03	2.557682032376350570e-02
2.361604379851621616e+03	3.058240555561796484e-03	2.560299341099427431e-02
2.419028084251321161e+03	3.132604121604992339e-03	2.562990725478264328e-02
2.476655335960205321e+03	3.207231280131819275e-03	2.565754728301539514e-02
2.534488102977992639e+03	3.282124579716759818e-03	2.568589948226767880e-02
2.592528330884020761e+03	3.357286539899248697e-03	2.571495037350046697e-02
2.650777943825886268e+03	3.432719652463990263e-03	2.574468698894859242e-02
2.709238845465560644e+03	3.508426382666204532e-03	2.577509685013660082e-02
2.767912919885010979e+03	3.584409170404432958e-03	2.580616794696348471e-02
2.826802032453301308e+03	3.660670431343456162e-03	2.583788871779822693e-02
2.885908030656956271e+03	3.737212557989643379e-03	2.587024803053519090e-02
2.945232744895643464e+03	3.814037920721375600e-03	2.590323516455839831e-02
3.004777989244513265e+03	3.891148868776303591e-03	2.593683979356579961e-02
3.064545562185026029e+03	3.968547731197786567e-03	2.597105196921202508e-02
3.124537247305651363e+03	4.046236817742313897e-03	2.600586210552415303e-02
3.184754813973916953e+03	4.124218419749831922e-03	2.604126096405207091e-02
3.245200017981295332e+03	4.202494810978883201e-03	2.607723963971581016e-02
3.305874602161885832e+03	4.281068248407822810e-03	2.611378954731392865e-02
3.366780296986426492e+03	4.359940973004075397e-03	2.615090240865868346e-02
3.427918821132683661e+03	4.439115210462802122e-03	2.618857024030634903e-02
3.489291882033318416e+03	4.518593171916411230e-03	2.622678534185360344e-02
3.550901176402316196e+03	4.598377054616284432e-03	2.626554028476974292e-02
3.612748390740769537e+03	4.678469042587793739e-03	2.630482790173823901e-02
3.674835201823297211e+03	4.758871307260211653e-03	2.634464127648335208e-02
3.737163277165750060e+03	4.839586008072415020e-03	2.638497373405603377e-02
3.799734275475146660e+03	4.920615293055553494e-03	2.642581883155609851e-02
3.862549847082528686e+03	5.001961299393613281e-03	2.646717034927099227e-02
3.925611634359673189e+03	5.083626153963068800e-03	2.650902228220939141e-02
3.988921272120304366e+03	5.165611973852460119e-03	2.655136883200889461e-02
4.052480388006451903e+03	5.247920866862734041e-03	2.659420439920217455e-02
4.116290602860744912e+03	5.330554931989384473e-03	2.663752357582188299e-02
4.180353531085085706e+03	5.413516259886930714e-03	2.668132113832852315e-02
4.244670780986509271e+03	5.496806933316820444e-03	2.672559204084667614e-02
4.309243955110569914e+03	5.580429027579169449e-03	2.677033140869311545e-02
4.374074650563075011e+03	5.664384610929421374e-03	2.681553453218355615e-02
4.439164459320329115e+03	5.748675744980114022e-03	2.686119686070505969e-02
4.504514968528705140e+03	5.833304485088830309e-03	2.690731399704017479e-02
4.570127760793925518e+03	5.918272880732833481e-03	2.695388169193324232e-02
4.636004414460097905e+03	6.003582975870411752e-03	2.700089583888403560e-02
4.702146503879767806e+03	6.089236809290610695e-03	2.704835246916105496e-02
4.768555599674445148e+03	6.175236414950617883e-03	2.709624774702323532e-02
4.835233268986852636e+03	6.261583822302434731e-03	2.714457796513950610e-02
4.902181075724403854e+03	6.348281056608178104e-03	2.719333954019742539e-02
4.969400580795092537e+03	6.435330139245567724e-03	2.724252900869355079e-02
5.036893342335441048e+03	6.522733088003122327e-03	2.729214302289453831e-02
5.104660915931376621e+03	6.610491917366199087e-03	2.734217834696398355e-02
5.172704854831801640e+03	6.698608638793572718e-03	2.739263185324445835e-02
5.241026710155707406e+03	6.787085260985650619e-03	2.744350051869126270e-02
5.309628031092705896e+03	6.875923790144164438e-03	2.749478142144675188e-02
5.378510365097235990e+03	6.965126230223673762e-03	2.754647173755321934e-02
5.447675258077020771e+03	7.054694583175626088e-03	2.759856873779480829e-02
5.517124254575626765e+03	7.144630849184761476e-03	2.765106978466449691e-02
5.586858897949815400e+03	7.234937026898799473e-03	2.770397232944969007e-02
5.656880730541202865e+03	7.325615113650735255e-03	2.775727390943165743e-02
5.727191293843460699e+03	7.416667105675373017e-03	2.781097214519462693e-02
5.797792128664050324e+03	7.508094998318764340e-03	2.786506473803665451e-02
5.868684775281722068e+03	7.599900786242182182e-03	2.791954946748207572e-02
5.939870773599267523e+03	7.692086463619941805e-03	2.797442418888744509e-02
6.011351663292223748e+03	7.784654024331958549e-03	2.802968683113931173e-02
6.083128983953212810e+03	7.877605462150690310e-03	2.808533539443911972e-02
6.155204275232438704e+03	7.970942770923064927e-03	2.814136794817077500e-02
6.227579076974243435e+03	8.064667944747338710e-03	2.819778262884796091e-02
6.300254929350109705e+03	8.158782978145326728e-03	2.825457763813872536e-02
6.373233372988103838e+03	8.253289866230039545e-03	2.831175124096165299e-02
6.446515949098747114e+03	8.348190604868683043e-03	2.836930176365435458e-02
6.520104199597953993e+03	8.443487190841871340e-03	2.842722759220654358e-02
6.593999667226338715e+03	8.539181621998128205e-03	2.848552717055870265e-02
6.668203895666008066e+03	8.635275897405137596e-03	2.854419899896313076e-02
6.742718429653997191e+03	8.731772017496634841e-03	2.860324163240240275e-02
6.817544815093241596e+03	8.828671984216138885e-03	2.866265367906571312e-02
6.892684599160494145e+03	8.925977801156679062e-03	2.872243379887919751e-02
6.968139330411845549e+03	9.023691473697468754e-03	2.878258070208817090e-02
7.043910558885849241e+03	9.121815009137442670e-03	2.884309314789004416e-02
7.119999836203876839e+03	9.220350416825217124e-03	2.890396994311408840e-02
7.196408715668388140e+03	9.319299708286361492e-03	2.896520994094933105e-02
7.273138752359042883e+03	9.418664897347852477e-03	2.902681203971395341e-02
7.350191503226217719e+03	9.518448000259183833e-03	2.908877518166946494e-02
7.427568527182939761e+03	9.618651035811429106e-03	2.915109835187460960e-02
7.505271385194329014e+03	9.719276025453062184e-03	2.921378057707829656e-02
7.583301640365642925e+03	9.820324993403975466e-03	2.927682092465139913e-02
7.661660858027860741e+03	9.921799966766318285e-03	2.934021850155352912e-02
7.740350605821882709e+03	1.002370297563353468e-02	2.940397245333441212e-02
7.819372453780751130e+03	1.012603605319683901e-02	2.946808196317041162e-02
7.898727974410319803e+03	1.022880123584968444e-02	2.953254625093121311e-02
7.978418742768229095e+03	1.033200056329004052e-02	2.959736457227850684e-02
8.058446336541269375e+03	1.043563607862057173e-02	2.966253621779491381e-02
8.138812336121362023e+03	1.053970982844704141e-02	2.972806051213969930e-02
8.219518324679997022e+03	1.064422386297470165e-02	2.979393681323447632e-02
8.300565888241109860e+03	1.074918023610268308e-02	2.986016451147308765e-02
8.381956615752917060e+03	1.085458100551700729e-02	2.992674302895888955e-02
8.463692099158211931e+03	1.096042823278163547e-02	2.999367181876535712e-02
8.545773933463433423e+03	1.106672398342789174e-02	3.006095036422105210e-02
8.628203716806370721e+03	1.117347032704216724e-02	3.012857817821735368e-02
8.710983050522967460e+03	1.128066933735242042e-02	3.019655480253743626e-02
8.794113539212819887e+03	1.138832309231299113e-02	3.026487980720768758e-02
8.877596790803409021e+03	1.149643367418779101e-02	3.033355278986824347e-02
8.961434416613685244e+03	1.160500316963264909e-02	3.040257337516419356e-02
9.045628031416008525e+03	1.171403366977550632e-02	3.047194121415509882e-02
9.130179253497777609e+03	1.182352727029625794e-02	3.054165598374311216e-02
9.215089704721507587e+03	1.193348607150452462e-02	3.061171738611840470e-02
9.300361010584210817e+03	1.204391217841656141e-02	3.068212514822216477e-02
9.385994800276022943e+03	1.215480770083118313e-02	3.075287902122631617e-02
9.471992706737495610e+03	1.226617475340396717e-02	3.082397878002697544e-02
9.558356366716781849e+03	1.237801545572127584e-02	3.089542422275616887e-02
9.645087420825184381e+03	1.249033193237223359e-02	3.096721517030585902e-02
9.732187513592423784e+03	1.260312631302027385e-02	3.103935146586789609e-02
9.819658293521139058e+03	1.271640073247372327e-02	3.111183297448691723e-02
9.907501413140249497e+03	1.283015733075490439e-02	3.118465958262642626e-02
9.995718529057954584e+03	1.294439825316878387e-02	3.125783119774804691e-02
1.008431130201411179e+04	1.305912565037077762e-02	3.133134774790369975e-02
1.017328139693176126e+04	1.317434167843350296e-02	3.140520918133835049e-02
1.026263048296770285e+04	1.329004849891225921e-02	3.147941546610583119e-02
1.035236023356313672e+04	1.340624827891060376e-02	3.155396658969525370e-02
1.044247232649325451e+04	1.352294319114459575e-02	3.162886255866761281e-02
1.053296844391620471e+04	1.364013541400617771e-02	3.170410339830436602e-02
1.062385027242170327e+04	1.375782713162614773e-02	3.177968915226467989e-02
1.071511950307881489e+04	1.387602053393603187e-02	3.185561988225341090e-02
1.080677783148363233e+04	1.399471781672981772e-02	3.193189566769841919e-02
1.089882695780612448e+04	1.411392118172464551e-02	3.200851660543628519e-02
1.099126858683642240e+04	1.423363283662072536e-02	3.208548280940812236e-02
1.108410442803090700e+04	1.435385499516103266e-02	3.216279441036353631e-02
1.117733619555756741e+04	1.447458987719004928e-02	3.224045155557195286e-02
1.127096560834119191e+04	1.459583970871228438e-02	3.231845440854392432e-02
1.136499439010765491e+04	1.471760672194961754e-02	3.239680314875839628e-02
1.145942426942842758e+04	1.483989315539895396e-02	3.247549797139798883e-02
1.155425697976404626e+04	1.496270125388850583e-02	3.255453908709336763e-02
1.164949425950774275e+04	1.508603326863430967e-02	3.263392672167185482e-02
1.174513785202802865e+04	1.520989145729534191e-02	3.271366111591507420e-02
1.184118950571186360e+04	1.533427808402946027e-02	3.279374252532231415e-02
1.193765097400645755e+04	1.545919541954750460e-02	3.287417121988068375e-02
1.203452401546130204e+04	1.558464574116775331e-02	3.295494748384110439e-02
1.213181039376981789e+04	1.571063133286984201e-02	3.303607161550143473e-02
1.222951187781061344e+04	1.583715448534819825e-02	3.311754392699395311e-02
1.232763024168833545e+04	1.596421749606494189e-02	3.319936474407981369e-02
1.242616726477437442e+04	1.609182266930259814e-02	3.328153440594849855e-02
1.252512473174717888e+04	1.621997231621631272e-02	3.336405326502288327e-02
1.262450443263249690e+04	1.634866875488594912e-02	3.344692168676940275e-02
1.272430816284287539e+04	1.647791431036725943e-02	3.353014004951285904e-02
1.282453772321743782e+04	1.660771131474338136e-02	3.361370874425722438e-02
1.292519492006116525e+04	1.673806210717570728e-02	3.369762817451046888e-02
1.302628156518374999e+04	1.686896903395422240e-02	3.378189875611382897e-02
1.312779947593863471e+04	1.700043444854802688e-02	3.386652091707584300e-02
1.322975047526142771e+04	1.713246071165510503e-02	3.395149509741126476e-02
1.333213639170827446e+04	1.726505019125201476e-02	3.403682174898371715e-02
1.343495905949417465e+04	1.739820526264350409e-02	3.412250133535205121e-02
1.353822031853080443e+04	1.753192830851149978e-02	3.420853433162146517e-02
1.364192201446421313e+04	1.766622171896390162e-02	3.429492122429849549e-02
1.374606599871241633e+04	1.780108789158329347e-02	3.438166251114926908e-02
1.385065412850287430e+04	1.793652923147546346e-02	3.446875870106196060e-02
1.395568826690969945e+04	1.807254815131758771e-02	3.455621031391267056e-02
1.406117028289041809e+04	1.820914707140583802e-02	3.464401788043425245e-02
1.416710205132311967e+04	1.834632841970350314e-02	3.473218194208965715e-02
1.427348545304319669e+04	1.848409463188854449e-02	3.482070305094720625e-02
1.438032237487968086e+04	1.862244815140066262e-02	3.490958176956016762e-02
1.448761470969178845e+04	1.876139142948862401e-02	3.499881867084943948e-02
1.459536435640544914e+04	1.890092692525757734e-02	3.508841433798799703e-02
1.470357322004892194e+04	1.904105710571514509e-02	3.517836936428991867e-02
1.481224321178916762e+04	1.918178444581855949e-02	3.526868435310145239e-02
1.492137624896788475e+04	1.932311142852130917e-02	3.535935991769448283e-02
1.503097425513697453e+04	1.946504054481907817e-02	3.545039668116371778e-02
1.514103916009441491e+04	1.960757429379618444e-02	3.554179527632607416e-02
1.525157289991971811e+04	1.975071518267152229e-02	3.563355634562227758e-02
1.536257741700937368e+04	1.989446572684443887e-02	3.572568054102132767e-02
1.547405466011246790e+04	2.003882844994088822e-02	3.581816852392744749e-02
1.558600658436569756e+04	2.018380588385873531e-02	3.591102096508944075e-02
1.569843515132872926e+04	2.032940056881357357e-02	3.600423854451232503e-02
1.581134232901909127e+04	2.047561505338392485e-02	3.609782195137085925e-02
1.592473009194735641e+04	2.062245189455675157e-02	3.619177188392622840e-02
1.603860042115224678e+04	2.076991365777296553e-02	3.628608904944346375e-02
1.615295530423511809e+04	2.091800291697206229e-02	3.638077416411210352e-02
1.626779673539514988e+04	2.106672225463769588e-02	3.647582795296884506e-02
1.638312671546383353e+04	2.121607426184234091e-02	3.657125114982173741e-02
1.649894725193988052e+04	2.136606153829250301e-02	3.666704449717611558e-02
1.661526035902367221e+04	2.151668669237332202e-02	3.676320874616303969e-02
1.673206805765192621e+04	2.166795234119347699e-02	3.685974465646946890e-02
1.684937237553253726e+04	2.181986111063029601e-02	3.695665299627031580e-02
1.696717534717813760e+04	2.197241563537321446e-02	3.705393454216091009e-02
1.708547901394179280e+04	2.212561855897002272e-02	3.715159007909396571e-02
1.720428542405030385e+04	2.227947253386996368e-02	3.724962040031531280e-02
1.732359663263922994e+04	2.243398022146908879e-02	3.734802630730284928e-02
1.744341470178729651e+04	2.258914429215485437e-02	3.744680860970711622e-02
1.756374170055011928e+04	2.274496742534975330e-02	3.754596812529270577e-02
1.768457970499512885e+04	2.290145230955654976e-02	3.764550567988179247e-02
1.780593079823508015e+04	2.305860164240169582e-02	3.774542210729880248e-02
1.792779707046345720e+04	2.321641813068115595e-02	3.784571824931644984e-02
1.805018061898744782e+04	2.337490449040312279e-02	3.794639495560375025e-02
1.817308354826303912e+04	2.353406344683345308e-02	3.804745308367502021e-02
1.829650796992881078e+04	2.369389773453944512e-02	3.814889349884013903e-02
1.842045600284006650e+04	2.385441009743404644e-02	3.825071707415636513e-02
1.854492977310332208e+04	2.401560328882047443e-02	3.835292469038083935e-02
1.866993141411021497e+04	2.417748007143617414e-02	3.845551723592592619e-02
1.879546306657182868e+04	2.434004321749725849e-02	3.855849560681381960e-02
1.892152687855309341e+04	2.450329550874302126e-02	3.866186070663340385e-02
1.904812500550616460e+04	2.466723973647922882e-02	3.876561344649819690e-02
1.917525961030557664e+04	2.483187870162357341e-02	3.886975474500544564e-02
1.930293286328176328e+04	2.499721521474913485e-02	3.897428552819653252e-02
1.943114694225573112e+04	2.516325209612925440e-02	3.907920672951740310e-02
1.955990403257284197e+04	2.532999217578128792e-02	3.918451928978208126e-02
1.968920632713739542e+04	2.549743829351139648e-02	3.929022415713511601e-02
1.981905602644678584e+04	2.566559329895878871e-02	3.939632228701646366e-02
1.994945533862558659e+04	2.583446005163983136e-02	3.950281464212658522e-02
2.008040647946000536e+04	2.600404142099269067e-02	3.960970219239335482e-02
2.021191167243211748e+04	2.617434028642165803e-02	3.971698591493897507e-02
2.034397314875437951e+04	2.634535953734184685e-02	3.982466679404852300e-02
2.047659314740365880e+04	2.651710207322327539e-02	3.993274582113922472e-02
2.060977391515616182e+04	2.668957080363604933e-02	4.004122399473054178e-02
2.074351770662101990e+04	2.686276864829393457e-02	4.015010232041508337e-02
2.087782678427553401e+04	2.703669853709990412e-02	4.025938181083083683e-02
2.101270341849939723e+04	2.721136341019054702e-02	4.036906348563385621e-02
2.114814988760890265e+04	2.738676621798032118e-02	4.047914837147149197e-02
2.128416847789210806e+04	2.756290992120706898e-02	4.058963750195736242e-02
2.142076148364285109e+04	2.773979749097612788e-02	4.070053191764652634e-02
2.155793120719573926e+04	2.791743190880558931e-02	4.081183266601056542e-02
2.169567995896074717e+04	2.809581616667114479e-02	4.092354080141569900e-02
2.183401005745784641e+04	2.827495326705087644e-02	4.103565738509962202e-02
2.197292382935191563e+04	2.845484622297052638e-02	4.114818348514922425e-02
2.211242360948743226e+04	2.863549805804839130e-02	4.126112017648037034e-02
2.225251174092339352e+04	2.881691180654052595e-02	4.137446854081785336e-02
2.239319057496839378e+04	2.899909051338622062e-02	4.148822966667449486e-02
2.253446247121521810e+04	2.918203723425275703e-02	4.160240464933346455e-02
2.267632979757637077e+04	2.936575503558142355e-02	4.171699459082947592e-02
2.281879493031845050e+04	2.955024699463204563e-02	4.183200059993111286e-02
2.296186025409835202e+04	2.973551619952985448e-02	4.194742379212385713e-02
2.310552816199724111e+04	2.992156574930950400e-02	4.206326528959395544e-02
2.324980105555660339e+04	3.010839875396172441e-02	4.217952622121290407e-02
2.339468134481325615e+04	3.029601833447868181e-02	4.229620772252133676e-02
2.354017144833510974e+04	3.048442762290027100e-02	4.241331093571559796e-02
2.368627379325564834e+04	3.067362976235882277e-02	4.253083700963321279e-02
2.383299081531067350e+04	3.086362790712659718e-02	4.264878709973970311e-02
2.398032495887328332e+04	3.105442522266116390e-02	4.276716236811646532e-02
2.412827867698905538e+04	3.124602488565091443e-02	4.288596398344667049e-02
2.427685443141235737e+04	3.143843008406210088e-02	4.300519312100541114e-02
2.442605469264239582e+04	3.163164401718553120e-02	4.312485096264806472e-02
2.457588193995792608e+04	3.182566989568148125e-02	4.324493869679815750e-02
2.472633866145420325e+04	3.202051094162760431e-02	4.336545751843978724e-02
2.487742735407898726e+04	3.221617038856550153e-02	4.348640862910618105e-02
2.502915052366751479e+04	3.241265148154602593e-02	4.360779323687087594e-02
2.518151068497977394e+04	3.260995747717758408e-02	4.372961255633972533e-02
2.533451036173643661e+04	3.280809164367263359e-02	4.385186780864196859e-02
2.548815208665505634e+04	3.300705726089455533e-02	4.397456022142281346e-02
2.564243840148610980e+04	3.320685762040435918e-02	4.409769102883675379e-02
2.579737185704980584e+04	3.340749602550834724e-02	4.422126147153944420e-02
2.595295501327287639e+04	3.360897579130572160e-02	4.434527279668244726e-02
2.610919043922482160e+04	3.381130024473553985e-02	4.446972625790771710e-02
2.626608071315448979e+04	3.401447272462411464e-02	4.459462311534049400e-02
2.642362842252695918e+04	3.421849658173274633e-02	4.471996463558642471e-02
2.658183616406103465e+04	3.442337517880628139e-02	4.484575209172503296e-02
2.674070654376503444e+04	3.462911189061946421e-02	4.497198676330611822e-02
2.690024217697504355e+04	3.483571010402647383e-02	4.509866993634677884e-02
2.706044568839131898e+04	3.504317321800805990e-02	4.522580290332756103e-02
2.722131971211564451e+04	3.525150464371994835e-02	4.535338696318839957e-02
2.738286689168859448e+04	3.546070780454104593e-02	4.548142342132795168e-02
2.754508988012713962e+04	3.567078613612218591e-02	4.560991358959916309e-02
2.770799133996214732e+04	3.588174308643467258e-02	4.573885878630973983e-02
2.787157394327553993e+04	3.609358211581838866e-02	4.586826033621831111e-02
2.803584037173868273e+04	3.630630669703154706e-02	4.599811957053505374e-02
2.820079331664981873e+04	3.651992031529911753e-02	4.612843782692110234e-02
2.836643547897160533e+04	3.673442646836145437e-02	4.625921644948620404e-02
2.853276956936974602e+04	3.694982866652438830e-02	4.639045678879042539e-02
2.869979830825050885e+04	3.716613043270768080e-02	4.652216020184259809e-02
2.886752442579937269e+04	3.738333530249520614e-02	4.665432805210384393e-02
2.903595066201894952e+04	3.760144682418396084e-02	4.678696170948629107e-02
2.920507976676751423e+04	3.782046855883402364e-02	4.692006255035438556e-02
2.937491449979751269e+04	3.804040408031839765e-02	4.705363195752750027e-02
2.954545763079406242e+04	3.826125697537285930e-02	4.718767132028041378e-02
2.971671193941370802e+04	3.848303084364616822e-02	4.732218203434743198e-02
2.988868021532328930e+04	3.870572929775038806e-02	4.745716550192331101e-02
3.006136525823843112e+04	3.892935596331073556e-02	4.759262313166694180e-02
3.023476987796329922e+04	3.915391447901705319e-02	4.772855633870435460e-02
3.040889689442914096e+04	3.937940849667373455e-02	4.786496654463205658e-02
3.058374913773351363e+04	3.960584168125053789e-02	4.800185517752027925e-02
3.075932944817985845e+04	3.983321771093378122e-02	4.813922367191762752e-02
3.093564067631681610e+04	4.006154027717731547e-02	4.827707346885533324e-02
3.111268568297798265e+04	4.029081308475399026e-02	4.841540601585191811e-02
3.129046733932115967e+04	4.052103985180641882e-02	4.855422276691728767e-02
3.146898852686853206e+04	4.075222430989915157e-02	4.869352518255885137e-02
3.164825213754649303e+04	4.098437020407009329e-02	4.883331472978653248e-02
3.182826107372537081e+04	4.121748129288204526e-02	4.897359288211840939e-02
3.200901824825978110e+04	4.145156134847493429e-02	4.911436111958680795e-02
3.219052658452911055e+04	4.168661415661824299e-02	4.925562092874347792e-02
3.237278901647742896e+04	4.192264351676268375e-02	4.939737380266842615e-02
3.255580848865424923e+04	4.215965324209300369e-02	4.953962124097421871e-02
3.273958795625469429e+04	4.239764715957997782e-02	4.968236474981314182e-02
3.292413038516085362e+04	4.263662911003397032e-02	4.982560584188654856e-02
3.310943875198258320e+04	4.287660294815779510e-02	4.996934603645008383e-02
3.329551604409724678e+04	4.311757254259815375e-02	5.011358685932285062e-02
3.348236525969244394e+04	4.335954177600096632e-02	5.025832984289414079e-02
3.366998940780645353e+04	4.360251454506376689e-02	5.040357652613165068e-02
3.385839150836956833e+04	4.384649476058921636e-02	5.054932845459170904e-02
3.404757459224521881e+04	4.409148634753837226e-02	5.069558718042592449e-02
3.423754170127251564e+04	4.433749324508575590e-02	5.084235426239037958e-02
3.442829588830639113e+04	4.458451940667136626e-02	5.098963126585598360e-02
3.461984021726132050e+04	4.483256880005728057e-02	5.113741976281607066e-02
3.481217776315188530e+04	4.508164540738015397e-02	5.128572133189763377e-02
3.500531161213473388e+04	4.533175322520563433e-02	5.143453755836920743e-02
3.519924486155272461e+04	4.558289626458545546e-02	5.158387003415301764e-02
3.539398061997486366e+04	4.583507855110922902e-02	5.173372035783348893e-02
3.558952200723987335e+04	4.608830412496076057e-02	5.188409013466804137e-02
3.578587215449851647e+04	4.634257704097295705e-02	5.203498097659867844e-02
3.598303420425747026e+04	4.659790136868460081e-02	5.218639450226119497e-02
3.618101131042024645e+04	4.685428119239334888e-02	5.233833233699777820e-02
3.637980663833173458e+04	4.711172061121338822e-02	5.249079611286704139e-02
3.657942336482006795e+04	4.737022373912974649e-02	5.264378746865617381e-02
3.677986467824137071e+04	4.762979470505607216e-02	5.279730804989220955e-02
3.698113377852251142e+04	4.789043765289020121e-02	5.295135950885498238e-02
3.718323387720374740e+04	4.815215674156921727e-02	5.310594350458695823e-02
3.738616819748342823e+04	4.841495614512740520e-02	5.326106170290815373e-02
3.758993997426202986e+04	4.867884005275331660e-02	5.341671577642617685e-02
3.779455245418559934e+04	4.894381266884591936e-02	5.357290740455005612e-02
3.800000889568948332e+04	4.920987821307137855e-02	5.372963827350332039e-02
3.820631256904308975e+04	4.947704092042090607e-02	5.388691007633644725e-02
3.841346675639429304e+04	4.974530504126826319e-02	5.404472451293978325e-02
3.862147475181336631e+04	5.001467484142674280e-02	5.420308329005816411e-02
3.883033986133890721e+04	5.028515460220855937e-02	5.436198812130281499e-02
3.904006540302068606e+04	5.055674862048035317e-02	5.452144072716651191e-02
3.925065470696731063e+04	5.082946120872497420e-02	5.468144283503686975e-02
3.946211111538793193e+04	5.110329669509542511e-02	5.484199617921021314e-02
3.967443798264052748e+04	5.137825942347738067e-02	5.500310250090673786e-02
3.988763867527549155e+04	5.165435375354571201e-02	5.516476354828412504e-02
4.010171657208219403e+04	5.193158406082470230e-02	5.532698107645295932e-02
4.031667506413322553e+04	5.220995473674538978e-02	5.548975684749061360e-02
4.053251755483189481e+04	5.248947018870708109e-02	5.565309263045693788e-02
4.074924745995746343e+04	5.277013484013587385e-02	5.581699020140922646e-02
4.096686820771105704e+04	5.305195313054416467e-02	5.598145134341781654e-02
4.118538323876228969e+04	5.333492951559102441e-02	5.614647784658045870e-02
4.140479600629542983e+04	5.361906846714194902e-02	5.631207150803995559e-02
4.162510997605634475e+04	5.390437447332969284e-02	5.647823413199878212e-02
4.184632862639855011e+04	5.419085203861389449e-02	5.664496752973493393e-02
4.206845544833088206e+04	5.447850568384277059e-02	5.681227351961787297e-02
4.229149394556380139e+04	5.476733994631314412e-02	5.698015392712655475e-02
4.251544763455746579e+04	5.505735937983263079e-02	5.714861058486418038e-02
4.274032004456847062e+04	5.534856855478022947e-02	5.731764533257600186e-02
4.296611471769740456e+04	5.564097205816787017e-02	5.748726001716484429e-02
4.319283520893610694e+04	5.593457449370162204e-02	5.765745649270957035e-02
4.342048508621659857e+04	5.622938048184506626e-02	5.782823662048125479e-02
4.364906793045833911e+04	5.652539465988045547e-02	5.799960226896091336e-02
4.387858733561628469e+04	5.682262168197102503e-02	5.817155531385674594e-02
4.410904690872936771e+04	5.712106621922369287e-02	5.834409763812214988e-02
4.434045026996866363e+04	5.742073295975147484e-02	5.851723113197319914e-02
4.457280105268672196e+04	5.772162660873739887e-02	5.869095769290613024e-02
4.480610290346574766e+04	5.802375188849681620e-02	5.886527922571726384e-02
4.504035948216649558e+04	5.832711353854079517e-02	5.904019764251780544e-02
4.527557446197767422e+04	5.863171631564006309e-02	5.921571486275617469e-02
4.551175152946542948e+04	5.893756499388911468e-02	5.939183281323431179e-02
4.574889438462215912e+04	5.924466436476939074e-02	5.956855342812639176e-02
4.598700674091609835e+04	5.955301923721350449e-02	5.974587864899798956e-02
4.622609232534204784e+04	5.986263443767095987e-02	5.992381042482580050e-02
4.646615487847071199e+04	6.017351481017201020e-02	6.010235071201625728e-02
4.670719815449830639e+04	6.048566521639190535e-02	6.028150147442435519e-02
4.694922592129749682e+04	6.079909053571687372e-02	6.046126468337355286e-02
4.719224196046787256e+04	6.111379566530950741e-02	6.064164231767567304e-02
4.743625006738534285e+04	6.142978552017264865e-02	6.082263636365001919e-02
4.768125405125548423e+04	6.174706503321855666e-02	6.100424881514359549e-02
4.792725773516212212e+04	6.206563915533176712e-02	6.118648167355101447e-02
4.817426495611947030e+04	6.238551285543667002e-02	6.136933694783548721e-02
4.842227956512250967e+04	6.270669112056267980e-02	6.155281665454778728e-02
4.867130542719989171e+04	6.302917895591281239e-02	6.173692281784785851e-02
4.892134642146465922e+04	6.335298138492931330e-02	6.192165746952461164e-02
4.917240644116656040e+04	6.367810344936143674e-02	6.210702264901778874e-02
4.942448939374328620e+04	6.400455020933179529e-02	6.229302040343711461e-02
4.967759920087337377e+04	6.433232674340484680e-02	6.247965278758512570e-02
4.993173979852889170e+04	6.466143814865515926e-02	6.266692186397743169e-02
5.018691513702622615e+04	6.499188954073313595e-02	6.285482970286432325e-02
5.044312918108099984e+04	6.532368605393616690e-02	6.304337838225214374e-02
5.070038590985976771e+04	6.565683284127557529e-02	6.323256998792527173e-02
5.095868931703276758e+04	6.599133507454491010e-02	6.342240661346690289e-02
5.121804341082801693e+04	6.632719794439000116e-02	6.361289036028203170e-02
5.147845221408476209e+04	6.666442666037820930e-02	6.380402333761908684e-02
5.173991976430642535e+04	6.700302645106694099e-02	6.399580766259171938e-02
5.200245011371449800e+04	6.734300256407349528e-02	6.418824546020215904e-02
5.226604732930299360e+04	6.768436026614550738e-02	6.438133886336261380e-02
5.253071549289264658e+04	6.802710484323125362e-02	6.457509001291762696e-02
5.279645870118457970e+04	6.837124160054899868e-02	6.476950105766859922e-02
5.306328106581569591e+04	6.871677586265885485e-02	6.496457415439520211e-02
5.333118671341272420e+04	6.906371297353271210e-02	6.516031146787794326e-02
5.360017978564724763e+04	6.941205829662552840e-02	6.535671517092288274e-02
5.387026443929131347e+04	6.976181721494728594e-02	6.555378744438392080e-02
5.414144484627243946e+04	7.011299513113428139e-02	6.575153047718551580e-02
5.441372519372907846e+04	7.046559746752097120e-02	6.594994646634842750e-02
5.468710968406614847e+04	7.081962966621181688e-02	6.614903761701132479e-02
5.496160253501094849e+04	7.117509718915372707e-02	6.634880614245572406e-02
5.523720797966961982e+04	7.153200551820916575e-02	6.654925426412927614e-02
5.551393026658328017e+04	7.189036015522887180e-02	6.675038421167060754e-02
5.579177365978375019e+04	7.225016662212402352e-02	6.695219822293312084e-02
5.607074243885100441e+04	7.261143046094058195e-02	6.715469854400915595e-02
5.635084089897017839e+04	7.297415723393319009e-02	6.735788742925527539e-02
5.663207335098738986e+04	7.333835252363739288e-02	6.756176714131592598e-02
5.691444412146854302e+04	7.370402193294585402e-02	6.776633995114850206e-02
5.719795755275587726e+04	7.407117108518154747e-02	6.797160813804888069e-02
5.748261800302544725e+04	7.443980562417217006e-02	6.817757398967609628e-02
5.776842984634586173e+04	7.480993121432627513e-02	6.838423980207712638e-02
5.805539747273500689e+04	7.518155354070667207e-02	6.859160787971275985e-02
5.834352528821930900e+04	7.555467830910719829e-02	6.879968053548324303e-02
5.863281771489190578e+04	7.592931124612806171e-02	6.900846009075262133e-02
5.892327919097130507e+04	7.630545809925175227e-02	6.921794887537573160e-02
5.921491417086047295e+04	7.668312463691960568e-02	6.942814922772419517e-02
5.950772712520487403e+04	7.706231664860699326e-02	6.963906349471067625e-02
5.980172254095286917e+04	7.744303994490142617e-02	6.985069403181744241e-02
6.009690492141472350e+04	7.782530035757913300e-02	7.006304320312049805e-02
6.039327878632248758e+04	7.820910373968242846e-02	7.027611338131679874e-02
6.069084867188953649e+04	7.859445596559695713e-02	7.048990694775116028e-02
6.098961913087060384e+04	7.898136293112935358e-02	7.070442629244309829e-02
6.128959473262255051e+04	7.936983055358598493e-02	7.091967381411225235e-02
6.159078006316433311e+04	7.975986477185062484e-02	7.113565192020634975e-02
6.189317972523847129e+04	8.015147154646395933e-02	7.135236302692830879e-02
6.219679833837164188e+04	8.054465685970214894e-02	7.156980955926289800e-02
6.250164053893489472e+04	8.093942671565479419e-02	7.178799395100524117e-02
6.280771098020601494e+04	8.133578714030563483e-02	7.200691864478638016e-02
6.311501433243153588e+04	8.173374418161293009e-02	7.222658609210225178e-02
6.342355528288724599e+04	8.213330390958779870e-02	7.244699875334129069e-02
6.373333853594099492e+04	8.253447241637548726e-02	7.266815909781199068e-02
6.404436881311464822e+04	8.293725581633569488e-02	7.289006960377091004e-02
6.435665085314668977e+04	8.334166024612363333e-02	7.311273275845056596e-02
6.467018941205440933e+04	8.374769186477042104e-02	7.333615105808889700e-02
6.498498926319803286e+04	8.415535685376633601e-02	7.356032700795626933e-02
6.530105519734198606e+04	8.456466141714001628e-02	7.378526312238410656e-02
6.561839202271975228e+04	8.497561178154247608e-02	7.401096192479481028e-02
6.593700456509640208e+04	8.538821419632816601e-02	7.423742594772933523e-02
6.625689766783278901e+04	8.580247493363785116e-02	7.446465773287676282e-02
6.657807619195003645e+04	8.621840028848255788e-02	7.469265983110288942e-02
6.690054501619227813e+04	8.663599657882439797e-02	7.492143480247974441e-02
6.722430903709273844e+04	8.705527014566236121e-02	7.515098521631544126e-02
6.754937316903744068e+04	8.747622735311473552e-02	7.538131365118182214e-02
6.787574234433066158e+04	8.789887458850399737e-02	7.561242269494615476e-02
6.820342151325878513e+04	8.832321826243930141e-02	7.584431494480095570e-02
6.853241564415760513e+04	8.874926480890378555e-02	7.607699300729110770e-02
6.886272972347626637e+04	8.917702068533739368e-02	7.631045949834724951e-02
6.919436875584383961e+04	8.960649237272293177e-02	7.654471704331386461e-02
6.952733776413448504e+04	9.003768637567059752e-02	7.677976827697979845e-02
6.986164178953517694e+04	9.047060922250570181e-02	7.701561584360984425e-02
7.019728589161121636e+04	9.090526746535333713e-02	7.725226239697398356e-02
7.053427514837293711e+04	9.134166768022491945e-02	7.748971060037866676e-02
7.087261465634276101e+04	9.177981646710500763e-02	7.772796312669714991e-02
7.121230953062282060e+04	9.221972045003880292e-02	7.796702265840171897e-02
7.155336490496233455e+04	9.266138627721941246e-02	7.820689188759316623e-02
7.189578593182360055e+04	9.310482062107343360e-02	7.844757351603370843e-02
7.223957778245311056e+04	9.355003017835285262e-02	7.868907025517632436e-02
7.258474564694723813e+04	9.399702167022024046e-02	7.893138482619815877e-02
7.293129473432159284e+04	9.444580184233856979e-02	7.917451996003142811e-02
7.327923027257835201e+04	9.489637746495827031e-02	7.941847839739442361e-02
7.362855750877736136e+04	9.534875533300955774e-02	7.966326288882541462e-02
7.397928170910310291e+04	9.580294226618890630e-02	7.990887619471294390e-02
7.433140815893586841e+04	9.625894510905133594e-02	8.015532108532882893e-02
7.468494216291949851e+04	9.671677073109816170e-02	8.040260034085974783e-02
7.503988904503324011e+04	9.717642602686990538e-02	8.065071675144076802e-02
7.539625414866037318e+04	9.763791791603536330e-02	8.089967311718697374e-02
7.575404283665871480e+04	9.810125334348276938e-02	8.114947224822739724e-02
7.611326049143186538e+04	9.856643927941211025e-02	8.140011696473653524e-02
7.647391251500001817e+04	9.903348271942680192e-02	8.165161009696857153e-02
7.683600432906928472e+04	9.950239068462346514e-02	8.190395448528971223e-02
7.719954137510630244e+04	9.997317022168866751e-02	8.215715298021214474e-02
7.756452911440662865e+04	1.004458284029872001e-01	8.241120844242670607e-02
7.793097302816857700e+04	1.009203723266580144e-01	8.266612374283702214e-02
7.829887861756471102e+04	1.013968091167065932e-01	8.292190176259361944e-02
7.866825140381399251e+04	1.018751459230985007e-01	8.317854539312757867e-02
7.903909692825419188e+04	1.023553899218531127e-01	8.343605753618303644e-02
7.941142075241572456e+04	1.028375483151392350e-01	8.369444110385393376e-02
7.978522845809382852e+04	1.033216283313685008e-01	8.395369901861607365e-02
8.016052564742298273e+04	1.038076372252919044e-01	8.421383421336389730e-02
8.053731794294815336e+04	1.042955822780919362e-01	8.447484963144197279e-02
8.091561098770229728e+04	1.047854707974830019e-01	8.473674822668224305e-02
8.129541044527813210e+04	1.052773101178042653e-01	8.499953296343873421e-02
8.167672199990294757e+04	1.057711076001167649e-01	8.526320681662041823e-02
8.205955135651244200e+04	1.062668706322987544e-01	8.552777277172900205e-02
8.244390424082832760e+04	1.067646066291463441e-01	8.579323382489288663e-02
8.282978639943036251e+04	1.072643230324668434e-01	8.605959298290215276e-02
8.321720359983449453e+04	1.077660273111798045e-01	8.632685326324490704e-02
8.360616163056671212e+04	1.082697269614127378e-01	8.659501769414404415e-02
8.399666630124009680e+04	1.087754295066009347e-01	8.686408931459116411e-02
8.438872344263052219e+04	1.092831424975854171e-01	8.713407117438287663e-02
8.478233890675372095e+04	1.097928735127127325e-01	8.740496633415882621e-02
8.517751856694245362e+04	1.103046301579350408e-01	8.767677786543510987e-02
8.557426831792228040e+04	1.108184200669080494e-01	8.794950885064385659e-02
8.597259407589006878e+04	1.113342509010927517e-01	8.822316238316715853e-02
8.637250177859135147e+04	1.118521303498556524e-01	8.849774156737488795e-02
8.677399738539713144e+04	1.123720661305681601e-01	8.877324951866188973e-02
8.717708687738481967e+04	1.128940659887114617e-01	8.904968936348617303e-02
8.758177625741410884e+04	1.134181376979747219e-01	8.932706423940282858e-02
8.798807155020697974e+04	1.139442890603587361e-01	8.960537729510383020e-02
8.839597880242622341e+04	1.144725279062775436e-01	8.988463169045519952e-02
8.880550408275495283e+04	1.150028620946615260e-01	9.016483059653400411e-02
8.921665348197591084e+04	1.155352995130600052e-01	9.044597719566754845e-02
8.962943311305198586e+04	1.160698480777455355e-01	9.072807468146819321e-02
9.004384911120624747e+04	1.166065157338174868e-01	9.101112625887673724e-02
9.045990763400121068e+04	1.171453104553049213e-01	9.129513514419343445e-02
9.087761486142143258e+04	1.176862402452732576e-01	9.158010456512442887e-02
9.129697699595391168e+04	1.182293131359285487e-01	9.186603776081415929e-02
9.171800026266767236e+04	1.187745371887205248e-01	9.215293798188615992e-02
9.214069090929868980e+04	1.193219204944525880e-01	9.244080849048227910e-02
9.256505520632825210e+04	1.198714711733833010e-01	9.272965256030145376e-02
9.299109944706771057e+04	1.204231973753359664e-01	9.301947347663874766e-02
9.341882994773921382e+04	1.209771072798034586e-01	9.331027453642373737e-02
9.384825304755901743e+04	1.215332090960558886e-01	9.360205904826186807e-02
9.427937510882159404e+04	1.220915110632496137e-01	9.389483033247322807e-02
9.471220251698249194e+04	1.226520214505345957e-01	9.418859172113108746e-02
9.514674168074093177e+04	1.232147485571612189e-01	9.448334655810372573e-02
9.558299903212410572e+04	1.237797007125895632e-01	9.477909819909351163e-02
9.602098102657256823e+04	1.243468862765999827e-01	9.507585001167591365e-02
9.646069414302303630e+04	1.249163136394002560e-01	9.537360537534336768e-02
9.690214488399510446e+04	1.254879912217379823e-01	9.567236768154231685e-02
9.734533977567507827e+04	1.260619274750090224e-01	9.597214033371617714e-02
9.779028536800177244e+04	1.266381308813688267e-01	9.627292674734376499e-02
9.823698823475214886e+04	1.272166099538429851e-01	9.657473034998244332e-02
9.868545497362710012e+04	1.277973732364387771e-01	9.687755458131044883e-02
9.913569220633871737e+04	1.283804293042576372e-01	9.718140289316405667e-02
9.958770657869659772e+04	1.289657867636074540e-01	9.748627874958190609e-02
1.000415047606936423e+05	1.295534542521133148e-01	9.779218562684711957e-02
1.004970934465956379e+05	1.301434404388337185e-01	9.809912701352756226e-02
1.009544793550260511e+05	1.307357540243701821e-01	9.840710641051848839e-02
1.014136692290566134e+05	1.313304037409847580e-01	9.871612733108489635e-02
1.018746698362942989e+05	1.319273983527125826e-01	9.902619330090191296e-02
1.023374879689687368e+05	1.325267466554750639e-01	9.933730785810156172e-02
1.028021304440225940e+05	1.331284574771968710e-01	9.964947455331046866e-02
1.032686041032012872e+05	1.337325396779222852e-01	9.996269694969567299e-02
1.037369158131407748e+05	1.343390021499287212e-01	1.002769786230063298e-01
1.042070724654585938e+05	1.349478538178446874e-01	1.005923231616168145e-01
1.046790809768419858e+05	1.355591036387638337e-01	1.009087341665726723e-01
1.051529482891416847e+05	1.361727606023666048e-01	1.012262152516286567e-01
1.056286813694594020e+05	1.367888337310333158e-01	1.015447700432971778e-01
1.061062872102408146e+05	1.374073320799646947e-01	1.018644021808898098e-01
1.065857728293663531e+05	1.380282647372993721e-01	1.021851153165613396e-01
1.070671452702434763e+05	1.386516408242335074e-01	1.025069131153537039e-01
1.075504116018971254e+05	1.392774694951376957e-01	1.028297992552434509e-01
1.080355789190647774e+05	1.399057599376803407e-01	1.031537774271805291e-01
1.085226543422867835e+05	1.405365213729444784e-01	1.034788513351366790e-01
1.090116450179994281e+05	1.411697630555482641e-01	1.038050246961493839e-01
1.095025581186307827e+05	1.418054942737692059e-01	1.041323012403667925e-01
1.099954008426910877e+05	1.424437243496611272e-01	1.044606847110928077e-01
1.104901804148698429e+05	1.430844626391799823e-01	1.047901788648321342e-01
1.109869040861276881e+05	1.437277185323027340e-01	1.051207874713358664e-01
1.114855791337926785e+05	1.443735014531521144e-01	1.054525143136462451e-01
1.119862128616556292e+05	1.450218208601200542e-01	1.057853631881455758e-01
1.124888126000627090e+05	1.456726862459876704e-01	1.061193379045982377e-01
1.129933857060147711e+05	1.463261071380536904e-01	1.064544422861978812e-01
1.134999395632613741e+05	1.469820930982564944e-01	1.067906801696150432e-01
1.140084815823980898e+05	1.476406537232999305e-01	1.071280554050431516e-01
1.145190192009618768e+05	1.483017986447768832e-01	1.074665718562447941e-01
1.150315598835290148e+05	1.489655375292960882e-01	1.078062334005989165e-01
1.155461111218134174e+05	1.496318800786094749e-01	1.081470439291465357e-01
1.160626804347628058e+05	1.503008360297366508e-01	1.084890073466393406e-01
1.165812753686587530e+05	1.509724151550945193e-01	1.088321275715869452e-01
1.171019034972127411e+05	1.516466272626217082e-01	1.091764085363039205e-01
1.176245724216677918e+05	1.523234821959100482e-01	1.095218541869575207e-01
1.181492897708934615e+05	1.530029898343276407e-01	1.098684684836158110e-01
1.186760632014912262e+05	1.536851600931554707e-01	1.102162554002949907e-01
1.192049003978892724e+05	1.543700029237099758e-01	1.105652189250087014e-01
1.197358090724455105e+05	1.550575283134765503e-01	1.109153630598164186e-01
1.202687969655474153e+05	1.557477462862387196e-01	1.112666918208710665e-01
1.208038718457126379e+05	1.564406669022086749e-01	1.116192092384677148e-01
1.213410415096907527e+05	1.571363002581587787e-01	1.119729193570944831e-01
1.218803137825640442e+05	1.578346564875522107e-01	1.123278262354783091e-01
1.224216965178510145e+05	1.585357457606769993e-01	1.126839339466382678e-01
1.229651975976082467e+05	1.592395782847778329e-01	1.130412465779322001e-01
1.235108249325331417e+05	1.599461643041893422e-01	1.133997682311081723e-01
1.240585864620662614e+05	1.606555141004684106e-01	1.137595030223512715e-01
1.246084901544957247e+05	1.613676379925294002e-01	1.141204550823380626e-01
1.251605440070617915e+05	1.620825463367797092e-01	1.144826285562835499e-01
1.257147560460598761e+05	1.628002495272530270e-01	1.148460276039925260e-01
1.262711343269445642e+05	1.635207579957441149e-01	1.152106563999107242e-01
1.268296869344356091e+05	1.642440822119460853e-01	1.155765191331748210e-01
1.273904219826248300e+05	1.649702326835888189e-01	1.159436200076648382e-01
1.279533476150786155e+05	1.656992199565715806e-01	1.163119632420521327e-01
1.285184720049462485e+05	1.664310546151036019e-01	1.166815530698554065e-01
1.290858033550659020e+05	1.671657472818410539e-01	1.170523937394871150e-01
1.296553498980721924e+05	1.679033086180263812e-01	1.174244895143101153e-01
1.302271198965011572e+05	1.686437493236243867e-01	1.177978446726865858e-01
1.308011216429005726e+05	1.693870801374649515e-01	1.181724635080295127e-01
1.313773634599364013e+05	1.701333118373809516e-01	1.185483503288582985e-01
1.319558537005020189e+05	1.708824552403497843e-01	1.189255094588491102e-01
1.325366007478263346e+05	1.716345212026331168e-01	1.193039452368869074e-01
1.331196130155819410e+05	1.723895206199172470e-01	1.196836620171187887e-01
1.337048989479985903e+05	1.731474644274599017e-01	1.200646641690084893e-01
1.342924670199688990e+05	1.739083636002270727e-01	1.204469560773891168e-01
1.348823257371610962e+05	1.746722291530391769e-01	1.208305421425153459e-01
1.354744836361291818e+05	1.754390721407136922e-01	1.212154267801172913e-01
1.360689492844231718e+05	1.762089036582076274e-01	1.216016144214574213e-01
1.366657312807017588e+05	1.769817348407639324e-01	1.219891095133797398e-01
1.372648382548450900e+05	1.777575768640570764e-01	1.223779165183680184e-01
1.378662788680638478e+05	1.785364409443346567e-01	1.227680399145977819e-01
1.384700618130150833e+05	1.793183383385670293e-01	1.231594841959922221e-01
1.390761958139152557e+05	1.801032803445941632e-01	1.235522538722788749e-01
1.396846896266516414e+05	1.808912783012694425e-01	1.239463534690387336e-01
1.402955520388964505e+05	1.816823435886078253e-01	1.243417875277686574e-01
1.409087918702239986e+05	1.824764876279373893e-01	1.247385606059324692e-01
1.415244179722243571e+05	1.832737218820463809e-01	1.251366772770184654e-01
1.421424392286162474e+05	1.840740578553297924e-01	1.255361421305929148e-01
1.427628645553663955e+05	1.848775070939435994e-01	1.259369597723592749e-01
1.433857029007983510e+05	1.856840811859458706e-01	1.263391348242128565e-01
1.440109632457201369e+05	1.864937917614617746e-01	1.267426719242966404e-01
1.446386546035310021e+05	1.873066504928223019e-01	1.271475757270598139e-01
1.452687860203438031e+05	1.881226690947223612e-01	1.275538509033133927e-01
1.459013665751008957e+05	1.889418593243710753e-01	1.279615021402868702e-01
1.465364053796945664e+05	1.897642329816474627e-01	1.283705341416880308e-01
1.471739115790795768e+05	1.905898019092465701e-01	1.287809516277564625e-01
1.478138943514010462e+05	1.914185779928447850e-01	1.291927593353256742e-01
1.484563629081048421e+05	1.922505731612429436e-01	1.296059620178768579e-01
1.491013264940630179e+05	1.930857993865285616e-01	1.300205644456006726e-01
1.497487943876932550e+05	1.939242686842308772e-01	1.304365714054545600e-01
1.503987759010775189e+05	1.947659931134741451e-01	1.308539877012187269e-01
1.510512803800856345e+05	1.956109847771378418e-01	1.312728181535588734e-01
1.517063172044942621e+05	1.964592558220108476e-01	1.316930676000820366e-01
1.523638957881094539e+05	1.973108184389499031e-01	1.321147408953986524e-01
1.530240255788906652e+05	1.981656848630403145e-01	1.325378429111788992e-01
1.536867160590718850e+05	1.990238673737528829e-01	1.329623785362156752e-01
1.543519767452856468e+05	1.998853782951043878e-01	1.333883526764812200e-01
1.550198171886856144e+05	2.007502299958164593e-01	1.338157702551897588e-01
1.556902469750730379e+05	2.016184348894791978e-01	1.342446362128562609e-01
1.563632757250188442e+05	2.024900054347095191e-01	1.346749555073576965e-01
1.570389130939886090e+05	2.033649541353125811e-01	1.351067331139940431e-01
1.577171687724723015e+05	2.042432935404502603e-01	1.355399740255478491e-01
1.583980524861040176e+05	2.051250362447958886e-01	1.359746832523472948e-01
1.590815739957907936e+05	2.060101948887012036e-01	1.364108658223262827e-01
1.597677430978416523e+05	2.068987821583633813e-01	1.368485267810855832e-01
1.604565696240912366e+05	2.077908107859852416e-01	1.372876711919577275e-01
1.611480634420310671e+05	2.086862935499452509e-01	1.377283041360657934e-01
1.618422344549357658e+05	2.095852432749607808e-01	1.381704307123857445e-01
1.625390926019901817e+05	2.104876728322528923e-01	1.386140560378130993e-01
1.632386478584206779e+05	2.113935951397164226e-01	1.390591852472205792e-01
1.639409102356261865e+05	2.123030231620894603e-01	1.395058234935229735e-01
1.646458897813016083e+05	2.132159699111133844e-01	1.399539759477406442e-01
1.653535965795771044e+05	2.141324484457131361e-01	1.404036477990653620e-01
1.660640407511422527e+05	2.150524718721579798e-01	1.408548442549185375e-01
1.667772324533811188e+05	2.159760533442364461e-01	1.413075705410195004e-01
1.674931818805027287e+05	2.169032060634253078e-01	1.417618319014490036e-01
1.682118992636724724e+05	2.178339432790599162e-01	1.422176335987118401e-01
1.689333948711484263e+05	2.187682782885103372e-01	1.426749809138024017e-01
1.696576790084095555e+05	2.197062244373477191e-01	1.431338791462702931e-01
1.703847620182922401e+05	2.206477951195208731e-01	1.435943336142839477e-01
1.711146542811261315e+05	2.215930037775324102e-01	1.440563496546969913e-01
1.718473662148654985e+05	2.225418639026087442e-01	1.445199326231143833e-01
1.725829082752270624e+05	2.234943890348784490e-01	1.449850878939563104e-01
1.733212909558240499e+05	2.244505927635461195e-01	1.454518208605258267e-01
1.740625247883021075e+05	2.254104887270682034e-01	1.459201369350747457e-01
1.748066203424812120e+05	2.263740906133368536e-01	1.463900415488688656e-01
1.755535882264823886e+05	2.273414121598438253e-01	1.468615401522563313e-01
1.763034390868749178e+05	2.283124671538715733e-01	1.473346382147340539e-01
1.770561836088086129e+05	2.292872694326639205e-01	1.478093412250149619e-01
1.778118325161583780e+05	2.302658328836137969e-01	1.482856546910942819e-01
1.785703965716553794e+05	2.312481714444328817e-01	1.487635841403217030e-01
1.793318865770329721e+05	2.322342991033405912e-01	1.492431351194619948e-01
1.800963133731654088e+05	2.332242298992436291e-01	1.497243131947688655e-01
1.808636878402059083e+05	2.342179779219149827e-01	1.502071239520525459e-01
1.816340208977311850e+05	2.352155573121809395e-01	1.506915729967467921e-01
1.824073235048787901e+05	2.362169822620989179e-01	1.511776659539789402e-01
1.831836066604949301e+05	2.372222670151489521e-01	1.516654084686384074e-01
1.839628814032741939e+05	2.382314258664148254e-01	1.521548062054475514e-01
1.847451588118998916e+05	2.392444731627654253e-01	1.526458648490292835e-01
1.855304500051925716e+05	2.402614233030472557e-01	1.531385901039797881e-01
1.863187661422490200e+05	2.412822907382645710e-01	1.536329876949351081e-01
1.871101184225927282e+05	2.423070899717741367e-01	1.541290633666452525e-01
1.879045180863156857e+05	2.433358355594686939e-01	1.546268228840405601e-01
1.887019764142236090e+05	2.443685421099652533e-01	1.551262720323081934e-01
1.895025047279839637e+05	2.454052242847966636e-01	1.556274166169601958e-01
1.903061143902708136e+05	2.464458967985992677e-01	1.561302624639029912e-01
1.911128168049141823e+05	2.474905744193062473e-01	1.566348154195130460e-01
1.919226234170472017e+05	2.485392719683381935e-01	1.571410813507065074e-01
1.927355457132513402e+05	2.495920043207912331e-01	1.576490661450129505e-01
1.935515952217114682e+05	2.506487864056377579e-01	1.581587757106450443e-01
1.943707835123573605e+05	2.517096332059098329e-01	1.586702159765751019e-01
1.951931221970229817e+05	2.527745597589051707e-01	1.591833928926052744e-01
1.960186229295895027e+05	2.538435811563726219e-01	1.596983124294427403e-01
1.968472974061368441e+05	2.549167125447084348e-01	1.602149805787718706e-01
1.976791573651003418e+05	2.559939691251587046e-01	1.607334033533272810e-01
1.985142145874180715e+05	2.570753661540107760e-01	1.612535867869713535e-01
1.993524808966837882e+05	2.581609189427908624e-01	1.617755369347642080e-01
2.001939681593032146e+05	2.592506428584666067e-01	1.622992598730424452e-01
2.010386882846451481e+05	2.603445533236427578e-01	1.628247616994910330e-01
2.018866532251944009e+05	2.614426658167592343e-01	1.633520485332197458e-01
2.027378749767111440e+05	2.625449958722972932e-01	1.638811265148382712e-01
2.035923655783810536e+05	2.636515590809741516e-01	1.644120018065310107e-01
2.044501371129763720e+05	2.647623710899517646e-01	1.649446805921361281e-01
2.053112017070078291e+05	2.658774476030331124e-01	1.654791690772175472e-01
2.061755715308851213e+05	2.669968043808702007e-01	1.660154734891460260e-01
2.070432587990714819e+05	2.681204572411643450e-01	1.665536000771711267e-01
2.079142757702428789e+05	2.692484220588722832e-01	1.670935551125014573e-01
2.087886347474493086e+05	2.703807147664150090e-01	1.676353448883815545e-01
2.096663480782710540e+05	2.715173513538799988e-01	1.681789757201706537e-01
2.105474281549777370e+05	2.726583478692275464e-01	1.687244539454149095e-01
2.114318874146933376e+05	2.738037204185040929e-01	1.692717859239352418e-01
2.123197383395525103e+05	2.749534851660446755e-01	1.698209780378959477e-01
2.132109934568628669e+05	2.761076583346835922e-01	1.703720366918901330e-01
2.141056653392703156e+05	2.772662562059676206e-01	1.709249683130159569e-01
2.150037666049194522e+05	2.784292951203646838e-01	1.714797793509561796e-01
2.159053099176144460e+05	2.795967914774715180e-01	1.720364762780587087e-01
2.168103079869888606e+05	2.807687617362338295e-01	1.725950655894162300e-01
2.177187735686649976e+05	2.819452224151526853e-01	1.731555538029423691e-01
2.186307194644201663e+05	2.831261900924997854e-01	1.737179474594604256e-01
2.195461585223544098e+05	2.843116814065346221e-01	1.742822531227774807e-01
2.204651036370538350e+05	2.855017130557160332e-01	1.748484773797681635e-01
2.213875677497596189e+05	2.866963017989210827e-01	1.754166268404535323e-01
2.223135638485348609e+05	2.878954644556611653e-01	1.759867081380867559e-01
2.232431049684321624e+05	2.890992179062988332e-01	1.765587279292298861e-01
2.241762041916622838e+05	2.903075790922664545e-01	1.771326928938394829e-01
2.251128746477626555e+05	2.915205650162843720e-01	1.777086097353515470e-01
2.260531295137700799e+05	2.927381927425843910e-01	1.782864851807587081e-01
2.269969820143890393e+05	2.939604793971278274e-01	1.788663259806943795e-01
2.279444454221608466e+05	2.951874421678247207e-01	1.794481389095212154e-01
2.288955330576392298e+05	2.964190983047610972e-01	1.800319307654100753e-01
2.298502582895616943e+05	2.976554651204205704e-01	1.806177083704212927e-01
2.308086345350179763e+05	2.988965599899031655e-01	1.812054785705998206e-01
2.317706752596297010e+05	3.001424003511572458e-01	1.817952482360485622e-01
2.327363939777223859e+05	3.013930037052028887e-01	1.823870242610176884e-01
2.337058042524968332e+05	3.026483876163533759e-01	1.829808135639897915e-01
2.346789196962107962e+05	3.039085697124507268e-01	1.835766230877675653e-01
2.356557539703490329e+05	3.051735676850856893e-01	1.841744597995529642e-01
2.366363207858040114e+05	3.064433992898320525e-01	1.847743306910427374e-01
2.376206339030500676e+05	3.077180823464717996e-01	1.853762427785081435e-01
2.386087071323239652e+05	3.089976347392293654e-01	1.859802031028819358e-01
2.396005543338017887e+05	3.102820744170003975e-01	1.865862187298484576e-01
2.405961894177786598e+05	3.115714193935845144e-01	1.871942967499301003e-01
2.415956263448478712e+05	3.128656877479173426e-01	1.878044442785722912e-01
2.425988791260837170e+05	3.141648976243074376e-01	1.884166684562368632e-01
2.436059618232191715e+05	3.154690672326661560e-01	1.890309764484841837e-01
2.446168885488287196e+05	3.167782148487444105e-01	1.896473754460661909e-01
2.456316734665131080e+05	3.180923588143720893e-01	1.902658726650119925e-01
2.466503307910797594e+05	3.194115175376916471e-01	1.908864753467226505e-01
2.476728747887262434e+05	3.207357094933955266e-01	1.915091907580540320e-01
2.486993197772268031e+05	3.220649532229679646e-01	1.921340261914105951e-01
2.497296801261162036e+05	3.233992673349229130e-01	1.927609889648358443e-01
2.507639702568757639e+05	3.247386705050449573e-01	1.933900864221011484e-01
2.518022046431176132e+05	3.260831814766279591e-01	1.940213259327974449e-01
2.528443978107746516e+05	3.274328190607210809e-01	1.946547148924273885e-01
2.538905643382860289e+05	3.287876021363690948e-01	1.952902607224935583e-01
2.549407188567891135e+05	3.301475496508605723e-01	1.959279708705957690e-01
2.559948760503002850e+05	3.315126806199624188e-01	1.965678528105181122e-01
2.570530506559160131e+05	3.328830141281802213e-01	1.972099140423237418e-01
2.581152574639945233e+05	3.342585693289932824e-01	1.978541620924487709e-01
2.591815113183482317e+05	3.356393654451040320e-01	1.985006045137933384e-01
2.602518271164402540e+05	3.370254217686923792e-01	1.991492488858155607e-01
2.613262198095704371e+05	3.384167576616567419e-01	1.998001028146269009e-01
2.624047044030748657e+05	3.398133925558722290e-01	2.004531739330843443e-01
2.634872959565109340e+05	3.412153459534305044e-01	2.011084699008872656e-01
2.645740095838612760e+05	3.426226374269039643e-01	2.017659984046694388e-01
2.656648604537259089e+05	3.440352866195939274e-01	2.024257671580957096e-01
2.667598637895106222e+05	3.454533132457754951e-01	2.030877839019588627e-01
2.678590348696372239e+05	3.468767370909691117e-01	2.037520564042746563e-01
2.689623890277271857e+05	3.483055780121789846e-01	2.044185924603759696e-01
2.700699416528139263e+05	3.497398559381673100e-01	2.050873998930113629e-01
2.711817081895233714e+05	3.511795908696884738e-01	2.057584865524433038e-01
2.722977041382918251e+05	3.526248028797714928e-01	2.064318603165421762e-01
2.734179450555506628e+05	3.540755121139584904e-01	2.071075290908884481e-01
2.745424465539419907e+05	3.555317387905848614e-01	2.077855008088630440e-01
2.756712243025076459e+05	3.569935032010228548e-01	2.084657834317535374e-01
2.768042940268932143e+05	3.584608257099470285e-01	2.091483849488515179e-01
2.779416715095587424e+05	3.599337267556060316e-01	2.098333133775464598e-01
2.790833725899776327e+05	3.614122268500811752e-01	2.105205767634290570e-01
2.802294131648393814e+05	3.628963465795481680e-01	2.112101831803911978e-01
2.813798091882556328e+05	3.643861066045442354e-01	2.119021407307260518e-01
2.825345766719687381e+05	3.658815276602384592e-01	2.125964575452255478e-01
2.836937316855556564e+05	3.673826305566955108e-01	2.132931417832849841e-01
2.848572903566386085e+05	3.688894361791484888e-01	2.139922016330051135e-01
2.860252688710874063e+05	3.704019654882608759e-01	2.146936453112863741e-01
2.871976834732309217e+05	3.719202395204008749e-01	2.153974810639389670e-01
2.883745504660727456e+05	3.734442793879199085e-01	2.161037171657795852e-01
2.895558862114913063e+05	3.749741062794124113e-01	2.168123619207381059e-01
2.907417071304551209e+05	3.765097414599942738e-01	2.175234236619578154e-01
2.919320297032398521e+05	3.780512062715839505e-01	2.182369107519012696e-01
2.931268704696358764e+05	3.795985221331715787e-01	2.189528315824513516e-01
2.943262460291574826e+05	3.811517105410892059e-01	2.196711945750160211e-01
2.955301730412663310e+05	3.827107930693007809e-01	2.203920081806347575e-01
2.967386682255833293e+05	3.842757913696765448e-01	2.211152808800819214e-01
2.979517483620972489e+05	3.858467271722626490e-01	2.218410211839703938e-01
2.991694302913898136e+05	3.874236222855731437e-01	2.225692376328615441e-01
3.003917309148485656e+05	3.890064985968655908e-01	2.232999387973650940e-01
3.016186671948870062e+05	3.905953780724256141e-01	2.240331332782525553e-01
3.028502561551624676e+05	3.921902827578500061e-01	2.247688297065602303e-01
3.040865148807967198e+05	3.937912347783315559e-01	2.255070367436927403e-01
3.053274605185915134e+05	3.953982563389382698e-01	2.262477630815397101e-01
3.065731102772561135e+05	3.970113697249087470e-01	2.269910174425743277e-01
3.078234814276272082e+05	3.986305973019360627e-01	2.277368085799679476e-01
3.090785913028863142e+05	4.002559615164500428e-01	2.284851452776951730e-01
3.103384572987955180e+05	4.018874848959217427e-01	2.292360363506459331e-01
3.116030968739043456e+05	4.035251900491321209e-01	2.299894906447302600e-01
3.128725275497923722e+05	4.051690996664860100e-01	2.307455170369951403e-01
3.141467669112835429e+05	4.068192365202892291e-01	2.315041244357280148e-01
3.154258326066792943e+05	4.084756234650510076e-01	2.322653217805715209e-01
3.167097423479793943e+05	4.101382834377697018e-01	2.330291180426320996e-01
3.179985139111218741e+05	4.118072394582437123e-01	2.337955222245944320e-01
3.192921651361947879e+05	4.134825146293452658e-01	2.345645433608288255e-01
3.205907139276819653e+05	4.151641321373394367e-01	2.353361905175082036e-01
3.218941782546832110e+05	4.168521152521680873e-01	2.361104727927174352e-01
3.232025761511583114e+05	4.185464873277675579e-01	2.368873993165700187e-01
3.245159257161438582e+05	4.202472718023477771e-01	2.376669792513164403e-01
3.258342451139970799e+05	4.219544921987091191e-01	2.384492217914581935e-01
3.271575525746283820e+05	4.236681721245427190e-01	2.392341361638710417e-01
3.284858663937341771e+05	4.253883352727331202e-01	2.400217316279109614e-01
3.298192049330346636e+05	4.271150054216650283e-01	2.408120174755284948e-01
3.311575866205028142e+05	4.288482064355204071e-01	2.416050030313881269e-01
3.325010299506174051e+05	4.305879622646062166e-01	2.424006976529854696e-01
3.338495534845889197e+05	4.323342969456467344e-01	2.431991107307601707e-01
3.352031758505992475e+05	4.340872346020940298e-01	2.440002516882140982e-01
3.365619157440495328e+05	4.358467994444489291e-01	2.448041299820297445e-01
3.379257919277914916e+05	4.376130157705608315e-01	2.456107551021807223e-01
3.392948232323750271e+05	4.393859079659477307e-01	2.464201365720625481e-01
3.406690285562903155e+05	4.411655005041105748e-01	2.472322839485992241e-01
3.420484268662093673e+05	4.429518179468451278e-01	2.480472068223684434e-01
3.434330371972318972e+05	4.447448849445613250e-01	2.488649148177200232e-01
3.448228786531298538e+05	4.465447262365992986e-01	2.496854175928932273e-01
3.462179704065946862e+05	4.483513666515495655e-01	2.505087248401393074e-01
3.476183316994842025e+05	4.501648311075732156e-01	2.513348462858396859e-01
3.490239818430620944e+05	4.519851446127118866e-01	2.521637916906314114e-01
3.504349402182676131e+05	4.538123322652366509e-01	2.529955708495227329e-01
3.518512262759383302e+05	4.556464192539366742e-01	2.538301935920195818e-01
3.532728595370805124e+05	4.574874308584695459e-01	2.546676697822471414e-01
3.546998595931132440e+05	4.593353924496774154e-01	2.555080093190704726e-01
3.561322461061229114e+05	4.611903294899164507e-01	2.563512221362173604e-01
3.575700388091112836e+05	4.630522675333776372e-01	2.571973182024043236e-01
3.590132575062534306e+05	4.649212322264217323e-01	2.580463075214619595e-01
3.604619220731573878e+05	4.667972493079147189e-01	2.588982001324531268e-01
3.619160524571124697e+05	4.686803446095497705e-01	2.597530061098070053e-01
3.633756686773484689e+05	4.705705440561828712e-01	2.606107355634358913e-01
3.648407908252937486e+05	4.724678736661668821e-01	2.614713986388644829e-01
3.663114390648357221e+05	4.743723595516889380e-01	2.623350055173588879e-01
3.677876336325779557e+05	4.762840279191036252e-01	2.632015664160489710e-01
3.692693948381000664e+05	4.782029050692689354e-01	2.640710915880572496e-01
3.707567430642212857e+05	4.801290173978886577e-01	2.649435913226280692e-01
3.722496987672651885e+05	4.820623913958539397e-01	2.658190759452543350e-01
3.737482824773171451e+05	4.840030536495774083e-01	2.666975558178052430e-01
3.752525147984910291e+05	4.859510308413386159e-01	2.675790413386562316e-01
3.767624164091992425e+05	4.879063497496334834e-01	2.684635429428191555e-01
3.782780080624097027e+05	4.898690372495069223e-01	2.693510711020706272e-01
3.797993105859174975e+05	4.918391203129052758e-01	2.702416363250846332e-01
3.813263448826170061e+05	4.938166260090277038e-01	2.711352491575612644e-01
3.828591319307660451e+05	4.958015815046695751e-01	2.720319201823581112e-01
3.843976927842597361e+05	4.977940140645759071e-01	2.729316600196256548e-01
3.859420485728922649e+05	4.997939510517806494e-01	2.738344793269340549e-01
3.874922205026404117e+05	5.018014199279746679e-01	2.747403887994100402e-01
3.890482298559281044e+05	5.038164482538473044e-01	2.756493991698695800e-01
3.906100979919091333e+05	5.058390636894526393e-01	2.765615212089507780e-01
3.921778463467310066e+05	5.078692939945521623e-01	2.774767657252450448e-01
3.937514964338176069e+05	5.099071670289795355e-01	2.783951435654403728e-01
3.953310698441431159e+05	5.119527107529958654e-01	2.793166656144465687e-01
3.969165882465145551e+05	5.140059532276558540e-01	2.802413427955369740e-01
3.985080733878428000e+05	5.160669226151586297e-01	2.811691860704841339e-01
4.001055470934343757e+05	5.181356471792250007e-01	2.821002064396941345e-01
4.017090312672586297e+05	5.202121552854443998e-01	2.830344149423447142e-01
4.033185478922370821e+05	5.222964754016488076e-01	2.839718226565243198e-01
4.049341190305239288e+05	5.243886360982766837e-01	2.849124406993680525e-01
4.065557668237921898e+05	5.264886660487430037e-01	2.858562802271991665e-01
4.081835134935198585e+05	5.285965940298100740e-01	2.868033524356631836e-01
4.098173813412673189e+05	5.307124489219463559e-01	2.877536685598723887e-01
4.114573927489735652e+05	5.328362597097109354e-01	2.887072398745434976e-01
4.131035701792378677e+05	5.349680554821175660e-01	2.896640776941393769e-01
4.147559361756144790e+05	5.371078654330163626e-01	2.906241933730086546e-01
4.164145133628974436e+05	5.392557188614630626e-01	2.915875983055301046e-01
4.180793244474119274e+05	5.414116451720957235e-01	2.925543039262509803e-01
4.197503922173136962e+05	5.435756738755229689e-01	2.935243217100326762e-01
4.214277395428683376e+05	5.457478345886856985e-01	2.944976631721932248e-01
4.231113893767604604e+05	5.479281570352568798e-01	2.954743398686479061e-01
4.248013647543783300e+05	5.501166710460105858e-01	2.964543633960586844e-01
4.264976887941136956e+05	5.523134065592103514e-01	2.974377453919739844e-01
4.282003846976597561e+05	5.545183936209947539e-01	2.984244975349780171e-01
4.299094757503061555e+05	5.567316623857599955e-01	2.994146315448342754e-01
4.316249853212432354e+05	5.589532431165527004e-01	3.004081591826315845e-01
4.333469368638605811e+05	5.611831661854581599e-01	3.014050922509318720e-01
4.350753539160471410e+05	5.634214620739874668e-01	3.024054425939155522e-01
4.368102601004978060e+05	5.656681613734755310e-01	3.034092220975323495e-01
4.385516791250094539e+05	5.679232947854641056e-01	3.044164426896456277e-01
4.402996347827923601e+05	5.701868931221053538e-01	3.054271163401853784e-01
4.420541509527754388e+05	5.724589873065563106e-01	3.064412550612969910e-01
4.438152515999114257e+05	5.747396083733750105e-01	3.074588709074894122e-01
4.455829607754866593e+05	5.770287874689215002e-01	3.084799759757815285e-01
4.473573026174278348e+05	5.793265558517542990e-01	3.095045824058656470e-01
4.491383013506130665e+05	5.816329448930345203e-01	3.105327023802474939e-01
4.509259812871847535e+05	5.839479860769296593e-01	3.115643481244007029e-01
4.527203668268632609e+05	5.862717110010209343e-01	3.125995319069224676e-01
4.545214824572540820e+05	5.886041513767003019e-01	3.136382660396859201e-01
4.563293527541704243e+05	5.909453390295889008e-01	3.146805628779916764e-01
4.581440023819432827e+05	5.932953058999377305e-01	3.157264348207257654e-01
4.599654560937448987e+05	5.956540840430473160e-01	3.167758943105100644e-01
4.617937387318962719e+05	5.980217056296656120e-01	3.178289538338600617e-01
4.636288752281998750e+05	6.003982029464187686e-01	3.188856259213421196e-01
4.654708906042489689e+05	6.027836083962114788e-01	3.199459231477281285e-01
4.673198099717565347e+05	6.051779544986540804e-01	3.210098581321513267e-01
4.691756585328687797e+05	6.075812738904668997e-01	3.220774435382687817e-01
4.710384615805034991e+05	6.099935993259196776e-01	3.231486920744130464e-01
4.729082444986552582e+05	6.124149636772263650e-01	3.242236164937555842e-01
4.747850327627441729e+05	6.148453999349966503e-01	3.253022295944664188e-01
4.766688519399275538e+05	6.172849412086399701e-01	3.263845442198697322e-01
4.785597276894313982e+05	6.197336207267938324e-01	3.274705732586112306e-01
4.804576857628840953e+05	6.221914718377574705e-01	3.285603296448095234e-01
4.823627520046404097e+05	6.246585280099099524e-01	3.296538263582260986e-01
4.842749523521223455e+05	6.271348228321523832e-01	3.307510764244254720e-01
4.861943128361477284e+05	6.296203900143333421e-01	3.318520929149347820e-01
4.881208595812598360e+05	6.321152633876756521e-01	3.329568889474121551e-01
4.900546188060738496e+05	6.346194769052247997e-01	3.340654776858072439e-01
4.919956168236043886e+05	6.371330646422737054e-01	3.351778723405282601e-01
4.939438800416084123e+05	6.396560607968058143e-01	3.362940861686002370e-01
4.958994349629217759e+05	6.421884996899320797e-01	3.374141324738433867e-01
4.978623081858017249e+05	6.447304157663338309e-01	3.385380246070218146e-01
4.998325264042667695e+05	6.472818435947028659e-01	3.396657759660317577e-01
5.018101164084422635e+05	6.498428178681890932e-01	3.407973999960532407e-01
5.037951050848995801e+05	6.524133734048400690e-01	3.419329101897231604e-01
5.057875194170089671e+05	6.549935451480571880e-01	3.430723200873025402e-01
5.077873864852781990e+05	6.575833681670352204e-01	3.442156432768481711e-01
5.097947334677031613e+05	6.601828776572157276e-01	3.453628933943820312e-01
5.118095876401198911e+05	6.627921089407423638e-01	3.465140841240586522e-01
5.138319763765512616e+05	6.654110974669117384e-01	3.476692291983441430e-01
5.158619271495607099e+05	6.680398788126292731e-01	3.488283423981758391e-01
5.178994675306041609e+05	6.706784886828660586e-01	3.499914375531493760e-01
5.199446251903832308e+05	6.733269629111165999e-01	3.511585285416773949e-01
5.219974278992038453e+05	6.759853374598623343e-01	3.523296292911768379e-01
5.240579035273286281e+05	6.786536484210285991e-01	3.535047537782239346e-01
5.261260800453339471e+05	6.813319320164465953e-01	3.546839160287550974e-01
5.282019855244754581e+05	6.840202245983272311e-01	3.558671301182188551e-01
5.302856481370473048e+05	6.867185626497258610e-01	3.570544101717653129e-01
5.323770961567367194e+05	6.894269827850018073e-01	3.582457703644165714e-01
5.344763579589925939e+05	6.921455217502946455e-01	3.594412249212513566e-01
5.365834620213841554e+05	6.948742164239913865e-01	3.606407881175738295e-01
5.386984369239774533e+05	6.976131038172102006e-01	3.618444742791002700e-01
5.408213113496991573e+05	7.003622210742750376e-01	3.630522977821306063e-01
5.429521140846938360e+05	7.031216054731755927e-01	3.642642730537358764e-01
5.450908740187101066e+05	7.058912944260695710e-01	3.654804145719354191e-01
5.472376201454520924e+05	7.086713254797359918e-01	3.667007368658756206e-01
5.493923815629680175e+05	7.114617363160801178e-01	3.679252545160183185e-01
5.515551874740165658e+05	7.142625647526061883e-01	3.691539821543203259e-01
5.537260671864502365e+05	7.170738487429149099e-01	3.703869344644075134e-01
5.559050501135801896e+05	7.198956263771760788e-01	3.716241261817784802e-01
5.580921657745508710e+05	7.227279358826130817e-01	3.728655720939648144e-01
5.602874437947336119e+05	7.255708156240127105e-01	3.741112870407388713e-01
5.624909139061009046e+05	7.284243041042104405e-01	3.753612859142892444e-01
5.647026059475948568e+05	7.312884399645664946e-01	3.766155836593976236e-01
5.669225498655410483e+05	7.341632619855035236e-01	3.778741952736448528e-01
5.691507757139967289e+05	7.370488090869550257e-01	3.791371358075918407e-01
5.713873136551632779e+05	7.399451203289022505e-01	3.804044203649580846e-01
5.736321939597552409e+05	7.428522349118498180e-01	3.816760641028243972e-01
5.758854470074052224e+05	7.457701921773514098e-01	3.829520822318176476e-01
5.781471032870414201e+05	7.486990316084981556e-01	3.842324900162965573e-01
5.804171933972933330e+05	7.516387928304437693e-01	3.855173027745494863e-01
5.826957480468529975e+05	7.545895156108736179e-01	3.868065358789842256e-01
5.849827980549030472e+05	7.575512398605572795e-01	3.881002047563199553e-01
5.872783743515019305e+05	7.605240056338483656e-01	3.893983248877848635e-01
5.895825079779705266e+05	7.635078531291856763e-01	3.907009118093002220e-01
5.918952300873089116e+05	7.665028226896311025e-01	3.920079811116837232e-01
5.942165719445763389e+05	7.695089548033644533e-01	3.933195484408432141e-01
5.965465649272970622e+05	7.725262901042063701e-01	3.946356294979722068e-01
5.988852405258778017e+05	7.755548693721603382e-01	3.959562400397428905e-01
6.012326303439904004e+05	7.785947335339079567e-01	3.972813958785119115e-01
6.035887660990012810e+05	7.816459236633648278e-01	3.986111128825073902e-01
6.059536796223541023e+05	7.847084809821767148e-01	3.999454069760397523e-01
6.083274028599984013e+05	7.877824468602742103e-01	4.012842941396955743e-01
6.107099678727833088e+05	7.908678628163816615e-01	4.026277904105282635e-01
6.131014068368710577e+05	7.939647705185551851e-01	4.039759118822824902e-01
6.155017520441673696e+05	7.970732117847371123e-01	4.053286747055770411e-01
6.179110359027099330e+05	8.001932285832610292e-01	4.066860950881083792e-01
6.203292909371071728e+05	8.033248630334194340e-01	4.080481892948629175e-01
6.227565497889396502e+05	8.064681574059828773e-01	4.094149736483135849e-01
6.251928452171831159e+05	8.096231541237490781e-01	4.107864645286300465e-01
6.276382100986333098e+05	8.127898957620922626e-01	4.121626783738777666e-01
6.300926774283284321e+05	8.159684250495098379e-01	4.135436316802275081e-01
6.325562803199557820e+05	8.191587848681498585e-01	4.149293410021619444e-01
6.350290520062997239e+05	8.223610182543912295e-01	4.163198229526873240e-01
6.375110258396512363e+05	8.255751683993730605e-01	4.177150942035373626e-01
6.400022352922400460e+05	8.288012786495549955e-01	4.191151714853742494e-01
6.425027139566721162e+05	8.320393925072835373e-01	4.205200715880174078e-01
6.450124955463496735e+05	8.352895536313366120e-01	4.219298113606405609e-01
6.475316138959057862e+05	8.385518058374851202e-01	4.233444077119842275e-01
