0.000000000000000000e+00	0.000000000000000000e+00	0.000000000000000000e+00
2.555818579419182512e+01	3.308127046977227454e-05	1.277009420046541777e-02
5.121333934203271809e+01	6.630463102235864103e-05	1.278574480563874488e-02
7.696700908399755292e+01	9.965556905617466632e-05	1.280203243531087207e-02
1.028207056402954578e+02	1.331360408482374789e-04	1.281893671911708138e-02
1.287759037604224091e+02	1.667479562217623291e-04	1.283643828156303714e-02
1.548340441692488696e+02	2.004931809369115238e-04	1.285451868939697755e-02
1.809965353155059233e+02	2.343735389551449314e-04	1.287316040195696405e-02
2.072647550282061957e+02	2.683908145843431447e-04	1.289234672431729609e-02
2.336400520861952543e+02	3.025467545114313064e-04	1.291206176306884494e-02
2.601237477057292153e+02	3.368430697288431696e-04	1.293229038457875506e-02
2.867171369506767746e+02	3.712814373607823543e-04	1.295301817558394686e-02
3.134214900696878203e+02	4.058635023949005429e-04	1.297423140598057828e-02
3.402380537644139622e+02	4.405908793246870471e-04	1.299591699368249538e-02
3.671680523925859916e+02	4.754651537074951933e-04	1.301806247142683892e-02
3.942126891096271493e+02	5.104878836429698917e-04	1.304065595541435696e-02
4.213731469521427471e+02	5.456606011762032233e-04	1.306368611567715679e-02
4.486505898665473637e+02	5.809848136298415532e-04	1.308714214807400571e-02
4.760461636858150314e+02	6.164620048690092969e-04	1.311101374781922443e-02
5.035609970572115799e+02	6.520936365027534638e-04	1.313529108445647166e-02
5.311962023237023232e+02	6.878811490254954988e-04	1.315996477819464210e-02
5.589528763615500111e+02	7.238259629017482341e-04	1.318502587752684065e-02
5.868321013764865484e+02	7.599294795971848907e-04	1.321046583806052312e-02
6.148349456607113552e+02	7.961930825589755506e-04	1.323627650248740406e-02
6.429624643128249772e+02	8.326181381481258898e-04	1.326245008163040064e-02
6.712156999227000824e+02	8.692059965264055128e-04	1.328897913650464377e-02
6.995956832231911449e+02	9.059579925003348336e-04	1.331585656133616423e-02
7.281034337103939151e+02	9.428754463244392410e-04	1.334307556748376769e-02
7.567399602342356957e+02	9.799596644660829321e-04	1.337062966821261044e-02
7.855062615608787837e+02	1.017211940333799395e-03	1.339851266427232596e-02
8.144033269084748099e+02	1.054633554971109131e-03	1.342671863023411211e-02
8.434321364576850328e+02	1.092225777717660941e-03	1.345524190154458698e-02
8.725936618382748975e+02	1.129989866839384424e-03	1.348407706225593881e-02
9.018888665930396655e+02	1.167927070129290857e-03	1.351321893339520880e-02
9.313187066202483493e+02	1.206038625480449758e-03	1.354266256193689504e-02
9.608841305957511167e+02	1.244325761432631041e-03	1.357240321034582954e-02
9.905860803757642543e+02	1.282789697693924010e-03	1.360243634665827053e-02
1.020425491381338816e+03	1.321431645638636602e-03	1.363275763507221586e-02
1.050403292965513401e+03	1.360252808782766833e-03	1.366336292701834411e-02
1.080520408763952219e+03	1.399254383238092252e-03	1.369424825268630679e-02
1.110777757029964278e+03	1.438437558146027969e-03	1.372540981298008000e-02
1.141176250954729539e+03	1.477803516092328568e-03	1.375684397187996316e-02
1.171716798973398454e+03	1.517353433503498220e-03	1.378854724918969141e-02
1.202400305057862397e+03	1.557088481025934021e-03	1.382051631364612093e-02
1.233227668996816419e+03	1.597009823888615680e-03	1.385274797637353790e-02
1.264199786663766872e+03	1.637118622250186614e-03	1.388523918466362528e-02
1.295317550273614643e+03	1.677416031531230034e-03	1.391798701606280358e-02
1.326581848628302851e+03	1.717903202732395983e-03	1.395098867275201826e-02
1.357993567352214995e+03	1.758581282739244073e-03	1.398424147620214338e-02
1.389553589117634147e+03	1.799451414614221950e-03	1.401774286209079949e-02
1.421262793860968259e+03	1.840514737876680455e-03	1.405149037546710167e-02
1.453122058989982406e+03	1.881772388771248356e-03	1.408548166615057433e-02
1.485132259582667075e+03	1.923225500525368526e-03	1.411971448435281676e-02
1.517294268578041738e+03	1.964875203596396728e-03	1.415418667650895045e-02
1.549608956959275474e+03	2.006722625908745686e-03	1.418889618130952761e-02
1.582077193929548457e+03	2.048768893081630207e-03	1.422384102592090527e-02
1.614699847080990367e+03	2.091015128647848338e-03	1.425901932238585017e-02
1.647477782557027695e+03	2.133462454264025299e-03	1.429442926419328963e-02
1.680411865208398012e+03	2.176111989912652388e-03	1.433006912300994855e-02
1.713502958743240924e+03	2.218964854096464046e-03	1.436593724556553542e-02
1.746751925871449430e+03	2.262022164025372529e-03	1.440203205068216717e-02
1.780159628443583415e+03	2.305285035796365237e-03	1.443835202644241401e-02
1.813726927584642908e+03	2.348754584566744175e-03	1.447489572748797935e-02
1.847454683822845709e+03	2.392431924720897930e-03	1.451166177244262931e-02
1.881343757213735898e+03	2.436318170031023366e-03	1.454864884145294288e-02
1.915395007459808994e+03	2.480414433812042074e-03	1.458585567384138373e-02
1.949609294025817235e+03	2.524721829070926231e-03	1.462328106586583722e-02
1.983987476250052850e+03	2.569241468650810753e-03	1.466092386858014116e-02
2.018530413451635695e+03	2.613974465369934674e-03	1.469878298579072561e-02
2.053238965034174726e+03	2.658921932155884019e-03	1.473685737210456842e-02
2.088113990585851752e+03	2.704084982175202975e-03	1.477514603106447853e-02
2.123156349976053207e+03	2.749464728958532934e-03	1.481364801336649238e-02
2.158366903448842550e+03	2.795062286521666703e-03	1.485236241515601116e-02
2.193746511713312429e+03	2.840878769482547798e-03	1.489128837639891283e-02
2.229296036030930736e+03	2.886915293174391762e-03	1.493042507932311816e-02
2.265016338300131792e+03	2.933172973755233080e-03	1.496977174692891085e-02
2.300908281138247276e+03	2.979652928314023477e-03	1.500932764156289768e-02
2.336972727960610882e+03	3.026356274973079474e-03	1.504909206355321653e-02
2.373210543057560244e+03	3.073284132987796034e-03	1.508906434990392280e-02
2.409622591668780842e+03	3.120437622842927618e-03	1.512924387304429366e-02
2.446209740055548991e+03	3.167817866346144852e-03	1.516963003963150459e-02
2.482972855570785214e+03	3.215425986718747995e-03	1.521022228940382449e-02
2.519912806726948475e+03	3.263263108683601369e-03	1.525102009408186091e-02
2.557030463262062767e+03	3.311330358550630074e-03	1.529202295631572860e-02
2.594326696203908341e+03	3.359628864299954009e-03	1.533323040867600774e-02
2.631802377932173385e+03	3.408159755662374269e-03	1.537464201268616201e-02
2.669458382239075036e+03	3.456924164197879359e-03	1.541625735789543122e-02
2.707295584388234602e+03	3.505923223371886725e-03	1.545807606098898758e-02
2.745314861171998928e+03	3.555158068629477204e-03	1.550009776493490449e-02
2.783517090967177410e+03	3.604629837467575575e-03	1.554232213816511207e-02
2.821903153789386579e+03	3.654339669505326984e-03	1.558474887378994388e-02
2.860473931345907204e+03	3.704288706552546964e-03	1.562737768884427808e-02
2.899230307087345864e+03	3.754478092676627552e-03	1.567020832356286544e-02
2.938173166257824960e+03	3.804908974267528707e-03	1.571324054068559684e-02
2.977303395944047679e+03	3.855582500101321659e-03	1.575647412478969195e-02
3.016621885123214724e+03	3.906499821402243874e-03	1.579990888164825233e-02
3.056129524709698217e+03	3.957662091903136822e-03	1.584354463761364004e-02
3.095827207600676047e+03	4.009070467904547568e-03	1.588738123902560737e-02
3.135715828720790796e+03	4.060726108332561417e-03	1.593141855164155463e-02
3.175796285065627671e+03	4.112630174795106272e-03	1.597565646008925269e-02
3.216069475744495321e+03	4.164783831637355362e-03	1.602009486734053134e-02
3.256536302022021573e+03	4.217188245995591271e-03	1.606473369420461164e-02
3.297197667358986564e+03	4.269844587850089856e-03	1.610957287884181438e-02
3.338054477452294577e+03	4.322754030076883525e-03	1.615461237629425145e-02
3.379107640274198729e+03	4.375917748498551335e-03	1.619985215803506143e-02
3.420358066110572508e+03	4.429336921933791325e-03	1.624529221153451358e-02
3.461806667598574222e+03	4.483012732246187057e-03	1.629093253984181117e-02
3.503454359763525190e+03	4.536946364391973227e-03	1.633677316118289577e-02
3.545302060055133097e+03	4.591139006466939121e-03	1.638281410857306275e-02
3.587350688382934095e+03	4.645591849752329396e-03	1.642905542944332262e-02
3.629601167151292884e+03	4.700306088760171537e-03	1.647549718528088653e-02
3.672054421293600171e+03	4.755282921277556411e-03	1.652213945128268649e-02
3.714711378305976723e+03	4.810523548410290846e-03	1.656898231602122601e-02
3.757572968280348050e+03	4.866029174625727087e-03	1.661602588112319132e-02
3.800640123937065255e+03	4.921801007795006781e-03	1.666327026095815525e-02
3.843913780656866038e+03	4.977840259234453217e-03	1.671071558233987869e-02
3.887394876512471910e+03	5.034148143746488245e-03	1.675836198423784340e-02
3.931084352299593775e+03	5.090725879659782453e-03	1.680620961749837092e-02
3.974983151567501409e+03	5.147574688868849363e-03	1.685425864457599718e-02
4.019092220649185492e+03	5.204695796873097524e-03	1.690250923927468299e-02
4.063412508691020321e+03	5.262090432815252905e-03	1.695096158649764956e-02
4.107944967682033166e+03	5.319759829519256529e-03	1.699961588200564130e-02
4.152690552482845305e+03	5.377705223527740573e-03	1.704847233218403230e-02
4.197650220854126019e+03	5.435927855138886905e-03	1.709753115381786731e-02
4.242824933484689609e+03	5.494428968442805102e-03	1.714679257387467098e-02
4.288215654019365502e+03	5.553209811357626841e-03	1.719625682929443525e-02
4.333823349086323105e+03	5.612271635664889922e-03	1.724592416678710077e-02
4.379648988324192942e+03	5.671615697044662951e-03	1.729579484263655056e-02
4.425693544408993148e+03	5.731243255110415012e-03	1.734586912251138632e-02
4.471957993080418419e+03	5.791155573443058750e-03	1.739614728128248411e-02
4.518443313168158966e+03	5.851353919625032485e-03	1.744662960284600745e-02
4.565150486617808383e+03	5.911839565273853229e-03	1.749731637995256134e-02
4.612080498516416810e+03	5.972613786075211748e-03	1.754820791404240396e-02
4.659234337117991345e+03	6.033677861815986074e-03	1.759930451508561963e-02
4.706612993868658123e+03	6.095033076416835234e-03	1.765060650142769375e-02
4.754217463431399665e+03	6.156680717964230047e-03	1.770211419964044797e-02
4.802048743710824965e+03	6.218622078742535100e-03	1.775382794437772166e-02
4.850107835877655816e+03	6.280858455265709087e-03	1.780574807823551153e-02
4.898395744392928464e+03	6.343391148308654727e-03	1.785787495161719404e-02
4.946913477032061564e+03	6.406221462938390884e-03	1.791020892260248437e-02
4.995662044908620373e+03	6.469350708544810077e-03	1.796275035682134980e-02
5.044642462498009081e+03	6.532780198871377883e-03	1.801549962733135779e-02
5.093855747660959423e+03	6.596511252045543505e-03	1.806845711449943728e-02
5.143302921666872862e+03	6.660545190608965598e-03	1.812162320588719955e-02
5.192985009216856270e+03	6.724883341547349506e-03	1.817499829614004081e-02
5.242903038466773978e+03	6.789527036320294057e-03	1.822858278687971081e-02
5.293058041050030624e+03	6.854477610890800064e-03	1.828237708660035432e-02
5.343451052100260313e+03	6.919736405754649614e-03	1.833638161056764734e-02
5.394083110273951206e+03	6.985304765969706405e-03	1.839059678072172549e-02
5.444955257772727236e+03	7.051184041184772010e-03	1.844502302558254786e-02
5.496068540365622539e+03	7.117375585668425653e-03	1.849966078015848753e-02
5.547424007411420462e+03	7.183880758337962864e-03	1.855451048585777390e-02
5.599022711880444149e+03	7.250700922787606424e-03	1.860957259040292230e-02
5.650865710376696370e+03	7.317837447317177869e-03	1.866484754774763027e-02
5.702954063159575526e+03	7.385291704960226036e-03	1.872033581799613031e-02
5.755288834165542539e+03	7.453065073512081008e-03	1.877603786732560953e-02
5.807871091029853233e+03	7.521158935557995667e-03	1.883195416791048557e-02
5.860701905108062419e+03	7.589574678500995812e-03	1.888808519784936080e-02
5.913782351497407035e+03	7.658313694589576753e-03	1.894443144109408256e-02
5.967113509058225645e+03	7.727377380945432001e-03	1.900099338738133956e-02
6.020696460435169683e+03	7.796767139590927813e-03	1.905777153216588887e-02
6.074532292078518367e+03	7.866484377476704384e-03	1.911476637655619079e-02
6.128622094265186206e+03	7.936530506508884114e-03	1.917197842725225018e-02
6.182966961119813277e+03	8.006906943576374419e-03	1.922940819648471036e-02
6.237567990635780006e+03	8.077615110578091617e-03	1.928705620195659415e-02
6.292426284696187395e+03	8.148656434450129299e-03	1.934492296678629736e-02
6.347542949094602591e+03	8.220032347192613581e-03	1.940300901945270912e-02
6.402919093556036387e+03	8.291744285896886224e-03	1.946131489374197318e-02
6.458555831757616033e+03	8.363793692772257538e-03	1.951984112869543583e-02
6.514454281349292614e+03	8.436182015172833878e-03	1.957858826856016116e-02
6.570615563974673023e+03	8.508910705624496071e-03	1.963755686274002224e-02
6.627040805291412653e+03	8.581981221851303632e-03	1.969674746574902324e-02
6.683731134992022817e+03	8.655395026802436761e-03	1.975616063716580800e-02
6.740687686824362572e+03	8.729153588678739348e-03	1.981579694158909152e-02
6.797911598612125999e+03	8.803258380959255031e-03	1.987565694859568313e-02
6.855404012275399509e+03	8.877710882427830921e-03	1.993574123269869700e-02
6.913166073851037254e+03	8.952512577199523564e-03	1.999605037330763613e-02
6.971198933513265729e+03	9.027664954747270307e-03	2.005658495468953459e-02
7.029503745593929125e+03	9.103169509928109651e-03	2.011734556593144582e-02
7.088081668603069375e+03	9.179027743009835275e-03	2.017833280090406550e-02
7.146933865249091468e+03	9.255241159697107090e-03	2.023954725822655135e-02
7.206061502459272560e+03	9.331811271158009860e-03	2.030098954123259192e-02
7.265465751400117369e+03	9.408739594050415794e-03	2.036266025793683973e-02
7.325147787497559875e+03	9.486027650548144174e-03	2.042456002100390480e-02
7.385108790457496070e+03	9.563676968367551198e-03	2.048668944771656064e-02
7.445349944285897436e+03	9.641689080793583791e-03	2.054904915994638231e-02
7.505872437309295492e+03	9.720065526706291384e-03	2.061163978412467943e-02
7.566677462194928921e+03	9.798807850606935238e-03	2.067446195121462604e-02
7.627766215971168094e+03	9.877917602644418690e-03	2.073751629668391799e-02
7.689139900047783158e+03	9.957396338641556072e-03	2.080080346047917181e-02
7.750799720236283974e+03	1.003724562012139367e-02	2.086432408700000796e-02
7.812746886770111814e+03	1.011746701433336587e-02	2.092807882507500064e-02
7.874982614325018403e+03	1.019806209427969422e-02	2.099206832793848454e-02
7.937508122039505906e+03	1.027903243874183845e-02	2.105629325320648726e-02
8.000324633534994064e+03	1.036037963230662662e-02	2.112075426285625612e-02
8.063433376936181048e+03	1.044210526539262468e-02	2.118545202320397738e-02
8.126835584891492545e+03	1.052421093427660312e-02	2.125038720488462221e-02
8.190532494593258889e+03	1.060669824111968619e-02	2.131556048283244492e-02
8.254525347798256917e+03	1.068956879399393482e-02	2.138097253626123836e-02
8.318815390848179959e+03	1.077282420690886706e-02	2.144662404864668484e-02
8.383403874689760414e+03	1.085646609983751364e-02	2.151251570770812069e-02
8.448292054895355250e+03	1.094049609874307369e-02	2.157864820539175804e-02
8.513481191683382349e+03	1.102491583560538495e-02	2.164502223785427434e-02
8.578972549938636803e+03	1.110972694844722906e-02	2.171163850544655105e-02
8.644767399233311153e+03	1.119493108136154942e-02	2.177849771269927542e-02
8.710867013846709597e+03	1.128052988453699841e-02	2.184560056830775129e-02
8.777272672786419207e+03	1.136652501428532698e-02	2.191294778511792760e-02
8.843985659808582568e+03	1.145291813306765875e-02	2.198054008011317978e-02
8.911007263438486916e+03	1.153971090952114580e-02	2.204837817440138958e-02
8.978338776991298801e+03	1.162690501848582560e-02	2.211646279320198666e-02
9.045981498592647768e+03	1.171450214103126296e-02	2.218479466583494000e-02
9.113936731199206406e+03	1.180250396448321096e-02	2.225337452570867042e-02
9.182205782619563252e+03	1.189091218245065355e-02	2.232220311030986074e-02
9.250789965534839212e+03	1.197972849485246828e-02	2.239128116119247502e-02
9.319690597519593211e+03	1.206895460794454519e-02	2.246060942396851945e-02
9.388909001062422249e+03	1.215859223434641659e-02	2.253018864829748821e-02
9.458446503587010739e+03	1.224864309306856330e-02	2.260001958787883833e-02
9.528304437472908830e+03	1.233910890953927864e-02	2.267010300044230292e-02
9.598484140076403492e+03	1.242999141563173177e-02	2.274043964774068519e-02
9.668986953751616966e+03	1.252129234969126190e-02	2.281103029554133396e-02
9.739814225871294184e+03	1.261301345656232198e-02	2.288187571361945810e-02
9.810967308848006724e+03	1.270515648761591856e-02	2.295297667575101758e-02
9.882447560155163956e+03	1.279772320077683830e-02	2.302433395970648541e-02
9.954256342348257022e+03	1.289071536055113806e-02	2.309594834724446044e-02
1.002639502308571718e+04	1.298413473805318241e-02	2.316782062410598780e-02
1.009886497515049814e+04	1.307798311103356217e-02	2.323995158000960806e-02
1.017166757647102349e+04	1.317226226390625331e-02	2.331234200864603159e-02
1.024480421014258718e+04	1.326697398777631175e-02	2.338499270767381913e-02
1.031827626444874841e+04	1.336212008046757174e-02	2.345790447871463208e-02
1.039208513288264658e+04	1.345770234655028000e-02	2.353107812734970064e-02
1.046623221416845081e+04	1.355372259736883390e-02	2.360451446311651047e-02
1.054071891228296408e+04	1.365018265106978171e-02	2.367821429950452833e-02
1.061554663647678535e+04	1.374708433262923808e-02	2.375217845395349511e-02
1.069071680129640663e+04	1.384442947388147063e-02	2.382640774784966844e-02
1.076623082660559885e+04	1.394221991354660344e-02	2.390090300652427183e-02
1.084209013760697053e+04	1.404045749725855823e-02	2.397566505925123256e-02
1.091829616486379928e+04	1.413914407759330437e-02	2.405069473924531520e-02
1.099485034432207431e+04	1.423828151409740027e-02	2.412599288366062272e-02
1.107175411733196052e+04	1.433787167331580271e-02	2.420156033358998940e-02
1.114900893066994286e+04	1.443791642882054707e-02	2.427739793406338831e-02
1.122661623656068514e+04	1.453841766123902673e-02	2.435350653404763990e-02
1.130457749269904525e+04	1.463937725828254495e-02	2.442988698644607201e-02
1.138289416227224137e+04	1.474079711477497591e-02	2.450654014809843656e-02
1.146156771398183628e+04	1.484267913268126973e-02	2.458346687978130510e-02
1.154059962206598175e+04	1.494502522113624193e-02	2.466066804620759695e-02
1.161999136632165391e+04	1.504783729647337157e-02	2.473814451602844577e-02
1.169974443212706137e+04	1.515111728225381101e-02	2.481589716183316488e-02
1.177986031046388962e+04	1.525486710929521185e-02	2.489392686015117623e-02
1.186034049793978556e+04	1.535908871570083011e-02	2.497223449145269045e-02
1.194118649681067291e+04	1.546378404688841628e-02	2.505082094015083014e-02
1.202239981500351860e+04	1.556895505561971781e-02	2.512968709460321887e-02
1.210398196613890468e+04	1.567460370202969008e-02	2.520883384711413572e-02
1.218593446955352192e+04	1.578073195365564327e-02	2.528826209393660387e-02
1.226825885032316546e+04	1.588734178546700321e-02	2.536797273527539170e-02
1.235095663928537579e+04	1.599443517989465602e-02	2.544796667528937892e-02
1.243402937306227068e+04	1.610201412686048522e-02	2.552824482209425580e-02
1.251747859408351360e+04	1.621008062380713613e-02	2.560880808776569081e-02
1.260130585060948215e+04	1.631863667572801616e-02	2.568965738834334128e-02
1.268551269675404365e+04	1.642768429519678511e-02	2.577079364383354915e-02
1.277010069250777815e+04	1.653722550239743530e-02	2.585221777821349737e-02
1.285507140376127063e+04	1.664726232515444104e-02	2.593393071943481815e-02
1.294042640232832491e+04	1.675779679896283875e-02	2.601593339942825586e-02
1.302616726596933222e+04	1.686883096701847704e-02	2.609822675410712611e-02
1.311229557841456699e+04	1.698036688024818705e-02	2.618081172337244356e-02
1.319881292938763545e+04	1.709240659734015053e-02	2.626368925111707484e-02
1.328572091462936078e+04	1.720495218477483337e-02	2.634686028523123766e-02
1.337302113592081696e+04	1.731800571685480211e-02	2.643032577760686883e-02
1.346071520110763595e+04	1.743156927573621950e-02	2.651408668414270350e-02
1.354880472412323979e+04	1.754564495145891773e-02	2.659814396475007614e-02
1.363729132501301137e+04	1.766023484197769972e-02	2.668249858335835015e-02
1.372617662995803403e+04	1.777534105319308541e-02	2.676715150792019493e-02
1.381546227129906038e+04	1.789096569898235983e-02	2.685210371041796273e-02
1.390514988756067032e+04	1.800711090123083627e-02	2.693735616686930914e-02
1.399524112347543087e+04	1.812377878986317151e-02	2.702290985733337564e-02
1.408573763000787949e+04	1.824097150287438268e-02	2.710876576591724971e-02
1.417664106437887312e+04	1.835869118636143660e-02	2.719492488078187678e-02
1.426795309009014818e+04	1.847693999455499517e-02	2.728138819414962363e-02
1.435967537694852581e+04	1.859572008985081043e-02	2.736815670231017295e-02
1.445180960109043372e+04	1.871503364284144225e-02	2.745523140562781267e-02
1.454435744500656801e+04	1.883488283234822230e-02	2.754261330854873221e-02
1.463732059756652961e+04	1.895526984545315222e-02	2.763030341960729871e-02
1.473070075404348245e+04	1.907619687753081203e-02	2.771830275143429695e-02
1.482449961613912819e+04	1.919766613228074403e-02	2.780661232076432621e-02
1.491871889200840451e+04	1.931967982175940290e-02	2.789523314844290225e-02
1.501336029628471442e+04	1.944224016641284483e-02	2.798416625943457928e-02
1.510842555010468459e+04	1.956534939510878174e-02	2.807341268283071109e-02
1.520391638113346198e+04	1.968900974516933980e-02	2.816297345185725387e-02
1.529983452359012335e+04	1.981322346240397755e-02	2.825284960388374511e-02
1.539618171827264086e+04	1.993799280114179687e-02	2.834304218043062762e-02
1.549295971258342615e+04	2.006332002426463798e-02	2.843355222717811048e-02
1.559017026055472161e+04	2.018920740323995253e-02	2.852438079397478024e-02
1.568781512287421720e+04	2.031565721815398184e-02	2.861552893484548693e-02
1.578589606691074187e+04	2.044267175774502204e-02	2.870699770800192938e-02
1.588441486673993313e+04	2.057025331943667865e-02	2.879878817584931999e-02
1.598337330316998487e+04	2.069840420937119063e-02	2.889090140499701170e-02
1.608277316376734780e+04	2.082712674244273365e-02	2.898333846626706400e-02
1.618261624288330313e+04	2.095642324233180573e-02	2.907610043470366251e-02
1.628290434167943567e+04	2.108629604153824597e-02	2.916918838958245525e-02
1.638363926815392006e+04	2.121674748141525596e-02	2.926260341442004156e-02
1.648482283716790698e+04	2.134777991220357385e-02	2.935634659698374560e-02
1.658645687047190950e+04	2.147939569306564489e-02	2.945041902930118846e-02
1.668854319673168357e+04	2.161159719211912938e-02	2.954482180767023861e-02
1.679108365155523279e+04	2.174438678647189899e-02	2.963955603266886160e-02
1.689408007751958576e+04	2.187776686225667913e-02	2.973462280916574010e-02
1.699753432419684032e+04	2.201173981466480328e-02	2.983002324632955463e-02
1.710144824818118650e+04	2.214630804798117455e-02	2.992575845764020720e-02
1.720582371311585302e+04	2.228147397561923426e-02	3.002182956089845950e-02
1.731066258972001742e+04	2.241724002015569456e-02	3.011823767823729875e-02
1.741596675581597083e+04	2.255360861336582964e-02	3.021498393613162095e-02
1.752173809635582802e+04	2.269058219625800024e-02	3.031206946540966271e-02
1.762797850344926701e+04	2.282816321910960053e-02	3.040949540126402367e-02
1.773468987639041370e+04	2.296635414150186016e-02	3.050726288326184935e-02
1.784187412168539959e+04	2.310515743235553102e-02	3.060537305535618313e-02
1.794953315308013043e+04	2.324457556996688268e-02	3.070382706589778327e-02
1.805766889158756021e+04	2.338461104204295551e-02	3.080262606764557626e-02
1.816628326551519058e+04	2.352526634573724740e-02	3.090177121777816852e-02
1.827537821049334525e+04	2.366654398768627474e-02	3.100126367790575696e-02
1.838495566950266948e+04	2.380844648404519676e-02	3.110110461408120350e-02
1.849501759290256450e+04	2.395097636052465756e-02	3.120129519681218502e-02
1.860556593845844691e+04	2.409413615242607387e-02	3.130183660107241361e-02
1.871660267137088158e+04	2.423792840467933751e-02	3.140273000631371020e-02
1.882812976430295021e+04	2.438235567187830785e-02	3.150397659647862642e-02
1.894014919740931873e+04	2.452742051831841713e-02	3.160557756001130397e-02
1.905266295836408608e+04	2.467312551803274578e-02	3.170753408987068978e-02
1.916567304239014265e+04	2.481947325483003716e-02	3.180984738354233898e-02
1.927918145228679350e+04	2.496646632233047447e-02	3.191251864305073155e-02
1.939319019845942967e+04	2.511410732400411530e-02	3.201554907497188712e-02
1.950770129894759157e+04	2.526239887320719940e-02	3.211893989044595221e-02
1.962271677945469855e+04	2.541134359322069075e-02	3.222269230518951671e-02
1.973823867337664706e+04	2.556094411728727575e-02	3.232680753950894353e-02
1.985426902183095808e+04	2.571120308864915244e-02	3.243128681831260185e-02
1.997080987368601564e+04	2.586212316058583705e-02	3.253613137112409959e-02
2.008786328559080721e+04	2.601370699645271303e-02	3.264134243209529385e-02
2.020543132200391119e+04	2.616595726971859132e-02	3.274692124001926663e-02
2.032351605522326281e+04	2.631887666400420378e-02	3.285286903834358507e-02
2.044211956541584732e+04	2.647246787312069333e-02	3.295918707518367269e-02
2.056124394064732769e+04	2.662673360110796167e-02	3.306587660333616674e-02
2.068089127691197791e+04	2.678167656227346122e-02	3.317293888029238663e-02
2.080106367816303828e+04	2.693729948123146922e-02	3.328037516825195496e-02
2.092176325634190289e+04	2.709360509294091515e-02	3.338818673413627286e-02
2.104299213140929351e+04	2.725059614274571995e-02	3.349637484960232836e-02
2.116475243137520374e+04	2.740827538641361222e-02	3.360494079105692811e-02
2.128704629232856314e+04	2.756664559017451416e-02	3.371388583966979796e-02
2.140987585846902221e+04	2.772570953076171005e-02	3.382321128138827959e-02
2.153324328213674380e+04	2.788546999545042648e-02	3.393291840695142336e-02
2.165715072384331143e+04	2.804592978209786633e-02	3.404300851190383143e-02
2.178160035230261565e+04	2.820709169918320103e-02	3.415348289660995185e-02
2.190659434446149680e+04	2.836895856584724374e-02	3.426434286626885845e-02
2.203213488553118077e+04	2.853153321193316674e-02	3.437558973092815634e-02
2.215822416901842371e+04	2.869481847802684421e-02	3.448722480549883118e-02
2.228486439675663132e+04	2.885881721549713244e-02	3.459924940977018859e-02
2.241205777893712366e+04	2.902353228653636874e-02	3.471166486842381521e-02
2.253980653414072731e+04	2.918896656420128313e-02	3.482447251104888591e-02
2.266811288936940400e+04	2.935512293245395171e-02	3.493767367215711017e-02
2.279697908007815204e+04	2.952200428620311082e-02	3.505126969119714414e-02
2.292640735020637658e+04	2.968961353134478773e-02	3.516526191257070277e-02
2.305639995221044228e+04	2.985795358480445444e-02	3.527965168564620863e-02
2.318695914709485078e+04	3.002702737457739121e-02	3.539444036477558397e-02
2.331808720444524442e+04	3.019683783977143710e-02	3.550962930930835065e-02
2.344978640246037321e+04	3.036738793064839084e-02	3.562521988360766584e-02
2.358205902798425450e+04	3.053868060866563386e-02	3.574121345706570557e-02
2.371490737653928954e+04	3.071071884651905767e-02	3.585761140411899278e-02
2.384833375235814310e+04	3.088350562818432607e-02	3.597441510426447470e-02
2.398234046841676172e+04	3.105704394895958398e-02	3.609162594207487862e-02
2.411692984646762488e+04	3.123133681550861740e-02	3.620924530721460199e-02
2.425210421707240675e+04	3.140638724590308350e-02	3.632727459445588003e-02
2.438786591963484170e+04	3.158219826966508076e-02	3.644571520369438433e-02
2.452421730243402999e+04	3.175877292781028455e-02	3.656456853996543216e-02
2.466116072265813273e+04	3.193611427289157895e-02	3.668383601346055650e-02
2.479869854643742292e+04	3.211422536904186970e-02	3.680351903954285492e-02
2.493683314887817687e+04	3.229310929201796576e-02	3.692361903876444779e-02
2.507556691409594350e+04	3.247276912924365599e-02	3.704413743688189653e-02
2.521490223524963221e+04	3.265320797985386131e-02	3.716507566487311370e-02
2.535484151457540429e+04	3.283442895473852319e-02	3.728643515895419674e-02
2.549538716342065527e+04	3.301643517658660321e-02	3.740821736059528335e-02
2.563654160227854663e+04	3.319922977993081809e-02	3.753042371653828729e-02
2.577830726082142064e+04	3.338281591119089675e-02	3.765305567881305909e-02
2.592068657793613966e+04	3.356719672871934235e-02	3.777611470475462918e-02
2.606368200175821039e+04	3.375237540284564686e-02	3.789960225701979185e-02
2.620729598970651205e+04	3.393835511592122045e-02	3.802351980360452882e-02
2.635153100851775162e+04	3.412513906236407102e-02	3.814786881786112055e-02
2.649638953428190143e+04	3.431273044870464251e-02	3.827265077851550734e-02
2.664187405247712377e+04	3.450113249363104956e-02	3.839786716968416475e-02
2.678798705800461539e+04	3.469034842803424973e-02	3.852351948089197120e-02
2.693473105522417245e+04	3.488038149505402752e-02	3.864960920708924996e-02
2.708210855798960620e+04	3.507123495012492292e-02	3.877613784867013635e-02
2.723012208968397681e+04	3.526291206102179915e-02	3.890310691148954336e-02
2.737877418325565668e+04	3.545541610790661075e-02	3.903051790688050193e-02
2.752806738125388074e+04	3.564875038337437380e-02	3.915837235167341640e-02
2.767800423586467150e+04	3.584291819249975364e-02	3.928667176821253049e-02
2.782858730894718974e+04	3.603792285288407587e-02	3.941541768437475945e-02
2.797981917206948492e+04	3.623376769470166431e-02	3.954461163358734266e-02
2.813170240654497684e+04	3.643045606074708093e-02	3.967425515484637039e-02
2.828423960346917374e+04	3.662799130648267815e-02	3.980434979273458213e-02
2.843743336375573926e+04	3.682637680008524900e-02	3.993489709744004607e-02
2.859128629817346882e+04	3.702561592249401651e-02	4.006589862477442227e-02
2.874580102738353889e+04	3.722571206745877576e-02	4.019735593619137154e-02
2.890098018197538113e+04	3.742666864158639833e-02	4.032927059880542925e-02
2.905682640250517215e+04	3.762848906439067442e-02	4.046164418541015051e-02
2.921334233953179501e+04	3.783117676833886583e-02	4.059447827449759461e-02
2.937053065365505972e+04	3.803473519890120808e-02	4.072777445027610937e-02
2.952839401555295262e+04	3.823916781459916342e-02	4.086153430269036380e-02
2.968693510601888192e+04	3.844447808705363928e-02	4.099575942743984014e-02
2.984615661600057865e+04	3.865066950103534377e-02	4.113045142599736775e-02
3.000606124663677110e+04	3.885774555451233098e-02	4.126561190562932913e-02
3.016665170929563465e+04	3.906570975869974593e-02	4.140124247941426305e-02
3.032793072561330337e+04	3.927456563810972218e-02	4.153734476626206457e-02
3.048990102753181782e+04	3.948431673060052299e-02	4.167392039093374689e-02
3.065256535733800774e+04	3.969496658742687617e-02	4.181097098406062751e-02
3.081592646770133433e+04	3.990651877328898339e-02	4.194849818216463133e-02
3.097998712171363513e+04	4.011897686638404847e-02	4.208650362767702574e-02
3.114475009292696268e+04	4.033234445845516186e-02	4.222498896895900133e-02
3.131021816539353313e+04	4.054662515484316193e-02	4.236395586032033755e-02
3.147639413370444163e+04	4.076182257453665053e-02	4.250340596204076060e-02
3.164328080302901435e+04	4.097794035022305631e-02	4.264334094038924050e-02
3.181088098915410592e+04	4.119498212833946904e-02	4.278376246764328816e-02
3.197919751852404806e+04	4.141295156912438991e-02	4.292467222211088923e-02
3.214823322828003074e+04	4.163185234666870460e-02	4.306607188814932929e-02
3.231799096630022177e+04	4.185168814896769035e-02	4.320796315618605915e-02
3.248847359123957722e+04	4.207246267797251638e-02	4.335034772273942127e-02
3.265968397257044489e+04	4.229417964964286153e-02	4.349322729043842567e-02
3.283162499062215647e+04	4.251684279399816496e-02	4.363660356804394125e-02
3.300429953662197659e+04	4.274045585517066009e-02	4.378047827046909618e-02
3.317771051273567718e+04	4.296502259145792979e-02	4.392485311880040683e-02
3.335186083210814832e+04	4.319054677537548237e-02	4.406972984031819890e-02
3.352675341890441632e+04	4.341703219370988964e-02	4.421511016851810416e-02
3.370239120835086214e+04	4.364448264757211926e-02	4.436099584313128730e-02
3.387877714677579934e+04	4.387290195245016622e-02	4.450738861014592873e-02
3.405591419165117259e+04	4.410229393826292643e-02	4.465429022182959562e-02
3.423380531163481646e+04	4.433266244941506951e-02	4.480170243674824748e-02
3.441245348661087337e+04	4.456401134484926779e-02	4.494962701978925945e-02
3.459186170773179037e+04	4.479634449810064589e-02	4.509806574218280795e-02
3.477203297746122553e+04	4.502966579735228486e-02	4.524702038152304817e-02
3.495297030961528071e+04	4.526397914548867252e-02	4.539649272178927081e-02
3.513467672940438933e+04	4.549928846014994477e-02	4.554648455336864077e-02
3.531715527347676107e+04	4.573559767378809066e-02	4.569699767307805471e-02
3.550040898996094620e+04	4.597291073372215126e-02	4.584803388418487446e-02
3.568444093850698846e+04	4.621123160219146181e-02	4.599959499642967964e-02
3.586925419033136131e+04	4.645056425641384129e-02	4.615168282604813210e-02
3.605485182825847005e+04	4.669091268863936189e-02	4.630429919579399922e-02
3.624123694676464947e+04	4.693228090620733817e-02	4.645744593496015096e-02
3.642841265202080831e+04	4.717467293160149122e-02	4.661112487940194393e-02
3.661638206193702354e+04	4.741809280250776359e-02	4.676533787155912752e-02
3.680514830620483554e+04	4.766254457186906018e-02	4.692008676047807608e-02
3.699471452634221350e+04	4.790803230794346557e-02	4.707537340183563096e-02
3.718508387573643267e+04	4.815456009435983842e-02	4.723119965796040293e-02
3.737625951968973095e+04	4.840213203017678517e-02	4.738756739785623257e-02
3.756824463546124753e+04	4.865075222993719972e-02	4.754447849722533148e-02
3.776104241231452033e+04	4.890042482372952692e-02	4.770193483849053534e-02
3.795465605155909725e+04	4.915115395724184433e-02	4.785993831081955530e-02
3.814908876659796806e+04	4.940294379182317425e-02	4.801849081014696735e-02
3.834434378296999785e+04	4.965579850453846755e-02	4.817759423919785317e-02
3.854042433839669684e+04	4.990972228822918022e-02	4.833725050751166291e-02
3.873733368282710580e+04	5.016471935157139350e-02	4.849746153146460015e-02
3.893507507848326350e+04	5.042079391913467656e-02	4.865822923429493491e-02
3.913365179990561592e+04	5.067795023144092137e-02	4.881955554612409792e-02
3.933306713399869477e+04	5.093619254502347593e-02	4.898144240398213251e-02
3.953332438007722521e+04	5.119552513248685349e-02	4.914389175183273006e-02
3.973442684991229180e+04	5.145595228256654580e-02	4.930690554059379699e-02
3.993637786777683505e+04	5.171747830018787878e-02	4.947048572816400980e-02
4.013918077049373096e+04	5.198010750652835160e-02	4.963463427944576206e-02
4.034283890748050180e+04	5.224384423907546537e-02	4.979935316637035952e-02
4.054735564079750475e+04	5.250869285168921485e-02	4.996464436792115438e-02
4.075273434519419243e+04	5.277465771466186700e-02	5.013050987015929549e-02
4.095897840815625386e+04	5.304174321477916898e-02	5.029695166624569003e-02
4.116609122995266807e+04	5.330995375538112591e-02	5.046397175646932798e-02
4.137407622368374723e+04	5.357929375642432601e-02	5.063157214826878583e-02
4.158293681532883784e+04	5.384976765454368292e-02	5.079975485625772696e-02
4.179267644379314152e+04	5.412137990311302604e-02	5.096852190225137358e-02
4.200329856095628202e+04	5.439413497230807110e-02	5.113787531528874580e-02
4.221480663172083587e+04	5.466803734916918928e-02	5.130781713165995239e-02
4.242720413406014995e+04	5.494309153766340631e-02	5.147834939493101808e-02
4.264049455906668300e+04	5.521930205874693576e-02	5.164947415596706642e-02
4.285468141100119101e+04	5.549667345042889194e-02	5.182119347296073458e-02
4.306976820734125067e+04	5.577521026783419100e-02	5.199350941145580024e-02
4.328575847883013921e+04	5.605491708326676426e-02	5.216642404437275143e-02
4.350265576952674019e+04	5.633579848627423559e-02	5.233993945203453679e-02
4.372046363685416873e+04	5.661785908371086418e-02	5.251405772219301660e-02
4.393918565164922620e+04	5.690110349980159743e-02	5.268878095005293666e-02
4.415882539821298269e+04	5.718553637620758801e-02	5.286411123830104392e-02
4.437938647435985331e+04	5.747116237208973327e-02	5.304005069712865172e-02
4.460087249146912654e+04	5.775798616417544828e-02	5.321660144426000605e-02
4.482328707453221432e+04	5.804601244681974193e-02	5.339376560497761243e-02
4.504663386220703978e+04	5.833524593207577158e-02	5.357154531214882581e-02
4.527091650686546927e+04	5.862569134975620377e-02	5.374994270625236409e-02
4.549613867464589566e+04	5.891735344750134717e-02	5.392895993540439137e-02
4.572230404550432286e+04	5.921023699084523861e-02	5.410859915538502457e-02
4.594941631326440984e+04	5.950434676328052869e-02	5.428886252966676207e-02
4.617747918566926091e+04	5.979968756632551841e-02	5.446975222943842981e-02
4.640649638443392178e+04	6.009626421959211873e-02	5.465127043363436632e-02
4.663647164529586007e+04	6.039408156085123575e-02	5.483341932896106108e-02
4.686740871806846553e+04	6.069314444610210413e-02	5.501620110992381379e-02
4.709931136669106490e+04	6.099345774963699229e-02	5.519961797885380994e-02
4.733218336928331701e+04	6.129502636411163219e-02	5.538367214593623022e-02
4.756602851819682110e+04	6.159785520061213798e-02	5.556836582923677798e-02
4.780085062006770750e+04	6.190194918872303498e-02	5.575370125472983024e-02
4.803665349586879893e+04	6.220731327659480975e-02	5.593968065632614478e-02
4.827344098096600646e+04	6.251395243101696975e-02	5.612630627589988708e-02
4.851121692516682378e+04	6.282187163748088887e-02	5.631358036331800959e-02
4.874998519277800369e+04	6.313107590025437976e-02	5.650150517646599507e-02
4.898974966265690455e+04	6.344157024244830023e-02	5.669008298127854728e-02
4.923051422826554335e+04	6.375335970608646263e-02	5.687931605176493183e-02
4.947228279772536916e+04	6.406644935217664649e-02	5.706920667003890363e-02
4.971505929387176002e+04	6.438084426078112543e-02	5.725975712634761433e-02
4.995884765430769039e+04	6.469654953108616713e-02	5.745096971909911115e-02
5.020365183145866467e+04	6.501357028147319861e-02	5.764284675489014798e-02
5.044947579262751970e+04	6.533191164958972175e-02	5.783539054853694544e-02
5.069632352004969289e+04	6.565157879242095040e-02	5.802860342310302982e-02
5.094419901094859233e+04	6.597257688636148920e-02	5.822248770992732164e-02
5.119310627759069030e+04	6.629491112728662372e-02	5.841704574865433375e-02
5.144304934734159178e+04	6.661858673062506786e-02	5.861227988726242649e-02
5.169403226272158645e+04	6.694360893143072588e-02	5.880819248209440825e-02
5.194605908146187721e+04	6.726998298445564795e-02	5.900478589788491629e-02
5.219913387656112172e+04	6.759771416422320767e-02	5.920206250779182222e-02
5.245326073634112981e+04	6.792680776510018337e-02	5.940002469342395286e-02
5.270844376450464915e+04	6.825726910137168424e-02	5.959867484487239159e-02
5.296468708019111364e+04	6.858910350731323158e-02	5.979801536073931639e-02
5.322199481803504023e+04	6.892231633726650375e-02	5.999804864816877387e-02
5.348037112822218478e+04	6.925691296571194477e-02	6.019877712287503152e-02
5.373982017654708034e+04	6.959289878734337131e-02	6.040020320917449670e-02
5.400034614447213971e+04	6.993027921714443929e-02	6.060232934001481137e-02
5.426195322918433521e+04	7.026905969046204348e-02	6.080515795700600079e-02
5.452464564365355909e+04	7.060924566308197925e-02	6.100869151045033856e-02
5.478842761669101310e+04	7.095084261130449321e-02	6.121293245937309974e-02
5.505330339300837659e+04	7.129385603202087474e-02	6.141788327155308508e-02
5.531927723327561398e+04	7.163829144278838212e-02	6.162354642355401951e-02
5.558635341418092867e+04	7.198415438190784721e-02	6.182992440075475021e-02
5.585453622848952364e+04	7.233145040849979501e-02	6.203701969738051325e-02
5.612382998510260222e+04	7.268018510258078546e-02	6.224483481653390882e-02
5.639423900911823876e+04	7.303036406514233636e-02	6.245337227022687565e-02
5.666576764188992820e+04	7.338199291822668224e-02	6.266263457941129156e-02
5.693842024108792975e+04	7.373507730500622470e-02	6.287262427401084375e-02
5.721220118075788196e+04	7.408962288985941613e-02	6.308334389295212896e-02
5.748711485138305579e+04	7.444563535845147295e-02	6.329479598419747444e-02
5.776316565994476696e+04	7.480312041781245203e-02	6.350698310477538577e-02
5.804035802998230065e+04	7.516208379641500792e-02	6.371990782081322913e-02
5.831869640165529563e+04	7.552253124425510611e-02	6.393357270756963584e-02
5.859818523180415650e+04	7.588446853293022432e-02	6.414798034946575522e-02
5.887882899401306349e+04	7.624790145572103717e-02	6.436313334011922738e-02
5.916063217867018102e+04	7.661283582766929834e-02	6.457903428237407595e-02
5.944359929303082026e+04	7.697927748565970563e-02	6.479568578833555526e-02
5.972773486127959040e+04	7.734723228850033661e-02	6.501309047940172225e-02
6.001304342459281906e+04	7.771670611700351450e-02	6.523125098629641017e-02
6.029952954120159120e+04	7.808770487406745120e-02	6.545016994910245189e-02
6.058719778645430779e+04	7.846023448475716866e-02	6.566985001729384874e-02
6.087605275287996483e+04	7.883430089638664151e-02	6.589029384977032611e-02
6.116609905025214539e+04	7.920991007860142541e-02	6.611150411488860013e-02
6.145734130565220403e+04	7.958706802346066089e-02	6.633348349049814074e-02
6.174978416353320790e+04	7.996578074551981274e-02	6.655623466397277144e-02
6.204343228578466369e+04	8.034605428191447796e-02	6.677976033224534980e-02
6.233829035179640050e+04	8.072789469244309735e-02	6.700406320184140729e-02
6.263436305852231453e+04	8.111130805964961166e-02	6.722914598891223392e-02
6.293165512054753344e+04	8.149630048891032263e-02	6.745501141927053024e-02
6.323017127015159349e+04	8.188287810851573034e-02	6.768166222842243729e-02
6.352991625737452705e+04	8.227104706975618686e-02	6.790910116160314702e-02
6.383089485008200427e+04	8.266081354700613448e-02	6.813733097381161063e-02
6.413311183403190807e+04	8.305218373781043939e-02	6.836635442984342892e-02
6.443657201293927938e+04	8.344516386296843558e-02	6.859617430432782270e-02
6.474128020854388160e+04	8.383976016662143815e-02	6.882679338175996808e-02
6.504724126067543693e+04	8.423597891633717583e-02	6.905821445653806401e-02
6.535446002732172929e+04	8.463382640319806749e-02	6.929044033299631977e-02
6.566294138469459722e+04	8.503330894188661226e-02	6.952347382544196708e-02
6.597269022729725111e+04	8.543443287077259751e-02	6.975731775818849734e-02
6.628371146799343114e+04	8.583720455200267996e-02	6.999197496559303455e-02
6.659601003807160305e+04	8.624163037158343037e-02	7.022744829209162654e-02
6.690959088731801603e+04	8.664771673947610497e-02	7.046374059223328712e-02
6.722445898407934874e+04	8.705547008967752520e-02	7.070085473071774373e-02
6.754061931533648749e+04	8.746489688031594545e-02	7.093879358242989597e-02
6.785807688676859834e+04	8.787600359373368142e-02	7.117756003247682761e-02
6.817683672282630869e+04	8.828879673658217297e-02	7.141715697622269543e-02
6.849690386679727817e+04	8.870328283990668028e-02	7.165758731932739267e-02
6.881828338087824523e+04	8.911946845923973681e-02	7.189885397778106313e-02
6.914098034624404681e+04	8.953736017469041131e-02	7.214095987794091891e-02
6.946499986311775865e+04	8.995696459103527665e-02	7.238390795656803045e-02
6.979034705083958397e+04	9.037828833780749138e-02	7.262770116086535166e-02
7.011702704794012243e+04	9.080133806939168217e-02	7.287234244851308052e-02
7.044504501220850216e+04	9.122612046511233141e-02	7.311783478770685074e-02
7.077440612076442630e+04	9.165264222932689719e-02	7.336418115719421651e-02
7.110511557013039419e+04	9.208091009151940509e-02	7.361138454631283023e-02
7.143717857630146318e+04	9.251093080639087585e-02	7.385944795502724647e-02
7.177060037481968175e+04	9.294271115395555394e-02	7.410837439396739112e-02
7.210538622084194503e+04	9.337625793962887888e-02	7.435816688446521272e-02
7.244154138921659614e+04	9.381157799432665589e-02	7.460882845859406753e-02
7.277907117455416301e+04	9.424867817455677421e-02	7.486036215920581494e-02
7.311798089129985601e+04	9.468756536251289602e-02	7.511277103996909232e-02
7.345827587380859768e+04	9.512824646617168423e-02	7.536605816540767333e-02
7.379996147641610878e+04	9.557072841938499264e-02	7.562022661093970033e-02
7.414304307351342868e+04	9.601501818197615001e-02	7.587527946291494629e-02
7.448752605962113012e+04	9.646112273983631358e-02	7.613121981865580978e-02
7.483341584946391231e+04	9.690904910502075309e-02	7.638805078649346658e-02
7.518071787804386986e+04	9.735880431584416350e-02	7.664577548580868427e-02
7.552943760071613360e+04	9.781039543697810090e-02	7.690439704707106860e-02
7.587958049326449691e+04	9.826382955954943155e-02	7.716391861187753276e-02
7.623115205197458272e+04	9.871911380123467306e-02	7.742434333299283433e-02
7.658415779371195822e+04	9.917625530636142717e-02	7.768567437438778089e-02
7.693860325599604403e+04	9.963526124600392830e-02	7.794791491128011396e-02
7.729449399707764678e+04	1.000961388180835049e-01	7.821106813017408843e-02
7.765183559601414890e+04	1.005588952474660014e-01	7.847513722890119003e-02
7.801063365274705575e+04	1.010235377860621009e-01	7.874012541665929843e-02
7.837089378817936813e+04	1.014900737129275921e-01	7.900603591405334913e-02
7.873262164425061201e+04	1.019585103343605414e-01	7.927287195313650892e-02
7.909582288401643746e+04	1.024288549840042667e-01	7.954063677744939442e-02
7.946050319172597665e+04	1.029011150229476729e-01	7.980933364206277414e-02
7.982666827290001675e+04	1.033752978398264216e-01	8.007896581361677313e-02
8.019432385440942016e+04	1.038514108509243777e-01	8.034953657036322805e-02
8.056347568455305009e+04	1.043294615002746534e-01	8.062104920220662663e-02
8.093412953313696198e+04	1.048094572597621787e-01	8.089350701074385364e-02
8.130629119155452645e+04	1.052914056292273554e-01	8.116691330930911330e-02
8.167996647286512598e+04	1.057753141365680577e-01	8.144127142301212097e-02
8.205516121187440876e+04	1.062611903378434391e-01	8.171658468878224835e-02
8.243188126521318918e+04	1.067490418173762806e-01	8.199285645540972667e-02
8.281013251142064109e+04	1.072388761878605712e-01	8.227009008358787678e-02
8.318992085102053534e+04	1.077307010904603735e-01	8.254828894595500621e-02
8.357125220660633931e+04	1.082245241949198883e-01	8.282745642713762457e-02
8.395413252292241668e+04	1.087203531996686762e-01	8.310759592379249328e-02
8.433856776694160362e+04	1.092181958319222157e-01	8.338871084464929972e-02
8.472456392795110878e+04	1.097180598477928704e-01	8.367080461055467766e-02
8.511212701763259247e+04	1.102199530323939164e-01	8.395388065451316051e-02
8.550126307014640770e+04	1.107238831999484280e-01	8.423794242173285318e-02
8.589197814221096633e+04	1.112298581938921116e-01	8.452299336966689891e-02
8.628427831318981771e+04	1.117378858869860769e-01	8.480903696805865144e-02
8.667816968517469650e+04	1.122479741814243759e-01	8.509607669898344717e-02
8.707365838306440855e+04	1.127601310089361430e-01	8.538411605689386064e-02
8.747075055465514015e+04	1.132743643309026133e-01	8.567315854866391911e-02
8.786945237072010059e+04	1.137906821384601919e-01	8.596320769363138825e-02
8.826977002509648446e+04	1.143090924526130592e-01	8.625426702364438758e-02
8.867170973477039661e+04	1.148296033243432213e-01	8.654634008310604920e-02
8.907527773995994357e+04	1.153522228347180489e-01	8.683943042901628995e-02
8.948048030420331634e+04	1.158769590950043810e-01	8.713354163101902361e-02
8.988732371444282762e+04	1.164038202467773120e-01	8.742867727144618128e-02
9.029581428111236892e+04	1.169328144620335186e-01	8.772484094536454891e-02
9.070595833822377608e+04	1.174639499433030448e-01	8.802203626061784469e-02
9.111776224345198716e+04	1.179972349237595197e-01	8.832026683787534693e-02
9.153123237822343071e+04	1.185326776673348292e-01	8.861953631067596981e-02
9.194637514780451602e+04	1.190702864688334695e-01	8.891984832547498996e-02
9.236319698138658714e+04	1.196100696540427361e-01	8.922120654168742837e-02
9.278170433217618847e+04	1.201520355798494921e-01	8.952361463173763578e-02
9.320190367748343851e+04	1.206961926343547292e-01	8.982707628110501996e-02
9.362380151880878839e+04	1.212425492369858526e-01	9.013159518836762196e-02
9.404740438193394220e+04	1.217911138386143788e-01	9.043717506525275618e-02
9.447271881701119128e+04	1.223418949216717733e-01	9.074381963667971229e-02
9.489975139865193341e+04	1.228949010002638592e-01	9.105153264080967368e-02
9.532850872601641458e+04	1.234501406202872936e-01	9.136031782909327659e-02
9.575899742290604627e+04	1.240076223595489024e-01	9.167017896631290963e-02
9.619122413785223034e+04	1.245673548278807830e-01	9.198111983063821107e-02
9.662519554420841450e+04	1.251293466672595556e-01	9.229314421366728582e-02
9.706091834024060518e+04	1.256936065519235757e-01	9.260625592047604104e-02
9.749839924921967031e+04	1.262601431884923242e-01	9.292045876966782691e-02
9.793764501951196871e+04	1.268289653160840635e-01	9.323575659342241140e-02
9.837866242467396660e+04	1.274000817064379620e-01	9.355215323753870993e-02
9.882145826354372548e+04	1.279735011640329989e-01	9.386965256148988024e-02
9.926603936033307400e+04	1.285492325262069524e-01	9.418825843846821699e-02
9.971241256472186069e+04	1.291272846632788018e-01	9.450797475543568082e-02
1.001605847519516392e+05	1.297076664786697142e-01	9.482880541317134648e-02
1.006105628229194263e+05	1.302903869090246691e-01	9.515075432632340291e-02
1.010623537042719690e+05	1.308754549243345555e-01	9.547382542345393686e-02
1.015159643485003617e+05	1.314628795280584905e-01	9.579802264709434689e-02
1.019714017340356804e+05	1.320526697572479979e-01	9.612334995379025193e-02
1.024286728653444152e+05	1.326448346826702152e-01	9.644981131415385212e-02
1.028877847730233625e+05	1.332393834089311002e-01	9.677741071291307007e-02
1.033487445138952608e+05	1.338363250745990551e-01	9.710615214896382852e-02
1.038115591711082816e+05	1.344356688523338506e-01	9.743603963541697111e-02
1.042762358542286529e+05	1.350374239490066686e-01	9.776707719965210819e-02
1.047427816993403394e+05	1.356415996058290274e-01	9.809926888336742423e-02
1.052112038691422495e+05	1.362482050984787640e-01	9.843261874262931865e-02
1.056815095530454273e+05	1.368572497372257946e-01	9.876713084792730635e-02
1.061537059672727773e+05	1.374687428670614553e-01	9.910280928422010582e-02
1.066278003549546993e+05	1.380826938678220983e-01	9.943965815099164995e-02
1.071037999862315482e+05	1.386991121543220129e-01	9.977768156230187868e-02
1.075817121583494154e+05	1.393180071764772987e-01	1.001168836468370738e-01
1.080615441957639996e+05	1.399393884194404247e-01	1.004572685479643429e-01
1.085433034502353694e+05	1.405632654037229645e-01	1.007988404237810387e-01
1.090269973009333917e+05	1.411896476853320981e-01	1.011416034471704917e-01
1.095126331545352441e+05	1.418185448558969552e-01	1.014855618058531361e-01
1.100002184453270747e+05	1.424499665428001771e-01	1.018307197024375943e-01
1.104897606353066803e+05	1.430839224093109485e-01	1.021770813544777001e-01
1.109812672142833762e+05	1.437204221547142557e-01	1.025246509945232642e-01
1.114747456999823626e+05	1.443594755144461395e-01	1.028734328701733924e-01
1.119702036381465441e+05	1.450010922602255337e-01	1.032234312441311225e-01
1.124676486026388302e+05	1.456452822001866043e-01	1.035746503942578112e-01
1.129670881955460354e+05	1.462920551790134749e-01	1.039270946136250928e-01
1.134685300472825038e+05	1.469414210780743968e-01	1.042807682105708345e-01
1.139719818166934856e+05	1.475933898155554480e-01	1.046356755087525792e-01
1.144774511911612935e+05	1.482479713465982840e-01	1.049918208472042924e-01
1.149849458867079811e+05	1.489051756634328094e-01	1.053492085803895556e-01
1.154944736481036380e+05	1.495650127955177322e-01	1.057078430782549261e-01
1.160060422489682969e+05	1.502274928096722084e-01	1.060677287262888624e-01
1.165196594918800402e+05	1.508926258102160911e-01	1.064288699255728499e-01
1.170353332084811263e+05	1.515604219391073204e-01	1.067912710928432263e-01
1.175530712595859804e+05	1.522308913760815063e-01	1.071549366605396847e-01
1.180728815352852253e+05	1.529040443387871540e-01	1.075198710768672378e-01
1.185947719550563634e+05	1.535798910829284658e-01	1.078860788058487175e-01
1.191187504678700934e+05	1.542584419024034537e-01	1.082535643273843384e-01
1.196448250522984163e+05	1.549397071294435768e-01	1.086223321373037121e-01
1.201730037166242982e+05	1.556236971347560449e-01	1.089923867474295871e-01
1.207032944989514799e+05	1.563104223276658711e-01	1.093637326856275460e-01
1.212357054673117382e+05	1.569998931562547606e-01	1.097363744958676779e-01
1.217702447197767178e+05	1.576921201075059953e-01	1.101103167382827541e-01
1.223069203845665616e+05	1.583871137074451541e-01	1.104855639892219771e-01
1.228457406201631093e+05	1.590848845212865514e-01	1.108621208413123338e-01
1.233867136154186010e+05	1.597854431535741249e-01	1.112399919035147039e-01
1.239298475896688178e+05	1.604888002483280118e-01	1.116191818011828679e-01
1.244751507928438514e+05	1.611949664891877410e-01	1.119996951761244308e-01
1.250226315055810555e+05	1.619039525995588091e-01	1.123815366866538212e-01
1.255722980393380421e+05	1.626157693427588702e-01	1.127647110076569203e-01
1.261241587365053274e+05	1.633304275221635071e-01	1.131492228306465730e-01
1.266782219705198077e+05	1.640479379813534200e-01	1.135350768638230812e-01
1.272344961459802435e+05	1.647683116042637230e-01	1.139222778321364316e-01
1.277929896987589455e+05	1.654915593153287734e-01	1.143108304773406275e-01
1.283537110961198923e+05	1.662176920796351320e-01	1.147007395580584427e-01
1.289166688368305040e+05	1.669467209030661425e-01	1.150920098498390831e-01
1.294818714512796432e+05	1.676786568324548643e-01	1.154846461452198464e-01
1.300493275015942781e+05	1.684135109557351462e-01	1.158786532537874475e-01
1.306190455817528127e+05	1.691512944020883424e-01	1.162740360022362501e-01
1.311910343177058967e+05	1.698920183420997432e-01	1.166707992344316464e-01
1.317653023674903379e+05	1.706356939879063450e-01	1.170689478114702725e-01
1.323418584213498107e+05	1.713823325933526986e-01	1.174684866117425563e-01
1.329207112018500629e+05	1.721319454541404836e-01	1.178694205309928494e-01
1.335018694639991154e+05	1.728845439079841340e-01	1.182717544823835842e-01
1.340853419953700504e+05	1.736401393347695443e-01	1.186754933965566416e-01
1.346711376162139059e+05	1.743987431567007584e-01	1.190806422216938720e-01
1.352592651795819402e+05	1.751603668384577039e-01	1.194872059235822237e-01
1.358497335714478104e+05	1.759250218873550931e-01	1.198951894856761374e-01
1.364425517108267813e+05	1.766927198534960775e-01	1.203045979091592887e-01
1.370377285498989513e+05	1.774634723299325090e-01	1.207154362130097441e-01
1.376352730741285486e+05	1.782372909528188998e-01	1.211277094340628691e-01
1.382351943023866334e+05	1.790141874015716283e-01	1.215414226270741110e-01
1.388375012870736246e+05	1.797941733990275071e-01	1.219565808647839339e-01
1.394422031142439519e+05	1.805772607116051531e-01	1.223731892379825992e-01
1.400493089037286991e+05	1.813634611494639171e-01	1.227912528555737681e-01
1.406588278092562978e+05	1.821527865666601465e-01	1.232107768446394636e-01
1.412707690185838728e+05	1.829452488613172167e-01	1.236317663505053233e-01
1.418851417536146764e+05	1.837408599757777705e-01	1.240542265368047015e-01
1.425019552705284150e+05	1.845396318967721383e-01	1.244781625855459345e-01
1.431212188599049696e+05	1.853415766555791266e-01	1.249035796971762202e-01
1.437429418468508229e+05	1.861467063281891099e-01	1.253304830906482870e-01
1.443671335911262140e+05	1.869550330354691758e-01	1.257588780034863407e-01
1.449938034872715652e+05	1.877665689433265783e-01	1.261887696918527479e-01
1.456229609647337347e+05	1.885813262628723841e-01	1.266201634306144685e-01
1.462546154879991664e+05	1.893993172505937794e-01	1.270530645134106962e-01
1.468887765567165043e+05	1.902205542085129986e-01	1.274874782527179451e-01
1.475254537058275309e+05	1.910450494843566882e-01	1.279234099799194391e-01
1.481646565057008702e+05	1.918728154717292689e-01	1.283608650453700040e-01
1.488063945622535539e+05	1.927038646102702812e-01	1.287998488184679824e-01
1.494506775170894107e+05	1.935382093858334374e-01	1.292403666877201263e-01
1.500975150476247654e+05	1.943758623306497124e-01	1.296824240608100698e-01
1.507469168672212400e+05	1.952168360234990685e-01	1.301260263646681625e-01
1.513988927253205911e+05	1.960611430898852037e-01	1.305711790455404142e-01
1.520534524075692752e+05	1.969087962021967841e-01	1.310178875690559130e-01
1.527106057359624247e+05	1.977598080798938507e-01	1.314661574202969363e-01
1.533703625689684995e+05	1.986141914896695226e-01	1.319159941038685890e-01
1.540327328016642714e+05	1.994719592456244139e-01	1.323674031439688314e-01
1.546977263658723969e+05	2.003331242094450182e-01	1.328203900844582563e-01
1.553653532302933745e+05	2.011976992905745443e-01	1.332749604889306716e-01
1.560356234006410232e+05	2.020656974463884148e-01	1.337311199407826834e-01
1.567085469197785133e+05	2.029371316823703475e-01	1.341888740432859439e-01
1.573841338678566390e+05	2.038120150522914065e-01	1.346482284196563739e-01
1.580623943624462700e+05	2.046903606583816149e-01	1.351091887131279923e-01
1.587433385586808145e+05	2.055721816515143074e-01	1.355717605870215559e-01
1.594269766493872739e+05	2.064574912313761057e-01	1.360359497248185279e-01
1.601133188652328099e+05	2.073463026466563219e-01	1.365017618302329372e-01
1.608023754748548381e+05	2.082386291952158242e-01	1.369692026272823770e-01
1.614941567850073916e+05	2.091344842242764124e-01	1.374382778603629174e-01
1.621886731406954350e+05	2.100338811305946796e-01	1.379089932943192431e-01
1.628859349253194523e+05	2.109368333606492785e-01	1.383813547145197886e-01
1.635859525608131953e+05	2.118433544108195010e-01	1.388553679269289853e-01
1.642887365077844006e+05	2.127534578275672439e-01	1.393310387581819798e-01
1.649942972656600468e+05	2.136671572076252190e-01	1.398083730556586024e-01
1.657026453728261695e+05	2.145844661981781698e-01	1.402873766875550043e-01
1.664137914067717502e+05	2.155053984970489167e-01	1.407680555429619007e-01
1.671277459842292301e+05	2.164299678528804893e-01	1.412504155319364296e-01
1.678445197613236669e+05	2.173581880653293330e-01	1.417344625855786466e-01
1.685641234337115311e+05	2.182900729852448873e-01	1.422202026561060484e-01
1.692865677367296012e+05	2.192256365148625152e-01	1.427076417169294009e-01
1.700118634455363499e+05	2.201648926079866897e-01	1.431967857627282625e-01
1.707400213752645650e+05	2.211078552701883915e-01	1.436876408095278113e-01
1.714710523811604653e+05	2.220545385589854370e-01	1.441802128947747841e-01
1.722049673587332945e+05	2.230049565840362402e-01	1.446745080774147763e-01
1.729417772439044493e+05	2.239591235073327413e-01	1.451705324379665152e-01
1.736814930131565488e+05	2.249170535433936413e-01	1.456682920786029900e-01
1.744241256836785760e+05	2.258787609594522239e-01	1.461677931232246153e-01
1.751696863135168096e+05	2.268442600756520322e-01	1.466690417175400551e-01
1.759181860017218569e+05	2.278135652652368559e-01	1.471720440291447163e-01
1.766696358885048248e+05	2.287866909547534855e-01	1.476768062475961596e-01
1.774240471553826646e+05	2.297636516242395621e-01	1.481833345844951744e-01
1.781814310253330332e+05	2.307444618074241671e-01	1.486916352735633828e-01
1.789417987629423442e+05	2.317291360919198351e-01	1.492017145707233705e-01
1.797051616745613574e+05	2.327176891194236985e-01	1.497135787541765128e-01
1.804715311084572459e+05	2.337101355859144691e-01	1.502272341244839937e-01
1.812409184549683705e+05	2.347064902418530552e-01	1.507426870046461587e-01
1.820133351466571621e+05	2.357067678923804588e-01	1.512599437401833391e-01
1.827887926584638481e+05	2.367109833975167554e-01	1.517790106992176202e-01
1.835673025078632927e+05	2.377191516723643205e-01	1.522998942725510008e-01
1.843488762550191313e+05	2.387312876873073642e-01	1.528226008737477160e-01
1.851335255029433174e+05	2.397474064682185990e-01	1.533471369392167272e-01
1.859212618976492668e+05	2.407675230966574431e-01	1.538735089282922130e-01
1.867120971283120161e+05	2.417916527100776314e-01	1.544017233233147823e-01
1.875060429274232883e+05	2.428198105020278053e-01	1.549317866297182933e-01
1.883031110709577042e+05	2.438520117223669237e-01	1.554637053761055709e-01
1.891033133785208629e+05	2.448882716774558321e-01	1.559974861143375857e-01
1.899066617135194538e+05	2.459286057303779471e-01	1.565331354196135838e-01
1.907131679833114613e+05	2.469730293011332123e-01	1.570706598905548257e-01
1.915228441393799148e+05	2.480215578668636123e-01	1.576100661492885746e-01
1.923357021774816967e+05	2.490742069620455468e-01	1.581513608415332506e-01
1.931517541378181195e+05	2.501309921787108759e-01	1.586945506366805592e-01
1.939710121051919414e+05	2.511919291666502296e-01	1.592396422278834212e-01
1.947934882091776526e+05	2.522570336336336649e-01	1.597866423321388785e-01
1.956191946242796257e+05	2.533263213456150020e-01	1.603355576903734980e-01
1.964481435700977745e+05	2.543998081269470135e-01	1.608863950675300525e-01
1.972803473114952503e+05	2.554775098605980288e-01	1.614391612526527853e-01
1.981158181587606960e+05	2.565594424883624325e-01	1.619938630589726203e-01
1.989545684677744284e+05	2.576456220110756590e-01	1.625505073239964793e-01
1.997966106401816069e+05	2.587360644888384575e-01	1.631091009095920474e-01
2.006419571235528565e+05	2.598307860412251147e-01	1.636696507020749813e-01
2.014906204115538858e+05	2.609298028475026676e-01	1.642321636122986428e-01
2.023426130441178393e+05	2.620331311468546143e-01	1.647966465757389476e-01
2.031979476076087158e+05	2.631407872385921887e-01	1.653631065525841826e-01
2.040566367349980574e+05	2.642527874823832890e-01	1.659315505278241287e-01
2.049186931060309580e+05	2.653691482984675276e-01	1.665019855113361869e-01
2.057841294473970192e+05	2.664898861678773878e-01	1.670744185379776925e-01
2.066529585329063702e+05	2.676150176326665409e-01	1.676488566676737069e-01
2.075251931836571021e+05	2.687445592961262286e-01	1.682253069855077499e-01
2.084008462682132376e+05	2.698785278230161899e-01	1.688037766018101182e-01
2.092799307027740579e+05	2.710169399397834855e-01	1.693842726522500897e-01
2.101624594513503544e+05	2.721598124347911485e-01	1.699668022979219373e-01
2.110484455259415845e+05	2.733071621585472788e-01	1.705513727254464318e-01
2.119379019867079624e+05	2.744590060239281426e-01	1.711379911470517212e-01
2.128308419421489234e+05	2.756153610064092097e-01	1.717266648006691987e-01
2.137272785492794937e+05	2.767762441442933596e-01	1.723174009500291481e-01
2.146272250138065137e+05	2.779416725389394216e-01	1.729102068847438445e-01
2.155306945903087617e+05	2.791116633549952653e-01	1.735050899204111374e-01
2.164377005824163207e+05	2.802862338206298931e-01	1.741020573986981901e-01
2.173482563429872971e+05	2.814654012277628126e-01	1.747011166874412602e-01
2.182623752742900688e+05	2.826491829322992921e-01	1.753022751807339075e-01
2.191800708281859988e+05	2.838375963543678382e-01	1.759055402990283568e-01
2.201013565063037386e+05	2.850306589785451816e-01	1.765109194892229560e-01
2.210262458602298284e+05	2.862283883541034690e-01	1.771184202247612915e-01
2.219547524916870170e+05	2.874308020952410780e-01	1.777280500057246415e-01
2.228868900527189544e+05	2.886379178813220370e-01	1.783398163589293983e-01
2.238226722458721779e+05	2.898497534571112255e-01	1.789537268380197443e-01
2.247621128243836574e+05	2.910663266330177357e-01	1.795697890235674610e-01
2.257052255923672346e+05	2.922876552853359566e-01	1.801880105231674356e-01
2.266520244049950270e+05	2.935137573564806091e-01	1.808083989715320028e-01
2.276025231686892512e+05	2.947446508552352684e-01	1.814309620305911142e-01
2.285567358413038019e+05	2.959803538569873993e-01	1.820557073895887612e-01
2.295146764323221287e+05	2.972208845039844838e-01	1.826826427651797036e-01
2.304763590030346822e+05	2.984662610055641152e-01	1.833117759015291393e-01
2.314417976667365874e+05	2.997165016384097380e-01	1.839431145704109871e-01
2.324110065889147518e+05	3.009716247467930095e-01	1.845766665713057808e-01
2.333839999874390487e+05	3.022316487428214349e-01	1.852124397315037252e-01
2.343607921327540244e+05	3.034965921066867245e-01	1.858504419061979829e-01
2.353413973480723507e+05	3.047664733869148712e-01	1.864906809785880915e-01
2.363258300095664745e+05	3.060413112006149516e-01	1.871331648599827979e-01
2.373141045465619827e+05	3.073211242337290927e-01	1.877779014898954268e-01
2.383062354417339957e+05	3.086059312412869904e-01	1.884248988361487964e-01
2.393022372312997759e+05	3.098957510476552102e-01	1.890741648949791631e-01
2.403021245052186714e+05	3.111906025467963133e-01	1.897257076911290086e-01
2.413059119073813781e+05	3.124905047025137161e-01	1.903795352779579508e-01
2.423136141358154709e+05	3.137954765487180886e-01	1.910356557375375852e-01
2.433252459428793227e+05	3.151055371896780977e-01	1.916940771807658650e-01
2.443408221354607376e+05	3.164207058002783124e-01	1.923548077474567242e-01
2.453603575751775934e+05	3.177410016262782744e-01	1.930178556064561790e-01
2.463838671785748156e+05	3.190664439845680156e-01	1.936832289557343378e-01
2.474113659173297347e+05	3.203970522634338458e-01	1.943509360225028904e-01
2.484428688184507773e+05	3.217328459228159798e-01	1.950209850633055908e-01
2.494783909644835512e+05	3.230738444945747134e-01	1.956933843641341098e-01
2.505179474937076156e+05	3.244200675827461633e-01	1.963681422405322285e-01
2.515615536003461457e+05	3.257715348638129949e-01	1.970452670376967030e-01
2.526092245347658172e+05	3.271282660869634928e-01	1.977247671305879528e-01
2.536609756036868203e+05	3.284902810743638435e-01	1.984066509240362819e-01
2.547168221703856834e+05	3.298575997214204247e-01	1.990909268528447962e-01
2.557767796549033083e+05	3.312302419970494238e-01	1.997776033819010921e-01
2.568408635342519556e+05	3.326082279439447897e-01	2.004666890062870022e-01
2.579090893426251714e+05	3.339915776788500157e-01	2.011581922513827059e-01
2.589814726716024743e+05	3.353803113928233715e-01	2.018521216729738665e-01
2.600580291703653056e+05	3.367744493515174020e-01	2.025484858573654567e-01
2.611387745459023863e+05	3.381740118954451035e-01	2.032472934214884785e-01
2.622237245632237173e+05	3.395790194402568130e-01	2.039485530130096258e-01
2.633128950455736485e+05	3.409894924770160429e-01	2.046522733104421676e-01
2.644063018746429589e+05	3.424054515724744840e-01	2.053584630232582753e-01
2.655039609907794511e+05	3.438269173693446756e-01	2.060671308919944100e-01
2.666058883932058816e+05	3.452539105865816138e-01	2.067782856883708109e-01
2.677121001402344555e+05	3.466864520196614174e-01	2.074919362153964386e-01
2.688226123494813219e+05	3.481245625408584399e-01	2.082080913074822737e-01
2.699374411980854929e+05	3.495682630995293749e-01	2.089267598305583062e-01
2.710566029229283449e+05	3.510175747223964748e-01	2.096479506821817551e-01
2.721801138208436314e+05	3.524725185138207761e-01	2.103716727916509766e-01
2.733079902488497319e+05	3.539331156561020264e-01	2.110979351201247023e-01
2.744402486243530293e+05	3.553993874097423067e-01	2.118267466607278160e-01
2.755769054253883078e+05	3.568713551137572271e-01	2.125581164386698696e-01
2.767179771908213734e+05	3.583490401859386054e-01	2.132920535113641824e-01
2.778634805205826997e+05	3.598324641231568921e-01	2.140285669685363379e-01
2.790134320758878021e+05	3.613216485016463309e-01	2.147676659323443649e-01
2.801678485794633743e+05	3.628166149772980575e-01	2.155093595574943954e-01
2.813267468157652183e+05	3.643173852859425410e-01	2.162536570313556561e-01
2.824901436312160804e+05	3.658239812436566152e-01	2.170005675740798168e-01
2.836580559344144422e+05	3.673364247470353172e-01	2.177501004387179806e-01
2.848305006963806809e+05	3.688547377735094113e-01	2.185022649113363691e-01
2.860074949507729616e+05	3.703789423816256088e-01	2.192570703111386132e-01
2.871890557941197767e+05	3.719090607113475500e-01	2.200145259905806061e-01
2.883752003860493423e+05	3.734451149843528994e-01	2.207746413354943482e-01
2.895659459495215560e+05	3.749871275043334395e-01	2.215374257652029666e-01
2.907613097710569855e+05	3.765351206572922216e-01	2.223028887326422842e-01
2.919613092009739485e+05	3.780891169118502648e-01	2.230710397244828613e-01
2.931659616536109243e+05	3.796491388195339933e-01	2.238418882612539240e-01
2.943752846075767302e+05	3.812152090151003092e-01	2.246154438974502510e-01
2.955892956059729913e+05	3.827873502168239739e-01	2.253917162216775849e-01
2.968080122566318605e+05	3.843655852268058060e-01	2.261707148567517756e-01
2.980314522323512356e+05	3.859499369312765493e-01	2.269524494598385012e-01
2.992596332711401628e+05	3.875404283009160067e-01	2.277369297225661504e-01
3.004925731764443917e+05	3.891370823911438070e-01	2.285241653711549414e-01
3.017302898174031870e+05	3.907399223424525281e-01	2.293141661665373532e-01
3.029728011290727300e+05	3.923489713806975754e-01	2.301069419044853570e-01
3.042201251126752468e+05	3.939642528174184255e-01	2.309025024157349004e-01
3.054722798358346336e+05	3.955857900501451585e-01	2.317008575661083092e-01
3.067292834328261670e+05	3.972136065627209778e-01	2.325020172566452936e-01
3.079911541048206273e+05	3.988477259256185126e-01	2.333059914237263222e-01
3.092579101201167214e+05	4.004881717962412435e-01	2.341127900391970773e-01
3.105295698144003400e+05	4.021349679192587345e-01	2.349224231105023208e-01
3.118061515909838490e+05	4.037881381269162739e-01	2.357349006808062142e-01
3.130876739210534724e+05	4.054477063393563396e-01	2.365502328291247125e-01
3.143741553439175477e+05	4.071136965649389539e-01	2.373684296704542396e-01
3.156656144672581577e+05	4.087861329005679223e-01	2.381895013559004182e-01
3.169620699673751369e+05	4.104650395320071365e-01	2.390134580728039693e-01
3.182635405894438154e+05	4.121504407342140297e-01	2.398403100448755210e-01
3.195700451477641473e+05	4.138423608716620961e-01	2.406700675323256156e-01
3.208816025260061142e+05	4.155408243986589700e-01	2.415027408319915803e-01
3.221982316774735809e+05	4.172458558596880418e-01	2.423383402774731132e-01
3.235199516253494658e+05	4.189574798897259811e-01	2.431768762392618188e-01
3.248467814629623317e+05	4.206757212145874059e-01	2.440183591248761830e-01
3.261787403540302766e+05	4.224006046512419621e-01	2.448627993789926904e-01
3.275158475329265348e+05	4.241321551081568830e-01	2.457102074835772754e-01
3.288581223049318069e+05	4.258703975856248936e-01	2.465605939580243766e-01
3.302055840464988723e+05	4.276153571761060479e-01	2.474139693592835587e-01
3.315582522055082954e+05	4.293670590645594087e-01	2.482703442820012318e-01
3.329161463015282643e+05	4.311255285287793337e-01	2.491297293586538508e-01
3.342792859260842088e+05	4.328907909397443077e-01	2.499921352596826407e-01
3.356476907429134590e+05	4.346628717619476223e-01	2.508575726936291272e-01
3.370213804882293334e+05	4.364417965537383259e-01	2.517260524072741368e-01
3.384003749709890690e+05	4.382275909676691117e-01	2.525975851857727439e-01
3.397846940731600043e+05	4.400202807508400427e-01	2.534721818527954085e-01
3.411743577499851817e+05	4.418198917452433871e-01	2.543498532706608972e-01
3.425693860302480171e+05	4.436264498881061780e-01	2.552306103404794468e-01
3.439697990165450610e+05	4.454399812122426527e-01	2.561144640022924857e-01
3.453756168855484575e+05	4.472605118463955920e-01	2.570014252352072481e-01
3.467868598882919759e+05	4.490880680156052462e-01	2.578915050575439349e-01
3.482035483504222357e+05	4.509226760415357971e-01	2.587847145269697169e-01
3.496257026724878233e+05	4.527643623428487252e-01	2.596810647406418426e-01
3.510533433302013436e+05	4.546131534355435377e-01	2.605805668353524673e-01
3.524864908747217269e+05	4.564690759333218106e-01	2.614832319876690403e-01
3.539251659329282120e+05	4.583321565479430704e-01	2.623890714140760805e-01
3.553693892076851916e+05	4.602024220895675199e-01	2.632980963711185063e-01
3.568191814781384310e+05	4.620798994671393989e-01	2.642103181555490732e-01
3.582745635999854421e+05	4.639646156887372586e-01	2.651257481044665965e-01
3.597355565057497588e+05	4.658565978619293446e-01	2.660443975954648321e-01
3.612021812050692388e+05	4.677558731941465764e-01	2.669662780467775276e-01
3.626744587849688833e+05	4.696624689930362084e-01	2.678914009174225286e-01
3.641524104101538542e+05	4.715764126668409717e-01	2.688197777073509931e-01
3.656360573232884053e+05	4.734977317247605066e-01	2.697514199575918314e-01
3.671254208452733001e+05	4.754264537773106314e-01	2.706863392503993659e-01
3.686205223755451152e+05	4.773626065367106985e-01	2.716245472094034885e-01
3.701213833923529601e+05	4.793062178172421417e-01	2.725660554997562102e-01
3.716280254530467209e+05	4.812573155356218435e-01	2.735108758282802088e-01
3.731404701943730470e+05	4.832159277113851070e-01	2.744590199436184874e-01
3.746587393327555037e+05	4.851820824672489207e-01	2.754104996363886393e-01
3.761828546645946335e+05	4.871558080295000370e-01	2.763653267393288426e-01
3.777128380665512523e+05	4.891371327283620118e-01	2.773235131274495169e-01
3.792487114958430175e+05	4.911260849983796195e-01	2.782850707181860894e-01
3.807904969905456528e+05	4.931226933788084299e-01	2.792500114715538717e-01
3.823382166698719375e+05	4.951269865139763526e-01	2.802183473902961075e-01
3.838918927344854455e+05	4.971389931536899232e-01	2.811900905200390155e-01
3.854515474667823873e+05	4.991587421535991220e-01	2.821652529494475536e-01
3.870172032312043011e+05	5.011862624756026063e-01	2.831438468103793515e-01
3.885888824745244347e+05	5.032215831882181911e-01	2.841258842780385874e-01
3.901666077261589817e+05	5.052647334669864154e-01	2.851113775711320852e-01
3.917504015984591097e+05	5.073157425948482402e-01	2.861003389520266338e-01
3.933402867870214395e+05	5.093746399625471710e-01	2.870927807269021415e-01
3.949362860709882807e+05	5.114414550690183914e-01	2.880887152459138956e-01
3.965384223133489722e+05	5.135162175217785618e-01	2.890881549033493814e-01
3.981467184612558340e+05	5.155989570373354924e-01	2.900911121377813817e-01
3.997611975463262061e+05	5.176897034415788301e-01	2.910975994322361760e-01
4.013818826849397155e+05	5.197884866701651951e-01	2.921076293143439750e-01
4.030087970785676152e+05	5.218953367689443956e-01	2.931212143565042338e-01
4.046419640140671399e+05	5.240102838943415664e-01	2.941383671760478546e-01
4.062814068640031619e+05	5.261333583137726144e-01	2.951591004353926184e-01
4.079271490869579720e+05	5.282645904060454534e-01	2.961834268422106620e-01
4.095792142278397805e+05	5.304040106617605721e-01	2.972113591495898488e-01
4.112376259182029171e+05	5.325516496837243707e-01	2.982429101561942519e-01
4.129024078765652375e+05	5.347075381873612754e-01	2.992780927064291885e-01
4.145735839087222121e+05	5.368717070011195247e-01	3.003169196906089744e-01
4.162511779080698034e+05	5.390441870668903901e-01	3.013594040451141320e-01
4.179352138559094165e+05	5.412250094404020828e-01	3.024055587525650290e-01
4.196257158217965625e+05	5.434142052916715038e-01	3.034553968419835268e-01
4.213227079638319556e+05	5.456118059053818303e-01	3.045089313889580152e-01
4.230262145290070912e+05	5.478178426813293811e-01	3.055661755158151083e-01
4.247362598535158904e+05	5.500323471348272930e-01	3.066271423917845684e-01
4.264528683630870073e+05	5.522553508971363989e-01	3.076918452331708909e-01
4.281760645733058918e+05	5.544868857158813391e-01	3.087602973035164511e-01
4.299058730899464572e+05	5.567269834554807728e-01	3.098325119137790296e-01
4.316423186092987307e+05	5.589756760975717054e-01	3.109085024224947369e-01
