0.000000000000000000e+00	0.000000000000000000e+00	0.000000000000000000e+00
1.018450706207728871e+02	1.318235457980015902e-04	5.069487194572498689e-02
2.033147008996751595e+02	2.632269525449385189e-04	5.038158787991713072e-02
3.044319416057112448e+02	3.941740001756093210e-04	5.008004927401862177e-02
4.052189137793654936e+02	5.246933360242305886e-04	4.978977436203142065e-02
5.056968548814422775e+02	6.548124631602732140e-04	4.951030496244586410e-02
6.058861624529049550e+02	7.845577969295186496e-04	4.924120521350222601e-02
7.058064354280655834e+02	9.139547184561146132e-04	4.898206038049581629e-02
8.054765132349924670e+02	1.043027625278993920e-03	4.873247573083942102e-02
9.049145128089736545e+02	1.171799979285622489e-03	4.849207547287071735e-02
1.004137863637521264e+03	1.300294352096516889e-03	4.826050175462899550e-02
1.103163340948289260e+03	1.428532468044766074e-03	4.803741371906360136e-02
1.202007097144737827e+03	1.556535244886320156e-03	4.782248661234472786e-02
1.300684691588179476e+03	1.684322832368777018e-03	4.761541094215750169e-02
1.399211118819070407e+03	1.811914648778940049e-03	4.741589168304213148e-02
1.497600835304893508e+03	1.939329415582249656e-03	4.722364752603009502e-02
1.595867784796917704e+03	2.066585190260666286e-03	4.703841016998214219e-02
1.694025422373267702e+03	2.193699397449267851e-03	4.685992365220268546e-02
1.792086737241269702e+03	2.320688858466070804e-03	4.668794371604180482e-02
1.890064274367711732e+03	2.447569819323955603e-03	4.652223721333837575e-02
1.987970155001732564e+03	2.574357977308500394e-03	4.636258153968694090e-02
2.085816096151285819e+03	2.701068506200665631e-03	4.620876410063299439e-02
2.183613429070599977e+03	2.827716080218675102e-03	4.606058180701200211e-02
2.281373116812724220e+03	2.954314896749152351e-03	4.591784059775562421e-02
2.379105770898084756e+03	3.080878697933454088e-03	4.578035498859055891e-02
2.476821667147348762e+03	3.207420791171759072e-03	4.564794764514616687e-02
2.574530760723542699e+03	3.333954068603110690e-03	4.552044897907925325e-02
2.672242700426380452e+03	3.460491025617035837e-03	4.539769676590148240e-02
2.769966842279147386e+03	3.587043778449012111e-03	4.527953578328232365e-02
2.867712262445827037e+03	3.713624080908566310e-03	4.516581746865657582e-02
2.965487769514617412e+03	3.840243340286827057e-03	4.505639959505777781e-02
3.063301916181406341e+03	3.966912632487000663e-03	4.495114596413644220e-02
3.161163010365309674e+03	4.093642716419357633e-03	4.484992611540861845e-02
3.259079125786140139e+03	4.220444047699388988e-03	4.475261505081656876e-02
3.357058112032409099e+03	4.347326791686187408e-03	4.465909297374581755e-02
3.455107604146519407e+03	4.474300835895582418e-03	4.456924504169240686e-02
3.553235031752627037e+03	4.601375801821005855e-03	4.448296113182330369e-02
3.651447627750962511e+03	4.728561056192911484e-03	4.440013561870919528e-02
3.749752436601198951e+03	4.855865721705994453e-03	4.432066716356185959e-02
3.848156322216210810e+03	4.983298687241859495e-03	4.424445851433252835e-02
3.946665975486426305e+03	5.110868617613284481e-03	4.417141631608417773e-02
4.045287921453591935e+03	5.238583962854468680e-03	4.410145093106407344e-02
4.144028526152339509e+03	5.366452967081072195e-03	4.403447626795159442e-02
4.242894003136074389e+03	5.494483676941441797e-03	4.397040961977843887e-02
4.341890419703641783e+03	5.622683949680328148e-03	4.390917151004904845e-02
4.441023702841818704e+03	5.751061460834597065e-03	4.385068554661747386e-02
4.540299644897848339e+03	5.879623711579323730e-03	4.379487828289956725e-02
4.639723908996022146e+03	6.008378035742441975e-03	4.374167908602710764e-02
4.739302034210627426e+03	6.137331606503853426e-03	4.369102001156636300e-02
4.839039440507987820e+03	6.266491442795514566e-03	4.364283568445547629e-02
4.938941433468595278e+03	6.395864415416746378e-03	4.359706318582277224e-02
5.039013208800621214e+03	6.525457252879357344e-03	4.355364194537498373e-02
5.139259856654797659e+03	6.655276546995538174e-03	4.351251363906079306e-02
5.239686365750745608e+03	6.785328758221578598e-03	4.347362209172679626e-02
5.340297627323860070e+03	6.915620220769194519e-03	4.343691318450566830e-02
5.441098438901291956e+03	7.046157147495539161e-03	4.340233476668783896e-02
5.542093507915737064e+03	7.176945634583153065e-03	4.336983657183960533e-02
5.643287455164705534e+03	7.307991666019818949e-03	4.333937013794531001e-02
5.744684818122328579e+03	7.439301117887451263e-03	4.331088873136797884e-02
5.846290054111677819e+03	7.570879762470322967e-03	4.328434727442533048e-02
5.948107543343318866e+03	7.702733272190096653e-03	4.325970227639686777e-02
6.050141591827113189e+03	7.834867223376666689e-03	4.323691176778676759e-02
6.152396434162730657e+03	7.967287099881972465e-03	4.321593523767050526e-02
6.254876236215359313e+03	8.099998296545089446e-03	4.319673357397185026e-02
6.357585097681221669e+03	8.233006122514667860e-03	4.317926900651746641e-02
6.460527054548315391e+03	8.366315804435640532e-03	4.316350505273186533e-02
6.563706081457671644e+03	8.499932489507118841e-03	4.314940646583333150e-02
6.667126093968950954e+03	8.633861248416406856e-03	4.313693918541196964e-02
6.770790950735599836e+03	8.768107078155880016e-03	4.312607029026136601e-02
6.874704455593162493e+03	8.902674904727405150e-03	4.311676795335842721e-02
6.978870359564976752e+03	9.037569585739767958e-03	4.310900139888036026e-02
7.083292362788864921e+03	9.172795912903788235e-03	4.310274086115886000e-02
7.187974116368559407e+03	9.308358614429967925e-03	4.309795754547407487e-02
7.292919224153146388e+03	9.444262357332911667e-03	4.309462359059865882e-02
7.398131244447924473e+03	9.580511749646926020e-03	4.309271203300622105e-02
7.503613691659345932e+03	9.717111342556278980e-03	4.309219677266143411e-02
7.609370037877462892e+03	9.854065632444486064e-03	4.309305254031548654e-02
7.715403714398458760e+03	9.991379062866036914e-03	4.309525486623301538e-02
7.821718113189588621e+03	1.012905602644353226e-02	4.309878005028239950e-02
7.928316588299719115e+03	1.026710086669435813e-02	4.310360513332166243e-02
8.035202457217183110e+03	1.040551787978915774e-02	4.310970786982029623e-02
8.142379002177620350e+03	1.054431131624549225e-02	4.311706670165536825e-02
8.249849471423796786e+03	1.068348538255935697e-02	4.312566073302640662e-02
8.357617080419639024e+03	1.082304424277737848e-02	4.313546970643938189e-02
8.465685013020409315e+03	1.096299202001221711e-02	4.314647397970380188e-02
8.574056422600508085e+03	1.110333279790310344e-02	4.315865450389858027e-02
8.682734433141360569e+03	1.124407062202466973e-02	4.317199280226039632e-02
8.791722140280502572e+03	1.138520950124554537e-02	4.318647094995289176e-02
8.901022612323768044e+03	1.152675340903916781e-02	4.320207155467228194e-02
9.010638891222295570e+03	1.166870628474901347e-02	4.321877773805544304e-02
9.120573993515221446e+03	1.181107203480941982e-02	4.323657311784717683e-02
9.230830911240138448e+03	1.195385453392464915e-02	4.325544179079912621e-02
9.341412612812206135e+03	1.209705762620734600e-02	4.327536831626126179e-02
9.452322043873549774e+03	1.224068512627854606e-02	4.329633770043680996e-02
9.563562128113504514e+03	1.238474082032988907e-02	4.331833538126996647e-02
9.675135768062129500e+03	1.252922846715124987e-02	4.334134721393718276e-02
9.787045845856338929e+03	1.267415179912289962e-02	4.336535945691709359e-02
9.899295223981584058e+03	1.281951452317598578e-02	4.339035875861068509e-02
1.001188674598852231e+04	1.296532032172063691e-02	4.341633214448919337e-02
1.012482323718686894e+04	1.311157285354453382e-02	4.344326700474247099e-02
1.023810750531610029e+04	1.325827575468145614e-02	4.347115108241383225e-02
1.035174234119538596e+04	1.340543263925298573e-02	4.349997246198943762e-02
1.046573051935229341e+04	1.355304710028266447e-02	4.352971955843067120e-02
1.058007479863162371e+04	1.370112271048447641e-02	4.356038110662589086e-02
1.069477792278525339e+04	1.384966302302668983e-02	4.359194615124559885e-02
1.080984262104370646e+04	1.399867157227204645e-02	4.362440403698138180e-02
1.092527160866950362e+04	1.414815187449438780e-02	4.365774439915449945e-02
1.104106758749416440e+04	1.429810742857405385e-02	4.369195715467678875e-02
1.115723324643830529e+04	1.444854171667143972e-02	4.372703249334861098e-02
1.127377126201641295e+04	1.459945820488067585e-02	4.376296086948026215e-02
1.139068429882590863e+04	1.475086034386298602e-02	4.379973299382461382e-02
1.150797501002233366e+04	1.490275156946205444e-02	4.383733982580440003e-02
1.162564603777974844e+04	1.505513530330025197e-02	4.387577256602507442e-02
1.174370001373843297e+04	1.520801495335842232e-02	4.391502264905848552e-02
1.186213955943873225e+04	1.536139391453771215e-02	4.395508173649010503e-02
1.198096728674286351e+04	1.551527556920582682e-02	4.399594171021492528e-02
1.210018579824442349e+04	1.566966328772734576e-02	4.403759466597259586e-02
1.221979768766628331e+04	1.582456042897900303e-02	4.408003290711574873e-02
1.233980554024760750e+04	1.597997034085088530e-02	4.412324893859608660e-02
1.246021193311925708e+04	1.613589636073259684e-02	4.416723546116403665e-02
1.258101943566964655e+04	1.629234181598702286e-02	4.421198536577180399e-02
1.270223060989978876e+04	1.644931002441014575e-02	4.425749172817095706e-02
1.282384801076916483e+04	1.660680429467894723e-02	4.430374780369751575e-02
1.294587418653206987e+04	1.676482792678697653e-02	4.435074702223824189e-02
1.306831167906465089e+04	1.692338421246786240e-02	4.439848298336709215e-02
1.319116302418368832e+04	1.708247643560816334e-02	4.444694945165189592e-02
1.331443075195659367e+04	1.724210787264880002e-02	4.449614035211552771e-02
1.343811738700334899e+04	1.740228179297607577e-02	4.454604976585428006e-02
1.356222544879102315e+04	1.756300145930309725e-02	4.459667192580239747e-02
1.368675745191979877e+04	1.772427012804014823e-02	4.464800121263816368e-02
1.381171590640273280e+04	1.788609104965703175e-02	4.470003215082452713e-02
1.393710331793755358e+04	1.804846746903501081e-02	4.475275940478500719e-02
1.406292218817253342e+04	1.821140262581112668e-02	4.480617777520110034e-02
1.418917501496457407e+04	1.837489975471244541e-02	4.486028219543374690e-02
1.431586429263232640e+04	1.853896208588383734e-02	4.491506772806066333e-02
1.444299251220175756e+04	1.870359284520597618e-02	4.497052956152486347e-02
1.457056216164673424e+04	1.886879525460691265e-02	4.502666300689250889e-02
1.469857572612359036e+04	1.903457253236586627e-02	4.508346349471582110e-02
1.482703568819987777e+04	1.920092789340940506e-02	4.514092657199346437e-02
1.495594452807787457e+04	1.936786454960094314e-02	4.519904789922919719e-02
1.508530472381294385e+04	1.953538571002350066e-02	4.525782324758361591e-02
1.521511875152680841e+04	1.970349458125588565e-02	4.531724849611439010e-02
1.534538908561587959e+04	1.987219436764250946e-02	4.537731962910461492e-02
1.547611819895498229e+04	2.004148827155718612e-02	4.543803273347308408e-02
1.560730856309621231e+04	2.021137949366067638e-02	4.549938399626468621e-02
1.573896264846388476e+04	2.038187123315312807e-02	4.556136970221733029e-02
1.587108292454468756e+04	2.055296668802035834e-02	4.562398623140664911e-02
1.600367186007382224e+04	2.072466905527487260e-02	4.568723005695947414e-02
1.613673192321719034e+04	2.089698153119182514e-02	4.575109774283775410e-02
1.627026558174979618e+04	2.106990731154004953e-02	4.581558594168959331e-02
1.640427530323016981e+04	2.124344959180792317e-02	4.588069139276500924e-02
1.653876355517102274e+04	2.141761156742438138e-02	4.594641091989449394e-02
1.667373280520690605e+04	2.159239643397603201e-02	4.601274142952657686e-02
1.680918552125751376e+04	2.176780738741864590e-02	4.607967990882361892e-02
1.694512417168873071e+04	2.194384762428570543e-02	4.614722342381550463e-02
1.708155122546994244e+04	2.212052034189212341e-02	4.621536911760486949e-02
1.721846915232771062e+04	2.229782873853325409e-02	4.628411420862795639e-02
1.735588042289725490e+04	2.247577601368106609e-02	4.635345598896314229e-02
1.749378750887047863e+04	2.265436536817586055e-02	4.642339182268978570e-02
1.763219288314137884e+04	2.283360000441451987e-02	4.649391914429413381e-02
1.777109901994859320e+04	2.301348312653517247e-02	4.656503545712118580e-02
1.791050839501524752e+04	2.319401794059825980e-02	4.663673833187047257e-02
1.805042348568615489e+04	2.337520765476422055e-02	4.670902540513430928e-02
1.819084677106281015e+04	2.355705547946831610e-02	4.678189437797749400e-02
1.833178073213520474e+04	2.373956462759129957e-02	4.685534301455777234e-02
1.847322785191218281e+04	2.392273831462829459e-02	4.692936914078374433e-02
1.861519061554912332e+04	2.410657975885408671e-02	4.700397064301075484e-02
1.875767151047224252e+04	2.429109218148410576e-02	4.707914546677321316e-02
1.890067302650331112e+04	2.447627880683595977e-02	4.715489161555164871e-02
1.904419765597940204e+04	2.466214286248448462e-02	4.723120714957282362e-02
1.918824789387255805e+04	2.484868757941674500e-02	4.730809018464605942e-02
1.933282623790672733e+04	2.503591619218342029e-02	4.738553889102605637e-02
1.947793518867253442e+04	2.522383193904748772e-02	4.746355149231090004e-02
1.962357724974050507e+04	2.541243806213080644e-02	4.754212626436787881e-02
1.976975492777294130e+04	2.560173780755900519e-02	4.762126153428919428e-02
1.991647073263288621e+04	2.579173442560265400e-02	4.770095567937485126e-02
2.006372717749219373e+04	2.598243117081708992e-02	4.778120712614294940e-02
2.021152677893769942e+04	2.617383130218004297e-02	4.786201434936609295e-02
2.035987205707591056e+04	2.636593808322711119e-02	4.794337587113347426e-02
2.050876553563565540e+04	2.655875478218475833e-02	4.802529025993886036e-02
2.065820974206983010e+04	2.675228467210204533e-02	4.810775612978981236e-02
2.080820720765506121e+04	2.694653103097968336e-02	4.819077213934259973e-02
2.095876046759054952e+04	2.714149714189808063e-02	4.827433699105847242e-02
2.110987206109466570e+04	2.733718629314238480e-02	4.835844943038235255e-02
2.126154453150085465e+04	2.753360177832670647e-02	4.844310824494187789e-02
2.141378042635241582e+04	2.773074689651686825e-02	4.852831226376883716e-02
2.156658229749475868e+04	2.792862495234986822e-02	4.861406035653768193e-02
2.171995270116788379e+04	2.812723925615362441e-02	4.870035143282653439e-02
2.187389419809668834e+04	2.832659312406393681e-02	4.878718444139373139e-02
2.202840935358039496e+04	2.852668987814032525e-02	4.887455836947680876e-02
2.218350073758079088e+04	2.872753284648023667e-02	4.896247224210548837e-02
2.233917092480919018e+04	2.892912536333174314e-02	4.905092512143369166e-02
2.249542249481266117e+04	2.913147076920512626e-02	4.913991610608660354e-02
2.265225803205882767e+04	2.933457241098274063e-02	4.922944433052697799e-02
2.280968012601971350e+04	2.953843364202760058e-02	4.931950896443504373e-02
2.296769137125492853e+04	2.974305782229107881e-02	4.941010921210310658e-02
2.312629436749332308e+04	2.994844831841864813e-02	4.950124431184749901e-02
2.328549171971396936e+04	3.015460850385480451e-02	4.959291353543180542e-02
2.344528603822647347e+04	3.036154175894700130e-02	4.968511618750857256e-02
2.360567993874958847e+04	3.056925147104748441e-02	4.977785160506923573e-02
2.376667604248971475e+04	3.077774103461497490e-02	4.987111915691200270e-02
2.392827697621872358e+04	3.098701385131542516e-02	4.996491824312092322e-02
2.409048537234987816e+04	3.119707333012031875e-02	5.005924829455614400e-02
2.425330386901398015e+04	3.140792288740532068e-02	5.015410877235934595e-02
2.441673511013431562e+04	3.161956594704731088e-02	5.024949916746775797e-02
2.458078174550064068e+04	3.183200594052021382e-02	5.034541900014246479e-02
2.474544643084285781e+04	3.204524630699037008e-02	5.044186781950709547e-02
2.491073182790389910e+04	3.225929049341096089e-02	5.053884520309666339e-02
2.507664060451153273e+04	3.247414195461498926e-02	5.063635075641786248e-02
2.524317543464973642e+04	3.268980415340769219e-02	5.073438411251967456e-02
2.541033899852931791e+04	3.290628056065801610e-02	5.083294493157385768e-02
2.557813398265837895e+04	3.312357465538984941e-02	5.093203290046594695e-02
2.574656307991143331e+04	3.334168992487153427e-02	5.103164773239446395e-02
2.591562898959818995e+04	3.356062986470497583e-02	5.113178916648002115e-02
2.608533441753175430e+04	3.378039797891389112e-02	5.123245696738536192e-02
2.625568207609652018e+04	3.400099778003180806e-02	5.133365092494018150e-02
2.642667468431511952e+04	3.422243278918870452e-02	5.143537085377917345e-02
2.659831496791475365e+04	3.444470653619695344e-02	5.153761659298486397e-02
2.677060565939325170e+04	3.466782255963683779e-02	5.164038800574046600e-02
2.694354949808503807e+04	3.489178440694196831e-02	5.174368497899020647e-02
2.711714923022529183e+04	3.511659563448244620e-02	5.184750742310684224e-02
2.729140760901516842e+04	3.534225980764921227e-02	5.195185527156929994e-02
2.746632739468543150e+04	3.556878050093654348e-02	5.205672848064268887e-02
2.764191135455998301e+04	3.579616129802427882e-02	5.216212702907031817e-02
2.781816226311923674e+04	3.602440579185989949e-02	5.226805091777177170e-02
2.799508290206258243e+04	3.625351758473941560e-02	5.237450016954438292e-02
2.817267606037048608e+04	3.648350028838780179e-02	5.248147482877590919e-02
2.835094453436691037e+04	3.671435752403980762e-02	5.258897496116204245e-02
2.852989112777986520e+04	3.694609292251840177e-02	5.269700065342750733e-02
2.870951865180348614e+04	3.717871012431513827e-02	5.280555201305799778e-02
2.888982992515764636e+04	3.741221277966733788e-02	5.291462916803495176e-02
2.907082777414919838e+04	3.764660454863746897e-02	5.302423226657707045e-02
2.925251503273111666e+04	3.788188910118965580e-02	5.313436147688836014e-02
2.943489454256277531e+04	3.811807011726776190e-02	5.324501698691046225e-02
2.961796915306878509e+04	3.835515128687163461e-02	5.335619900408023614e-02
2.980174172149809237e+04	3.859313631013357171e-02	5.346790775509541876e-02
2.998621511298253245e+04	3.883202889739415659e-02	5.358014348568108931e-02
3.017139220059540821e+04	3.907183276927817667e-02	5.369290646036598696e-02
3.035727586540914126e+04	3.931255165676920960e-02	5.380619696226024429e-02
3.054386899655323577e+04	3.955418930128472288e-02	5.392001529283906719e-02
3.073117449127144573e+04	3.979674945475011882e-02	5.403436177173105009e-02
3.091919525497973154e+04	4.004023587967374398e-02	5.414923673651236141e-02
3.110793420132231404e+04	4.028465234921953936e-02	5.426464054250262903e-02
3.129739425222879436e+04	4.053000264728092578e-02	5.438057356256940228e-02
3.148757833797045532e+04	4.077629056855380796e-02	5.449703618693163554e-02
3.167848939721660645e+04	4.102351991860948843e-02	5.461402882297258787e-02
3.187013037709019045e+04	4.127169451396668631e-02	5.473155189505301416e-02
3.206250423322392817e+04	4.152081818216424997e-02	5.484960584433028197e-02
3.225561392981578319e+04	4.177089476183296762e-02	5.496819112858086775e-02
3.244946243968402632e+04	4.202192810276691309e-02	5.508730822202636407e-02
3.264405274432261285e+04	4.227392206599511065e-02	5.520695761516489219e-02
3.283938783395583596e+04	4.252688052385236034e-02	5.532713981460361113e-02
3.303547070759347116e+04	4.278080736005060447e-02	5.544785534289541767e-02
3.323230437308469118e+04	4.303570646974878844e-02	5.556910473838268943e-02
3.342989184717364697e+04	4.329158175962481009e-02	5.569088855503879359e-02
3.362823615555232391e+04	4.354843714794397885e-02	5.581320736231626389e-02
3.382734033291518426e+04	4.380627656462977165e-02	5.593606174499889810e-02
3.402720742301271821e+04	4.406510395133320102e-02	5.605945230305436205e-02
3.422784047870618815e+04	4.432492326150366813e-02	5.618337965149209495e-02
3.442924256202072866e+04	4.458573846045781747e-02	5.630784442022454539e-02
3.463141674419790797e+04	4.484755352544742002e-02	5.643284725392828938e-02
3.483436610575031227e+04	4.511037244573032345e-02	5.655838881191228157e-02
3.503809373651388887e+04	4.537419922263797450e-02	5.668446976798547504e-02
3.524260273570191202e+04	4.563903786964550874e-02	5.681109081033015873e-02
3.544789621195687505e+04	4.590489241243882884e-02	5.693825264137507280e-02
3.565397728340479807e+04	4.617176688898496500e-02	5.706595597767410988e-02
3.586084907770649443e+04	4.643966534959847320e-02	5.719420154978484966e-02
3.606851473211099801e+04	4.670859185701062982e-02	5.732299010215251983e-02
3.627697739350776101e+04	4.697855048643703041e-02	5.745232239299388755e-02
3.648624021847943368e+04	4.724954532564590304e-02	5.758219919418547383e-02
3.669630637335442589e+04	4.752158047502621357e-02	5.771262129115309336e-02
3.690717903425914847e+04	4.779466004765528520e-02	5.784358948276457912e-02
3.711886138716915593e+04	4.806878816936509952e-02	5.797510458122349247e-02
3.733135662796288671e+04	4.834396897881178268e-02	5.810716741196739199e-02
3.754466796247280581e+04	4.862020662754191341e-02	5.823977881356574848e-02
3.775879860653789365e+04	4.889750528006048952e-02	5.837293963762213433e-02
3.797375178605487599e+04	4.917586911389724980e-02	5.850665074867682919e-02
3.818953073703061091e+04	4.945530231967448093e-02	5.864091302411308937e-02
3.840613870563434466e+04	4.973580910117478271e-02	5.877572735406315363e-02
3.862357894824857794e+04	5.001739367540685571e-02	5.891109464132006368e-02
3.884185473152157647e+04	5.030006027267353713e-02	5.904701580124797899e-02
3.906096933241946681e+04	5.058381313663926765e-02	5.918349176169581533e-02
3.928092603827595303e+04	5.086865652439447744e-02	5.932052346291251388e-02
3.950172814684568584e+04	5.115459470652464896e-02	5.945811185746424643e-02
3.972337896635611105e+04	5.144163196717755487e-02	5.959625791015307761e-02
3.994588181555746996e+04	5.172977260412789380e-02	5.973496259793920765e-02
4.016924002377596480e+04	5.201902092884627682e-02	5.987422690986167473e-02
4.039345693096473406e+04	5.230938126656507758e-02	6.001405184696395612e-02
4.061853588775440585e+04	5.260085795634404648e-02	6.015443842221901427e-02
4.084448025550602324e+04	5.289345535113876978e-02	6.029538766045741682e-02
4.107129340636194684e+04	5.318717781786661686e-02	6.043690059829628231e-02
4.129897872329753591e+04	5.348202973747362421e-02	6.057897828407057816e-02
4.152753960017199279e+04	5.377801550500042188e-02	6.072162177776535552e-02
4.175697944178068428e+04	5.407513952964989462e-02	6.086483215094839333e-02
4.198730166390622617e+04	5.437340623485339974e-02	6.100861048670731812e-02
4.221850969337046263e+04	5.467282005833806746e-02	6.115295787958576618e-02
4.245060696808464854e+04	5.497338545219176975e-02	6.129787543552095430e-02
4.268359693710230204e+04	5.527510688293158642e-02	6.144336427178483800e-02
4.291748306067085650e+04	5.557798883157067521e-02	6.158942551692351414e-02
4.315226881028194475e+04	5.588203579368339335e-02	6.173606031070071054e-02
4.338795766872376407e+04	5.618725227947316686e-02	6.188326980404165040e-02
4.362455313013337582e+04	5.649364281384006148e-02	6.203105515897804761e-02
4.386205870004636381e+04	5.680121193644532135e-02	6.217941754859390019e-02
4.410047789545077103e+04	5.710996420178097305e-02	6.232835815697356646e-02
4.433981424483680894e+04	5.741990417923442669e-02	6.247787817915084752e-02
4.458007128824981919e+04	5.773103645315687954e-02	6.262797882105874958e-02
4.482125257734175102e+04	5.804336562293006818e-02	6.277866129948102281e-02
4.506336167542249314e+04	5.835689630303275005e-02	6.292992684200474085e-02
4.530640215751225332e+04	5.867163312310846868e-02	6.308177668697353968e-02
4.555037761039308680e+04	5.898758072803238217e-02	6.323421208344318090e-02
4.579529163266047544e+04	5.930474377797795293e-02	6.338723429113633789e-02
4.604114783477633318e+04	5.962312694848566352e-02	6.354084458040047678e-02
4.628794983911995223e+04	5.994273493052896390e-02	6.369504423216597322e-02
4.653570128004120488e+04	6.026357243058318158e-02	6.384983453790474273e-02
4.678440580391119147e+04	6.058564417069108726e-02	6.400521679959035592e-02
4.703406706917549309e+04	6.090895488853187434e-02	6.416119232966037422e-02
4.728468874640574359e+04	6.123350933748790415e-02	6.431776245097718669e-02
4.753627451835298416e+04	6.155931228671392835e-02	6.447492849679159477e-02
4.778882807999850775e+04	6.188636852120274479e-02	6.463269181070745162e-02
4.804235313860781753e+04	6.221468284185524555e-02	6.479105374664673178e-02
4.829685341378136945e+04	6.254426006554597572e-02	6.495001566881457300e-02
4.855233263750874175e+04	6.287510502519343125e-02	6.510957895166830101e-02
4.880879455422059254e+04	6.320722256982722054e-02	6.526974497988315138e-02
4.906624292084138870e+04	6.354061756465644029e-02	6.543051514832268212e-02
4.932468150684177817e+04	6.387529489113742687e-02	6.559189086200767349e-02
4.958411409429259948e+04	6.421125944704372812e-02	6.575387353608641572e-02
4.984454447791597340e+04	6.454851614653231429e-02	6.591646459580691175e-02
5.010597646514012013e+04	6.488706992021446573e-02	6.607966547648971845e-02
5.036841387615191343e+04	6.522692571522391292e-02	6.624347762349772073e-02
5.063186054394909297e+04	6.556808849528439342e-02	6.640790249221471819e-02
5.089632031439505226e+04	6.591056324078069240e-02	6.657294154801705888e-02
5.116179704627089086e+04	6.625435494882593590e-02	6.673859626624900621e-02
5.142829461132971483e+04	6.659946863333197908e-02	6.690486813220035411e-02
5.169581689434962027e+04	6.694590932507797632e-02	6.707175864108309848e-02
5.196436779318748449e+04	6.729368207178013095e-02	6.723926929800795593e-02
5.223395121883297543e+04	6.764279193816154223e-02	6.740740161796537899e-02
5.250457109546178253e+04	6.799324400602117791e-02	6.757615712580236633e-02
5.277623136049076857e+04	6.834504337430526155e-02	6.774553735620257588e-02
5.304893596463007998e+04	6.869819515917481578e-02	6.791554385366879720e-02
5.332268887193863338e+04	6.905270449407747979e-02	6.808617817250177395e-02
5.359749405987853970e+04	6.940857652981799464e-02	6.825744187678584041e-02
5.387335551936794218e+04	6.976581643462662075e-02	6.842933654036707780e-02
5.415027725483719405e+04	7.012442939423188526e-02	6.860186374683989452e-02
5.442826328428212582e+04	7.048442061192961017e-02	6.877502508953028948e-02
5.470731763931999012e+04	7.084579530865531272e-02	6.894882217148015635e-02
5.498744436524240155e+04	7.120855872305272005e-02	6.912325660543243433e-02
5.526864752107189997e+04	7.157271611154712720e-02	6.929833001381739688e-02
5.555093117961570533e+04	7.193827274841495256e-02	6.947404402873966212e-02
5.583429942752210627e+04	7.230523392585673503e-02	6.965040029196414850e-02
5.611875636533429497e+04	7.267360495406692544e-02	6.982740045490480607e-02
5.640430610754714871e+04	7.304339116130728615e-02	7.000504617861236234e-02
5.669095278266124660e+04	7.341459789397702940e-02	7.018333913376419153e-02
5.697870053323964385e+04	7.378723051668617527e-02	7.036228100065226865e-02
5.726755351596274704e+04	7.416129441232666153e-02	7.054187346917410728e-02
5.755751590168484836e+04	7.453679498214564603e-02	7.072211823882430803e-02
5.784859187548988848e+04	7.491373764581756023e-02	7.090301701868356732e-02
5.814078563674690668e+04	7.529212784151606552e-02	7.108457152741264051e-02
5.843410139916683693e+04	7.567197102598750835e-02	7.126678349324297446e-02
5.872854339085918764e+04	7.605327267462437535e-02	7.144965465396968529e-02
5.902411585438805196e+04	7.643603828153777702e-02	7.163318675694604898e-02
5.932082304682854738e+04	7.682027335963056980e-02	7.181738155907593790e-02
5.961866923982415756e+04	7.720598344067161611e-02	7.200224082680838078e-02
5.991765871964277903e+04	7.759317407536836519e-02	7.218776633613448179e-02
6.021779578723499435e+04	7.798185083344229274e-02	7.237395987257937147e-02
6.051908475829001691e+04	7.837201930370135683e-02	7.256082323120002786e-02
6.082152996329368034e+04	7.876368509411511842e-02	7.274835821658123813e-02
6.112513574758573668e+04	7.915685383188894586e-02	7.293656664283251767e-02
6.142990647141737281e+04	7.955153116353839982e-02	7.312545033358490432e-02
6.173584651000898884e+04	7.994772275496422886e-02	7.331501112198895997e-02
6.204296025360771455e+04	8.034543429152669891e-02	7.350525085071374365e-02
6.235125210754676664e+04	8.074467147812257328e-02	7.369617137194350853e-02
6.266072649230172101e+04	8.114544003925783233e-02	7.388777454737871508e-02
6.297138784355051030e+04	8.154774571912558334e-02	7.408006224823458774e-02
6.328324061223029275e+04	8.195159428167954341e-02	7.427303635524082348e-02
6.359628926459782815e+04	8.235699151071228241e-02	7.446669875864270205e-02
6.391053828228674683e+04	8.276394320992935816e-02	7.466105135820150229e-02
6.422599216236810753e+04	8.317245520302778139e-02	7.485609606319547360e-02
6.454265541740747722e+04	8.358253333376991501e-02	7.505183479242244493e-02
6.486053257552584546e+04	8.399418346606234154e-02	7.524826947420105994e-02
6.517962818045781751e+04	8.440741148403126115e-02	7.544540204637373293e-02
6.549994679161244130e+04	8.482222329210120648e-02	7.564323445630843912e-02
6.582149298413217184e+04	8.523862481507146760e-02	7.584176866090369673e-02
6.614427134895269410e+04	8.565662199819346068e-02	7.604100662659064869e-02
6.646828649286263681e+04	8.607622080724829094e-02	7.624095032933850269e-02
6.679354303856534534e+04	8.649742722862634181e-02	7.644160175465748719e-02
6.712004562473780243e+04	8.692024726940396351e-02	7.664296289760499925e-02
6.744779890609093127e+04	8.734468695742148014e-02	7.684503576279101689e-02
6.777680755343203782e+04	8.777075234136381965e-02	7.704782236438156851e-02
6.810707625372381881e+04	8.819844949083725794e-02	7.725132472610703183e-02
6.843860971014705137e+04	8.862778449645032641e-02	7.745554488126688009e-02
6.877141264215990668e+04	8.905876346989086145e-02	7.766048487273731482e-02
6.910548978556157090e+04	8.949139254400816090e-02	7.786614675297748311e-02
6.944084589255206811e+04	8.992567787289063030e-02	7.807253258403873408e-02
6.977748573179417872e+04	9.036162563194588548e-02	7.827964443756926793e-02
7.011541408847685670e+04	9.079924201798290906e-02	7.848748439482432226e-02
7.045463576437586744e+04	9.123853324929054320e-02	7.869605454667477629e-02
7.079515557791628817e+04	9.167950556571848042e-02	7.890535699361435340e-02
7.113697836423570698e+04	9.212216522875905922e-02	7.911539384577127854e-02
7.148010897524618485e+04	9.256651852162749161e-02	7.932616722291419009e-02
7.182455227969729458e+04	9.301257174934356164e-02	7.953767925446471321e-02
7.217031316323792271e+04	9.346033123881161697e-02	7.974993207950682728e-02
7.251739652848205878e+04	9.390980333890577847e-02	7.996292784679691346e-02
7.286580729507008800e+04	9.436099442054927955e-02	8.017666871477424628e-02
7.321555039973306702e+04	9.481391087679777452e-02	8.039115685157338653e-02
7.356663079635536997e+04	9.526855912292038486e-02	8.060639443503427037e-02
7.391905345604247123e+04	9.572494559648753176e-02	8.082238365271399161e-02
7.427282336717890576e+04	9.618307675744597329e-02	8.103912670189913903e-02
7.462794553549776901e+04	9.664295908820882963e-02	8.125662578961875826e-02
7.498442498414318834e+04	9.710459909373643506e-02	8.147488313265544013e-02
7.534226675373474427e+04	9.756800330161984058e-02	8.169390095755951764e-02
7.570147590243353625e+04	9.803317826216624564e-02	8.191368150066140330e-02
7.606205750600504689e+04	9.850013054848055782e-02	8.213422700808568899e-02
7.642401665788739047e+04	9.896886675655366949e-02	8.235553973576469067e-02
7.678735846925571968e+04	9.943939350534589106e-02	8.257762194945270084e-02
7.715208806908557017e+04	9.991171743686898254e-02	8.280047592474031048e-02
7.751821060422221490e+04	1.003858452162759984e-01	8.302410394706891128e-02
7.788573123944483814e+04	1.008617835319443601e-01	8.324850831174554489e-02
7.825465515753345971e+04	1.013395390955624947e-01	8.347369132395841829e-02
7.862498755933492794e+04	1.018191186422153366e-01	8.369965529879226651e-02
7.899673366382895620e+04	1.023005289304698834e-01	8.392640256124439535e-02
7.936989870819824864e+04	1.027837767424659154e-01	8.415393544624126532e-02
7.974448794789063686e+04	1.032688688839965424e-01	8.438225629865193922e-02
8.012050665669034061e+04	1.037558121846004211e-01	8.461136747330938457e-02
8.049796012678509578e+04	1.042446134976487276e-01	8.484127133502318563e-02
8.087685366883073584e+04	1.047352797004287850e-01	8.507197025860026296e-02
8.125719261202280177e+04	1.052278176942367666e-01	8.530346662885697484e-02
8.163898230416217120e+04	1.057222344044628226e-01	8.553576284064387525e-02
8.202222811172575166e+04	1.062185367806823405e-01	8.576886129885762100e-02
8.240693541993286635e+04	1.067167317967422369e-01	8.600276441846239905e-02
8.279310963281596196e+04	1.072168264508523289e-01	8.623747462450787049e-02
8.318075617328711087e+04	1.077188277656714877e-01	8.647299435214725327e-02
8.356988048320972302e+04	1.082227427884005222e-01	8.670932604665682053e-02
8.396048802346599405e+04	1.087285785908695679e-01	8.694647216345491314e-02
8.435258427402871894e+04	1.092363422696309844e-01	8.718443516812027227e-02
8.474617473402962787e+04	1.097460409460479513e-01	8.742321753641373039e-02
8.514126492182939546e+04	1.102576817663850767e-01	8.766282175429819523e-02
8.553786037508842128e+04	1.107712719019000314e-01	8.790325031795732935e-02
8.593596665083749394e+04	1.112868185489351430e-01	8.814450573381607534e-02
8.633558932554877538e+04	1.118043289290092251e-01	8.838659051856365134e-02
8.673673399520578096e+04	1.123238102889083379e-01	8.862950719917207787e-02
8.713940627537581895e+04	1.128452699007793381e-01	8.887325831291860434e-02
8.754361180128049455e+04	1.133687150622215423e-01	8.911784640740498531e-02
8.794935622786710155e+04	1.138941530963788890e-01	8.936327404058380663e-02
8.835664522988298268e+04	1.144215913520362782e-01	8.960954378077623517e-02
8.876548450194405450e+04	1.149510372037085143e-01	8.985665820669470893e-02
8.917587975860993902e+04	1.154824980517373118e-01	9.010461990746808369e-02
8.958783673445529712e+04	1.160159813223839015e-01	9.035343148265978508e-02
9.000136118414158409e+04	1.165514944679218734e-01	9.060309554229575846e-02
9.041645888249430573e+04	1.170890449667371103e-01	9.085361470688396723e-02
9.083313562457149965e+04	1.176286403234166750e-01	9.110499160743884550e-02
9.125139722573975450e+04	1.181702880688471208e-01	9.135722888550473764e-02
9.167124952174696955e+04	1.187139957603087631e-01	9.161032919317854684e-02
9.209269836879824288e+04	1.192597709815739482e-01	9.186429519313789316e-02
9.251574964362748142e+04	1.198076213429997289e-01	9.211912955865914077e-02
9.294040924357340555e+04	1.203575544816264387e-01	9.237483497364694374e-02
9.336668308665542281e+04	1.209095780612757381e-01	9.263141413265650603e-02
9.379457711164451030e+04	1.214636997726426249e-01	9.288886974092007420e-02
9.422409727814375947e+04	1.220199273333995443e-01	9.314720451436971083e-02
9.465524956666074286e+04	1.225782684882903012e-01	9.340642117966432845e-02
9.508803997868309671e+04	1.231387310092277310e-01	9.366652247421504429e-02
9.552247453675548604e+04	1.237013226953935507e-01	9.392751114621138153e-02
9.595855928455582762e+04	1.242660513733369054e-01	9.418938995464598563e-02
9.639630028697045054e+04	1.248329248970718591e-01	9.445216166934319868e-02
9.683570363017306954e+04	1.254019511481795912e-01	9.471582907098240189e-02
9.727677542169998924e+04	1.259731380359057074e-01	9.498039495112670094e-02
9.771952179052750580e+04	1.265464934972606315e-01	9.524586211224927990e-02
9.816394888715016714e+04	1.271220254971208441e-01	9.551223336776062944e-02
9.861006288365724322e+04	1.276997420283279561e-01	9.577951154203591388e-02
9.905786997381348920e+04	1.282796511117932359e-01	9.604769947044207445e-02
9.950737637313312734e+04	1.288617607965935330e-01	9.631679999936618164e-02
9.995858831896216725e+04	1.294460791600777205e-01	9.658681598624407894e-02
1.004115120705544832e+05	1.300326143079653940e-01	9.685775029958516857e-02
1.008661539091532177e+05	1.306213743744521205e-01	9.712960581900412227e-02
1.013225201380682847e+05	1.312123675223099417e-01	9.740238543525064907e-02
1.017806170827557653e+05	1.318056019429901526e-01	9.767609205023236596e-02
1.022404510908997763e+05	1.324010858567291893e-01	9.795072857705154623e-02
1.027020285324909200e+05	1.329988275126504915e-01	9.822629794002667170e-02
1.031653557999069744e+05	1.335988351888687253e-01	9.850280307472822350e-02
1.036304393079923466e+05	1.342011171925928115e-01	9.878024692800334294e-02
1.040972854941416590e+05	1.348056818602341722e-01	9.905863245801015127e-02
1.045659008183782425e+05	1.354125375575083723e-01	9.933796263424408968e-02
1.050362917634374753e+05	1.360216926795429493e-01	9.961824043756861702e-02
1.055084648348466872e+05	1.366331556509810252e-01	9.989946886024934913e-02
1.059824265610090515e+05	1.372469349260898586e-01	1.001816509059813287e-01
1.064581834932844940e+05	1.378630389888657048e-01	1.004647895899188070e-01
1.069357422060727695e+05	1.384814763531412585e-01	1.007488879387097858e-01
1.074151092968954181e+05	1.391022555626919288e-01	1.010339489905239807e-01
1.078962913864811417e+05	1.397253851913463352e-01	1.013199757950883073e-01
1.083792951188453590e+05	1.403508738430893354e-01	1.016069714137131513e-01
1.088641271613778663e+05	1.409787301521755465e-01	1.018949389193293947e-01
1.093507942049226986e+05	1.416089627832328168e-01	1.021838813965177950e-01
1.098393029638675071e+05	1.422415804313778287e-01	1.024738019415405432e-01
1.103296601762222126e+05	1.428765918223181275e-01	1.027647036623759863e-01
1.108218726037085289e+05	1.435140057124679736e-01	1.030565896787507957e-01
1.113159470318420208e+05	1.441538308890545905e-01	1.033494631221715254e-01
1.118118902700189792e+05	1.447960761702306309e-01	1.036433271359576691e-01
1.123097091516007931e+05	1.454407504051835887e-01	1.039381848752774645e-01
1.128094105340020178e+05	1.460878624742497356e-01	1.042340395071788273e-01
1.133110012987731898e+05	1.467374212890213137e-01	1.045308942106228933e-01
1.138144883516910922e+05	1.473894357924635523e-01	1.048287521765203095e-01
1.143198786228434037e+05	1.480439149590242198e-01	1.051276166077620283e-01
1.148271790667155583e+05	1.487008677947461721e-01	1.054274907192587485e-01
1.153363966622794687e+05	1.493603033373821221e-01	1.057283777379680600e-01
1.158475384130791936e+05	1.500222306565056618e-01	1.060302809029357585e-01
1.163606113473206642e+05	1.506866588536275031e-01	1.063332034653263758e-01
1.168756225179605972e+05	1.513535970623105520e-01	1.066371486884608311e-01
1.173925790027917392e+05	1.520230544482802926e-01	1.069421198478500146e-01
1.179114879045361013e+05	1.526950402095455239e-01	1.072481202312316056e-01
1.184323563509295200e+05	1.533695635765079945e-01	1.075551531386049198e-01
1.189551914948148333e+05	1.540466338120828338e-01	1.078632218822669769e-01
1.194800005142306036e+05	1.547262602118136821e-01	1.081723297868488476e-01
1.200067906125004374e+05	1.554084521039881539e-01	1.084824801893490565e-01
1.205355690183235274e+05	1.560932188497553275e-01	1.087936764391769229e-01
1.210663429858664167e+05	1.567805698432442607e-01	1.091059218981813850e-01
1.215991197948519984e+05	1.574705145116796212e-01	1.094192199406930494e-01
1.221339067506525753e+05	1.581630623155018400e-01	1.097335739535579696e-01
1.226707111843810562e+05	1.588582227484854059e-01	1.100489873361777116e-01
1.232095404529836669e+05	1.595560053378590193e-01	1.103654635005448664e-01
1.237504019393297349e+05	1.602564196444215550e-01	1.106830058712806875e-01
1.242933030523063935e+05	1.609594752626650471e-01	1.110016178856741836e-01
1.248382512269115687e+05	1.616651818208947877e-01	1.113213029937192705e-01
1.253852539243457868e+05	1.623735489813485644e-01	1.116420646581523374e-01
1.259343186321069079e+05	1.630845864403189793e-01	1.119639063544931312e-01
1.264854528640822973e+05	1.637983039282730480e-01	1.122868315710795900e-01
1.270386641606452758e+05	1.645147112099770992e-01	1.126108438091111691e-01
1.275939600887479610e+05	1.652338180846168181e-01	1.129359465826837300e-01
1.281513482420174114e+05	1.659556343859219796e-01	1.132621434188297721e-01
1.287108362408475223e+05	1.666801699822853533e-01	1.135894378575599967e-01
1.292724317324999429e+05	1.674074347768932380e-01	1.139178334519010266e-01
1.298361423911942402e+05	1.681374387078425903e-01	1.142473337679340700e-01
1.304019759182077978e+05	1.688701917482700321e-01	1.145779423848391904e-01
1.309699400419714657e+05	1.696057039064758631e-01	1.149096628949288906e-01
1.315400425181643222e+05	1.703439852260469067e-01	1.152424989036959918e-01
1.321122911298135004e+05	1.710850457859854623e-01	1.155764540298489101e-01
1.326866936873878876e+05	1.718288957008309858e-01	1.159115319053536097e-01
1.332632580289030448e+05	1.725755451207957591e-01	1.162477361754744726e-01
1.338419920200104825e+05	1.733250042318805750e-01	1.165850704988174169e-01
1.344229035541019985e+05	1.740772832560097683e-01	1.169235385473692546e-01
1.350060005524071457e+05	1.748323924511576422e-01	1.172631440065382974e-01
1.355912909640891012e+05	1.755903421114723140e-01	1.176038905752001679e-01
1.361787827663504577e+05	1.763511425674129662e-01	1.179457819657360601e-01
1.367684839645297616e+05	1.771148041858748579e-01	1.182888219040751365e-01
1.373604025921964203e+05	1.778813373703118927e-01	1.186330141297388119e-01
1.379545467112610349e+05	1.786507525608800051e-01	1.189783623958810543e-01
1.385509244120708609e+05	1.794230602345604775e-01	1.193248704693341405e-01
1.391495438135092263e+05	1.801982709052886433e-01	1.196725421306488596e-01
1.397504130631016451e+05	1.809763951240915270e-01	1.200213811741380060e-01
1.403535403371137509e+05	1.817574434792144089e-01	1.203713914079213992e-01
1.409589338406548777e+05	1.825414265962552463e-01	1.207225766539675310e-01
1.415666018077829503e+05	1.833283551383002030e-01	1.210749407481381268e-01
1.421765525016018946e+05	1.841182398060501046e-01	1.214284875402339564e-01
1.427887942143717955e+05	1.849110913379627685e-01	1.217832208940343303e-01
1.434033352676085196e+05	1.857069205103822895e-01	1.221391446873459630e-01
1.440201840121876739e+05	1.865057381376735990e-01	1.224962628120444402e-01
1.446393488284491759e+05	1.873075550723576344e-01	1.228545791741212923e-01
1.452608381263038609e+05	1.881123822052499228e-01	1.232140976937274729e-01
1.458846603453350544e+05	1.889202304655914766e-01	1.235748223052201972e-01
1.465108239549087011e+05	1.897311108211919284e-01	1.239367569572064204e-01
1.471393374542751990e+05	1.905450342785611484e-01	1.242999056125881352e-01
1.477702093726762396e+05	1.913620118830477723e-01	1.246642722486100974e-01
1.484034482694544422e+05	1.921820547189808104e-01	1.250298608569035408e-01
1.490390627341572253e+05	1.930051739098047059e-01	1.253966754435347219e-01
1.496770613866415515e+05	1.938313806182144772e-01	1.257647200290498424e-01
1.503174528771890036e+05	1.946606860463050703e-01	1.261339986485215947e-01
1.509602458866070665e+05	1.954931014357023655e-01	1.265045153515958476e-01
1.516054491263416130e+05	1.963286380677089216e-01	1.268762742025406065e-01
1.522530713385830459e+05	1.971673072634413659e-01	1.272492792802890627e-01
1.529031212963772996e+05	1.980091203839741687e-01	1.276235346784904412e-01
1.535556078037344269e+05	1.988540888304802245e-01	1.279990445055576298e-01
1.542105396957393386e+05	1.997022240443744046e-01	1.283758128847130586e-01
1.548679258386598667e+05	2.005535375074532500e-01	1.287538439540365232e-01
1.555277751300608215e+05	2.014080407420429375e-01	1.291331418665162545e-01
1.561900964989129861e+05	2.022657453111402215e-01	1.295137107900950213e-01
1.568548989057034487e+05	2.031266628185554868e-01	1.298955549077181193e-01
1.575221913425505045e+05	2.039908049090613795e-01	1.302786784173852463e-01
1.581919828333137266e+05	2.048581832685354709e-01	1.306630855321958828e-01
1.588642824337074417e+05	2.057288096241071118e-01	1.310487804804015000e-01
1.595390992314120522e+05	2.066026957443017897e-01	1.314357675054518004e-01
1.602164423461906263e+05	2.074798534391917304e-01	1.318240508660485089e-01
1.608963209299996379e+05	2.083602945605397549e-01	1.322136348361921676e-01
1.615787441671036358e+05	2.092440310019475502e-01	1.326045237052322356e-01
1.622637212741911062e+05	2.101310746990056044e-01	1.329967217779195743e-01
1.629512615004907711e+05	2.110214376294439476e-01	1.333902333744547419e-01
1.636413741278821253e+05	2.119151318132755091e-01	1.337850628305397305e-01
1.643340684710156638e+05	2.128121693129512992e-01	1.341812144974281473e-01
1.650293538774264161e+05	2.137125622335078745e-01	1.345786927419776735e-01
1.657272397276548145e+05	2.146163227227237125e-01	1.349775019467009674e-01
1.664277354353546107e+05	2.155234629712589056e-01	1.353776465098147086e-01
1.671308504474230285e+05	2.164339952128238320e-01	1.357791308452974965e-01
1.678365942441048101e+05	2.173479317243138254e-01	1.361819593829323161e-01
1.685449763391248998e+05	2.182652848259808986e-01	1.365861365683680717e-01
1.692560062797924038e+05	2.191860668815686364e-01	1.369916668631673273e-01
1.699696936471304507e+05	2.201102902984800047e-01	1.373985547448600408e-01
1.706860480559917050e+05	2.210379675279273981e-01	1.378068047069946900e-01
1.714050791551771399e+05	2.219691110650859334e-01	1.382164212591943386e-01
1.721267966275587969e+05	2.229037334492529610e-01	1.386274089272075960e-01
1.728512101902002178e+05	2.238418472640033852e-01	1.390397722529627400e-01
1.735783295944739948e+05	2.247834651373426251e-01	1.394535157946213688e-01
1.743081646261845890e+05	2.257285997418650714e-01	1.398686441266330238e-01
1.750407251056990062e+05	2.266772637949235891e-01	1.402851618397872868e-01
1.757760208880549180e+05	2.276294700587694619e-01	1.407030735412714284e-01
1.765140618630931131e+05	2.285852313407238656e-01	1.411223838547207010e-01
1.772548579555776669e+05	2.295445604933337436e-01	1.415430974202790404e-01
1.779984191253207100e+05	2.305074704145329556e-01	1.419652188946470550e-01
1.787447553673032380e+05	2.314739740477992080e-01	1.423887529511429773e-01
1.794938767118063988e+05	2.324440843823236402e-01	1.428137042797543721e-01
1.802457932245299162e+05	2.334178144531643129e-01	1.432400775871967291e-01
1.810005150067193317e+05	2.343951773414112982e-01	1.436678775969661426e-01
1.817580521952927811e+05	2.353761861743504102e-01	1.440971090493993190e-01
1.825184149629684980e+05	2.363608541256284890e-01	1.445277767017263126e-01
1.832816135183890292e+05	2.373491944154143274e-01	1.449598853281304778e-01
1.840476581062492623e+05	2.383412203105644833e-01	1.453934397198012041e-01
1.848165590074236097e+05	2.393369451247877588e-01	1.458284446849947014e-01
1.855883265390946472e+05	2.403363822188121501e-01	1.462649050490872626e-01
1.863629710548829462e+05	2.413395450005526577e-01	1.467028256546383802e-01
1.871405029449737340e+05	2.423464469252752940e-01	1.471422113614438976e-01
1.879209326362465799e+05	2.433571014957653933e-01	1.475830670465947680e-01
1.887042705924070906e+05	2.443715222624978367e-01	1.480253976045363407e-01
1.894905273141149955e+05	2.453897228238030026e-01	1.484692079471248427e-01
1.902797133391166280e+05	2.464117168260383794e-01	1.489145030036889694e-01
1.910718392423757468e+05	2.474375179637577638e-01	1.493612877210867829e-01
1.918669156362038630e+05	2.484671399798804026e-01	1.498095670637621946e-01
1.926649531703934481e+05	2.495005966658633001e-01	1.502593460138101633e-01
1.934659625323525106e+05	2.505379018618753562e-01	1.507106295710324007e-01
1.942699544472338748e+05	2.515790694569650099e-01	1.511634227529967955e-01
1.950769396780705429e+05	2.526241133892354052e-01	1.516177305951000864e-01
1.958869290259102709e+05	2.536730476460187789e-01	1.520735581506243161e-01
1.966999333299499121e+05	2.547258862640502941e-01	1.525309104908010027e-01
1.975159634676676360e+05	2.557826433296393476e-01	1.529897927048687878e-01
1.983350303549628297e+05	2.568433329788507025e-01	1.534502099001388564e-01
1.991571449462897435e+05	2.579079693976776277e-01	1.539121672020492271e-01
1.999823182347927650e+05	2.589765668222170358e-01	1.543756697542324197e-01
2.008105612524439639e+05	2.600491395388475069e-01	1.548407227185737423e-01
2.016418850701822666e+05	2.611257018844096445e-01	1.553073312752744073e-01
2.024763007980491093e+05	2.622062682463818795e-01	1.557755006229153416e-01
2.033138195853261277e+05	2.632908530630584387e-01	1.562452359785133915e-01
2.041544526206770388e+05	2.643794708237331426e-01	1.567165425775900733e-01
2.049982111322843994e+05	2.654721360688769849e-01	1.571894256742333018e-01
2.058451063879896537e+05	2.665688633903187665e-01	1.576638905411593683e-01
2.066951496954331233e+05	2.676696674314269497e-01	1.581399424697762512e-01
2.075483524021965568e+05	2.687745628872939552e-01	1.586175867702465658e-01
2.084047258959414030e+05	2.698835645049153520e-01	1.590968287715528728e-01
2.092642816045521758e+05	2.709966870833755426e-01	1.595776738215612667e-01
2.101270309962800238e+05	2.721139454740336139e-01	1.600601272870856295e-01
2.109929855798838835e+05	2.732353545807059692e-01	1.605441945539512194e-01
2.118621569047720695e+05	2.743609293598501808e-01	1.610298810270618386e-01
2.127345565611486381e+05	2.754906848207538950e-01	1.615171921304617286e-01
2.136101961801552679e+05	2.766246360257191839e-01	1.620061333074028775e-01
2.144890874340206210e+05	2.777627980902553362e-01	1.624967100204101067e-01
2.153712420361985569e+05	2.789051861832584911e-01	1.629889277513475176e-01
2.162566717415197927e+05	2.800518155272074816e-01	1.634827920014829961e-01
2.171453883463348611e+05	2.812027013983494639e-01	1.639783082915552137e-01
2.180374036886618123e+05	2.823578591268906535e-01	1.644754821618421570e-01
2.189327296483334212e+05	2.835173040971874503e-01	1.649743191722233271e-01
2.198313781471463153e+05	2.846810517479392288e-01	1.654748249022523210e-01
2.207333611490066978e+05	2.858491175723772426e-01	1.659770049512191703e-01
2.216386906600803486e+05	2.870215171184586911e-01	1.664808649382209793e-01
2.225473787289410830e+05	2.881982659890592324e-01	1.669864105022284551e-01
2.234594374467244488e+05	2.893793798421717134e-01	1.674936473021560457e-01
2.243748789472712670e+05	2.905648743910924647e-01	1.680025810169239742e-01
2.252937154072856356e+05	2.917547654046253047e-01	1.685132173455388405e-01
2.262159590464822832e+05	2.929490687072729971e-01	1.690255620071475229e-01
2.271416221277407312e+05	2.941478001794364805e-01	1.695396207411169198e-01
2.280707169572521234e+05	2.953509757576052719e-01	1.700553993071002301e-01
2.290032558846797328e+05	2.965586114345650226e-01	1.705729034851059533e-01
2.299392513033095747e+05	2.977707232595928621e-01	1.710921390755681115e-01
2.308787156502026774e+05	2.989873273386544072e-01	1.716131118994189131e-01
2.318216614063557354e+05	3.002084398346119287e-01	1.721358277981530904e-01
2.327681010968462506e+05	3.014340769674121456e-01	1.726602926339053656e-01
2.337180472909967357e+05	3.026642550142990551e-01	1.731865122895155373e-01
2.346715126025273639e+05	3.038989903100114964e-01	1.737144926686047530e-01
2.356285096897148760e+05	3.051382992469888200e-01	1.742442396956420947e-01
2.365890512555483729e+05	3.063821982755731144e-01	1.747757593160206846e-01
2.375531500478863018e+05	3.076307039042118219e-01	1.753090574961276293e-01
2.385208188596171385e+05	3.088838326996662942e-01	1.758441402234172390e-01
2.394920705288165773e+05	3.101416012872152961e-01	1.763810135064797224e-01
2.404669179389089404e+05	3.114040263508639494e-01	1.769196833751208453e-01
2.414453740188286465e+05	3.126711246335527883e-01	1.774601558804290713e-01
2.424274517431740824e+05	3.139429129373570992e-01	1.780024370948503909e-01
2.434131641323762015e+05	3.152194081237051915e-01	1.785465331122652599e-01
2.444025242528590024e+05	3.165006271135863414e-01	1.790924500480580162e-01
2.453955452171973011e+05	3.177865868877549627e-01	1.796401940391932905e-01
2.463922401842853287e+05	3.190773044869490427e-01	1.801897712442898369e-01
2.473926223594962794e+05	3.203727970120968660e-01	1.807411878436957775e-01
2.483967049948509957e+05	3.216730816245349511e-01	1.812944500395622105e-01
2.494045013891776616e+05	3.229781755462156623e-01	1.818495640559218973e-01
2.504160248882791202e+05	3.242880960599229812e-01	1.824065361387616213e-01
2.514312888850997260e+05	3.256028605094893891e-01	1.829653725560975441e-01
2.524503068198912079e+05	3.269224863000101955e-01	1.835260795980549475e-01
2.534730921803794336e+05	3.282469908980595319e-01	1.840886635769409529e-01
2.544996585019308550e+05	3.295763918319061792e-01	1.846531308273219318e-01
2.555300193677211355e+05	3.309107066917315043e-01	1.852194877061020262e-01
2.565641884089084051e+05	3.322499531298542252e-01	1.857877405926010028e-01
2.576021793047965039e+05	3.335941488609414640e-01	1.863578958886284997e-01
2.586440057830071892e+05	3.349433116622322903e-01	1.869299600185642396e-01
2.596896816196508880e+05	3.362974593737579343e-01	1.875039394294350514e-01
2.607392206394996902e+05	3.376566098985669950e-01	1.880798405909961113e-01
2.617926367161563539e+05	3.390207812029432111e-01	1.886576699958044945e-01
2.628499437722258153e+05	3.403899913166281155e-01	1.892374341593030529e-01
2.639111557794939145e+05	3.417642583330527395e-01	1.898191396198970204e-01
2.649762867590924725e+05	3.431436004095504977e-01	1.904027929390341434e-01
2.660453507816849742e+05	3.445280357675986060e-01	1.909884007012845608e-01
2.671183619676253293e+05	3.459175826930232511e-01	1.915759695144216845e-01
2.681953344871516456e+05	3.473122595362502230e-01	1.921655060095011358e-01
2.692762825605479884e+05	3.487120847125150247e-01	1.927570168409430962e-01
2.703612204583265702e+05	3.501170767020984065e-01	1.933505086866122713e-01
2.714501625014079036e+05	3.515272540505596233e-01	1.939459882479006858e-01
2.725431230612910585e+05	3.529426353689572582e-01	1.945434622498067589e-01
2.736401165602412657e+05	3.543632393340919173e-01	1.951429374410183215e-01
2.747411574714618619e+05	3.557890846887287739e-01	1.957444205939958548e-01
2.758462603192781098e+05	3.572201902418359332e-01	1.963479185050563403e-01
2.769554396793142660e+05	3.586565748688135269e-01	1.969534379944527236e-01
2.780687101786765852e+05	3.600982575117306905e-01	1.975609859064589580e-01
2.791860864961376064e+05	3.615452571795644832e-01	1.981705691094514943e-01
2.803075833623135113e+05	3.629975929484290931e-01	1.987821944959972109e-01
2.814332155598513782e+05	3.644552839618188655e-01	1.993958689829306574e-01
2.825629979236120125e+05	3.659183494308445028e-01	2.000115995114484513e-01
2.836969453408502741e+05	3.673868086344672657e-01	2.006293930471835796e-01
2.848350727514045429e+05	3.688606809197437220e-01	2.012492565802976030e-01
2.859773951478778035e+05	3.703399857020602259e-01	2.018711971255610360e-01
2.871239275758283329e+05	3.718247424653808308e-01	2.024952217224449402e-01
2.882746851339592831e+05	3.733149707624913716e-01	2.031213374352005829e-01
2.894296829742958653e+05	3.748106902152299469e-01	2.037495513529470614e-01
2.905889363023841870e+05	3.763119205147441027e-01	2.043798705897620638e-01
2.917524603774719290e+05	3.778186814217248113e-01	2.050123022847643861e-01
2.929202705127020017e+05	3.793309927666569381e-01	2.056468536022051374e-01
2.940923820753023028e+05	3.808488744500658219e-01	2.062835317315469541e-01
2.952688104867774528e+05	3.823723464427644658e-01	2.069223438875631427e-01
2.964495712231025100e+05	3.839014287861055030e-01	2.075632973104169499e-01
2.976346798149012029e+05	3.854361415922110123e-01	2.082063992657553764e-01
2.988241518476602505e+05	3.869765050442508514e-01	2.088516570447941367e-01
3.000180029619078850e+05	3.885225393966731944e-01	2.094990779644105849e-01
3.012162488534129225e+05	3.900742649754631586e-01	2.101486693672336148e-01
3.024189052733753342e+05	3.916317021783883856e-01	2.108004386217252613e-01
3.036259880286312546e+05	3.931948714752657170e-01	2.114543931222774009e-01
3.048375129818411660e+05	3.947637934082043887e-01	2.121105402893049274e-01
3.060534960516873980e+05	3.963384885918614375e-01	2.127688875693313220e-01
3.072739532130797161e+05	3.979189777137088768e-01	2.134294424350814401e-01
3.084989004973442061e+05	3.995052815342770569e-01	2.140922123855742987e-01
3.097283539924204815e+05	4.010974208874112379e-01	2.147572049462102284e-01
3.109623298430755385e+05	4.026954166805477020e-01	2.154244276688685455e-01
3.122008442510893801e+05	4.042992898949546721e-01	2.160938881319969807e-01
3.134439134754672414e+05	4.059090615860068696e-01	2.167655939407061305e-01
3.146915538326323149e+05	4.075247528834349819e-01	2.174395527268609407e-01
3.159437816966325627e+05	4.091463849915936701e-01	2.181157721491736590e-01
3.172006134993465967e+05	4.107739791897284110e-01	2.187942598933014793e-01
3.184620657306865323e+05	4.124075568322375651e-01	2.194750236719321401e-01
3.197281549387964187e+05	4.140471393489300600e-01	2.201580712248904503e-01
3.209988977302619023e+05	4.156927482452962841e-01	2.208434103192255249e-01
3.222743107703251299e+05	4.173444051027868085e-01	2.215310487493040159e-01
3.235544107830766006e+05	4.190021315790607437e-01	2.222209943369135854e-01
3.248392145516683231e+05	4.206659494082615192e-01	2.229132549313478928e-01
3.261287389185311622e+05	4.223358804012986578e-01	2.236078384095158966e-01
3.274230007855709991e+05	4.240119464461017951e-01	2.243047526760272026e-01
3.287220171143836924e+05	4.256941695078987342e-01	2.250040056632930663e-01
3.300258049264700967e+05	4.273825716294942234e-01	2.257056053316240651e-01
3.313343813034375198e+05	4.290771749315310246e-01	2.264095596693277146e-01
3.326477633872203878e+05	4.307780016127745748e-01	2.271158766928071115e-01
3.339659683802910731e+05	4.324850739503878216e-01	2.278245644466582176e-01
3.352890135458698496e+05	4.341984143002012853e-01	2.285356310037650607e-01
3.366169162081454415e+05	4.359180450969999954e-01	2.292490844654075655e-01
3.379496937524833484e+05	4.376439888547925539e-01	2.299649329613508153e-01
3.392873636256458703e+05	4.393762681670962400e-01	2.306831846499524663e-01
3.406299433360074181e+05	4.411149057072160651e-01	2.314038477182592257e-01
3.419774504537769244e+05	4.428599242285323201e-01	2.321269303821084096e-01
3.433299026112013962e+05	4.446113465647648089e-01	2.328524408862272521e-01
3.446873175028011319e+05	4.463691956302769936e-01	2.335803875043380995e-01
3.460497128855796764e+05	4.481334944203476667e-01	2.343107785392515574e-01
3.474171065792502486e+05	4.499042660114649372e-01	2.350436223229817878e-01
3.487895164664520416e+05	4.516815335616057303e-01	2.357789272168352157e-01
3.501669604929726920e+05	4.534653203105240560e-01	2.365167016115203857e-01
3.515494566679791897e+05	4.552556495800501590e-01	2.372569539272506300e-01
3.529370230642241659e+05	4.570525447743571945e-01	2.379996926138435165e-01
3.543296778182868147e+05	4.588560293802740331e-01	2.387449261508340359e-01
3.557274391307907645e+05	4.606661269675666470e-01	2.394926630475652796e-01
3.571303252666337648e+05	4.624828611892360941e-01	2.402429118433040134e-01
3.585383545552055002e+05	4.643062557818000147e-01	2.409956811073424854e-01
3.599515453906272887e+05	4.661363345656034385e-01	2.417509794390999833e-01
3.613699162319740281e+05	4.679731214451064436e-01	2.425088154682343844e-01
3.627934856034998083e+05	4.698166404091757009e-01	2.432691978547414369e-01
3.642222720948742935e+05	4.716669155313911177e-01	2.440321352890680584e-01
3.656562943614102551e+05	4.735239709703399358e-01	2.447976364922160308e-01
3.670955711242979160e+05	4.753878309699207660e-01	2.455657102158487759e-01
3.685401211708294577e+05	4.772585198596344114e-01	2.463363652424015449e-01
3.699899633546399418e+05	4.791360620548948956e-01	2.471096103851823933e-01
3.714451165959437494e+05	4.810204820573368845e-01	2.478854544884895039e-01
3.729055998817615910e+05	4.829118044551087841e-01	2.486639064277157418e-01
3.743714322661566548e+05	4.848100539231788297e-01	2.494449751094571788e-01
3.758426328704798361e+05	4.867152552236529428e-01	2.502286694716227000e-01
3.773192208835938363e+05	4.886274332060644987e-01	2.510149984835469694e-01
3.788012155621246202e+05	4.905466128077001220e-01	2.518039711460990926e-01
3.802886362306931987e+05	4.924728190539000572e-01	2.525955964917922514e-01
3.817815022821532912e+05	4.944060770583652564e-01	2.533898835848944486e-01
3.832798331778378342e+05	4.963464120234779009e-01	2.541868415215411958e-01
3.847836484477963531e+05	4.982938492406073228e-01	2.549864794298474235e-01
3.862929676910383860e+05	5.002484140904260856e-01	2.557888064700248321e-01
3.878078105757808662e+05	5.022101320432303950e-01	2.565938318344804792e-01
3.893281968396822340e+05	5.041790286592428005e-01	2.574015647479462321e-01
3.908541462901004707e+05	5.061551295889465951e-01	2.582120144675853490e-01
3.923856788043293054e+05	5.081384605733919591e-01	2.590251902831007813e-01
3.939228143298440264e+05	5.101290474445138168e-01	2.598411015168623495e-01
3.954655728845585836e+05	5.121269161254649038e-01	2.606597575240084952e-01
3.970139745570610976e+05	5.141320926309211892e-01	2.614811676925729578e-01
3.985680395068760263e+05	5.161446030674207153e-01	2.623053414435903563e-01
4.001277879647084046e+05	5.181644736336804558e-01	2.631322882312179812e-01
4.016932402326894808e+05	5.201917306209138392e-01	2.639620175428521454e-01
4.032644166846360895e+05	5.222264004131673687e-01	2.647945388992437032e-01
4.048413377663055435e+05	5.242685094876500251e-01	2.656298618546161783e-01
4.064240239956436562e+05	5.263180844150547877e-01	2.664679959967816703e-01
4.080124959630345693e+05	5.283751518598821528e-01	2.673089509472622027e-01
4.096067743315729895e+05	5.304397385807926302e-01	2.681527363614039650e-01
4.112068798373016180e+05	5.325118714309141632e-01	2.689993619285025450e-01
4.128128332894800114e+05	5.345915773581902952e-01	2.698488373719173383e-01
4.144246555708398810e+05	5.366788834057112378e-01	2.707011724491906191e-01
4.160423676378442324e+05	5.387738167120484922e-01	2.715563769521697202e-01
4.176659905209452845e+05	5.408764045115896923e-01	2.724144607071349311e-01
4.192955453248519916e+05	5.429866741348847725e-01	2.732754335749059127e-01
4.209310532287803362e+05	5.451046530089703746e-01	2.741393054509764782e-01
4.225725354867292917e+05	5.472303686577263404e-01	2.750060862656277250e-01
4.242200134277338511e+05	5.493638487022043382e-01	2.758757859840574311e-01
4.258735084561389522e+05	5.515051208609823563e-01	2.767484146064983497e-01
4.275330420518554747e+05	5.536542129504959941e-01	2.776239821683423314e-01
4.291986357706337585e+05	5.558111528853926231e-01	2.785024987402676122e-01
4.308703112443299033e+05	5.579759686788765549e-01	2.793839744283574400e-01
4.325480901811708463e+05	5.601486884430521007e-01	2.802684193742281393e-01
4.342319943660250283e+05	5.623293403892742903e-01	2.811558437551547884e-01
4.359220456606838852e+05	5.645179528285130255e-01	2.820462577841966745e-01
4.376182660041063209e+05	5.667145541716701596e-01	2.829396717103207504e-01
4.393206774127200479e+05	5.689191729299691858e-01	2.838360958185302541e-01
4.410293019806742668e+05	5.711318377152830861e-01	2.847355404299922732e-01
4.427441618801266886e+05	5.733525772405052567e-01	2.856380159021659759e-01
4.444652793615122209e+05	5.755814203198984513e-01	2.865435326289244022e-01
4.461926767538232380e+05	5.778183958694563804e-01	2.874521010406916877e-01
4.479263764648764627e+05	5.800635329072509894e-01	2.883637316045652987e-01
4.496664009816048201e+05	5.823168605538090459e-01	2.892784348244479276e-01
4.514127728703276371e+05	5.845784080324621934e-01	2.901962212411764441e-01
4.531655147770348703e+05	5.868482046697163224e-01	2.911171014326527362e-01
4.549246494276585290e+05	5.891262798956010682e-01	2.920410860139733833e-01
4.566901996283733752e+05	5.914126632440610543e-01	2.929681856375629945e-01
4.584621882658603135e+05	5.937073843532955086e-01	2.938984109933040489e-01
4.602406383076039492e+05	5.960104729661448442e-01	2.948317728086673473e-01
4.620255728021706454e+05	5.983219589304497044e-01	2.957682818488487353e-01
4.638170148794921697e+05	6.006418721994191134e-01	2.967079489169008322e-01
4.656149877511648810e+05	6.029702428320172780e-01	2.976507848538630929e-01
4.674195147107211524e+05	6.053071009933154167e-01	2.985968005388988655e-01
4.692306191339311772e+05	6.076524769548827809e-01	2.995460068894275629e-01
4.710483244790884200e+05	6.100064010951558036e-01	3.004984148612674377e-01
4.728726542872953578e+05	6.123689038998084699e-01	3.014540354487590390e-01
4.747036321827701759e+05	6.147400159621492222e-01	3.024128796849107070e-01
4.765412818731237203e+05	6.171197679834804495e-01	3.033749586415290800e-01
4.783856271496626432e+05	6.195081907734895088e-01	3.043402834293605363e-01
4.802366918876834097e+05	6.219053152506311966e-01	3.053088651982268642e-01
4.820945000467667123e+05	6.243111724425076670e-01	3.062807151371570447e-01
4.839590756710732239e+05	6.267257934862522362e-01	3.072558444745394635e-01
4.858304428896463360e+05	6.291492096289208469e-01	3.082342644782476992e-01
4.877086259167093085e+05	6.315814522278776488e-01	3.092159864557876836e-01
4.895936490519667859e+05	6.340225527511844650e-01	3.102010217544333703e-01
4.914855366809035186e+05	6.364725427779883704e-01	3.111893817613661239e-01
4.933843132750866935e+05	6.389314539989132680e-01	3.121810779038206030e-01
4.952900033924758318e+05	6.413993182164605678e-01	3.131761216492265909e-01
4.972026316777200554e+05	6.438761673453947676e-01	3.141745245053435553e-01
4.991222228624676354e+05	6.463620334131436884e-01	3.151762980204083631e-01
5.010488017656714655e+05	6.488569485601950459e-01	3.161814537832792205e-01
5.029823932938996004e+05	6.513609450404973522e-01	3.171900034235758947e-01
5.049230224416389246e+05	6.538740552218541557e-01	3.182019586118251531e-01
5.068707142916087760e+05	6.563963115863299391e-01	3.192173310596055358e-01
5.088254940150733455e+05	6.589277467306542402e-01	3.202361325196917963e-01
5.107873868721499457e+05	6.614683933666212212e-01	3.212583747861995631e-01
5.127564182121295598e+05	6.640182843215051145e-01	3.222840696947353312e-01
5.147326134737836546e+05	6.665774525384569049e-01	3.233132291225370158e-01
5.167159981856808881e+05	6.691459310769145574e-01	3.243458649886254985e-01
5.187065979665084160e+05	6.717237531130197947e-01	3.253819892539515646e-01
5.207044385253823129e+05	6.743109519400189988e-01	3.264216139215415646e-01
5.227095456621787162e+05	6.769075609686929784e-01	3.274647510366485714e-01
5.247219452678407542e+05	6.795136137277538735e-01	3.285114126869018158e-01
5.267416633247054415e+05	6.821291438642691496e-01	3.295616110024580658e-01
5.287687259068243438e+05	6.847541851440759331e-01	3.306153581561444565e-01
5.308031591802928597e+05	6.873887714522081138e-01	3.316726663636164196e-01
5.328449894035712350e+05	6.900329367933116798e-01	3.327335478835081184e-01
5.348942429278013296e+05	6.926867152920553883e-01	3.337980150175820504e-01
5.369509461971537676e+05	6.953501411935797405e-01	3.348660801108842566e-01
5.390151257491346914e+05	6.980232488638947741e-01	3.359377555518910929e-01
5.410868082149253460e+05	7.007060727903189346e-01	3.370130537726749309e-01
5.431660203197132796e+05	7.033986475819098416e-01	3.380919872490426026e-01
5.452527888830217998e+05	7.061010079698886166e-01	3.391745685007029332e-01
5.473471408190439688e+05	7.088131888080738685e-01	3.402608100914210065e-01
5.494491031369711272e+05	7.115352250733069095e-01	3.413507246291622721e-01
5.515587029413410928e+05	7.142671518659021723e-01	3.424443247662615764e-01
5.536759674323517829e+05	7.170090044100542181e-01	3.435416231995740977e-01
5.558009239062280394e+05	7.197608180543114687e-01	3.446426326706349408e-01
5.579335997555274516e+05	7.225226282719738879e-01	3.457473659658153453e-01
5.600740224695168436e+05	7.252944706615791493e-01	3.468558359164819471e-01
5.622222196344749536e+05	7.280763809472954318e-01	3.479680553991561509e-01
5.643782189340597251e+05	7.308683949793962631e-01	3.490840373356769999e-01
5.665420481496542925e+05	7.336705487347098265e-01	3.502037946933510004e-01
5.687137351606929442e+05	7.364828783170395132e-01	3.513273404851296466e-01
5.708933079450201476e+05	7.393054199576303276e-01	3.524546877697542491e-01
5.730807945792352548e+05	7.421382100156147521e-01	3.535858496519294625e-01
5.752762232390318532e+05	7.449812849784510638e-01	3.547208392824797718e-01
5.774796221995729720e+05	7.478346814624109440e-01	3.558596698585166918e-01
5.796910198358068010e+05	7.506984362129880406e-01	3.570023546235969181e-01
5.819104446228443412e+05	7.535725861053855779e-01	3.581489068678938570e-01
5.841379251363012008e+05	7.564571681449606677e-01	3.592993399283602174e-01
5.863734900526598794e+05	7.593522194676931569e-01	3.604536671888893262e-01
5.886171681496112142e+05	7.622577773406266077e-01	3.616119020804830497e-01
5.908689883064361056e+05	7.651738791623641234e-01	3.627740580814243221e-01
5.931289795043350896e+05	7.681005624634943407e-01	3.639401487174370731e-01
5.953971708268077346e+05	7.710378649070825929e-01	3.651101875618567028e-01
5.976735914600079414e+05	7.739858242891317630e-01	3.662841882357984469e-01
5.999582706931026187e+05	7.769444785390459129e-01	3.674621644083336802e-01
6.022512379186328035e+05	7.799138657200989089e-01	3.686441297966464581e-01
6.045525226328985300e+05	7.828940240299320230e-01	3.698300981662149267e-01
6.068621544362981804e+05	7.858849918009934710e-01	3.710200833309699187e-01
6.091801630337040406e+05	7.888868075010252445e-01	3.722140991534836352e-01
6.115065782348394860e+05	7.918995097335511657e-01	3.734121595451302400e-01
6.138414299546427792e+05	7.949231372383476213e-01	3.746142784662586100e-01
6.161847482136364561e+05	7.979577288919230682e-01	3.758204699263716919e-01
6.185365631383071886e+05	8.010033237080093071e-01	3.770307479842965326e-01
6.208969049614692340e+05	8.040599608380312180e-01	3.782451267483559199e-01
6.232658040226411540e+05	8.071276795715967012e-01	3.794636203765530680e-01
6.256432907684302190e+05	8.102065193369923923e-01	3.806862430767399830e-01
6.280293957529044710e+05	8.132965197016669423e-01	3.819130091067959865e-01
6.304241496379780583e+05	8.163977203727289522e-01	3.831439327748030754e-01
6.328275831937751500e+05	8.195101611974191513e-01	3.843790284392284984e-01
6.352397272990280762e+05	8.226338821636253185e-01	3.856183105090980612e-01
6.376606129414577736e+05	8.257689234003757761e-01	3.868617934441813122e-01
6.400902712181496900e+05	8.289153251783247800e-01	3.881094917551629608e-01
6.425287333359482000e+05	8.320731279102648870e-01	3.893614200038315598e-01
6.449760306118411245e+05	8.352423721516235577e-01	3.906175928032549205e-01
6.474321944733465789e+05	8.384230986009656439e-01	3.918780248179661863e-01
6.498972564589112299e+05	8.416153481005069770e-01	3.931427307641391367e-01
6.523712482182838721e+05	8.448191616366004242e-01	3.944117254097831426e-01
6.548542015129250940e+05	8.480345803402649096e-01	3.956850235749167499e-01
6.573461482163954061e+05	8.512616454876886785e-01	3.969626401317495334e-01
6.598471203147422057e+05	8.545003985007298963e-01	3.982445900048764420e-01
6.623571499069158453e+05	8.577508809474563289e-01	3.995308881714650373e-01
6.648762692051524064e+05	8.610131345426400573e-01	4.008215496614266349e-01
6.674045105353789404e+05	8.642872011482828354e-01	4.021165895576188642e-01
6.699419063376125414e+05	8.675731227741327878e-01	4.034160229960297994e-01
6.724884891663566232e+05	8.708709415781976659e-01	4.047198651659527080e-01
6.750442916910249041e+05	8.741806998672938533e-01	4.060281313101984368e-01
6.776093466963222018e+05	8.775024400975389716e-01	4.073408367252649986e-01
6.801836870826621307e+05	8.808362048748935580e-01	4.086579967615394660e-01
6.827673458665816579e+05	8.841820369556983028e-01	4.099796268234880969e-01
6.853603561811482068e+05	8.875399792471991844e-01	4.113057423698386339e-01
6.879627512763573322e+05	8.909100748080648335e-01	4.126363589137825305e-01
6.905745645195634570e+05	8.942923668489431988e-01	4.139714920231671313e-01
6.931958293958799914e+05	8.976868987329799099e-01	4.153111573206837437e-01
6.958265795086008729e+05	9.010937139763637305e-01	4.166553704840696981e-01
6.984668485796151217e+05	9.045128562488640167e-01	4.180041472462965313e-01
7.011166704498312902e+05	9.079443693743802779e-01	4.193575033957668841e-01
7.037760790795963258e+05	9.113882973314842983e-01	4.207154547765178387e-01
7.064451085490994155e+05	9.148446842539429413e-01	4.220780172884108228e-01
7.091237930588247254e+05	9.183135744313060123e-01	4.234452068873316710e-01
7.118121669299538480e+05	9.217950123094245107e-01	4.248170395853917425e-01
7.145102646047909511e+05	9.252890424910041878e-01	4.261935314511265949e-01
7.172181206472135382e+05	9.287957097361879688e-01	4.275746986096942148e-01
7.199357697430680273e+05	9.323150589630669893e-01	4.289605572430729152e-01
7.226632467006189981e+05	9.358471352482650163e-01	4.303511235902721666e-01
7.254005864509845851e+05	9.393919838275003320e-01	4.317464139475261642e-01
7.281478240485667484e+05	9.429496500961432881e-01	4.331464446685019953e-01
7.309049946714744437e+05	9.465201796097649778e-01	4.345512321645037535e-01
7.336721336219736841e+05	9.501036180847189927e-01	4.359607929046664943e-01
7.364492763269193238e+05	9.537000113987019745e-01	4.373751434161807228e-01
7.392364583382032579e+05	9.573094055913325962e-01	4.387943002844788554e-01
7.420337153331779409e+05	9.609318468647010114e-01	4.402182801534541001e-01
7.448410831151151797e+05	9.645673815839624909e-01	4.416470997256663478e-01
7.476585976136456011e+05	9.682160562779065227e-01	4.430807757625495058e-01
7.504862948852098780e+05	9.718779176395420105e-01	4.445193250846091737e-01
7.533242111134781735e+05	9.755530125266388408e-01	4.459627645716544020e-01
7.561723826098467689e+05	9.792413879623723671e-01	4.474111111629881510e-01
7.590308458138465649e+05	9.829430911358524314e-01	4.488643818576287803e-01
7.618996372936154949e+05	9.866581694027338756e-01	4.503225937145236557e-01
7.647787937463545240e+05	9.903866702858081794e-01	4.517857638527524311e-01
7.676683519987614127e+05	9.941286414755651224e-01	4.532539094517508693e-01
7.705683490075181471e+05	9.978841308308236124e-01	4.547270477515171772e-01
7.734788218597271480e+05	1.001653186379296345e+00	4.562051960528283878e-01
7.763998077733829850e+05	1.005435856318201759e+00	4.576883717174608512e-01
7.793313440978217404e+05	1.009232189014844794e+00	4.591765921684031193e-01
7.822734683141952846e+05	1.013042233007231507e+00	4.606698748900748819e-01
7.852262180359326303e+05	1.016866037004666712e+00	4.621682374285413508e-01
7.881896310092178173e+05	1.020703649888372810e+00	4.636716973917350826e-01
7.911637451134377625e+05	1.024555120712069112e+00	4.651802724496751362e-01
7.941485983616630547e+05	1.028420498702595554e+00	4.666939803346923377e-01
7.971442289011180401e+05	1.032299833260520883e+00	4.682128388416417208e-01
8.001506750136588234e+05	1.036193173960761049e+00	4.697368658281294573e-01
8.031679751162428875e+05	1.040100570553188275e+00	4.712660792147322919e-01
8.061961677614119835e+05	1.044022072963256331e+00	4.728004969852321882e-01
8.092352916377582587e+05	1.047957731292604056e+00	4.743401371868256056e-01
8.122853855704228627e+05	1.051907595819700614e+00	4.758850179303551475e-01
8.153464885215458926e+05	1.055871717000428145e+00	4.774351573905418200e-01
8.184186395907991100e+05	1.059850145468772542e+00	4.789905738061999707e-01
8.215018780158212176e+05	1.063842932037386557e+00	4.805512854804761536e-01
8.245962431727433577e+05	1.067850127698270368e+00	4.821173107810686753e-01
8.277017745766441803e+05	1.071871783623360441e+00	4.836886681404632959e-01
8.308185118820649805e+05	1.075907951165197218e+00	4.852653760561550511e-01
8.339464948834981769e+05	1.079958681857557723e+00	4.868474530908982190e-01
8.370857635158739286e+05	1.084024027416085278e+00	4.884349178729125995e-01
8.402363578550516395e+05	1.088104039738926554e+00	4.900277890961351468e-01
8.433983181183312554e+05	1.092198770907393701e+00	4.916260855204425684e-01
