0.000000000000000000e+00	0.000000000000000000e+00	0.000000000000000000e+00
5.105121285868276715e+01	6.607824475368745062e-05	2.547512289302550359e-02
1.021659251613192936e+02	1.322717551434402048e-04	2.544139433020360663e-02
1.533469851733860025e+02	1.985511839864054738e-04	2.540899336029607200e-02
2.045971990345974802e+02	2.649201652604290711e-04	2.537789556519365677e-02
2.559193318645584441e+02	3.313822798216081787e-04	2.534807712542827204e-02
3.073161088394480203e+02	3.979410567986159039e-04	2.531951480450108163e-02
3.587902162405648596e+02	4.645999749505850011e-04	2.529218593364689766e-02
4.103443024754803901e+02	5.313624639895190736e-04	2.526606839702124491e-02
4.619809790726201868e+02	5.982319058682921201e-04	2.524114061729949843e-02
5.137028216499653581e+02	6.652116360351340366e-04	2.521738154167472989e-02
5.655123708586222619e+02	7.323049446555684235e-04	2.519477062824308083e-02
6.174121333019512576e+02	7.995150778027004714e-04	2.517328783276646942e-02
6.694045824309579302e+02	8.668452386167640284e-04	2.515291359580007838e-02
7.214921594165452916e+02	9.342985884347022960e-04	2.513362883017473959e-02
7.736772739993490404e+02	1.001878247890719553e-03	2.511541490882587477e-02
8.259623053177119800e+02	1.069587297988521327e-03	2.509825365295565228e-02
8.783496027144412892e+02	1.137428781146078817e-03	2.508212732052082783e-02
9.308414865229059387e+02	1.205405702213638687e-03	2.506701859503767185e-02
9.834402488330865708e+02	1.273521029465769566e-03	2.505291057469336349e-02
1.036148154238086363e+03	1.341777695568106962e-03	2.503978676175414031e-02
1.088967440561681997e+03	1.410178598519543167e-03	2.502763105226544355e-02
1.141900319567360611e+03	1.478726602570442847e-03	2.501642772603161757e-02
1.194948977649478820e+03	1.547424539117704624e-03	2.500616143687027851e-02
1.248115576506942489e+03	1.616275207577187560e-03	2.499681720313097141e-02
1.301402253799852588e+03	1.685281376234078025e-03	2.498838039847266906e-02
1.354811123789703515e+03	1.754445783071958715e-03	2.498083674289191397e-02
1.408344277963497007e+03	1.823771136581044941e-03	2.497417229399315902e-02
1.462003785642224784e+03	1.893260116546179300e-03	2.496837343849779220e-02
1.515791694574153098e+03	1.962915374815146774e-03	2.496342688398131907e-02
1.569710031513333661e+03	2.032739536047853228e-03	2.495931965083479295e-02
1.623760802783746158e+03	2.102735198446902248e-03	2.495603906444261721e-02
1.677945994829413848e+03	2.172904934470000753e-03	2.495357274757187618e-02
1.732267574750947233e+03	2.243251291524792513e-03	2.495190861296615187e-02
1.786727490828841155e+03	2.313776792646540011e-03	2.495103485613871935e-02
1.841327673033887777e+03	2.384483937159110039e-03	2.495093994835888632e-02
1.896070033525029885e+03	2.455375201319709693e-03	2.495161262982657779e-02
1.950956467135062439e+03	2.526453038947871956e-03	2.495304190303071143e-02
2.005988851844455894e+03	2.597719882039066855e-03	2.495521702628257857e-02
2.061169049243631434e+03	2.669178141363355398e-03	2.495812750742498407e-02
2.116498904983997363e+03	2.740830207049488321e-03	2.496176309770716320e-02
2.171980249218084282e+03	2.812678449154888509e-03	2.496611378582330384e-02
2.227614897028974156e+03	2.884725218221767789e-03	2.497116979210995194e-02
2.283404648849479145e+03	2.956972845819970039e-03	2.497692156289680818e-02
2.339351290871142282e+03	3.029423645076634308e-03	2.498335976500810907e-02
2.395456595443498827e+03	3.102079911193245196e-03	2.499047528040894417e-02
2.451722321463777917e+03	3.174943921950300774e-03	2.499825920099396290e-02
2.508150214757348294e+03	3.248017938199994868e-03	2.500670282351224322e-02
2.564742008449014520e+03	3.321304204347056387e-03	2.501579764462780534e-02
2.621499423325677981e+03	3.394804948818395778e-03	2.502553535610847410e-02
2.678424168190254932e+03	3.468522384521436318e-03	2.503590784014275011e-02
2.735517940207394076e+03	3.542458709291822390e-03	2.504690716477794843e-02
2.792782425241029159e+03	3.616616106330559823e-03	2.505852557947963952e-02
2.850219298184028048e+03	3.690996744630910091e-03	2.507075551080624118e-02
2.907830223280126120e+03	3.765602779395304644e-03	2.508358955819655137e-02
2.965616854438409064e+03	3.840436352442599434e-03	2.509702048986827555e-02
3.023580835540512908e+03	3.915499592605909025e-03	2.511104123882196629e-02
3.081723800740639490e+03	3.990794616121126105e-03	2.512564489895045827e-02
3.140047374758779370e+03	4.066323527006655489e-03	2.514082472124778631e-02
3.198553173167080786e+03	4.142088417434261136e-03	2.515657411011814476e-02
3.257242802669838056e+03	4.218091368091656315e-03	2.517288661977867131e-02
3.316117861376829751e+03	4.294334448536480872e-03	2.518975595075688412e-02
3.375179939070693308e+03	4.370819717542558970e-03	2.520717594647741561e-02
3.434430617468169203e+03	4.447549223438208334e-03	2.522514058993768557e-02
3.493871470475351998e+03	4.524525004436797011e-03	2.524364400046763893e-02
3.553504064437378929e+03	4.601749088960094096e-03	2.526268043057466536e-02
3.613329958382344557e+03	4.679223495954141186e-03	2.528224426286826074e-02
3.673350704259897611e+03	4.756950235198242199e-03	2.530233000706397922e-02
3.733567847174447252e+03	4.834931307606964851e-03	2.532293229706313042e-02
3.793982925613317548e+03	4.913168705525603960e-03	2.534404588810885636e-02
3.854597471669727838e+03	4.991664413018949593e-03	2.536566565401271456e-02
3.915413011260959138e+03	5.070420406153809331e-03	2.538778658445340827e-02
3.976431064341749789e+03	5.149438653275360996e-03	2.541040378234292116e-02
4.037653145112973107e+03	5.228721115277396546e-03	2.543351246126117002e-02
4.099080762225847138e+03	5.308269745866769397e-03	2.545710794295366272e-02
4.160715418981693801e+03	5.388086491822093732e-03	2.548118565489386825e-02
4.222558613527406123e+03	5.468173293246871014e-03	2.550574112790704798e-02
4.284611839046731802e+03	5.548532083817205897e-03	2.553076999385289758e-02
4.346876583947431754e+03	5.629164791024182657e-03	2.555626798336812014e-02
4.409354332044527837e+03	5.710073336411167558e-03	2.558223092366425366e-02
4.472046562739619731e+03	5.791259635806036282e-03	2.560865473638204021e-02
4.534954751196406505e+03	5.872725599548464341e-03	2.563553543549857913e-02
4.598080368512641144e+03	5.954473132712622199e-03	2.566286912528736516e-02
4.661424881888356140e+03	6.036504135325020115e-03	2.569065199832889015e-02
4.724989754790599363e+03	6.118820502577849638e-03	2.571888033357113204e-02
4.788776447114930306e+03	6.201424125038122737e-03	2.574755049443826216e-02
4.852786415343319277e+03	6.284316888852148862e-03	2.577665892698627337e-02
4.917021112699084370e+03	6.367500675946186073e-03	2.580620215810440488e-02
4.981481989298576991e+03	6.450977364222875050e-03	2.583617679376075740e-02
5.046170492299688703e+03	6.534748827753551412e-03	2.586657951729181767e-02
5.111088066047400389e+03	6.618816936966740762e-03	2.589740708773442465e-02
5.176236152216552910e+03	6.703183558833043787e-03	2.592865633819762747e-02
5.241616189951578235e+03	6.787850557046096536e-03	2.596032417427555916e-02
5.307229616003637602e+03	6.872819792200155799e-03	2.599240757249894271e-02
5.373077864864872936e+03	6.958093121963968702e-03	2.602490357882529873e-02
5.439162368900109868e+03	7.043672401251315114e-03	2.605780930716470462e-02
5.505484558476026905e+03	7.129559482388302637e-03	2.609112193794256226e-02
5.572045862087627029e+03	7.215756215277125372e-03	2.612483871669718169e-02
5.638847706482620197e+03	7.302264447557163356e-03	2.615895695271134441e-02
5.705891516783010047e+03	7.389086024762423453e-03	2.619347401767784314e-02
5.773178716604659712e+03	7.476222790476384251e-03	2.622838734439592728e-02
5.840710728174424730e+03	7.563676586483689818e-03	2.626369442550098576e-02
5.908488972445147738e+03	7.651449252919054027e-03	2.629939281222350503e-02
5.976514869208534037e+03	7.739542628413455250e-03	2.633548011317899881e-02
6.044789837205777076e+03	7.827958550237381144e-03	2.637195399318685227e-02
6.113315294236319460e+03	7.916698854441689068e-03	2.640881217211761903e-02
6.182092657264394802e+03	8.005765375995562566e-03	2.644605242376685608e-02
6.251123342523919746e+03	8.095159948922367107e-03	2.648367257475777933e-02
6.320408765621199564e+03	8.184884406432639189e-03	2.652167050346879856e-02
6.389950341635842051e+03	8.274940581054782140e-03	2.656004413898789898e-02
6.459749485220108909e+03	8.365330304763718416e-03	2.659879146009043460e-02
6.529807610696138909e+03	8.456055409106799300e-03	2.663791049424212368e-02
6.600126132151679485e+03	8.547117725327782120e-03	2.667739931662655578e-02
6.670706463534035720e+03	8.638519084488484670e-03	2.671725604919316169e-02
6.741550018742531392e+03	8.730261317588533174e-03	2.675747885973104451e-02
6.812658211719232895e+03	8.822346255682848165e-03	2.679806596096213217e-02
6.884032456538028782e+03	8.914775729997001866e-03	2.683901560965678071e-02
6.955674167492446031e+03	9.007551572040937982e-03	2.688032610577044401e-02
7.027584759181897425e+03	9.100675613720674018e-03	2.692199579159954698e-02
7.099765646596266379e+03	9.194149687447829983e-03	2.696402305095879637e-02
7.172218245199390367e+03	9.287975626247736358e-03	2.700640630837574871e-02
7.244943971011003669e+03	9.382155263865567946e-03	2.704914402830633710e-02
7.317944240687391357e+03	9.476690434870774227e-03	2.709223471436675301e-02
7.391220471600589917e+03	9.571582974759653556e-03	2.713567690858530515e-02
7.464774081916567411e+03	9.666834720056596830e-03	2.717946919066925940e-02
7.538606490671955726e+03	9.762447508413452449e-03	2.722361017729039989e-02
7.612719117849650502e+03	9.858423178707432372e-03	2.726809852138694160e-02
7.687113384453194158e+03	9.954763571137441314e-03	2.731293291148139887e-02
7.761790712580080253e+03	1.005147052731900255e-02	2.735811207101376125e-02
7.836752525493680878e+03	1.014854589037740042e-02	2.740363475769039617e-02
7.912000247694451900e+03	1.024599150503990690e-02	2.744949976284867185e-02
7.987535304989789438e+03	1.034380921772622489e-02	2.749570591083487156e-02
8.063359124562848592e+03	1.044200087663763564e-02	2.754225205839685997e-02
8.139473135040544548e+03	1.054056833184503252e-02	2.758913709409126919e-02
8.215878766560303120e+03	1.063951343537538306e-02	2.763635993770359109e-02
8.292577450835977288e+03	1.073883804129708609e-02	2.768391953968123848e-02
8.369570621222768750e+03	1.083854400580404331e-02	2.773181488058071298e-02
8.446859712781175404e+03	1.093863318729847156e-02	2.778004497052552826e-02
8.524446162340276715e+03	1.103910744647287195e-02	2.782860884867841694e-02
8.602331408559919510e+03	1.113996864639053321e-02	2.787750558272364398e-02
8.680516891991741431e+03	1.124121865256458470e-02	2.792673426836303138e-02
8.759004055140161654e+03	1.134285933303696634e-02	2.797629402882079869e-02
8.837794342521830913e+03	1.144489255845541377e-02	2.802618401436247908e-02
8.916889200724404873e+03	1.154732020214958507e-02	2.807640340182191926e-02
8.996290078465124679e+03	1.165014414020691148e-02	2.812695139414100529e-02
9.075998426647631277e+03	1.175336625154616878e-02	2.817782721991849912e-02
9.156015698418728789e+03	1.185698841799100178e-02	2.822903013296928360e-02
9.236343349224502163e+03	1.196101252434258327e-02	2.828055941189391159e-02
9.316982836865279751e+03	1.206544045845079662e-02	2.833241435965658944e-02
9.397935621550081123e+03	1.217027411128474533e-02	2.838459430317443605e-02
9.479203165950726543e+03	1.227551537700281858e-02	2.843709859291380926e-02
9.560786935254482160e+03	1.238116615302089010e-02	2.848992660249661385e-02
9.642688397217074453e+03	1.248722834008094210e-02	2.854307772831618517e-02
9.724909022214147626e+03	1.259370384231771681e-02	2.859655138915933800e-02
9.807450283293032044e+03	1.270059456732576704e-02	2.865034702583942397e-02
9.890313656222939244e+03	1.280790242622443370e-02	2.870446410083549171e-02
9.973500619545175141e+03	1.291562933372290660e-02	2.875890209794032537e-02
1.005701265462290939e+04	1.302377720818464167e-02	2.881366052191623381e-02
1.014085124568987158e+04	1.313234797169044593e-02	2.886873889815764344e-02
1.022501787989892000e+04	1.324134355010136987e-02	2.892413677236237851e-02
1.030951404736993027e+04	1.335076587312070649e-02	2.897985371020857584e-02
1.039434124123709807e+04	1.346061687435528079e-02	2.903588929703948551e-02
1.047950095769592372e+04	1.357089849137626224e-02	2.909224313755655669e-02
1.056499469604962724e+04	1.368161266577929726e-02	2.914891485551544814e-02
1.065082395875498878e+04	1.379276134324385755e-02	2.920590409343280444e-02
1.073699025146793974e+04	1.390434647359228837e-02	2.926321051229682779e-02
1.082349508308830809e+04	1.401637001084775694e-02	2.932083379128471584e-02
1.091033996580464554e+04	1.412883391329228244e-02	2.937877362748642432e-02
1.099752641513825620e+04	1.424174014352379627e-02	2.943702973563452549e-02
1.108505594998689958e+04	1.435509066851268535e-02	2.949560184783975997e-02
1.117293009266812442e+04	1.446888745965795378e-02	2.955448971333191760e-02
1.126115036896212223e+04	1.458313249284268719e-02	2.961369309820652967e-02
1.134971830815416979e+04	1.469782774848903822e-02	2.967321178517699429e-02
1.143863544307685697e+04	1.481297521161290681e-02	2.973304557333285650e-02
1.152790331015184165e+04	1.492857687187799411e-02	2.979319427790204713e-02
1.161752344943131902e+04	1.504463472364953210e-02	2.985365773001781922e-02
1.170749740463880516e+04	1.516115076604708511e-02	2.991443577649294944e-02
1.179782672321000064e+04	1.527812700299746584e-02	2.997552827959637164e-02
1.188851295633319933e+04	1.539556544328707192e-02	3.003693511683560441e-02
1.197955765898924619e+04	1.551346810061363275e-02	3.009865618074429247e-02
1.207096238999124580e+04	1.563183699363762322e-02	3.016069137867291930e-02
1.216272871202399983e+04	1.575067414603333743e-02	3.022304063258539342e-02
1.225485819168315538e+04	1.586998158653960336e-02	3.028570387885880580e-02
1.234735239951395670e+04	1.598976134900993024e-02	3.034868106808786062e-02
1.244021291004958402e+04	1.611001547246219967e-02	3.041197216489452404e-02
1.253344130184991445e+04	1.623074600112883042e-02	3.047557714773936957e-02
1.262703915753895672e+04	1.635195498450527085e-02	3.053949600873888046e-02
1.272100806384271164e+04	1.647364447739902565e-02	3.060372875348563865e-02
1.281534961162685249e+04	1.659581653997844325e-02	3.066827540087288875e-02
1.291006539593364505e+04	1.671847323782054903e-02	3.073313598292275184e-02
1.300515701601901674e+04	1.684161664195902436e-02	3.079831054461684703e-02
1.310062607538925295e+04	1.696524882893174491e-02	3.086379914373239830e-02
1.319647418183750597e+04	1.708937188082805536e-02	3.092960185068025641e-02
1.329270294748005290e+04	1.721398788533572838e-02	3.099571874834732010e-02
1.338931398879231892e+04	1.733909893578759742e-02	3.106214993194118812e-02
1.348630892664462226e+04	1.746470713120787041e-02	3.112889550883923828e-02
1.358368938633794278e+04	1.759081457635843990e-02	3.119595559844012128e-02
1.368145699763934681e+04	1.771742338178474915e-02	3.126333033201837003e-02
1.377961339481684809e+04	1.784453566386095397e-02	3.133101985258273520e-02
1.387816021667513269e+04	1.797215354483617036e-02	3.139902431473644284e-02
1.397709910658974877e+04	1.810027915287876210e-02	3.146734388454100473e-02
1.407643171254210392e+04	1.822891462212165858e-02	3.153597873938301238e-02
1.417615968715369127e+04	1.835806209270668052e-02	3.160492906784307526e-02
1.427628468772085034e+04	1.848772371082955251e-02	3.167419506956824921e-02
1.437680837624856758e+04	1.861790162878366670e-02	3.174377695514629671e-02
1.447773241948450595e+04	1.874859800500416548e-02	3.181367494598338203e-02
1.457905848895309464e+04	1.887981500411208338e-02	3.188388927418375762e-02
1.468078826098893478e+04	1.901155479695759709e-02	3.195442018243192100e-02
1.478292341677045988e+04	1.914381956066363646e-02	3.202526792387779681e-02
1.488546564235336336e+04	1.927661147866915545e-02	3.209643276202407691e-02
1.498841662870383516e+04	1.940993274077217751e-02	3.216791497061465693e-02
1.509177807173174551e+04	1.954378554317277514e-02	3.223971483352800621e-02
1.519555167232364875e+04	1.967817208851580305e-02	3.231183264466998967e-02
1.529973913637547412e+04	1.981309458593323233e-02	3.238426870787075584e-02
1.540434217482565509e+04	1.994855525108706409e-02	3.245702333678305435e-02
1.550936250368741457e+04	2.008455630621111890e-02	3.253009685478284313e-02
1.561480184408155947e+04	2.022109998015352711e-02	3.260348959487177622e-02
1.572066192226871863e+04	2.035818850841846633e-02	3.267720189958175925e-02
1.582694446968184275e+04	2.049582413320824581e-02	3.275123412088185026e-02
1.593365122295831134e+04	2.063400910346489467e-02	3.282558662008615291e-02
1.604078392397201424e+04	2.077274567491169122e-02	3.290025976776501243e-02
1.614834431986552227e+04	2.091203611009485874e-02	3.297525394365722479e-02
1.625633416308187952e+04	2.105188267842468194e-02	3.305056953658357111e-02
1.636475521139667762e+04	2.119228765621709171e-02	3.312620694436342605e-02
1.647360922794944054e+04	2.133325332673428887e-02	3.320216657373181030e-02
1.658289798127550603e+04	2.147478198022604104e-02	3.327844884025968342e-02
1.669262324533793071e+04	2.161687591397097249e-02	3.335505416827386910e-02
1.680278679955851476e+04	2.175953743231676812e-02	3.343198299078072033e-02
1.691339042884961236e+04	2.190276884672136271e-02	3.350923574938976385e-02
1.702443592364539290e+04	2.204657247579342935e-02	3.358681289424008537e-02
1.713592507993333493e+04	2.219095064533313511e-02	3.366471488392763084e-02
1.724785969928509439e+04	2.233590568837215060e-02	3.374294218543419377e-02
1.736024158888799138e+04	2.248143994521441605e-02	3.382149527405783201e-02
1.747307256157611846e+04	2.262755576347640768e-02	3.390037463334486662e-02
1.758635443586162000e+04	2.277425549812766778e-02	3.397958075502301167e-02
1.770008903596541859e+04	2.292154151153058539e-02	3.405911413893684264e-02
1.781427819184867985e+04	2.306941617348114495e-02	3.413897529298313971e-02
1.792892373924284766e+04	2.321788186124782577e-02	3.421916473304881245e-02
1.804402751968172015e+04	2.336694095961311043e-02	3.429968298294935880e-02
1.815959138053128845e+04	2.351659586091218307e-02	3.438053057436960686e-02
1.827561717502117244e+04	2.366684896507360164e-02	3.446170804680444982e-02
1.839210676227534714e+04	2.381770267965907517e-02	3.454321594750169727e-02
1.850906200734259619e+04	2.396915941990293564e-02	3.462505483140617540e-02
1.862648478122776942e+04	2.412122160875259866e-02	3.470722526110488204e-02
1.874437696092182523e+04	2.427389167690747682e-02	3.478972780677222487e-02
1.886274042943280801e+04	2.442717206285906564e-02	3.487256304611871527e-02
1.898157707581659270e+04	2.458106521293081451e-02	3.495573156433866291e-02
1.910088879520752744e+04	2.473557358131774075e-02	3.503923395406016716e-02
1.922067748884879256e+04	2.489069963012581141e-02	3.512307081529555952e-02
1.934094506412305054e+04	2.504644582941158507e-02	3.520724275539355297e-02
1.946169343458321600e+04	2.520281465722207584e-02	3.529175038899195344e-02
1.958292451998261458e+04	2.535980859963382281e-02	3.537659433797156472e-02
1.970464024630613858e+04	2.551743015079321192e-02	3.546177523141048199e-02
1.982684254580015477e+04	2.567568181295522625e-02	3.554729370554118167e-02
1.994953335700332173e+04	2.583456609652334465e-02	3.563315040370616110e-02
2.007271462477709429e+04	2.599408552008904832e-02	3.571934597631699210e-02
2.019638830033619888e+04	2.615424261047128232e-02	3.580588108081159820e-02
2.032055634127907979e+04	2.631503990275588581e-02	3.589275638161500137e-02
2.044522071161871281e+04	2.647647994033551153e-02	3.597997255009974943e-02
2.057038338181254221e+04	2.663856527494835522e-02	3.606753026454709299e-02
2.069604632879341807e+04	2.680129846671825203e-02	3.615543021010940439e-02
2.082221153600027537e+04	2.696468208419441209e-02	3.624367307877374156e-02
2.094888099340823464e+04	2.712871870439036853e-02	3.633225956932497475e-02
2.107605669755904819e+04	2.729341091282342854e-02	3.642119038731214675e-02
2.120374065159204838e+04	2.745876130355474551e-02	3.651046624501217558e-02
2.133193486527479399e+04	2.762477247922900600e-02	3.660008786139851839e-02
2.146064135503312718e+04	2.779144705111335351e-02	3.669005596210643538e-02
2.158986214398212178e+04	2.795878763913747442e-02	3.678037127940218809e-02
2.171959926195636217e+04	2.812679687193278544e-02	3.687103455215141878e-02
2.184985474554082975e+04	2.829547738687246405e-02	3.696204652578913286e-02
2.198063063810162566e+04	2.846483183011120494e-02	3.705340795228891787e-02
2.211192898981632970e+04	2.863486285662455999e-02	3.714511959013501452e-02
2.224375185770481767e+04	2.880557313024881619e-02	3.723718220429349246e-02
2.237610130565993677e+04	2.897696532372076930e-02	3.732959656618429350e-02
2.250897940447815199e+04	2.914904211871734499e-02	3.742236345365507894e-02
2.264238823189047980e+04	2.932180620589571254e-02	3.751548365095415394e-02
2.277632987259324000e+04	2.949526028493309332e-02	3.760895794870533493e-02
2.291080641827842919e+04	2.966940706456607305e-02	3.770278714388267116e-02
2.304581996766535667e+04	2.984424926263160721e-02	3.779697203978607534e-02
2.318137262653065045e+04	3.001978960610584765e-02	3.789151344601795340e-02
2.331746650773974397e+04	3.019603083114491895e-02	3.798641217845961926e-02
2.345410373127777348e+04	3.037297568312496976e-02	3.808166905924926376e-02
2.359128642428026069e+04	3.055062691668184588e-02	3.817728491675938252e-02
2.372901672106434853e+04	3.072898729575159957e-02	3.827326058557608407e-02
2.386729676315952747e+04	3.090805959361023550e-02	3.836959690647790550e-02
2.400612869933943148e+04	3.108784659291490698e-02	3.846629472641609898e-02
2.414551468565200776e+04	3.126835108574298888e-02	3.856335489849407883e-02
2.428545688545144731e+04	3.144957587363341606e-02	3.866077828194910276e-02
2.442595746942908954e+04	3.163152376762670692e-02	3.875856574213384226e-02
2.456701861564471619e+04	3.181419758830549699e-02	3.885671815049755728e-02
2.470864250955773969e+04	3.199760016583494404e-02	3.895523638456915849e-02
2.485083134405869350e+04	3.218173434000344557e-02	3.905412132794013752e-02
2.499358731950077345e+04	3.236660296026356437e-02	3.915337387024773325e-02
2.513691264373092054e+04	3.255220888577220473e-02	3.925299490715947887e-02
2.528080953212148961e+04	3.273855498543170456e-02	3.935298534035711754e-02
2.542528020760198706e+04	3.292564413793085815e-02	3.945334607752187805e-02
2.557032690069033561e+04	3.311347923178546010e-02	3.955407803232027092e-02
2.571595184952483032e+04	3.330206316537964728e-02	3.965518212438873952e-02
2.586215729989519605e+04	3.349139884700615827e-02	3.975665927932155869e-02
2.600894550527542378e+04	3.368148919490882021e-02	3.985851042865697080e-02
2.615631872685477356e+04	3.387233713732273194e-02	3.996073650986367576e-02
2.630427923356992324e+04	3.406394561251584879e-02	4.006333846632990914e-02
2.645282930213672807e+04	3.425631756883015799e-02	4.016631724735048731e-02
2.660197121708248596e+04	3.444945596472344385e-02	4.026967380811589253e-02
2.675170727077771880e+04	3.464336376881045620e-02	4.037340910970121238e-02
2.690203976346856143e+04	3.483804395990480751e-02	4.047752411905512077e-02
2.705297100330875037e+04	3.503349952706047432e-02	4.058201980899001082e-02
2.720450330639176536e+04	3.522973346961335434e-02	4.068689715817209313e-02
2.735663899678338930e+04	3.542674879722346182e-02	4.079215715111172980e-02
2.750938040655400255e+04	3.562454852991674137e-02	4.089780077815510090e-02
2.766272987581095731e+04	3.582313569812701354e-02	4.100382903547439284e-02
2.781668975273103570e+04	3.602251334273796901e-02	4.111024292506054723e-02
2.797126239359311148e+04	3.622268451512548199e-02	4.121704345471497583e-02
2.812645016281072094e+04	3.642365227719981946e-02	4.132423163804168492e-02
2.828225543296478645e+04	3.662541970144797543e-02	4.143180849444050989e-02
2.843868058483661298e+04	3.682798987097641447e-02	4.153977504910018326e-02
2.859572800744036431e+04	3.703136587955312836e-02	4.164813233299179129e-02
2.875340009805641239e+04	3.723555083165085849e-02	4.175688138286270945e-02
2.891169926226360622e+04	3.744054784248881246e-02	4.186602324123056551e-02
2.907062791397347974e+04	3.764636003807702441e-02	4.197555895637777174e-02
2.923018847546228062e+04	3.785299055525780804e-02	4.208548958234716031e-02
2.939038337740489442e+04	3.806044254174969360e-02	4.219581617893608527e-02
2.955121505890794651e+04	3.826871915619029646e-02	4.230653981169271716e-02
2.971268596754291866e+04	3.847782356817917859e-02	4.241766155191140780e-02
2.987479855937986940e+04	3.868775895832157058e-02	4.252918247662894335e-02
3.003755529902114722e+04	3.889852851827195479e-02	4.264110366862113033e-02
3.020095865963495817e+04	3.911013545077762082e-02	4.275342621639964535e-02
3.036501112298841326e+04	3.932258296972138828e-02	4.286615121420877389e-02
3.052971517948218752e+04	3.953587430016652915e-02	4.297927976202306488e-02
3.069507332818365467e+04	3.975001267839969182e-02	4.309281296554474949e-02
3.086108807686164801e+04	3.996500135197583736e-02	4.320675193620165944e-02
3.102776194201955150e+04	4.018084357976119819e-02	4.332109779114597797e-02
3.119509744893019160e+04	4.039754263197840173e-02	4.343585165325207498e-02
3.136309713166963047e+04	4.061510179025022010e-02	4.355101465111563958e-02
3.153176353315145388e+04	4.083352434764402766e-02	4.366658791905255604e-02
3.170109920516135753e+04	4.105281360871654295e-02	4.378257259709873034e-02
3.187110670839119484e+04	4.127297288955793231e-02	4.389896983100828598e-02
3.204178861247419627e+04	4.149400551783743313e-02	4.401578077225563879e-02
3.221314749601916628e+04	4.171591483284761703e-02	4.413300657803373439e-02
3.238518594664518969e+04	4.193870418554936086e-02	4.425064841125558174e-02
3.255790656101644709e+04	4.216237693861690089e-02	4.436870744055446819e-02
3.273131194487746325e+04	4.238693646648352548e-02	4.448718484028420933e-02
3.290540471308771521e+04	4.261238615538632396e-02	4.460608179052160532e-02
3.308018748965697159e+04	4.283872940341201807e-02	4.472539947706677399e-02
3.325566290778026450e+04	4.306596962054221739e-02	4.484513909144565574e-02
3.343183360987357446e+04	4.329411022869963932e-02	4.496530183091108218e-02
3.360870224760856945e+04	4.352315466179306619e-02	4.508588889844474673e-02
3.378627148194878100e+04	4.375310636576428686e-02	4.520690150276095859e-02
3.396454398318537278e+04	4.398396879863427505e-02	4.532834085830764193e-02
3.414352243097131577e+04	4.421574543054754974e-02	4.545020818526992329e-02
3.432320951435849565e+04	4.444843974382021307e-02	4.557250470957294186e-02
3.450360793183329224e+04	4.468205523298601073e-02	4.569523166288581850e-02
3.468472039135298837e+04	4.491659540484348179e-02	4.581839028262347374e-02
3.486654961038081819e+04	4.515206377850134595e-02	4.594198181195268543e-02
3.504909831592293631e+04	4.538846388542637500e-02	4.606600749979357368e-02
3.523236924456441193e+04	4.562579926949003606e-02	4.619046860082586664e-02
3.541636514250544133e+04	4.586407348701532910e-02	4.631536637549105162e-02
3.560108876559798227e+04	4.610329010682428369e-02	4.644070208999928617e-02
3.578654287938277412e+04	4.634345271028587898e-02	4.656647701633283287e-02
3.597273025912551384e+04	4.658456489136286044e-02	4.669269243225041000e-02
3.615965368985391251e+04	4.682663025665981943e-02	4.681934962129433858e-02
3.634731596639381314e+04	4.706965242546983647e-02	4.694644987279467802e-02
3.653571989340760047e+04	4.731363502982433022e-02	4.707399448187454816e-02
3.672486828543027514e+04	4.755858171453970773e-02	4.720198474945634659e-02
3.691476396690717957e+04	4.780449613726627661e-02	4.733042198226745934e-02
3.710540977223040682e+04	4.805138196853534632e-02	4.745930749284746342e-02
3.729680854577790888e+04	4.829924289180986818e-02	4.758864259955362941e-02
3.748896314194922888e+04	4.854808260353075250e-02	4.771842862656666684e-02
3.768187642520500231e+04	4.879790481316801515e-02	4.784866690389875249e-02
3.787555127010247816e+04	4.904871324326673387e-02	4.797935876740055255e-02
3.806999056133567501e+04	4.930051162949906918e-02	4.811050555876773827e-02
3.826519719377231377e+04	4.955330372071214268e-02	4.824210862554810519e-02
3.846117407249170355e+04	4.980709327897703265e-02	4.837416932114940726e-02
3.865792411282312241e+04	5.006188407963849119e-02	4.850668900484768342e-02
3.885545024038484553e+04	5.031767991136552182e-02	4.863966904179370387e-02
3.905375539112157276e+04	5.057448457619979909e-02	4.877311080302196983e-02
3.925284251134387887e+04	5.083230188960682211e-02	4.890701566545900547e-02
3.945271455776598305e+04	5.109113568052471577e-02	4.904138501193047034e-02
3.965337449754552654e+04	5.135098979141588388e-02	4.917622023117165786e-02
3.985482530832214252e+04	5.161186807831684431e-02	4.931152271783473262e-02
4.005706997825596045e+04	5.187377441088811270e-02	4.944729387249831298e-02
4.026011150606716546e+04	5.213671267246550861e-02	4.958353510167579775e-02
4.046395290107603796e+04	5.240068676011192667e-02	4.972024781782628799e-02
4.066859718324095593e+04	5.266570058466652632e-02	4.985743343936115818e-02
4.087404738319882745e+04	5.293175807079721767e-02	4.999509339065652536e-02
4.108030654230448272e+04	5.319886315705152358e-02	5.013322910206058358e-02
4.128737771267068456e+04	5.346701979590851722e-02	5.027184200990594820e-02
4.149526395720777509e+04	5.373623195383005896e-02	5.041093355651748292e-02
4.170396834966327879e+04	5.400650361131219268e-02	5.055050519022317307e-02
4.191349397466288792e+04	5.427783876293811038e-02	5.069055836536542209e-02
4.212384392775040033e+04	5.455024141742995797e-02	5.083109454231041213e-02
4.233502131542786083e+04	5.482371559770077979e-02	5.097211518745973363e-02
4.254702925519591372e+04	5.509826534090676159e-02	5.111362177325975281e-02
4.275987087559518113e+04	5.537389469850086815e-02	5.125561577821392129e-02
4.297354931624678284e+04	5.565060773628523888e-02	5.139809868689367012e-02
4.318806772789273236e+04	5.592840853446356952e-02	5.154107198994961614e-02
4.340342927243751183e+04	5.620730118769493716e-02	5.168453718412317072e-02
4.361963712298896280e+04	5.648728980514672315e-02	5.182849577225693422e-02
4.383669446389936638e+04	5.676837851054784140e-02	5.197294926330855297e-02
4.405460449080784019e+04	5.705057144224362498e-02	5.211789917236112762e-02
4.427337041068024701e+04	5.733387275324751398e-02	5.226334702063509252e-02
4.449299544185256673e+04	5.761828661129721196e-02	5.240929433550159389e-02
4.471348281407161994e+04	5.790381719890749096e-02	5.255574265049349492e-02
4.493483576853746490e+04	5.819046871342496013e-02	5.270269350531872621e-02
4.515705755794492143e+04	5.847824536708197407e-02	5.285014844587272720e-02
4.538015144652666640e+04	5.876715138705235902e-02	5.299810902425079739e-02
4.560412071009563806e+04	5.905719101550634814e-02	5.314657679876175905e-02
4.582896863608601416e+04	5.934836850966368482e-02	5.329555333393980882e-02
4.605469852359705692e+04	5.964068814185033429e-02	5.344504020055973470e-02
4.628131368343601207e+04	5.993415419955407109e-02	5.359503897564771302e-02
4.650881743816074595e+04	6.022877098547972652e-02	5.374555124249685151e-02
4.673721312212235352e+04	6.052454281760433208e-02	5.389657859067883278e-02
4.696650408150842122e+04	6.082147402923310936e-02	5.404812261606023460e-02
4.719669367438737390e+04	6.111956896905695186e-02	5.420018492081351419e-02
4.742778527075039165e+04	6.141883200120674957e-02	5.435276711343380723e-02
4.765978225255620782e+04	6.171926750531125244e-02	5.450587080875044649e-02
4.789268801377407362e+04	6.202087987655287293e-02	5.465949762794317796e-02
4.812650596042862162e+04	6.232367352572567437e-02	5.481364919855528234e-02
4.836123951064213179e+04	6.262765287929020208e-02	5.496832715450886836e-02
4.859689209468038462e+04	6.293282237943270685e-02	5.512353313611984690e-02
4.883346715499686252e+04	6.323918648412259202e-02	5.527926879011238470e-02
4.907096814627560525e+04	6.354674966716772344e-02	5.543553576963228258e-02
4.930939853547786333e+04	6.385551641827497127e-02	5.559233573426534958e-02
4.954876180188509170e+04	6.416549124310581831e-02	5.574967035004897015e-02
4.978906143714562495e+04	6.447667866333685327e-02	5.590754128949073504e-02
5.003030094531837676e+04	6.478908321671629500e-02	5.606595023158188196e-02
5.027248384291763796e+04	6.510270945712208490e-02	5.622489886181303298e-02
5.051561365895994822e+04	6.541756195462253287e-02	5.638438887219016094e-02
5.075969393500815931e+04	6.573364529553339664e-02	5.654442196125101378e-02
5.100472822521880880e+04	6.605096408247920770e-02	5.670499983408039402e-02
5.125072009638562304e+04	6.636952293444965678e-02	5.686612420232634718e-02
5.149767312798739295e+04	6.668932648686154430e-02	5.702779678421641962e-02
5.174559091223272117e+04	6.701037939161677559e-02	5.719001930457450616e-02
5.199447705410719936e+04	6.733268631716335384e-02	5.735279349483674710e-02
5.224433517141950142e+04	6.765625194855523494e-02	5.751612109306743215e-02
5.249516889484778221e+04	6.798108098751226569e-02	5.768000384397775626e-02
5.274698186798615643e+04	6.830717815248045499e-02	5.784444349894105747e-02
5.299977774739217421e+04	6.863454817869342472e-02	5.800944181600985877e-02
5.325356020263365644e+04	6.896319581823305567e-02	5.817500055993361785e-02
5.350833291633549379e+04	6.929312584009009179e-02	5.834112150217530407e-02
5.376409958422663476e+04	6.962434303022506377e-02	5.850780642092930084e-02
5.402086391518919118e+04	6.995685219163173818e-02	5.867505710113906509e-02
5.427862963130487333e+04	7.029065814439737492e-02	5.884287533451413449e-02
5.453740046790213091e+04	7.062576572576373390e-02	5.901126291954721104e-02
5.479718017360554222e+04	7.096217979019103783e-02	5.918022166153335401e-02
5.505797251038308605e+04	7.129990520941911769e-02	5.934975337258675820e-02
5.531978125359489786e+04	7.163894687253068161e-02	5.951985987166037717e-02
5.558261019204135664e+04	7.197930968601352897e-02	5.969054298456282631e-02
5.584646312801163003e+04	7.232099857382333352e-02	5.986180454397631995e-02
5.611134387733255426e+04	7.266401847744710651e-02	6.003364638947628756e-02
5.637725626941776864e+04	7.300837435596667369e-02	6.020607036754900554e-02
5.664420414731716301e+04	7.335407118612280453e-02	6.037907833161147014e-02
5.691219136776468076e+04	7.370111396237709334e-02	6.055267214202893905e-02
5.718122180122903956e+04	7.404950769697760116e-02	6.072685366613379820e-02
5.745129933196333150e+04	7.439925742002315157e-02	6.090162477824559439e-02
5.772242785805387393e+04	7.475036817952654400e-02	6.107698735968956211e-02
5.799461129147132306e+04	7.510284504148077855e-02	6.125294329881572630e-02
5.826785355811976478e+04	7.545669308992260238e-02	6.142949449101885867e-02
5.854215859788668604e+04	7.581191742699724956e-02	6.160664283875730979e-02
5.881753036469531071e+04	7.616852317302617859e-02	6.178439025157335396e-02
5.909397282655327581e+04	7.652651546657014692e-02	6.196273864611177851e-02
5.937148996560412343e+04	7.688589946449587986e-02	6.214168994614124863e-02
5.965008577817815240e+04	7.724668034204190681e-02	6.232124608257300080e-02
5.992976427484362648e+04	7.760886329288489704e-02	6.250140899348141654e-02
6.021052948045804078e+04	7.797245352920603723e-02	6.268218062412404812e-02
6.049238543421959912e+04	7.833745628175768638e-02	6.286356292696292092e-02
6.077533618971865508e+04	7.870387679993003094e-02	6.304555786168278275e-02
6.105938581498985877e+04	7.907172035181857239e-02	6.322816739521414098e-02
6.134453839256409992e+04	7.944099222429140683e-02	6.341139350175249711e-02
6.163079801952022535e+04	7.981169772305621302e-02	6.359523816277834474e-02
6.191816880753745500e+04	8.018384217272807313e-02	6.377970336708112253e-02
6.220665488294882380e+04	8.055743091689882007e-02	6.396479111077613133e-02
6.249626038679301564e+04	8.093246931820395618e-02	6.415050339732923657e-02
6.278698947486693942e+04	8.130896275839095966e-02	6.433684223757617227e-02
6.307884631777975301e+04	8.168691663838903438e-02	6.452380964974405164e-02
6.337183510100527201e+04	8.206633637837713879e-02	6.471140765947344664e-02
6.366596002493578999e+04	8.244722741785361075e-02	6.489963829983917687e-02
6.396122530493591330e+04	8.282959521570594508e-02	6.508850361137320795e-02
6.425763517139589385e+04	8.321344525027975225e-02	6.527800564208541267e-02
6.455519386978565308e+04	8.359878301944877188e-02	6.546814644748537304e-02
6.485390566070897330e+04	8.398561404068508041e-02	6.565892809060587532e-02
6.515377481995799462e+04	8.437394385112970130e-02	6.585035264202290795e-02
6.545480563856718800e+04	8.476377800766235482e-02	6.604242217988028074e-02
6.575700242286938010e+04	8.515512208697410823e-02	6.623513878991035830e-02
6.606036949454873684e+04	8.554798168563604310e-02	6.642850456545675020e-02
6.636491119069792330e+04	8.594236242017311289e-02	6.662252160749798646e-02
6.667063186387198220e+04	8.633826992713412862e-02	6.681719202466854246e-02
6.697753588214288175e+04	8.673570986316217479e-02	6.701251793328341644e-02
6.728562762915765052e+04	8.713468790507007677e-02	6.720850145735993153e-02
6.759491150419335463e+04	8.753520974991149672e-02	6.740514472864171658e-02
6.790539192221172561e+04	8.793728111505168255e-02	6.760244988662093835e-02
6.821707331391661137e+04	8.834090773824190834e-02	6.780041907856262928e-02
6.852996012581005925e+04	8.874609537769209688e-02	6.799905445952664218e-02
6.884405682025014539e+04	8.915284981214567639e-02	6.819835819239346286e-02
6.915936787550601002e+04	8.956117684095084297e-02	6.839833244788494360e-02
6.947589778581408609e+04	8.997108228413341902e-02	6.859897940459108723e-02
6.979365106143802404e+04	9.038257198247443003e-02	6.880030124899166877e-02
7.011263222872532788e+04	9.079565179758349036e-02	6.900230017548106276e-02
7.043284583016301622e+04	9.121032761197080119e-02	6.920497838639297350e-02
7.075429642443751800e+04	9.162660532912478284e-02	6.940833809202395788e-02
7.107698858649181784e+04	9.204449087358604342e-02	6.961238151065719804e-02
7.140092690758411482e+04	9.246399019102337358e-02	6.981711086858856385e-02
7.172611599534520064e+04	9.288510924830806204e-02	7.002252840014959456e-02
7.205256047383745317e+04	9.330785403359018182e-02	7.022863634773315877e-02
7.238026498361413542e+04	9.373223055637552870e-02	7.043543696181789326e-02
7.270923418177822896e+04	9.415824484760174085e-02	7.064293250099296095e-02
7.303947274204100540e+04	9.458590295971412709e-02	7.085112523198444645e-02
7.337098535478227132e+04	9.501521096674374334e-02	7.106001742967815726e-02
7.370377672710943443e+04	9.544617496438380366e-02	7.126961137714711569e-02
7.403785158291681728e+04	9.587880107006657715e-02	7.147990936567459597e-02
7.437321466294731363e+04	9.631309542304321292e-02	7.169091369478244880e-02
7.470987072485130921e+04	9.674906418445992917e-02	7.190262667225444382e-02
7.504782454324622813e+04	9.718671353743535413e-02	7.211505061416376150e-02
7.538708090977880056e+04	9.762604968714090614e-02	7.232818784489684905e-02
7.572764463318594790e+04	9.806707886087984161e-02	7.254204069718138415e-02
7.606952053935508593e+04	9.850980730816523423e-02	7.275661151211126887e-02
7.641271347138505371e+04	9.895424130079889802e-02	7.297190263917233133e-02
7.675722828964820656e+04	9.940038713295186457e-02	7.318791643627027554e-02
7.710306987185258185e+04	9.984825112124476321e-02	7.340465526975553656e-02
7.745024311310294433e+04	1.002978396048269660e-01	7.362212151445088337e-02
7.779875292596207873e+04	1.007491589454560243e-01	7.384031755367760630e-02
7.814860424051612790e+04	1.012022155275820873e-01	7.405924577928198194e-02
7.849980200443296053e+04	1.016570157584235912e-01	7.427890859166352833e-02
7.885235118302868796e+04	1.021135660680535101e-01	7.449930839980058173e-02
7.920625675932881131e+04	1.025718729094783899e-01	7.472044762127751094e-02
7.956152373413072200e+04	1.030319427587192971e-01	7.494232868231319455e-02
7.991815712606917077e+04	1.034937821148966541e-01	7.516495401778726382e-02
8.027616197167879727e+04	1.039573975003112299e-01	7.538832607126828844e-02
8.063554332545732905e+04	1.044227954605259218e-01	7.561244729504058848e-02
8.099630625993075955e+04	1.048899825644502015e-01	7.583732015013280869e-02
8.135845586571747845e+04	1.053589654044231744e-01	7.606294710634531331e-02
8.172199725159103400e+04	1.058297505962947638e-01	7.628933064227830241e-02
8.208693554454782861e+04	1.063023447795134746e-01	7.651647324536019201e-02
8.245327588986989576e+04	1.067767546172077447e-01	7.674437741187509210e-02
8.282102345119169331e+04	1.072529867962722511e-01	7.697304564699262996e-02
8.319018341056343343e+04	1.077310480274501076e-01	7.720248046479326332e-02
8.356076096851831244e+04	1.082109450454197680e-01	7.743268438830100409e-02
8.393276134413800901e+04	1.086926846088799581e-01	7.766365994950882867e-02
8.430618977511765843e+04	1.091762735006338997e-01	7.789540968940954213e-02
8.468105151783507608e+04	1.096617185276786699e-01	7.812793615802336722e-02
8.505735184741430567e+04	1.101490265212877601e-01	7.836124191442780940e-02
8.543509605779364938e+04	1.106382043370990470e-01	7.859532952678613404e-02
8.581428946179390186e+04	1.111292588552032501e-01	7.883020157237799475e-02
8.619493739118230587e+04	1.116221969802266567e-01	7.906586063762702232e-02
8.657704519674276526e+04	1.121170256414220773e-01	7.930230931813180006e-02
8.696061824834317667e+04	1.126137517927560394e-01	7.953955021869513198e-02
8.734566193500279041e+04	1.131123824129960931e-01	7.977758595335328329e-02
8.773218166496076446e+04	1.136129245057994203e-01	8.001641914540674749e-02
8.812018286574471858e+04	1.141153850998018332e-01	8.025605242744952850e-02
8.850967098423834250e+04	1.146197712487051212e-01	8.049648844140004644e-02
8.890065148675149248e+04	1.151260900313679780e-01	8.073772983853065577e-02
8.929312985908925475e+04	1.156343485518953051e-01	8.097977927949863430e-02
8.968711160662089242e+04	1.161445539397276128e-01	8.122263943437707523e-02
9.008260225434903987e+04	1.166567133497306008e-01	8.146631298268394716e-02
9.047960734698058513e+04	1.171708339622869327e-01	8.171080261341436002e-02
9.087813244899705751e+04	1.176869229833873154e-01	8.195611102507098511e-02
9.127818314472286147e+04	1.182049876447189979e-01	8.220224092569584917e-02
9.167976503839794896e+04	1.187250352037597934e-01	8.244919503289935281e-02
9.208288375424788683e+04	1.192470729438688676e-01	8.269697607389409066e-02
9.248754493655402621e+04	1.197711081743775136e-01	8.294558678552442499e-02
9.289375424972784822e+04	1.202971482306856021e-01	8.319502991429929273e-02
9.330151737837979454e+04	1.208252004743504693e-01	8.344530821642272278e-02
9.371084002739033895e+04	1.213552722931793143e-01	8.369642445782635165e-02
9.412172792198510433e+04	1.218873711013259836e-01	8.394838141420124522e-02
9.453418680780552677e+04	1.224215043393829805e-01	8.420118187103001195e-02
9.494822245098112035e+04	1.229576794744747098e-01	8.445482862361804177e-02
9.536384063820294978e+04	1.234959040003527353e-01	8.470932447712792301e-02
9.578104717679694295e+04	1.240361854374908146e-01	8.496467224660934903e-02
9.619984789479539904e+04	1.245785313331773114e-01	8.522087475703338244e-02
9.662024864101345884e+04	1.251229492616142969e-01	8.547793484332391611e-02
9.704225528512119490e+04	1.256694468240110718e-01	8.573585535039243699e-02
9.746587371771800099e+04	1.262180316486802567e-01	8.599463913316912622e-02
9.789110985040719970e+04	1.267687113911344643e-01	8.625428905663556911e-02
9.831796961587041733e+04	1.273214937341828334e-01	8.651480799586058756e-02
9.874645896794251166e+04	1.278763863880276741e-01	8.677619883602932793e-02
9.917658388168600504e+04	1.284333970903612787e-01	8.703846447248199392e-02
9.960835035346873337e+04	1.289925336064661199e-01	8.730160781074344789e-02
1.000417644010373624e+05	1.295538037293102740e-01	8.756563176655828007e-02
1.004768320635940763e+05	1.301172152796466475e-01	8.783053926592453153e-02
1.009135594018732663e+05	1.306827761061123416e-01	8.809633324512756991e-02
1.013519524982161529e+05	1.312504940853251867e-01	8.836301665077364587e-02
1.017920174566492788e+05	1.318203771219855214e-01	8.863059243982632229e-02
1.022337604029616923e+05	1.323924331489759743e-01	8.889906357964010020e-02
1.026771874847826839e+05	1.329666701274624108e-01	8.916843304799020042e-02
1.031223048716568883e+05	1.335430960469908557e-01	8.943870383311595951e-02
1.035691187551227194e+05	1.341217189255893005e-01	8.970987893374764155e-02
1.040176353487927263e+05	1.347025468098716761e-01	8.998196135914655891e-02
1.044678608884306013e+05	1.352855877751375779e-01	9.025495412913669968e-02
1.049198016320276802e+05	1.358708499254714375e-01	9.052886027414173975e-02
1.053734638598859892e+05	1.364583413938498524e-01	9.080368283522108341e-02
1.058288538746946288e+05	1.370480703422406743e-01	9.107942486410366967e-02
1.062859780016103177e+05	1.376400449617072586e-01	9.135608942322331893e-02
1.067448425883362070e+05	1.382342734725106603e-01	9.163367958575689698e-02
1.072054540052021330e+05	1.388307641242132739e-01	9.191219843565626157e-02
1.076678186452460795e+05	1.394295251957845538e-01	9.219164906768956280e-02
1.081319429242928018e+05	1.400305649957027665e-01	9.247203458747262073e-02
1.085978332810372085e+05	1.406338918620630429e-01	9.275335811150617338e-02
1.090654961771222297e+05	1.412395141626780759e-01	9.303562276721516477e-02
1.095349380972239596e+05	1.418474402951883928e-01	9.331883169298187120e-02
1.100061655491304118e+05	1.424576786871645517e-01	9.360298803818548063e-02
1.104791850638247561e+05	1.430702377962147220e-01	9.388809496323578807e-02
1.109540031955672603e+05	1.436851261100908217e-01	9.417415563961213654e-02
1.114306265219786437e+05	1.443023521467965142e-01	9.446117324990177533e-02
1.119090616441218881e+05	1.449219244546931795e-01	9.474915098783402712e-02
1.123893151865858235e+05	1.455438516126081050e-01	9.503809205831964535e-02
1.128713937975692970e+05	1.461681422299434541e-01	9.532799967748836756e-02
1.133553041489627649e+05	1.467948049467820149e-01	9.561887707272499759e-02
1.138410529364350077e+05	1.474238484339994160e-01	9.591072748271090020e-02
1.143286468795149121e+05	1.480552813933701251e-01	9.620355415745701633e-02
1.148180927216788259e+05	1.486891125576804418e-01	9.649736035834581560e-02
1.153093972304330819e+05	1.493253506908355233e-01	9.679214935816841947e-02
1.158025671974003344e+05	1.499640045879709893e-01	9.708792444116091935e-02
1.162976094384051539e+05	1.506050830755640557e-01	9.738468890304745329e-02
1.167945307935590390e+05	1.512485950115433075e-01	9.768244605107392897e-02
1.172933381273465493e+05	1.518945492854004153e-01	9.798119920405166938e-02
1.177940383287130826e+05	1.525429548183038775e-01	9.828095169239117745e-02
1.182966383111505274e+05	1.531938205632096817e-01	9.858170685814592049e-02
1.188011450127842836e+05	1.538471555049742701e-01	9.888346805504832915e-02
1.193075653964600206e+05	1.545029686604668107e-01	9.918623864855308225e-02
1.198159064498327207e+05	1.551612690786843274e-01	9.949002201587002492e-02
1.203261751854540344e+05	1.558220658408651094e-01	9.979482154601275468e-02
1.208383786408597080e+05	1.564853680606017317e-01	1.001006406398300963e-01
1.213525238786589180e+05	1.571511848839568237e-01	1.004074827100512046e-01
1.218686179866234306e+05	1.578195254895784772e-01	1.007153511813236174e-01
1.223866680777758302e+05	1.584903990888145431e-01	1.010242494902568039e-01
1.229066812904796097e+05	1.591638149258293722e-01	1.013341810854566094e-01
1.234286647885287093e+05	1.598397822777195831e-01	1.016451494275715656e-01
1.239526257612371555e+05	1.605183104546302475e-01	1.019571579893305685e-01
1.244785714235313790e+05	1.611994087998745717e-01	1.022702102555845399e-01
1.250065090160380205e+05	1.618830866900473342e-01	1.025843097233487544e-01
1.255364458051783586e+05	1.625693535351473429e-01	1.028994599018419331e-01
1.260683890832564648e+05	1.632582187786915939e-01	1.032156643125283213e-01
1.266023461685528309e+05	1.639496918978365081e-01	1.035329264891598905e-01
1.271383244054160314e+05	1.646437824034965025e-01	1.038512499778192072e-01
1.276763311643553316e+05	1.653404998404642001e-01	1.041706383369572636e-01
1.282163738421317539e+05	1.660398537875280300e-01	1.044910951374386221e-01
1.287584598618526070e+05	1.667418538575949349e-01	1.048126239625839923e-01
1.293025966730651417e+05	1.674465096978113299e-01	1.051352284082098104e-01
1.298487917518481263e+05	1.681538309896821459e-01	1.054589120826737031e-01
1.303970526009091554e+05	1.688638274491963964e-01	1.057836786069141222e-01
1.309473867496751336e+05	1.695765088269445553e-01	1.061095316144958084e-01
1.314998017543895403e+05	1.702918849082445951e-01	1.064364747516522575e-01
1.320543051982056058e+05	1.710099655132624463e-01	1.067645116773257158e-01
1.326109046912842896e+05	1.717307604971390345e-01	1.070936460632154336e-01
1.331696078708876157e+05	1.724542797501111557e-01	1.074238815938170777e-01
1.337304224014734791e+05	1.731805331976340179e-01	1.077552219664672656e-01
1.342933559747956751e+05	1.739095308005112195e-01	1.080876708913903611e-01
1.348584163099967118e+05	1.746412825550145431e-01	1.084212320917365274e-01
1.354256111537090619e+05	1.753757984930150726e-01	1.087559093036304242e-01
1.359949482801467529e+05	1.761130886821022368e-01	1.090917062762138540e-01
1.365664354912073759e+05	1.768531632257153707e-01	1.094286267716899214e-01
1.371400806165724352e+05	1.775960322632740007e-01	1.097666745653683162e-01
1.377158915137966396e+05	1.783417059702934460e-01	1.101058534457097504e-01
1.382938760684159934e+05	1.790901945585246235e-01	1.104461672143706719e-01
1.388740421940399101e+05	1.798415082760735639e-01	1.107876196862474932e-01
1.394563978324562486e+05	1.805956574075371912e-01	1.111302146895232351e-01
1.400409509537270060e+05	1.813526522741275571e-01	1.114739560657122402e-01
1.406277095562907343e+05	1.821125032338041239e-01	1.118188476697039718e-01
1.412166816670608823e+05	1.828752206814013015e-01	1.121648933698140144e-01
1.418078753415282408e+05	1.836408150487612301e-01	1.125120970478223209e-01
1.424012986638615548e+05	1.844092968048637315e-01	1.128604625990265592e-01
1.429969597470098815e+05	1.851806764559592033e-01	1.132099939322830096e-01
1.435948667328019219e+05	1.859549645456970990e-01	1.135606949700560531e-01
1.441950277920524532e+05	1.867321716552637345e-01	1.139125696484610401e-01
1.447974511246584298e+05	1.875123084035067722e-01	1.142656219173163040e-01
1.454021449597086466e+05	1.882953854470773569e-01	1.146198557401869461e-01
1.460091175555822265e+05	1.890814134805573199e-01	1.149752750944304236e-01
1.466183772000548779e+05	1.898704032365972627e-01	1.153318839712458715e-01
1.472299322104038438e+05	1.906623654860520045e-01	1.156896863757218147e-01
1.478437909335081931e+05	1.914573110381108112e-01	1.160486863268837127e-01
1.484599617459560977e+05	1.922552507404359512e-01	1.164088878577388825e-01
1.490784530541495769e+05	1.930561954792988921e-01	1.167702950153281377e-01
1.496992732944134041e+05	1.938601561797206607e-01	1.171329118607715714e-01
1.503224309330938268e+05	1.946671438056002401e-01	1.174967424693173362e-01
1.509479344666688994e+05	1.954771693598571503e-01	1.178617909303903699e-01
1.515757924218575645e+05	1.962902438845727515e-01	1.182280613476403702e-01
1.522060133557220397e+05	1.971063784611230552e-01	1.185955578389918524e-01
1.528386058557756769e+05	1.979255842103180008e-01	1.189642845366916668e-01
1.534735785400950408e+05	1.987478722925469232e-01	1.193342455873590141e-01
1.541109400574214524e+05	1.995732539079100309e-01	1.197054451520333518e-01
1.547506990872760362e+05	2.004017402963670924e-01	1.200778874062264079e-01
1.553928643400623405e+05	2.012333427378707740e-01	1.204515765399701149e-01
1.560374445571823453e+05	2.020680725525164367e-01	1.208265167578655708e-01
1.566844485111379763e+05	2.029059411006740032e-01	1.212027122791353301e-01
1.573338850056477822e+05	2.037469597831386703e-01	1.215801673376724346e-01
1.579857628757577040e+05	2.045911400412745995e-01	1.219588861820905951e-01
1.586400909879435203e+05	2.054384933571476168e-01	1.223388730757752063e-01
1.592968782402316865e+05	2.062890312536814486e-01	1.227201322969350278e-01
1.599561335623052728e+05	2.071427652947951670e-01	1.231026681386490906e-01
1.606178659156177600e+05	2.079997070855504337e-01	1.234864849089242628e-01
1.612820842935047112e+05	2.088598682722960787e-01	1.238715869307406431e-01
1.619487977212983533e+05	2.097232605428165919e-01	1.242579785421066146e-01
1.626180152564388118e+05	2.105898956264761757e-01	1.246456640961100815e-01
1.632897459885850840e+05	2.114597852943622402e-01	1.250346479609667771e-01
1.639639990397352376e+05	2.123329413594413906e-01	1.254249345200791343e-01
1.646407835643357830e+05	2.132093756767007853e-01	1.258165281720815820e-01
1.653201087493987288e+05	2.140891001432997931e-01	1.262094333308961813e-01
1.660019838146162801e+05	2.149721266987185964e-01	1.266036544257871377e-01
1.666864180124737031e+05	2.158584673249045183e-01	1.269991959014095950e-01
1.673734206283708045e+05	2.167481340464288420e-01	1.273960622178645363e-01
1.680630009807320312e+05	2.176411389306298072e-01	1.277942578507544058e-01
1.687551684211288230e+05	2.185374940877709005e-01	1.281937872912298493e-01
1.694499323343923024e+05	2.194372116711869325e-01	1.285946550460511650e-01
1.701473021387337067e+05	2.203403038774397471e-01	1.289968656376371259e-01
1.708472872858616756e+05	2.212467829464702940e-01	1.294004236041199352e-01
1.715498972610991041e+05	2.221566611617499798e-01	1.298053334993992114e-01
1.722551415835055523e+05	2.230699508504389583e-01	1.302115998931984986e-01
1.729630298059897032e+05	2.239866643835320970e-01	1.306192273711161422e-01
1.736735715154388454e+05	2.249068141760264261e-01	1.310282205346836315e-01
1.743867763328274013e+05	2.258304126870615547e-01	1.314385840014166695e-01
1.751026539133484184e+05	2.267574724200904501e-01	1.318503224048759581e-01
1.758212139465269574e+05	2.276880059230257658e-01	1.322634403947158255e-01
1.765424661563469854e+05	2.286220257884042928e-01	1.326779426367439563e-01
1.772664203013671795e+05	2.295595446535371731e-01	1.330938338129777632e-01
1.779930861748464231e+05	2.305005752006721031e-01	1.335111186216960677e-01
1.787224736048670311e+05	2.314451301571531228e-01	1.339298017775007732e-01
1.794545924544576555e+05	2.323932222955797378e-01	1.343498880113675187e-01
1.801894526217143575e+05	2.333448644339635170e-01	1.347713820707067967e-01
1.809270640399273252e+05	2.343000694358924052e-01	1.351942887194187148e-01
1.816674366777028772e+05	2.352588502106886803e-01	1.356186127379492845e-01
1.824105805390891619e+05	2.362212197135717950e-01	1.360443589233496509e-01
1.831565056637051166e+05	2.371871909458251049e-01	1.364715320893308825e-01
1.839052221268584253e+05	2.381567769549489955e-01	1.369001370663233408e-01
1.846567400396780286e+05	2.391299908348321346e-01	1.373301787015353825e-01
1.854110695492379891e+05	2.401068457259121491e-01	1.377616618590074005e-01
1.861682208386828133e+05	2.410873548153377455e-01	1.381945914196746061e-01
1.869282041273614741e+05	2.420715313371424315e-01	1.386289722814218195e-01
1.876910296709480754e+05	2.430593885724005587e-01	1.390648093591448087e-01
1.884567077615728485e+05	2.440509398493971582e-01	1.395021075848058290e-01
1.892252487279522466e+05	2.450461985437962786e-01	1.399408719074976548e-01
1.899966629355160694e+05	2.460451780788056597e-01	1.403811072934979531e-01
1.907709607865391881e+05	2.470478919253474015e-01	1.408228187263298181e-01
1.915481527202687284e+05	2.480543536022226658e-01	1.412660112068235829e-01
1.923282492130592582e+05	2.490645766762863422e-01	1.417106897531748011e-01
1.931112607784979045e+05	2.500785747626097510e-01	1.421568594010045872e-01
1.938971979675403854e+05	2.510963615246561975e-01	1.426045252034207900e-01
1.946860713686438685e+05	2.521179506744534726e-01	1.430536922310773340e-01
1.954778916078947368e+05	2.531433559727590543e-01	1.435043655722349210e-01
1.962726693491447950e+05	2.541725912292364664e-01	1.439565503328240903e-01
1.970704152941432258e+05	2.552056703026263085e-01	1.444102516365035338e-01
1.978711401826722722e+05	2.562426071009220596e-01	1.448654746247220737e-01
1.986748547926801839e+05	2.572834155815417745e-01	1.453222244567820010e-01
1.994815699404154439e+05	2.583281097515024438e-01	1.457805063098988052e-01
2.002912964805622760e+05	2.593767036675952431e-01	1.462403253792669278e-01
2.011040453063790628e+05	2.604292114365647781e-01	1.467016868781157724e-01
2.019198273498310300e+05	2.614856472152807809e-01	1.471645960377780671e-01
2.027386535817281692e+05	2.625460252109171888e-01	1.476290581077485120e-01
2.035605350118622882e+05	2.636103596811288918e-01	1.480950783557505868e-01
2.043854826891471166e+05	2.646786649342340314e-01	1.485626620677965859e-01
2.052135077017526492e+05	2.657509553293870841e-01	1.490318145482506518e-01
2.060446211772438837e+05	2.668272452767592173e-01	1.495025411198944998e-01
2.068788342827234883e+05	2.679075492377227530e-01	1.499748471239920333e-01
2.077161582249701314e+05	2.689918817250304128e-01	1.504487379203496844e-01
2.085566042505743098e+05	2.700802573029910114e-01	1.509242188873836099e-01
2.094001836460857594e+05	2.711726905876604699e-01	1.514012954221839180e-01
2.102469077381511452e+05	2.722691962470202287e-01	1.518799729405782561e-01
2.110967878936534107e+05	2.733697890011577702e-01	1.523602568771982302e-01
2.119498355198582867e+05	2.744744836224558004e-01	1.528421526855426316e-01
2.128060620645537274e+05	2.755832949357735484e-01	1.533256658380462434e-01
2.136654790161943820e+05	2.766962378186333948e-01	1.538108018261408749e-01
2.145280979040434759e+05	2.778133272014046695e-01	1.542975661603250004e-01
2.153939302983189700e+05	2.789345780674931663e-01	1.547859643702293730e-01
2.162629878103393712e+05	2.800600054535297145e-01	1.552760020046813627e-01
2.171352820926642453e+05	2.811896244495520891e-01	1.557676846317746222e-01
2.180108248392438109e+05	2.823234501991990775e-01	1.562610178389333970e-01
2.188896277855618973e+05	2.834614978998952206e-01	1.567560072329802490e-01
2.197717027087865281e+05	2.846037828030460459e-01	1.572526584402032801e-01
2.206570614279115689e+05	2.857503202142216425e-01	1.577509771064250221e-01
2.215457158039124624e+05	2.869011254933577781e-01	1.582509688970692718e-01
2.224376777398879931e+05	2.880562140549402517e-01	1.587526394972288701e-01
2.233329591812067374e+05	2.892156013681937976e-01	1.592559946117337311e-01
2.242315721156648651e+05	2.903793029572869222e-01	1.597610399652221458e-01
2.251335285736293299e+05	2.915473344015174217e-01	1.602677813022050646e-01
2.260388406281891803e+05	2.927197113355076707e-01	1.607762243871389551e-01
2.269475203953097225e+05	2.938964494494050173e-01	1.612863750044917499e-01
2.278595800339803391e+05	2.950775644890728522e-01	1.617982389588162873e-01
2.287750317463663814e+05	2.962630722562871743e-01	1.623118220748170915e-01
2.296938877779632166e+05	2.974529886089365416e-01	1.628271301974214269e-01
2.306161604177478002e+05	2.986473294612178586e-01	1.633441691918498806e-01
2.315418619983326644e+05	2.998461107838359396e-01	1.638629449436858343e-01
2.324710048961227294e+05	3.010493486042068456e-01	1.643834633589471572e-01
2.334036015314646647e+05	3.022570590066510077e-01	1.649057303641582317e-01
2.343396643688034092e+05	3.034692581325960092e-01	1.654297519064174549e-01
2.352792059168433771e+05	3.046859621807853635e-01	1.659555339534732610e-01
2.362222387286962476e+05	3.059071874074698605e-01	1.664830824937925668e-01
2.371687754020434222e+05	3.071329501266180095e-01	1.670124035366358506e-01
2.381188285792913230e+05	3.083632667101172120e-01	1.675435031121257912e-01
2.390724109477303864e+05	3.095981535879793189e-01	1.680763872713234297e-01
2.400295352396901289e+05	3.108376272485419145e-01	1.686110620862973364e-01
2.409902142327030888e+05	3.120817042386803131e-01	1.691475336502036575e-01
2.419544607496600074e+05	3.133304011640086761e-01	1.696858080773478161e-01
2.429222876589735388e+05	3.145837346890916764e-01	1.702258915032678621e-01
2.438937078747363121e+05	3.158417215376498333e-01	1.707677900848062480e-01
2.448687343568814686e+05	3.171043784927667919e-01	1.713115100001815216e-01
2.458473801113462541e+05	3.183717223971012644e-01	1.718570574490656810e-01
2.468296581902377948e+05	3.196437701531022468e-01	1.724044386526550066e-01
2.478155816919865611e+05	3.209205387232071383e-01	1.729536598537487202e-01
2.488051637615174404e+05	3.222020451300634525e-01	1.735047273168222881e-01
2.497984175904137373e+05	3.234883064567412037e-01	1.740576473281039982e-01
2.507953564170767495e+05	3.247793398469398518e-01	1.746124261956499557e-01
2.517959935268975678e+05	3.260751625052102920e-01	1.751690702494167751e-01
2.528003422524165362e+05	3.273757916971616888e-01	1.757275858413463732e-01
2.538084159734929563e+05	3.286812447496813006e-01	1.762879793454341371e-01
2.548202281174731033e+05	3.299915390511515279e-01	1.768502571578105531e-01
2.558357921593557694e+05	3.313066920516649638e-01	1.774144256968123723e-01
2.568551216219590569e+05	3.326267212632402215e-01	1.779804914030679031e-01
2.578782300760936050e+05	3.339516442600456991e-01	1.785484607395695644e-01
2.589051311407269968e+05	3.352814786786132983e-01	1.791183401917545992e-01
2.599358384831566364e+05	3.366162422180618008e-01	1.796901362675808467e-01
2.609703658191802679e+05	3.379559526403178027e-01	1.802638554976046803e-01
2.620087269132648071e+05	3.393006277703343732e-01	1.808395044350609993e-01
2.630509355787212844e+05	3.406502854963177063e-01	1.814170896559460788e-01
2.640970056778740836e+05	3.420049437699460015e-01	1.819966177590888468e-01
2.651469511222391156e+05	3.433646206066003903e-01	1.825780953662355655e-01
2.662007858726858976e+05	3.447293340855750454e-01	1.831615291221315445e-01
2.672585239396265242e+05	3.460991023503214858e-01	1.837469256945954144e-01
2.683201793831789983e+05	3.474739436086600186e-01	1.843342917746036425e-01
2.693857663133521564e+05	3.488538761330201021e-01	1.849236340763704134e-01
2.704552988902070792e+05	3.502389182606481799e-01	1.855149593374298966e-01
2.715287913240510970e+05	3.516290883938595901e-01	1.861082743187143229e-01
2.726062578756045550e+05	3.530244050002546152e-01	1.867035858046360020e-01
2.736877128561780555e+05	3.544248866129476316e-01	1.873009006031750301e-01
2.747731706278579077e+05	3.558305518308073068e-01	1.879002255459533421e-01
2.758626456036805175e+05	3.572414193186830844e-01	1.885015674883202541e-01
2.769561522478088154e+05	3.586575078076325029e-01	1.891049333094386442e-01
2.780537050757230609e+05	3.600788360951692191e-01	1.897103299123636400e-01
2.791553186543905758e+05	3.615054230454828321e-01	1.903177642241278555e-01
2.802610076024538139e+05	3.629372875896814121e-01	1.909272431958219385e-01
2.813707865904114442e+05	3.643744487260272558e-01	1.915387738026849418e-01
2.824846703407992609e+05	3.658169255201705883e-01	1.921523630441802633e-01
2.836026736283743521e+05	3.672647371053877619e-01	1.927680179440879327e-01
2.847248112803040422e+05	3.687179026828264483e-01	1.933857455505829936e-01
2.858510981763445889e+05	3.701764415217372317e-01	1.940055529363279019e-01
2.869815492490272736e+05	3.716403729597135275e-01	1.946274471985497134e-01
2.881161794838498463e+05	3.731097164029407165e-01	1.952514354591319834e-01
2.892550039194598794e+05	3.745844913264328446e-01	1.958775248646990597e-01
2.903980376478394028e+05	3.760647172742721533e-01	1.965057225866993496e-01
2.915452958144957665e+05	3.775504138598558823e-01	1.971360358214948039e-01
2.926967936186508741e+05	3.790416007661415732e-01	1.977684717904500122e-01
2.938525463134347228e+05	3.805382977458975913e-01	1.984030377400157197e-01
2.950125692060643341e+05	3.820405246219348294e-01	1.990397409418156460e-01
2.961768776580489357e+05	3.835483012873726061e-01	1.996785886927399112e-01
2.973454870853623142e+05	3.850616477058618203e-01	2.003195883150277190e-01
2.985184129586581257e+05	3.865805839118631737e-01	2.009627471563575352e-01
2.996956708034434705e+05	3.881051300108728785e-01	2.016080725899361825e-01
3.008772762002823874e+05	3.896353061796857253e-01	2.022555720145899349e-01
3.020632447849900345e+05	3.911711326666464927e-01	2.029052528548498102e-01
3.032535922488193028e+05	3.927126297918916986e-01	2.035571225610430524e-01
3.044483343386662891e+05	3.942598179476156095e-01	2.042111886093857520e-01
3.056474868572612177e+05	3.958127175983178203e-01	2.048674585020710259e-01
3.068510656633637846e+05	3.973713492810557191e-01	2.055259397673565858e-01
3.080590866719661281e+05	3.989357336057074988e-01	2.061866399596627986e-01
3.092715658544905018e+05	4.005058912552285633e-01	2.068495666596598115e-01
3.104885192389813601e+05	4.020818429858997178e-01	2.075147274743572023e-01
3.117099629103156039e+05	4.036636096275997287e-01	2.081821300372012351e-01
3.129359130103899515e+05	4.052512120840476850e-01	2.088517820081618737e-01
3.141663857383360737e+05	4.068446713330821085e-01	2.095236910738307035e-01
3.154013973507095361e+05	4.084440084269052584e-01	2.101978649475079453e-01
3.166409641617020825e+05	4.100492444923579671e-01	2.108743113693020144e-01
3.178851025433426257e+05	4.116604007311802094e-01	2.115530381062193377e-01
3.191338289256956195e+05	4.132774984202677859e-01	2.122340529522590558e-01
3.203871597970744479e+05	4.149005589119486581e-01	2.129173637285080023e-01
3.216451117042360711e+05	4.165296036342353014e-01	2.136029782832335189e-01
3.229077012526016915e+05	4.181646540911101440e-01	2.142909044919819872e-01
3.241749451064471505e+05	4.198057318627721468e-01	2.149811502576704225e-01
3.254468599891245831e+05	4.214528586059239634e-01	2.156737235106852002e-01
3.267234626832609065e+05	4.231060560540290671e-01	2.163686322089722336e-01
3.280047700309730717e+05	4.247653460175904172e-01	2.170658843381436109e-01
3.292907989340724889e+05	4.264307503844149139e-01	2.177654879115637210e-01
3.305815663542826078e+05	4.281022911198955061e-01	2.184674509704546408e-01
3.318770893134423532e+05	4.297799902672748695e-01	2.191717815839860084e-01
3.331773848937183502e+05	4.314638699479195205e-01	2.198784878493781902e-01
3.344824702378318179e+05	4.331539523616140808e-01	2.205875778919987873e-01
3.357923625492534484e+05	4.348502597868137975e-01	2.212990598654616392e-01
3.371070790924244211e+05	4.365528145809304261e-01	2.220129419517225533e-01
3.384266371929785819e+05	4.382616391806201106e-01	2.227292323611811398e-01
3.397510542379466351e+05	4.399767561020476725e-01	2.234479393327828967e-01
3.410803476759788464e+05	4.416981879411753242e-01	2.241690711341121911e-01
3.424145350175643689e+05	4.434259573740464977e-01	2.248926360614968423e-01
3.437536338352457969e+05	4.451600871570633999e-01	2.256186424401115387e-01
3.450976617638328462e+05	4.469006001272645134e-01	2.263470986240720684e-01
3.464466365006330307e+05	4.486475192026223024e-01	2.270780129965376259e-01
3.478005758056680206e+05	4.504008673823242104e-01	2.278113939698182822e-01
3.491594975018901168e+05	4.521606677470526026e-01	2.285472499854720729e-01
3.505234194754060009e+05	4.539269434592747010e-01	2.292855895144088607e-01
3.518923596757041523e+05	4.556997177635370710e-01	2.300264210569914758e-01
3.532663361158731277e+05	4.574790139867479510e-01	2.307697531431381066e-01
3.546453668728275807e+05	4.592648555384705733e-01	2.315155943324322119e-01
3.560294700875335257e+05	4.610572659112143201e-01	2.322639532142152519e-01
3.574186639652337763e+05	4.628562686807269899e-01	2.330148384077030121e-01
3.588129667756728013e+05	4.646618875062857867e-01	2.337682585620821096e-01
3.602123968533315347e+05	4.664741461310014659e-01	2.345242223566149642e-01
3.616169725976402406e+05	4.682930683820941131e-01	2.352827385007479899e-01
3.630267124732290977e+05	4.701186781712176632e-01	2.360438157342199528e-01
3.644416350101383287e+05	4.719509994947317377e-01	2.368074628271580051e-01
3.658617588040593546e+05	4.737900564340140064e-01	2.375736885801959519e-01
3.672871025165626197e+05	4.756358731557555619e-01	2.383425018245715343e-01
3.687176848753321683e+05	4.774884739122642885e-01	2.391139114222409767e-01
3.701535246743934695e+05	4.793478830417602365e-01	2.398879262659790457e-01
3.715946407743603340e+05	4.812141249686949784e-01	2.406645552794931253e-01
3.730410521026509232e+05	4.830872242040317732e-01	2.414438074175322135e-01
3.744927776537354221e+05	4.849672053455660881e-01	2.422256916659857873e-01
3.759498364893749240e+05	4.868540930782348508e-01	2.430102170420057051e-01
3.774122477388449479e+05	4.887479121744059407e-01	2.437973925941064046e-01
3.788800305991893983e+05	4.906486874942074250e-01	2.445872274022812265e-01
3.803532043354487396e+05	4.925564439858224342e-01	2.453797305781063309e-01
3.818317882809042931e+05	4.944712066858061861e-01	2.461749112648528304e-01
3.833158018373147934e+05	4.963930007193916305e-01	2.469727786376056111e-01
3.848052644751637126e+05	4.983218513008105255e-01	2.477733419033621154e-01
3.863001957338993670e+05	5.002577837336035227e-01	2.485766103011540495e-01
3.878006152221742668e+05	5.022008234109307523e-01	2.493825931021561582e-01
3.893065426180954673e+05	5.041509958158959526e-01	2.501912996097950814e-01
3.908179976694601355e+05	5.061083265218510041e-01	2.510027391598694813e-01
3.923350001940104994e+05	5.080728411927269983e-01	2.518169211206571223e-01
3.938575700796765159e+05	5.100445655833474312e-01	2.526338548930359695e-01
3.953857272848234279e+05	5.120235255397498353e-01	2.534535499105888268e-01
3.969194918384995544e+05	5.140097469995057455e-01	2.542760156397244065e-01
3.984588838406853611e+05	5.160032559920439965e-01	2.551012615797911831e-01
4.000039234625475365e+05	5.180040786389793483e-01	2.559292972631915242e-01
4.015546309466842795e+05	5.200122411544297885e-01	2.567601322554993182e-01
4.031110266073786188e+05	5.220277698453457127e-01	2.575937761555755490e-01
4.046731308308528969e+05	5.240506911118382183e-01	2.584302385956835924e-01
4.062409640755208675e+05	5.260810314475062865e-01	2.592695292416101749e-01
4.078145468722408987e+05	5.281188174397646318e-01	2.601116577927765072e-01
4.093938998245770345e+05	5.301640757701812090e-01	2.609566339823602421e-01
4.109790436090506264e+05	5.322168332148042857e-01	2.618044675774135466e-01
4.125699989753945847e+05	5.342771166444904019e-01	2.626551683789821734e-01
4.141667867468187469e+05	5.363449530252483166e-01	2.635087462222225341e-01
4.157694278202613932e+05	5.384203694185655253e-01	2.643652109765243230e-01
4.173779431666551391e+05	5.405033929817516514e-01	2.652245725456272574e-01
4.189923538311820012e+05	5.425940509682695145e-01	2.660868408677443675e-01
4.206126809335491271e+05	5.446923707280911797e-01	2.669520259156822894e-01
4.222389456682282616e+05	5.467983797080093744e-01	2.678201376969591152e-01
4.238711693047371809e+05	5.489121054520006426e-01	2.686911862539301254e-01
4.255093731878998224e+05	5.510335756015632969e-01	2.695651816639079712e-01
4.271535787381085684e+05	5.531628178960564801e-01	2.704421340392850204e-01
4.288038074515943881e+05	5.552998601730502193e-01	2.713220535276608669e-01
4.304600809006919153e+05	5.574447303686680399e-01	2.722049503119585157e-01
4.321224207341067959e+05	5.595974565179347993e-01	2.730908346105512807e-01
4.337908486771900789e+05	5.617580667551299589e-01	2.739797166773897952e-01
4.354653865322027705e+05	5.639265893141318653e-01	2.748716068021241909e-01
4.371460561785861501e+05	5.661030525287668036e-01	2.757665153102284439e-01
4.388328795732418075e+05	5.682874848331720408e-01	2.766644525631294926e-01
4.405258787507945090e+05	5.704799147621364419e-01	2.775654289583272538e-01
4.422250758238730486e+05	5.726803709514635132e-01	2.784694549295280708e-01
4.439304929833829519e+05	5.748888821383252301e-01	2.793765409467672267e-01
4.456421524987813900e+05	5.771054771616177526e-01	2.802866975165402841e-01
4.473600767183558200e+05	5.793301849623219146e-01	2.811999351819234327e-01
4.490842880695037893e+05	5.815630345838664894e-01	2.821162645227096033e-01
4.508148090590028442e+05	5.838040551724769101e-01	2.830356961555356432e-01
4.525516622733019176e+05	5.860532759775527456e-01	2.839582407340102144e-01
4.542948703787962440e+05	5.883107263520239716e-01	2.848839089488402476e-01
4.560444561221050099e+05	5.905764357527104602e-01	2.858127115279687214e-01
4.578004423303620424e+05	5.928504337406981239e-01	2.867446592366978964e-01
4.595628519114974770e+05	5.951327499817045119e-01	2.876797628778253180e-01
4.613317078545184340e+05	5.974234142464408537e-01	2.886180332917718250e-01
4.631070332297984278e+05	5.997224564109879807e-01	2.895594813567172188e-01
4.648888511893639225e+05	6.020299064571678072e-01	2.905041179887307701e-01
4.666771849671798991e+05	6.043457944729110354e-01	2.914519541419041126e-01
4.684720578794415342e+05	6.066701506526377408e-01	2.924030008084840260e-01
4.702734933248641901e+05	6.090030052976305175e-01	2.933572690190093257e-01
4.720815147849672358e+05	6.113443888164031836e-01	2.943147698424401493e-01
4.738961458243780653e+05	6.136943317250943553e-01	2.952755143862977327e-01
4.757174100911165588e+05	6.160528646478358183e-01	2.962395137967973047e-01
4.775453313168823952e+05	6.184200183171242315e-01	2.972067792589843660e-01
4.793799333173686755e+05	6.207958235742276898e-01	2.981773219968698596e-01
4.812212399925403879e+05	6.231803113695462137e-01	2.991511532735706691e-01
4.830692753269434907e+05	6.255735127630119852e-01	3.001282843914418463e-01
4.849240633899950190e+05	6.279754589244649354e-01	3.011087266922189420e-01
4.867856283362882677e+05	6.303861811340483179e-01	3.020924915571535641e-01
4.886539944058838882e+05	6.328057107825849625e-01	3.030795904071493796e-01
4.905291859246232780e+05	6.352340793719840617e-01	3.040700347029111072e-01
4.924112273044192698e+05	6.376713185156167585e-01	3.050638359450703052e-01
4.943001430435659131e+05	6.401174599387180475e-01	3.060610056743386376e-01
4.961959577270437730e+05	6.425725354787812371e-01	3.070615554716402684e-01
4.980986960268233088e+05	6.450365770859517456e-01	3.080654969582563019e-01
5.000083827021721518e+05	6.475096168234246718e-01	3.090728417959683894e-01
5.019250425999572617e+05	6.499916868678358162e-01	3.100836016871929002e-01
5.038487006549633807e+05	6.524828195096742389e-01	3.110977883751337436e-01
5.057793818901961204e+05	6.549830471536752796e-01	3.121154136439217575e-01
5.077171114171958179e+05	6.574924023192260103e-01	3.131364893187554288e-01
5.096619144363455707e+05	6.600109176407650269e-01	3.141610272660450009e-01
5.116138162371880026e+05	6.625386258681921214e-01	3.151890393935665724e-01
5.135728421987431357e+05	6.650755598672803970e-01	3.162205376505936028e-01
5.155390177898134571e+05	6.676217526200703967e-01	3.172555340280537872e-01
5.175123685693062143e+05	6.701772372252889909e-01	3.182940405586702215e-01
5.194929201865529758e+05	6.727420468987617141e-01	3.193360693171105047e-01
5.214806983816273860e+05	6.753162149738252129e-01	3.203816324201279042e-01
5.234757289856613497e+05	6.778997749017360297e-01	3.214307420267207283e-01
5.254780379211660475e+05	6.804927602520870478e-01	3.224834103382670514e-01
5.274876512023622636e+05	6.830952047132344829e-01	3.235396495986849752e-01
5.295045949354886543e+05	6.857071420926980077e-01	3.245994720945795109e-01
5.315288953191397013e+05	6.883286063175974023e-01	3.256628901553827449e-01
5.335605786445881240e+05	6.909596314350706647e-01	3.267299161535207608e-01
5.355996712961053709e+05	6.936002516126892337e-01	3.278005625045518068e-01
5.376461997513006208e+05	6.962505011388959719e-01	3.288748416673246133e-01
5.397001905814291677e+05	6.989104144234062899e-01	3.299527661441258308e-01
5.417616704517517937e+05	7.015800259976718856e-01	3.310343484808361825e-01
5.438306661218298832e+05	7.042593705152631056e-01	3.321196012670822317e-01
5.459072044458931778e+05	7.069484827523466741e-01	3.332085371363917581e-01
