0.000000000000000000e+00
3.706842684812727384e+03
7.427397628205362707e+03
1.116171554884000216e+04
1.490984735051426105e+04
1.867184412298398092e+04
2.244775714284810238e+04
2.623763787434110418e+04
3.004153797017643228e+04
3.385950927234673873e+04
3.769160381292540114e+04
4.153787381487048697e+04
4.539837169282429386e+04
4.927315005388669670e+04
5.316226169840386137e+04
5.706575962074380368e+04
6.098369701009173878e+04
6.491612725121434778e+04
6.886310392522532493e+04
7.282468081037886441e+04
7.680091188283008523e+04
8.079185131738870405e+04
8.479755348833347671e+04
8.881807297014910728e+04
9.285346453829761595e+04
9.690378317000810057e+04
1.009690840450518299e+05
1.050494225464975461e+05
1.091448542614940088e+05
1.132554349820450880e+05
1.173812207057888154e+05
1.215222676367803942e+05
1.256786321862742770e+05
1.298503709734915756e+05
1.340375408264067955e+05
1.382401987825497054e+05
1.424584020897836890e+05
1.466922082070983015e+05
1.509416748053911142e+05
1.552068597682684194e+05
1.594878211928412784e+05
1.637846173905411270e+05
1.680973068878916092e+05
1.724259484273176640e+05
1.767706009679748677e+05
1.811313236865426879e+05
1.855081759780321736e+05
1.899012174565917812e+05
1.943105079563541804e+05
1.987361075322227553e+05
2.031780764607116580e+05
2.076364752407616470e+05
2.121113645945764147e+05
2.166028054684461094e+05
2.211108590335692279e+05
2.256355866869080346e+05
2.301770500520092901e+05
2.347353109798773658e+05
2.393104315497796051e+05
2.439024740700954571e+05
2.485115010791986715e+05
2.531375753462875728e+05
2.577807598722411785e+05
2.624411178904976696e+05
2.671187128678713925e+05
2.718136085054737050e+05
2.765258687395395245e+05
2.812555577423123177e+05
2.860027399229356088e+05
2.907674799282941967e+05
2.955498426439268515e+05
3.003498931949040852e+05
3.051676969466849696e+05
3.100033195060561411e+05
3.148568267219872214e+05
3.197282846865302417e+05
3.246177597357500345e+05
3.295253184505924582e+05
3.344510276578071062e+05
3.393949544308490586e+05
3.443571660908027552e+05
3.493377302072818857e+05
3.543367145993702579e+05
3.593541873365226202e+05
3.643902167395052966e+05
3.694448713813174982e+05
3.745182200881275348e+05
3.796103319402055349e+05
3.847212762728768867e+05
3.898511226774449460e+05
3.949999410021430813e+05
4.001678013531018514e+05
4.053547740952740423e+05
4.105609298534262925e+05
4.157863395130459685e+05
4.210310742213767953e+05
4.262952053883241024e+05
4.315788046874480788e+05
4.368819440569542348e+05
4.422046957006456796e+05
4.475471320889205672e+05
4.529093259597490542e+05
4.582913503196684178e+05
4.636932784447795711e+05
4.691151838817195967e+05
4.745571404486892279e+05
4.800192222364421468e+05
4.855015036092924420e+05
4.910040592061274219e+05
4.965269639414297417e+05
5.020702930062902160e+05
5.076341218694117852e+05
5.132185262781677302e+05
5.188235822595993523e+05
5.244493661214860622e+05
5.300959544533335138e+05
5.357634241274623200e+05
5.414518523000238929e+05
5.471613164120558649e+05
5.528918941905379761e+05
5.586436636494530831e+05
5.644167030908265151e+05
5.702110911058124620e+05
5.760269065757519566e+05
5.818642286732436623e+05
5.877231368632242084e+05
5.936037109040506184e+05
5.995060308485645801e+05
6.054301770452095661e+05
6.113762301390962675e+05
6.173442710731225088e+05
6.233343810890477616e+05
6.293466417286125943e+05
6.353811348346562590e+05
6.414379425521914382e+05
6.475171473295593169e+05
6.536188319195387885e+05
6.597430793804628775e+05
6.658899730773379561e+05
6.720595966830211692e+05
6.782520341792944819e+05
6.844673698580437340e+05
6.907056883224095218e+05
6.969670744879178237e+05
7.032516135836399626e+05
7.095593911533497740e+05
7.158904930566789117e+05
7.222450054702900816e+05
7.286230148890628479e+05
7.350246081272398587e+05
7.414498723196457140e+05
7.478988949227998964e+05
7.543717637161840685e+05
7.608685668034048285e+05
7.673893926133697387e+05
7.739343299015040975e+05
7.805034677509590983e+05
7.870968955738376826e+05
7.937147031123805791e+05
8.003569804401840083e+05
8.070238179634567350e+05
8.137153064222005196e+05
8.204315368915102445e+05
8.271726007827250287e+05
8.339385898447602522e+05
8.407295961652863771e+05
8.475457121719948482e+05
8.543870306338611990e+05
8.612536446624265518e+05
8.681456477130143903e+05
8.750631335860509425e+05
8.820061964283001143e+05
8.889749307341452222e+05
8.959694313469205517e+05
9.029897934601367451e+05
9.100361126187986229e+05
9.171084847207234707e+05
9.242070060178069398e+05
9.313317731173587963e+05
9.384828829833995551e+05
9.456604329379743431e+05
9.528645206625030842e+05
9.600952441990810912e+05
9.673527019518120214e+05
9.746369926881405991e+05
9.819482155402298085e+05
9.892864700062570628e+05
9.966518559517911635e+05
1.004044473611154594e+06
1.011464423588776728e+06
1.018911806860559853e+06
1.026386724775245180e+06
1.033889279055804480e+06
1.041419571800789563e+06
1.048977705485778861e+06
1.056563782964721788e+06
1.064177907471322687e+06
1.071820182620485080e+06
1.079490712409706321e+06
1.087189601220477838e+06
1.094916953819701914e+06
1.102672875361134764e+06
1.110457471386787016e+06
1.118270847828390542e+06
1.126113111008789856e+06
1.133984367643453181e+06
1.141884724841864314e+06
1.149814290108983871e+06
1.157773171346744522e+06
1.165761476855491288e+06
1.173779315335437190e+06
1.181826795888188295e+06
1.189904028018165380e+06
1.198011121634124778e+06
1.206148187050672248e+06
1.214315334989704657e+06
1.222512676581962500e+06
1.230740323368520942e+06
1.238998387302307878e+06
1.247286980749597773e+06
1.255606216491598636e+06
1.263956207725930028e+06
1.272337068068157881e+06
1.280748911553393584e+06
1.289191852637785953e+06
1.297666006200090051e+06
1.306171487543248571e+06
1.314708412395930849e+06
1.323276896914130077e+06
1.331877057682709768e+06
1.340509011717014015e+06
1.349172876464442350e+06
1.357868769806048367e+06
1.366596810058149509e+06
1.375357115973915905e+06
1.384149806745008565e+06
1.392975002003168687e+06
1.401832821821864229e+06
1.410723386717896909e+06
1.419646817653070670e+06
1.428603236035814509e+06
1.437592763722839765e+06
1.446615523020780645e+06
1.455671636687873397e+06
1.464761227935614996e+06
1.473884420430429280e+06
1.483041338295343798e+06
1.492232106111712754e+06
1.501456848920863122e+06
1.510715692225820385e+06
1.520008761993002612e+06
1.529336184653912205e+06
1.538698087106904481e+06
1.548094596718852408e+06
1.557525841326913796e+06
1.566991949240258429e+06
1.576493049241811968e+06
1.586029270589987282e+06
1.595600743020466994e+06
1.605207596747959964e+06
1.614849962467947975e+06
1.624527971358474344e+06
1.634241755081926472e+06
1.643991445786831435e+06
1.653777176109638531e+06
1.663599079176516738e+06
1.673457288605177775e+06
1.683351938506682403e+06
1.693283163487263490e+06
1.703251098650148604e+06
1.713255879597405903e+06
1.723297642431764398e+06
1.733376523758491036e+06
1.743492660687225405e+06
1.753646190833844710e+06
1.763837252322335262e+06
1.774065983786670025e+06
1.784332524372693151e+06
1.794637013740006369e+06
1.804979592063846998e+06
1.815360400037029758e+06
1.825779578871837817e+06
1.836237270301922690e+06
1.846733616584255826e+06
1.857268760501055978e+06
1.867842845361700282e+06
1.878456015004719608e+06
1.889108413799703121e+06
1.899800186649296433e+06
1.910531478991148062e+06
1.921302436799888499e+06
1.932113206589108333e+06
1.942963935413364321e+06
1.953854770870158914e+06
1.964785861101946328e+06
1.975757354798151646e+06
1.986769401197199244e+06
1.997822150088505354e+06
2.008915751814547461e+06
2.020050357272893190e+06
2.031226117918243632e+06
2.042443185764495283e+06
2.053701713386798743e+06
2.065001853923644871e+06
2.076343761078932788e+06
2.087727589124062564e+06
2.099153492900015321e+06
2.110621627819471527e+06
2.122132149868923239e+06
2.133685215610782616e+06
2.145280982185504865e+06
2.156919607313742861e+06
2.168601249298468698e+06
2.180326067027129233e+06
2.192094219973791391e+06
2.203905868201337289e+06
2.215761172363620251e+06
2.227660293707635719e+06
2.239603394075720105e+06
2.251590635907762684e+06
2.263622182243396062e+06
2.275698196724202950e+06
2.287818843595955055e+06
2.299984287710841279e+06
2.312194694529690780e+06
2.324450230124223977e+06
2.336751061179336626e+06
2.349097354995326139e+06
2.361489279490194283e+06
2.373927003201870713e+06
2.386410695290581789e+06
2.398940525541094597e+06
2.411516664365028497e+06
2.424139282803175040e+06
2.436808552527824882e+06
2.449524645845118910e+06
2.462287735697318800e+06
2.475097995665233117e+06
2.487955599970527925e+06
2.500860723478122614e+06
2.513813541698531248e+06
2.526814230790260714e+06
2.539862967562215403e+06
2.552959929476090241e+06
2.566105294648763724e+06
2.579299241854750551e+06
2.592541950528581627e+06
2.605833600767294411e+06
2.619174373332825489e+06
2.632564449654506054e+06
2.646004011831510346e+06
2.659493242635329720e+06
2.673032325512268580e+06
2.686621444585878402e+06
2.700260784659544937e+06
2.713950531218906399e+06
2.727690870434462093e+06
2.741481989164029248e+06
2.755324074955301825e+06
2.769217316048421897e+06
2.783161901378511451e+06
2.797158020578225143e+06
2.811205863980381284e+06
2.825305622620452195e+06
2.839457488239267841e+06
2.853661653285518754e+06
2.867918310918449890e+06
2.882227655010422692e+06
2.896589880149597302e+06
2.911005181642510463e+06
2.925473755516821519e+06
2.939995798523878213e+06
2.954571508141454775e+06
2.969201082576419227e+06
2.983884720767364372e+06
2.998622622387405485e+06
3.013414987846829928e+06
3.028262018295823596e+06
3.043163915627229959e+06
3.058120882479273248e+06
3.073133122238282580e+06
3.088200839041518047e+06
3.103324237779875752e+06
3.118503524100703653e+06
3.133738904410611838e+06
3.149030585878228769e+06
3.164378776437053457e+06
3.179783684788275976e+06
3.195245520403551869e+06
3.210764493527929299e+06
3.226340815182657912e+06
3.241974697168083861e+06
3.257666352066477761e+06
3.273415993244950660e+06
3.289223834858366288e+06
3.305090091852237470e+06
3.321014979965615086e+06
3.336998715734044090e+06
3.353041516492517665e+06
3.369143600378401577e+06
3.385305186334403232e+06
3.401526494111555628e+06
3.417807744272181764e+06
3.434149158192911185e+06
3.450550958067677915e+06
3.467013366910721175e+06
3.483536608559615910e+06
3.500120907678344287e+06
3.516766489760318771e+06
3.533473581131446175e+06
3.550242408953214064e+06
3.567073201225732453e+06
3.583966186790902168e+06
3.600921595335461199e+06
3.617939657394126058e+06
3.635020604352711700e+06
3.652164668451284990e+06
3.669372082787334919e+06
3.686643081318894401e+06
3.703977898867734708e+06
3.721376771122559905e+06
3.738839934642229229e+06
3.756367626858918928e+06
3.773960086081380025e+06
3.791617551498172805e+06
3.809340263180874288e+06
3.827128462087421678e+06
3.844982390065289102e+06
3.862902289854843169e+06
3.880888405092592351e+06
3.898940980314531364e+06
3.917060260959415697e+06
3.935246493372145109e+06
3.953499924807089381e+06
3.971820803431409411e+06
3.990209378328504972e+06
4.008665899501305073e+06
4.027190617875731550e+06
4.045783785304054618e+06
4.064445654568390921e+06
4.083176479384046979e+06
4.101976514402981848e+06
4.120846015217319131e+06
4.139785238362761214e+06
4.158794441322114319e+06
4.177873882528732531e+06
4.197023821370072663e+06
4.216244518191214651e+06
4.235536234298354946e+06
4.254899231962403283e+06
4.274333774422494695e+06
4.293840125889618881e+06
4.313418551550163887e+06
4.333069317569519393e+06
4.352792691095731221e+06
4.372588940263082273e+06
4.392458334195746109e+06
4.412401143011457287e+06
4.432417637825150974e+06
4.452508090752683580e+06
4.472672774914467707e+06
4.492911964439253323e+06
4.513225934467785992e+06
4.533614961156589910e+06
4.554079321681675501e+06
4.574619294242334552e+06
4.595235158064888790e+06
4.615927193406525999e+06
4.636695681559050456e+06
4.657540904852744192e+06
4.678463146660183556e+06
4.699462691400077194e+06
4.720539824541152455e+06
4.741694832605998032e+06
4.762928003174984828e+06
4.784239624890157953e+06
4.805629987459165975e+06
4.827099381659161299e+06
4.848648099340760149e+06
4.870276433432055637e+06
4.891984677942524664e+06
4.913773127967071719e+06
4.935642079689999111e+06
4.957591830389034934e+06
4.979622678439375944e+06
5.001734923317760229e+06
5.023928865606496111e+06
5.046204806997559033e+06
5.068563050296693109e+06
5.091003899427511729e+06
5.113527659435619600e+06
5.136134636492785066e+06
5.158825137901064940e+06
5.181599472096960992e+06
5.204457948655668646e+06
5.227400878295240924e+06
5.250428572880797088e+06
5.273541345428759232e+06
5.296739510111138225e+06
5.320023382259768434e+06
5.343393278370588087e+06
5.366849516107920557e+06
5.390392414308851585e+06
5.414022292987478897e+06
5.437739473339320160e+06
5.461544277745628729e+06
5.485437029777782969e+06
5.509418054201712832e+06
5.533487676982252859e+06
5.557646225287612528e+06
5.581894027493784204e+06
5.606231413189026527e+06
5.630658713178352453e+06
5.655176259487953037e+06
5.679784385369786993e+06
5.704483425306064077e+06
5.729273715013756417e+06
5.754155591449255124e+06
5.779129392812825739e+06
5.804195458553271368e+06
5.829354129372507334e+06
5.854605747230251320e+06
5.879950655348582193e+06
5.905389198216632009e+06
5.930921721595304087e+06
5.956548572521867231e+06
5.982270099314781837e+06
6.008086651578350924e+06
6.033998580207495019e+06
6.060006237392545678e+06
6.086109976623944938e+06
6.112310152697123587e+06
6.138607121717289090e+06
6.165001241104225628e+06
6.191492869597230107e+06
6.218082367259894498e+06
6.244770095485081896e+06
6.271556416999693960e+06
6.298441695869757794e+06
6.325426297505278140e+06
6.352510588665232994e+06
6.379694937462485395e+06
6.406979713368856348e+06
6.434365287220138125e+06
6.461852031221068464e+06
6.489440318950435147e+06
6.517130525366143323e+06
6.544923026810291223e+06
6.572818201014279388e+06
6.600816427103939466e+06
6.628918085604716092e+06
6.657123558446758427e+06
6.685433228970176540e+06
6.713847481930206530e+06
6.742366703502462246e+06
6.770991281288146041e+06
6.799721604319331236e+06
6.828558063064223155e+06
6.857501049432515167e+06
6.886550956780624576e+06
6.915708179917089641e+06
6.944973115107942373e+06
6.974346160082053393e+06
7.003827714036514051e+06
7.033418177642129362e+06
7.063117953048760071e+06
7.092927443890869617e+06
7.122847055292984471e+06
7.152877193875119090e+06
7.183018267758403905e+06
7.213270686570565216e+06
7.243634861451481469e+06
7.274111205058793537e+06
7.304700131573501043e+06
7.335402056705568917e+06
7.366217397699588910e+06
7.397146573340425268e+06
7.428190003958901390e+06
7.459348111437536776e+06
7.490621319216230884e+06
7.522010052298069000e+06
7.553514737255033106e+06
7.585135802233798429e+06
7.616873676961602643e+06
7.648728792752031237e+06
7.680701582510864362e+06
7.712792480741979554e+06
7.745001923553239554e+06
7.777330348662419245e+06
7.809778195403160527e+06
7.842345904730901122e+06
7.875033919228887185e+06
7.907842683114176616e+06
7.940772642243670300e+06
7.973824244120156392e+06
8.006997937898395583e+06
8.040294174391213804e+06
8.073713406075637788e+06
8.107256087099008262e+06
8.140922673285143450e+06
8.174713622140575200e+06
8.208629392860719934e+06
8.242670446336112916e+06
8.276837245158689097e+06
8.311130253628022969e+06
8.345549937757680193e+06
8.380096765281507745e+06
8.414771205660000443e+06
8.449573730086669326e+06
8.484504811494436115e+06
8.519564924562055618e+06
8.554754545720560476e+06
8.590074153159750625e+06
8.625524226834621280e+06
8.661105248471945524e+06
8.696817701576786116e+06
8.732662071439078078e+06
8.768638845140168443e+06
8.804748511559469625e+06
8.840991561381114647e+06
8.877368487100556493e+06
8.913879783031307161e+06
8.950525945311622694e+06
8.987307471911247820e+06
9.024224862638175488e+06
9.061278619145432487e+06
9.098469244937883690e+06
9.135797245379066095e+06
9.173263127698050812e+06
9.210867400996353477e+06
9.248610576254813001e+06
9.286493166340515018e+06
9.324515686013836414e+06
9.362678651935314760e+06
9.400982582672754303e+06
9.439427998708235100e+06
9.478015422445163131e+06
9.516745378215383738e+06
9.555618392286315560e+06
9.594634992868028581e+06
9.633795710120497271e+06
9.673101076160715893e+06
9.712551625070028007e+06
9.752147892901256680e+06
9.791890417686056346e+06
9.831779739442219958e+06
9.871816400180958211e+06
9.912000943914314732e+06
9.952333916662484407e+06
9.992815866461312398e+06
1.003344734336965717e+07
1.007422889947691001e+07
1.011516108891044557e+07
1.015624446784318611e+07
1.019747959450110793e+07
1.023886702917086706e+07
1.028040733420736901e+07
1.032210107404142059e+07
1.036394881518737413e+07
1.040595112625084817e+07
1.044810857793642208e+07
1.049042174305539392e+07
1.053289119653354585e+07
1.057551751541894302e+07
1.061830127888981067e+07
1.066124306826236099e+07
1.070434346699866094e+07
1.074760306071459688e+07
1.079102243718781322e+07
1.083460218636568636e+07
1.087834290037333779e+07
1.092224517352165654e+07
1.096630960231538303e+07
1.101053678546120785e+07
1.105492732387588732e+07
1.109948182069440186e+07
1.114420088127816655e+07
1.118908511322320998e+07
1.123413512636847422e+07
1.127935153280403279e+07
1.132473494687944278e+07
1.137028598521206900e+07
1.141600526669545658e+07
1.146189341250774637e+07
1.150795104612007923e+07
1.155417879330508411e+07
1.160057728214535303e+07
1.164714714304197766e+07
1.169388900872312300e+07
1.174080351425258815e+07
1.178789129703845084e+07
1.183515299684169143e+07
1.188258925578490831e+07
1.193020071836101636e+07
1.197798803144202009e+07
1.202595184428774565e+07
1.207409280855469778e+07
1.212241157830490731e+07
1.217090881001478806e+07
1.221958516258402355e+07
1.226844129734458774e+07
1.231747787806968205e+07
1.236669557098271698e+07
1.241609504476635344e+07
1.246567697057168372e+07
1.251544202202722058e+07
1.256539087524810061e+07
1.261552420884524658e+07
1.266584270393457823e+07
1.271634704414627329e+07
1.276703791563399136e+07
1.281791600708430447e+07
1.286898200972593576e+07
1.292023661733921431e+07
1.297168052626539581e+07
1.302331443541625887e+07
1.307513904628347047e+07
1.312715506294815429e+07
1.317936319209044985e+07
1.323176414299912192e+07
1.328435862758114748e+07
1.333714736037138104e+07
1.339013105854235590e+07
1.344331044191384688e+07
1.349668623296278156e+07
1.355025915683300234e+07
1.360402994134507701e+07
1.365799931700623222e+07
1.371216801702024974e+07
1.376653677729738876e+07
1.382110633646443300e+07
1.387587743587467633e+07
1.393085081961799599e+07
1.398602723453096114e+07
1.404140743020697497e+07
1.409699215900640748e+07
1.415278217606688105e+07
1.420877823931343667e+07
1.426498110946889408e+07
1.432139155006417818e+07
1.437801032744858786e+07
1.443483821080032922e+07
1.449187597213688120e+07
1.454912438632547483e+07
1.460658423109363951e+07
1.466425628703974187e+07
1.472214133764360473e+07
1.478024016927707940e+07
1.483855357121481933e+07
1.489708233564491943e+07
1.495582725767970271e+07
1.501478913536648825e+07
1.507396876969843917e+07
1.513336696462542750e+07
1.519298452706499211e+07
1.525282226691320911e+07
1.531288099705577642e+07
1.537316153337897919e+07
1.543366469478078745e+07
1.549439130318200774e+07
1.555534218353734538e+07
1.561651816384672001e+07
1.567792007516643219e+07
1.573954875162045285e+07
1.580140503041177616e+07
1.586348975183374807e+07
1.592580375928148627e+07
1.598834789926334098e+07
1.605112302141239494e+07
1.611412997849795222e+07
1.617736962643713504e+07
1.624084282430652529e+07
1.630455043435380608e+07
1.636849332200944796e+07
1.643267235589851439e+07
1.649708840785237774e+07
1.656174235292060673e+07
1.662663506938284636e+07
1.669176743876070157e+07
1.675714034582974017e+07
1.682275467863146588e+07
1.688861132848542929e+07
1.695471119000124931e+07
1.702105516109086201e+07
1.708764414298059791e+07
1.715447904022344947e+07
1.722156076071143895e+07
1.728889021568780020e+07
1.735646831975945830e+07
1.742429599090940133e+07
1.749237415050913393e+07
1.756070372333117947e+07
1.762928563756169006e+07
1.769812082481295243e+07
1.776721022013612837e+07
1.783655476203389093e+07
1.790615539247318730e+07
1.797601305689801276e+07
1.804612870424222201e+07
1.811650328694247454e+07
1.818713776095110178e+07
1.825803308574912325e+07
1.832919022435925901e+07
1.840061014335896820e+07
1.847229381289362162e+07
1.854424220668964460e+07
1.861645630206774920e+07
1.868893707995614037e+07
1.876168552490397915e+07
1.883470262509455159e+07
1.890798937235882133e+07
1.898154676218887046e+07
1.905537579375135154e+07
1.912947746990112960e+07
1.920385279719481617e+07
1.927850278590456024e+07
1.935342845003155619e+07
1.942863080732004344e+07
1.950411087927095219e+07
1.957986969115579128e+07
1.965590827203067392e+07
1.973222765475015342e+07
1.980882887598134577e+07
1.988571297621790320e+07
1.996288099979424477e+07
2.004033399489964917e+07
2.011807301359251142e+07
2.019609911181464419e+07
2.027441334940557927e+07
2.035301679011697695e+07
2.043191050162704661e+07
2.051109555555504560e+07
2.059057302747587115e+07
2.067034399693455547e+07
2.075040954746101797e+07
2.083077076658474654e+07
2.091142874584953859e+07
2.099238458082831278e+07
2.107363937113804743e+07
2.115519422045461461e+07
2.123705023652781174e+07
2.131920853119641170e+07
2.140167022040323541e+07
2.148443642421025783e+07
2.156750826681390032e+07
2.165088687656023726e+07
2.173457338596031070e+07
2.181856893170548975e+07
2.190287465468296036e+07
2.198749169999117404e+07
2.207242121695536748e+07
2.215766435914317518e+07
2.224322228438035026e+07
2.232909615476638824e+07
2.241528713669035211e+07
2.250179640084671974e+07
2.258862512225123495e+07
2.267577448025686666e+07
2.276324565856985375e+07
2.285103984526572004e+07
2.293915823280544579e+07
2.302760201805161312e+07
2.311637240228469670e+07
2.320547059121933207e+07
2.329489779502069578e+07
2.338465522832095996e+07
2.347474411023572087e+07
2.356516566438060999e+07
2.365592111888783053e+07
2.374701170642294362e+07
2.383843866420145705e+07
2.393020323400571570e+07
2.402230666220175847e+07
2.411475019975617900e+07
2.420753510225314647e+07
2.430066262991143391e+07
2.439413404760157689e+07
2.448795062486293167e+07
2.458211363592099398e+07
2.467662435970471427e+07
2.477148407986378297e+07
2.486669408478608727e+07
2.496225566761523113e+07
2.505817012626799941e+07
2.515443876345212758e+07
2.525106288668382540e+07
2.534804380830560997e+07
2.544538284550411999e+07
2.554308132032797486e+07
2.564114055970568955e+07
2.573956189546375349e+07
2.583834666434467956e+07
2.593749620802513137e+07
2.603701187313418463e+07
2.613689501127151027e+07
2.623714697902584821e+07
2.633776913799328357e+07
2.643876285479582101e+07
2.654012950109997764e+07
2.664187045363526791e+07
2.674398709421298280e+07
2.684648080974497646e+07
2.694935299226234108e+07
2.705260503893447667e+07
2.715623835208797455e+07
2.726025433922565356e+07
2.736465441304568201e+07
2.746943999146069959e+07
2.757461249761715904e+07
2.768017335991458222e+07
2.778612401202493161e+07
2.789246589291215315e+07
2.799920044685164467e+07
2.810632912344981357e+07
2.821385337766386941e+07
2.832177466982147470e+07
2.843009446564067155e+07
2.853881423624964431e+07
2.864793545820675790e+07
2.875745961352066696e+07
2.886738818967031315e+07
2.897772267962516844e+07
2.908846458186553791e+07
2.919961540040280670e+07
2.931117664479998127e+07
2.942314983019205183e+07
2.953553647730664164e+07
2.964833811248461902e+07
2.976155626770086214e+07
2.987519248058495671e+07
2.998924829444214329e+07
3.010372525827422738e+07
3.021862492680066824e+07
3.033394886047960445e+07
3.044969862552906945e+07
3.056587579394829273e+07
3.068248194353894889e+07
3.079951865792667493e+07
3.091698752658245340e+07
3.103489014484427869e+07
3.115322811393883452e+07
3.127200304100303352e+07
3.139121653910613060e+07
3.151087022727136314e+07
3.163096573049807921e+07
3.175150467978370935e+07
3.187248871214596182e+07
3.199391947064499930e+07
3.211579860440579429e+07
3.223812776864043996e+07
3.236090862467069924e+07
3.248414283995052800e+07
3.260783208808861673e+07
3.273197804887127131e+07
3.285658240828508884e+07
3.298164685853991657e+07
3.310717309809176624e+07
3.323316283166589588e+07
3.335961777027995884e+07
3.348653963126718253e+07
3.361393013829976320e+07
3.374179102141217142e+07
3.387012401702470332e+07
3.399893086796696484e+07
3.412821332350170612e+07
3.425797313934834301e+07
3.438821207770693302e+07
3.451893190728206933e+07
3.465013440330679715e+07
3.478182134756686538e+07
3.491399452842483670e+07
3.504665574084430933e+07
3.517980678641438484e+07
3.531344947337401658e+07
3.544758561663666368e+07
3.558221703781481832e+07
3.571734556524484605e+07
3.585297303401167691e+07
3.598910128597383201e+07
3.612573216978833079e+07
3.626286754093585163e+07
3.640050926174584776e+07
3.653865920142193884e+07
3.667731923606719077e+07
3.681649124870955199e+07
3.695617712932749838e+07
3.709637877487569302e+07
3.723709808931069076e+07
3.737833698361671716e+07
3.752009737583174556e+07
3.766238119107344002e+07
3.780519036156536639e+07
3.794852682666305453e+07
3.809239253288049251e+07
3.823678943391656876e+07
3.838171949068134278e+07
3.852718467132296413e+07
3.867318695125420392e+07
3.881972831317932904e+07
3.896681074712100625e+07
