0.000000000000000000e+00	0.000000000000000000e+00	0.000000000000000000e+00
5.105251081976684446e+01	6.607992311483143022e-05	2.547705052485081667e-02
1.021760551077259862e+02	1.322848637461050041e-04	2.544885451837161985e-02
1.533803688834229035e+02	1.985943947870396644e-04	2.542524654813259691e-02
2.046745089278779801e+02	2.650202451873114604e-04	2.540589190899136471e-02
2.560669170219164812e+02	3.315733474320005326e-04	2.539048707314399064e-02
3.075654774918139083e+02	3.982639120672844821e-04	2.537875646293380819e-02
3.591775688065959571e+02	4.651014945225720801e-04	2.537044958096858899e-02
4.109101098847266371e+02	5.320950550808931957e-04	2.536533845613192159e-02
4.627696016918284840e+02	5.992530127508235126e-04	2.536321536903381538e-02
5.147621646439588403e+02	6.665832937062892132e-04	2.536389082479785506e-02
5.668935722720057129e+02	7.340933748842446392e-04	2.536719174490649487e-02
6.191692815506721672e+02	8.017903232627461400e-04	2.537295985317376823e-02
6.715944602496974767e+02	8.696808312826055307e-04	2.538105023386251838e-02
7.241740116245074432e+02	9.377712488234100138e-04	2.539133004254992901e-02
7.769125967277602740e+02	1.006067612098430130e-03	2.540367735261690393e-02
8.298146545918028778e+02	1.074575669792205129e-03	2.541798012223697376e-02
8.828844205041083342e+02	1.143300906728402086e-03	2.543413526849898007e-02
9.361259425732624777e+02	1.212248565323817027e-03	2.545204783684537966e-02
9.895430967612870745e+02	1.281423665056173828e-03	2.547163025536998415e-02
1.043139600538703689e+03	1.350831020148276530e-03	2.549280166471868878e-02
1.096919025301900547e+03	1.420475255649259177e-03	2.551548731539696885e-02
1.150884807677104618e+03	1.490360822073912885e-03	2.553961802521636376e-02
1.205040259821944574e+03	1.560492008743826972e-03	2.556512969043970088e-02
1.259388578823691887e+03	1.630872955958665100e-03	2.559196284490559276e-02
1.313932855282736455e+03	1.701507666112267447e-03	2.562006226205898463e-02
1.368676081160506328e+03	1.772400013856159640e-03	2.564937659537581613e-02
1.423621156962726673e+03	1.843553755402281254e-03	2.567985805317601553e-02
1.478770898321534105e+03	1.914972537047195805e-03	2.571146210425580281e-02
1.534128042033299153e+03	1.986659902991404301e-03	2.574414721116749516e-02
1.589695251603304314e+03	2.058619302520007556e-03	2.577787458831750853e-02
1.645475122343121484e+03	2.130854096604087745e-03	2.581260798236467008e-02
1.701470186061790400e+03	2.203367563976032454e-03	2.584831347266816973e-02
1.757682915387995536e+03	2.276162906726982536e-03	2.588495928978179483e-02
1.814115727756512570e+03	2.349243255469488003e-03	2.592251565019987672e-02
1.870770989088977785e+03	2.422611674104293514e-03	2.596095460575596758e-02
1.927651017196066960e+03	2.496271164226330445e-03	2.600024990623794538e-02
1.984758084925506409e+03	2.570224669201551237e-03	2.604037687394199913e-02
2.042094423078033969e+03	2.644475077943239834e-03	2.608131228901167109e-02
2.099662223111286949e+03	2.719025228413678510e-03	2.612303428453677592e-02
2.157463639649543438e+03	2.793877910874383898e-03	2.616552225048511884e-02
2.215500792815695604e+03	2.869035870906122641e-03	2.620875674563947696e-02
2.273775770400518013e+03	2.944501812218214536e-03	2.625271941679463775e-02
2.332290629882170833e+03	3.020278399263880576e-03	2.629739292454325375e-02
2.391047400308576471e+03	3.096368259678005611e-03	2.634276087504984487e-02
2.450048084053577895e+03	3.172773986551448867e-03	2.638880775726798814e-02
2.509294658456913567e+03	3.249498140554871965e-03	2.643551888511216572e-02
2.568789077357272618e+03	3.326543251924119100e-03	2.648288034414422731e-02
2.628533272526657129e+03	3.403911822317778457e-03	2.653087894237357233e-02
2.688529155013918626e+03	3.481606326557114620e-03	2.657950216481328939e-02
2.748778616404087643e+03	3.559629214256953677e-03	2.662873813146656582e-02
2.809283530000134760e+03	3.637982911356113513e-03	2.667857555844728445e-02
2.870045751932781968e+03	3.716669821554655171e-03	2.672900372197083152e-02
2.931067122203732197e+03	3.795692327664901972e-03	2.678001242497141457e-02
2.992349465667352888e+03	3.875052792882762408e-03	2.683159196612781849e-02
3.053894592954930886e+03	3.954753561984676764e-03	2.688373311109746450e-02
3.115704301345893782e+03	4.034796962455875630e-03	2.693642706578067841e-02
3.177780375589597043e+03	4.115185305554634049e-03	2.698966545144605711e-02
3.240124588681137084e+03	4.195920887316968717e-03	2.704344028157323193e-02
3.302738702594517235e+03	4.277005989506123262e-03	2.709774394027156946e-02
3.365624468975841410e+03	4.358442880510273766e-03	2.715256916215420466e-02
3.428783629799454047e+03	4.440233816192252700e-03	2.720790901355270991e-02
3.492217917989378293e+03	4.522381040694336586e-03	2.726375687496778930e-02
3.555929058008357970e+03	4.604886787201075034e-03	2.732010642466531011e-02
3.619918766416715698e+03	4.687753278663024312e-03	2.737695162332622750e-02
3.684188752402879345e+03	4.770982728483808867e-03	2.743428669967546557e-02
3.748740718287378968e+03	4.854577341172804095e-03	2.749210613701548456e-02
3.813576360002087313e+03	4.938539312965770957e-03	2.755040466059844456e-02
3.878697367546189980e+03	5.022870832415354987e-03	2.760917722577528946e-02
3.944105425420338179e+03	5.107574080953322312e-03	2.766841900686757907e-02
4.009802213040318293e+03	5.192651233426279558e-03	2.772812538670924379e-02
4.075789405131464719e+03	5.278104458606447565e-03	2.778829194681172246e-02
4.142068672105021506e+03	5.363935919679064038e-03	2.784891445810799143e-02
4.208641680417496900e+03	5.450147774707754349e-03	2.790998887223714378e-02
4.275510092913920744e+03	5.536742177079063097e-03	2.797151131333176430e-02
4.342675569156120218e+03	5.623721275927576722e-03	2.803347807027226080e-02
4.410139765736775189e+03	5.711087216542644167e-03	2.809588558938145089e-02
4.477904336579968913e+03	5.798842140757582905e-03	2.815873046752389794e-02
4.545970933229144975e+03	5.886988187322604593e-03	2.822200944558921759e-02
4.614341205123287182e+03	5.975527492262469945e-03	2.828571940233121432e-02
4.683016799861406071e+03	6.064462189219004679e-03	2.834985734854005707e-02
4.751999363456858191e+03	6.153794409780452383e-03	2.841442042152773212e-02
4.821290540581115238e+03	6.243526283797160362e-03	2.847940587990518968e-02
4.890891974798364572e+03	6.333659939685393030e-03	2.854481109863401742e-02
4.960805308790792878e+03	6.424197504719087251e-03	2.861063356433585572e-02
5.031032184575537030e+03	6.515141105310790805e-03	2.867687087084238792e-02
5.101574243713225769e+03	6.606492867281754493e-03	2.874352071497301639e-02
5.172433127509078986e+03	6.698254916122334951e-03	2.881058089252534760e-02
5.243610477206657379e+03	6.790429377242922400e-03	2.887804929446509752e-02
5.315107934174542606e+03	6.883018376215694310e-03	2.894592390330677154e-02
5.386927140086540930e+03	6.976024039007969538e-03	2.901420278966965888e-02
5.459069737095655000e+03	7.069448492207525483e-03	2.908288410900223067e-02
5.531537368002005678e+03	7.163293863240043080e-03	2.915196609846385997e-02
5.604331676415241418e+03	7.257562280579446350e-03	2.922144707395521457e-02
5.677454306911242384e+03	7.352255873950820815e-03	2.929132542728908259e-02
5.750906905184118841e+03	7.447376774527268185e-03	2.936159962349345690e-02
5.824691118193145485e+03	7.542927115120182970e-03	2.943226819823915180e-02
5.898808594304975486e+03	7.638909030363427201e-03	2.950332975538683816e-02
5.973260983431440764e+03	7.735324656891773634e-03	2.957478296464488565e-02
6.048049937163234063e+03	7.832176133514046762e-03	2.964662655933330768e-02
6.123177108899480118e+03	7.929465601380896594e-03	2.971885933424772697e-02
6.198644153973526045e+03	8.027195204147715216e-03	2.979148014361824789e-02
6.274452729774879117e+03	8.125367088132547794e-03	2.986448789915831584e-02
6.350604495867838523e+03	8.223983402469714488e-03	2.993788156819784940e-02
6.427101114106828391e+03	8.323046299259171873e-03	3.001166017189819957e-02
6.503944248748251084e+03	8.422557933711374498e-03	3.008582278354298908e-02
6.581135566559481958e+03	8.522520464288411979e-03	3.016036852690230641e-02
6.658676736925061050e+03	8.622936052841532681e-03	3.023529657466538303e-02
6.736569431949597856e+03	8.723806864744417314e-03	3.031060614693900646e-02
6.814815326558698871e+03	8.825135069023859122e-03	3.038629650980835886e-02
6.893416098596752818e+03	8.926922838486431658e-03	3.046236697395741586e-02
6.972373428922539460e+03	9.029172349842259568e-03	3.053881689334515814e-02
7.051689001502410065e+03	9.131885783825737998e-03	3.061564566393620498e-02
7.131364503501189574e+03	9.235065325313205828e-03	3.069285272248207727e-02
7.211401625371160662e+03	9.338713163438219778e-03	3.077043754535118553e-02
7.291802060938570321e+03	9.442831491703551627e-03	3.084839964740480542e-02
7.372567507488498450e+03	9.547422508091117643e-03	3.092673858091935998e-02
7.453699665847700999e+03	9.652488415169243469e-03	3.100545393454770191e-02
7.535200240465546813e+03	9.758031420197493463e-03	3.108454533232245937e-02
7.617070939493457445e+03	9.864053735229532868e-03	3.116401243269839236e-02
7.699313474862391558e+03	9.970557577213483291e-03	3.124385492762937061e-02
7.781929562358827752e+03	1.007754516809031449e-02	3.132407254168257521e-02
7.864920921699331302e+03	1.018501873489040775e-02	3.140466503118438668e-02
7.948289276603361031e+03	1.029298050982785026e-02	3.148563218339914954e-02
8.032036354864942041e+03	1.040143273039323933e-02	3.156697381573849576e-02
8.116163888422837772e+03	1.051037763944456978e-02	3.164868977499928071e-02
8.200673613429258694e+03	1.061981748529620441e-02	3.173077993663005192e-02
8.285567270317598741e+03	1.072975452180659206e-02	3.181324420402400349e-02
8.370846603868860257e+03	1.084019100846429946e-02	3.189608250783804166e-02
8.456513363276480959e+03	1.095112921047194585e-02	3.197929480533513030e-02
8.542569302211015383e+03	1.106257139882997967e-02	3.206288107975164420e-02
8.629016178882811801e+03	1.117451985041784633e-02	3.214684133968642721e-02
8.715855756103839667e+03	1.128697684807404393e-02	3.223117561851111118e-02
8.803089801348978654e+03	1.139994468067550420e-02	3.231588397380239647e-02
8.890720086815832474e+03	1.151342564321504794e-02	3.240096648679217928e-02
8.978748389483900610e+03	1.162742203687800596e-02	3.248642326183916185e-02
9.067176491172600436e+03	1.174193616911737952e-02	3.257225442591623471e-02
9.156006178598971019e+03	1.185697035372853744e-02	3.265846012811789156e-02
9.245239243433859883e+03	1.197252691092200866e-02	3.274504053918197988e-02
9.334877482357778717e+03	1.208860816739578542e-02	3.283199585102956897e-02
9.424922697115856863e+03	1.220521645640651812e-02	3.291932627631943137e-02
9.515376694572070846e+03	1.232235411783972473e-02	3.300703204801830326e-02
9.606241286762808159e+03	1.244002349827916416e-02	3.309511341898348225e-02
9.697518290949576112e+03	1.255822695107507853e-02	3.318357066156206459e-02
9.789209529671266864e+03	1.267696683641190980e-02	3.327240406720131938e-02
9.881316830795905844e+03	1.279624552137527578e-02	3.336161394607300990e-02
9.973842027571343351e+03	1.291606538001765017e-02	3.345120062670878247e-02
1.006678695867557326e+04	1.303642879342349625e-02	3.354116445564892662e-02
1.016015346826689529e+04	1.315733814977424962e-02	3.363150579710139088e-02
1.025394340603281125e+04	1.327879584441162865e-02	3.372222503261218529e-02
1.034815862723885220e+04	1.340080427990087385e-02	3.381332256074701115e-02
1.044280099277703630e+04	1.352336586609348412e-02	3.390479879678119646e-02
1.053787236921324075e+04	1.364648302018858263e-02	3.399665417240148313e-02
1.063337462883490298e+04	1.377015816679467985e-02	3.408888913541607835e-02
1.072930964969757770e+04	1.389439373798996916e-02	3.418150414947442733e-02
1.082567931567135020e+04	1.401919217338243838e-02	3.427449969379585404e-02
1.092248551648710600e+04	1.414455592016976293e-02	3.436787626290516845e-02
1.101973014778164179e+04	1.427048743319776769e-02	3.446163436637930677e-02
1.111741511114346577e+04	1.439698917501969211e-02	3.455577452859914800e-02
1.121554231415709182e+04	1.452406361595359567e-02	3.465029728851072577e-02
1.131411367044793587e+04	1.465171323414045379e-02	3.474520319939234519e-02
1.141313109972622442e+04	1.477994051560106194e-02	3.484049282863076885e-02
1.151259652783082674e+04	1.490874795429277325e-02	3.493616675750253753e-02
1.161251188677271966e+04	1.503813805216579549e-02	3.503222558096195233e-02
1.171287911477846683e+04	1.516811331921948287e-02	3.512866990743716833e-02
1.181370015633284311e+04	1.529867627355756092e-02	3.522550035863061119e-02
1.191497696222140621e+04	1.542982944144322653e-02	3.532271756932677670e-02
1.201671148957305923e+04	1.556157535735429136e-02	3.542032218720493619e-02
1.211890570190205472e+04	1.569391656403756191e-02	3.551831487265739995e-02
1.222156156914974781e+04	1.582685561256292131e-02	3.561669629861395625e-02
1.232468106772622014e+04	1.596039506237722366e-02	3.571546715037147990e-02
1.242826618055188374e+04	1.609453748135817458e-02	3.581462812542764163e-02
1.253231889709837196e+04	1.622928544586727667e-02	3.591417993332022413e-02
1.263684121342960862e+04	1.636464154080303698e-02	3.601412329547181573e-02
1.274183513224245144e+04	1.650060835965357769e-02	3.611445894503780008e-02
1.284730266290726831e+04	1.663718850454918435e-02	3.621518762676013276e-02
1.295324582150855713e+04	1.677438458631492699e-02	3.631631009682412259e-02
1.305966663088471068e+04	1.691219922452214322e-02	3.641782712272026434e-02
1.316656712066831824e+04	1.705063504754061182e-02	3.651973948311025564e-02
1.327394932732597226e+04	1.718969469259013991e-02	3.662204796769671922e-02
1.338181529419797153e+04	1.732938080579195239e-02	3.672475337709605464e-02
1.349016707153771677e+04	1.746969604221971020e-02	3.682785652271600846e-02
1.359900671655148290e+04	1.761064306595102463e-02	3.693135822663654033e-02
1.370833629343741268e+04	1.775222455011795167e-02	3.703525932149387412e-02
1.381815787342473777e+04	1.789444317695778122e-02	3.713956065036799759e-02
1.392847353481292339e+04	1.803730163786373270e-02	3.724426306667377728e-02
1.403928536301031636e+04	1.818080263343499134e-02	3.734936743405508491e-02
1.415059545057340802e+04	1.832494887352758423e-02	3.745487462628142861e-02
1.426240589724508391e+04	1.846974307730387191e-02	3.756078552714910146e-02
1.437471880999373570e+04	1.861518797328323704e-02	3.766710103038335700e-02
1.448753630305119259e+04	1.876128629939118053e-02	3.777382203954426920e-02
1.460086049795178769e+04	1.890804080300992340e-02	3.788094946793602036e-02
1.471469352357011667e+04	1.905545424102730173e-02	3.798848423851768769e-02
1.482903751615983492e+04	1.920352937988700770e-02	3.809642728381754107e-02
1.494389461939152170e+04	1.935226899563763023e-02	3.820477954584895058e-02
1.505926698439110623e+04	1.950167587398240684e-02	3.831354197602931250e-02
1.517515676977764815e+04	1.965175281032814983e-02	3.842271553510221566e-02
1.529156614170165813e+04	1.980250260983489052e-02	3.853230119305914997e-02
1.540849727388288375e+04	1.995392808746478119e-02	3.864229992906676597e-02
1.552595234764837187e+04	2.010603206803141321e-02	3.875271273139475198e-02
1.564393355197021447e+04	2.025881738624868422e-02	3.886354059734509203e-02
1.576244308350348911e+04	2.041228688677993244e-02	3.897478453318535541e-02
1.588148314662410303e+04	2.056644342428694261e-02	3.908644555408188892e-02
1.600105595346650443e+04	2.072128986347879231e-02	3.919852468403597218e-02
1.612116372396143379e+04	2.087682907916072958e-02	3.931102295582281775e-02
1.624180868587367695e+04	2.103306395628306777e-02	3.942394141093071014e-02
1.636299307483974735e+04	2.118999738998998683e-02	3.953728109950271213e-02
1.648471913440570643e+04	2.134763228566849413e-02	3.965104308028000180e-02
1.660698911606443653e+04	2.150597155899671223e-02	3.976522842054833889e-02
1.672980527929402888e+04	2.166501813599360296e-02	3.987983819608310887e-02
1.685316989159466175e+04	2.182477495306667584e-02	3.999487349109859258e-02
1.697708522852673923e+04	2.198524495706142765e-02	4.011033539819814503e-02
1.710155357374842424e+04	2.214643110530992512e-02	4.022622501832593539e-02
1.722657721905326980e+04	2.230833636567954026e-02	4.034254346071939473e-02
1.735215846440781024e+04	2.247096371662162320e-02	4.045929184286472385e-02
1.747829961798949444e+04	2.263431614722065388e-02	4.057647129045161005e-02
1.760500299622387320e+04	2.279839665724235631e-02	4.069408293733212806e-02
1.773227092382295814e+04	2.296320825718341924e-02	4.081212792547832258e-02
1.786010573382231087e+04	2.312875396831948205e-02	4.093060740494271904e-02
1.798850976761922720e+04	2.329503682275461951e-02	4.104952253381979888e-02
1.811748537501012834e+04	2.346205986346975095e-02	4.116887447820843926e-02
1.824703491422873049e+04	2.362982614437206252e-02	4.128866441217603211e-02
1.837716075198326143e+04	2.379833873034320132e-02	4.140889351772319982e-02
1.850786526349504857e+04	2.396760069728927009e-02	4.152956298475031505e-02
1.863915083253579724e+04	2.413761513218908375e-02	4.165067401102459654e-02
1.877101985146564039e+04	2.430838513314342864e-02	4.177222780214934206e-02
1.890347472127120636e+04	2.447991380942439801e-02	4.189422557153259924e-02
1.903651785160351210e+04	2.465220428152443619e-02	4.201666854035800147e-02
1.917015166081581992e+04	2.482525968120536525e-02	4.213955793755708168e-02
1.930437857600201096e+04	2.499908315154809532e-02	4.226289499978166941e-02
1.943920103303435098e+04	2.517367784700150907e-02	4.238668097137734958e-02
1.957462147660181654e+04	2.534904693343211293e-02	4.251091710435804527e-02
1.971064236024855200e+04	2.552519358817383066e-02	4.263560465838308472e-02
1.984726614641144261e+04	2.570212100007665881e-02	4.276074490073145107e-02
1.998449530645919003e+04	2.587983236955726518e-02	4.288633910628095874e-02
2.012233232072986357e+04	2.605833090864762350e-02	4.301238855748550777e-02
2.026077967857008844e+04	2.623761984104578185e-02	4.313889454435580750e-02
2.039983987837312452e+04	2.641770240216513924e-02	4.326585836443780364e-02
2.053951542761719247e+04	2.659858183918408989e-02	4.339328132279472727e-02
2.067980884290464383e+04	2.678026141109676045e-02	4.352116473198795743e-02
2.082072265000014158e+04	2.696274438876243573e-02	4.364950991206039549e-02
2.096225938386967391e+04	2.714603405495612243e-02	4.377831819051920120e-02
2.110442158871913489e+04	2.733013370441843976e-02	4.390759090231952794e-02
2.124721181803322543e+04	2.751504664390606175e-02	4.403732938985077672e-02
2.139063263461453971e+04	2.770077619224230181e-02	4.416753500291942247e-02
2.153468661062233514e+04	2.788732568036732251e-02	4.429820909873844609e-02
2.167937632761186251e+04	2.807469845138908099e-02	4.442935304191181906e-02
2.182470437657338698e+04	2.826289786063385101e-02	4.456096820442331102e-02
2.197067335797136184e+04	2.845192727569694630e-02	4.469305596562434674e-02
2.211728588178414793e+04	2.864179007649417588e-02	4.482561771222269564e-02
2.226454456754257990e+04	2.883248965531176600e-02	4.495865483827311132e-02
2.241245204437028951e+04	2.902402941685860993e-02	4.509216874516665252e-02
2.256101095102280669e+04	2.921641277831684910e-02	4.522616084162104505e-02
2.271022393592749359e+04	2.940964316939366149e-02	4.536063254367364572e-02
2.286009365722298389e+04	2.960372403237226252e-02	4.549558527467246344e-02
2.301062278279906604e+04	2.979865882216361020e-02	4.563102046526811700e-02
2.316181399033667549e+04	2.999445100635815889e-02	4.576693955340909586e-02
2.331366996734778149e+04	3.019110406527753671e-02	4.590334398433310731e-02
2.346619341121572506e+04	3.038862149202675722e-02	4.604023521056299639e-02
2.361938702923509845e+04	3.058700679254588647e-02	4.617761469190108381e-02
2.377325353865238503e+04	3.078626348566267795e-02	4.631548389542430866e-02
2.392779566670572603e+04	3.098639510314402448e-02	4.645384429547998878e-02
2.408301615066605518e+04	3.118740518974927323e-02	4.659269737368339215e-02
2.423891773787714556e+04	3.138929730328209738e-02	4.673204461891320577e-02
2.439550318579692976e+04	3.159207501464393608e-02	4.687188752730941238e-02
2.455277526203737580e+04	3.179574190788571342e-02	4.701222760227117409e-02
2.471073674440611285e+04	3.200030158026168775e-02	4.715306635445570826e-02
2.486939042094704200e+04	3.220575764228206933e-02	4.729440530177586588e-02
2.502873908998148181e+04	3.241211371776631101e-02	4.743624596940089477e-02
2.518878556014923015e+04	3.261937344389623933e-02	4.757858988975471881e-02
2.534953265045009539e+04	3.282754047126988650e-02	4.772143860251670117e-02
2.551098319028537298e+04	3.303661846395518353e-02	4.786479365462244229e-02
2.567314001949893282e+04	3.324661109954317462e-02	4.800865660026409909e-02
2.583600598841901228e+04	3.345752206920211275e-02	4.815302900089392379e-02
2.599958395790005670e+04	3.366935507773169411e-02	4.829791242522216838e-02
2.616387679936473069e+04	3.388211384361738965e-02	4.844330844922338508e-02
2.632888739484535836e+04	3.409580209908419368e-02	4.858921865613612112e-02
2.649461863702626215e+04	3.431042359015137877e-02	4.873564463646769263e-02
2.666107342928618164e+04	3.452598207668749336e-02	4.888258798799735572e-02
2.682825468573999751e+04	3.474248133246431863e-02	4.903005031577913758e-02
2.699616533128184892e+04	3.495992514521278904e-02	4.917803323214688105e-02
2.716480830162724305e+04	3.517831731667746265e-02	4.932653835671877568e-02
2.733418654335575047e+04	3.539766166267182407e-02	4.947556731640151417e-02
2.750430301395358765e+04	3.561796201313346955e-02	4.962512174539628063e-02
2.767516068185693803e+04	3.583922221218013154e-02	4.977520328520481513e-02
2.784676252649491653e+04	3.606144611816539114e-02	4.992581358463328567e-02
2.801911153833229037e+04	3.628463760373396019e-02	5.007695429980078827e-02
2.819221071891332031e+04	3.650880055587847617e-02	5.022862709414571691e-02
2.836606308090452512e+04	3.673393887599485375e-02	5.038083363843157136e-02
2.854067164813894851e+04	3.696005647993964166e-02	5.053357561075440263e-02
2.871603945565914546e+04	3.718715729808568654e-02	5.068685469655136860e-02
2.889216954976139095e+04	3.741524527537935102e-02	5.084067258860806848e-02
2.906906498803934664e+04	3.764432437139710735e-02	5.099503098706675147e-02
2.924672883942803674e+04	3.787439856040245023e-02	5.114993159943457407e-02
2.942516418424838776e+04	3.810547183140357980e-02	5.130537614059386964e-02
2.960437411425120081e+04	3.833754818821039773e-02	5.146136633280940648e-02
2.978436173266165133e+04	3.857063164949203760e-02	5.161790390573847004e-02
2.996513015422398530e+04	3.880472624883483934e-02	5.177499059644086882e-02
3.014668250524628456e+04	3.903983603480024739e-02	5.193262814938912758e-02
3.032902192364469738e+04	3.927596507098216061e-02	5.209081831647857652e-02
3.051215155898928424e+04	3.951311743606624599e-02	5.224956285703659387e-02
3.069607457254859764e+04	3.975129722388768411e-02	5.240886353783658774e-02
3.088079413733539695e+04	3.999050854349038564e-02	5.256872213310585795e-02
3.106631343815137006e+04	4.023075551918487563e-02	5.272914042453881456e-02
3.125263567163293192e+04	4.047204229060764186e-02	5.289012020130804542e-02
3.143976404629735771e+04	4.071437301278085091e-02	5.305166326007680622e-02
3.162770178258806482e+04	4.095775185617099579e-02	5.321377140501064307e-02
3.181645211292083695e+04	4.120218300674872297e-02	5.337644644778907072e-02
3.200601828172995374e+04	4.144767066604865269e-02	5.353969020762014419e-02
3.219640354551393466e+04	4.169421905122853989e-02	5.370350451125258107e-02
3.238761117288293826e+04	4.194183239513067651e-02	5.386789119298769635e-02
3.257964444460437517e+04	4.219051494634096927e-02	5.403285209469486233e-02
3.277250665365005261e+04	4.244027096925000880e-02	5.419838906582398474e-02
3.296620110524330812e+04	4.269110474411402789e-02	5.436450396341969971e-02
3.316073111690462974e+04	4.294302056711413185e-02	5.453119865213529316e-02
3.335610001850083063e+04	4.319602275041980327e-02	5.469847500424799419e-02
3.355231115229102579e+04	4.345011562224857654e-02	5.486633489967209648e-02
3.374936787297383853e+04	4.370530352692706538e-02	5.503478022597510511e-02
3.394727354773663683e+04	4.396159082495483539e-02	5.520381287839268986e-02
3.414603155630094261e+04	4.421898189306312787e-02	5.537343475984295854e-02
3.434564529097237391e+04	4.447748112427955119e-02	5.554364778094349198e-02
3.454611815668761847e+04	4.473709292798890708e-02	5.571445386002549932e-02
3.474745357106320444e+04	4.499782172999638313e-02	5.588585492315100572e-02
3.494965496444315067e+04	4.525967197258924657e-02	5.605785290412843014e-02
3.515272577994864696e+04	4.552264811460111915e-02	5.623044974452988398e-02
3.535666947352579882e+04	4.578675463147389296e-02	5.640364739370571506e-02
3.556148951399480575e+04	4.605199601532140169e-02	5.657744780880356178e-02
3.576718938309880468e+04	4.631837677499259232e-02	5.675185295478514524e-02
3.597377257555333199e+04	4.658590143613567519e-02	5.692686480444169445e-02
3.618124259909524699e+04	4.685457454126145532e-02	5.710248533841343760e-02
3.638960297453316161e+04	4.712440064980859267e-02	5.727871654520574202e-02
3.659885723579610203e+04	4.739538433820664198e-02	5.745556042120746054e-02
3.680900892998353811e+04	4.766753019994090373e-02	5.763301897071068658e-02
3.702006161741556571e+04	4.794084284561732356e-02	5.781109420592589476e-02
3.723201887168360554e+04	4.821532690302816199e-02	5.798978814700222334e-02
3.744488427969920303e+04	4.849098701721524934e-02	5.816910282204681287e-02
3.765866144174677174e+04	4.876782785053821595e-02	5.834904026714145264e-02
3.787335397153158556e+04	4.904585408273668540e-02	5.852960252636341815e-02
3.808896549623362807e+04	4.932507041099998962e-02	5.871079165180444204e-02
3.830549965655529377e+04	4.960548155002895976e-02	5.889260970358912994e-02
3.852296010677567392e+04	4.988709223210623794e-02	5.907505874989592981e-02
3.874135051479948743e+04	5.016990720715956004e-02	5.925814086697553384e-02
3.896067456221013708e+04	5.045393124283057557e-02	5.944185813917209765e-02
3.918093594432116515e+04	5.073916912454140560e-02	5.962621265894289813e-02
3.940213837022720691e+04	5.102562565556066632e-02	5.981120652687836603e-02
3.962428556285759259e+04	5.131330565707287183e-02	5.999684185172227124e-02
3.984738125902687898e+04	5.160221396824386797e-02	6.018312075039412845e-02
4.007142920948849496e+04	5.189235544629029057e-02	6.037004534800874400e-02
4.029643317898652458e+04	5.218373496654666460e-02	6.055761777789737260e-02
4.052239694630923623e+04	5.247635742253468211e-02	6.074584018162879767e-02
4.074932430434130220e+04	5.277022772603083556e-02	6.093471470903166071e-02
4.097721906011700776e+04	5.306535080713535579e-02	6.112424351821463958e-02
4.120608503487454436e+04	5.336173161434250301e-02	6.131442877558986732e-02
4.143592606410791632e+04	5.365937511460774911e-02	6.150527265589404019e-02
4.166674599762217258e+04	5.395828629341933164e-02	6.169677734221020587e-02
4.189854869958559721e+04	5.425847015486590097e-02	6.188894502599080749e-02
4.213133804858534859e+04	5.455993172170843508e-02	6.208177790707840316e-02
4.236511793768073403e+04	5.486267603544936478e-02	6.227527819373177009e-02
4.259989227445749566e+04	5.516670815640280917e-02	6.246944810264498660e-02
4.283566498108363885e+04	5.547203316376687204e-02	6.266428985897289083e-02
4.307243999436248123e+04	5.577865615569235075e-02	6.285980569635278570e-02
4.331022126578880852e+04	5.608658224935544889e-02	6.305599785692860004e-02
4.354901276160380803e+04	5.639581658102896244e-02	6.325286859137420337e-02
4.378881846285008214e+04	5.670636430615345891e-02	6.345042015891649845e-02
4.402964236542745493e+04	5.701823059940956673e-02	6.364865482735980462e-02
4.427148848014840041e+04	5.733142065478974425e-02	6.384757487310999124e-02
4.451436083279480226e+04	5.764593968567183202e-02	6.404718258119806995e-02
4.475826346417303284e+04	5.796179292489037072e-02	6.424748024530432811e-02
4.500320043017070566e+04	5.827898562480997996e-02	6.444847016778390558e-02
4.524917580181367521e+04	5.859752305739936856e-02	6.465015465968991515e-02
4.549619366532146523e+04	5.891741051430294390e-02	6.485253604079974088e-02
4.574425812216581835e+04	5.923865330691669567e-02	6.505561663963904673e-02
4.599337328912638623e+04	5.956125676646038120e-02	6.525939879350685369e-02
4.624354329834875534e+04	5.988522624405254180e-02	6.546388484850081124e-02
4.649477229740142502e+04	6.021056711078440205e-02	6.566907715954357905e-02
4.674706444933423336e+04	6.053728475779542734e-02	6.587497809040757102e-02
4.700042393273612834e+04	6.086538459634826398e-02	6.608159001374003250e-02
4.725485494179237867e+04	6.119487205790268003e-02	6.628891531109146196e-02
4.751036168634353817e+04	6.152575259419205966e-02	6.649695637293799588e-02
4.776694839194398082e+04	6.185803167729912039e-02	6.670571559871082967e-02
4.802461929992123623e+04	6.219171479973276823e-02	6.691519539682121154e-02
4.828337866743330960e+04	6.252680747450237164e-02	6.712539818468657438e-02
4.854323076752875204e+04	6.286331523519546327e-02	6.733632638875854115e-02
4.880417988920630160e+04	6.320124363605511553e-02	6.754798244454834899e-02
4.906623033747434965e+04	6.354059825205675416e-02	6.776036879665520152e-02
4.932938643340930139e+04	6.388138467898392403e-02	6.797348789879263664e-02
4.959365251421769062e+04	6.422360853350862764e-02	6.818734221381507477e-02
4.985903293329464941e+04	6.456727545326704232e-02	6.840193421374704541e-02
5.012553206028498971e+04	6.491239109693867915e-02	6.861726637980994359e-02
5.039315428114385577e+04	6.525896114432486184e-02	6.883334120244960497e-02
5.066190399819721642e+04	6.560699129642709460e-02	6.905016118136383940e-02
5.093178563020285947e+04	6.595648727552606838e-02	6.926772882553233757e-02
5.120280361241217179e+04	6.630745482526161083e-02	6.948604665324303875e-02
5.147496239663102460e+04	6.665989971071158149e-02	6.970511719212102442e-02
5.174826645128114615e+04	6.701382771847136377e-02	6.992494297915731460e-02
5.202272026146363351e+04	6.736924465673606310e-02	7.014552656073808068e-02
5.229832832901856455e+04	6.772615635537766743e-02	7.036687049267183192e-02
5.257509517258915730e+04	6.808456866602831392e-02	7.058897734022025194e-02
5.285302532768367382e+04	6.844448746216021118e-02	7.081184967812648168e-02
5.313212334673897567e+04	6.880591863916814266e-02	7.103549009064420716e-02
5.341239379918150371e+04	6.916886811444829253e-02	7.125990117156755232e-02
5.369384127149237611e+04	6.953334182748270587e-02	7.148508552426115215e-02
5.397647036727028171e+04	6.989934573992051536e-02	7.171104576168892131e-02
5.426028570729503554e+04	7.026688583566048640e-02	7.193778450644414124e-02
5.454529192959123611e+04	7.063596812093327071e-02	7.216530439078026882e-02
5.483149368949305790e+04	7.100659862438536696e-02	7.239360805664042664e-02
5.511889565970741387e+04	7.137878339716098586e-02	7.262269815568825337e-02
5.540750253037956281e+04	7.175252851298692669e-02	7.285257734933828222e-02
5.569731900915747974e+04	7.212784006825595506e-02	7.308324830878616674e-02
5.598834982125683746e+04	7.250472418211097170e-02	7.331471371504057200e-02
5.628059970952627918e+04	7.288318699652954202e-02	7.354697625895265101e-02
5.657407343451325869e+04	7.326323467640911968e-02	7.378003864124851874e-02
5.686877577452876722e+04	7.364487340965092388e-02	7.401390357255983876e-02
5.716471152571469429e+04	7.402810940724713351e-02	7.424857377345653320e-02
5.746188550210856920e+04	7.441294890336473677e-02	7.448405197447532933e-02
5.776030253571087087e+04	7.479939815543271142e-02	7.472034091615509244e-02
5.805996747655163927e+04	7.518746344422826133e-02	7.495744334906617734e-02
5.836088519275641011e+04	7.557715107396222043e-02	7.519536203384415141e-02
5.866306057061551110e+04	7.596846737236874481e-02	7.543409974122063100e-02
5.896649851464787935e+04	7.636141869078809374e-02	7.567365925205632449e-02
5.927120394767185644e+04	7.675601140425809821e-02	7.591404335737346465e-02
5.957718181087225821e+04	7.715225191160118845e-02	7.615525485838874065e-02
5.988443706386769918e+04	7.755014663551153264e-02	7.639729656654596635e-02
6.019297468477911025e+04	7.794970202264372983e-02	7.664017130354766616e-02
6.050279967029904947e+04	7.835092454370258530e-02	7.688388190139014422e-02
6.081391703575923020e+04	7.875382069353056846e-02	7.712843120239620820e-02
6.112633181520093785e+04	7.915839699119903150e-02	7.737382205924810130e-02
6.144004906144363486e+04	7.956465998009697171e-02	7.762005733502136406e-02
6.175507384615441697e+04	7.997261622802105674e-02	7.786713990321854351e-02
6.207141125991744047e+04	8.038227232726553872e-02	7.811507264780236104e-02
6.238906641230540845e+04	8.079363489471468041e-02	7.836385846323161430e-02
6.270804443194827763e+04	8.120671057193196152e-02	7.861350025449331813e-02
6.302835046660489752e+04	8.162150602525267140e-02	7.886400093713741288e-02
6.334998968323279405e+04	8.203802794587435054e-02	7.911536343731230547e-02
6.367296726806075458e+04	8.245628304995078484e-02	7.936759069179889770e-02
6.399728842665806587e+04	8.287627807868164220e-02	7.962068564804508641e-02
6.432295838400804496e+04	8.329801979840771586e-02	7.987465126420174866e-02
6.464998238457806292e+04	8.372151500070165731e-02	8.012949050915563198e-02
6.497836569239376695e+04	8.414677050246395507e-02	8.038520636256708818e-02
6.530811359110928606e+04	8.457379314601395914e-02	8.064180181490397670e-02
6.563923138408058730e+04	8.500258979918490221e-02	8.089927986747783017e-02
6.597172439443913754e+04	8.543316735541918450e-02	8.115764353247939544e-02
6.630559796516457573e+04	8.586553273386257623e-02	8.141689583301414679e-02
6.664085745915636653e+04	8.629969287945694900e-02	8.167703980313929801e-02
6.697750825930903375e+04	8.673565476303776722e-02	8.193807848789824710e-02
6.731555576858759741e+04	8.717342538143166286e-02	8.220001494335929526e-02
6.765500541009854351e+04	8.761301175754850068e-02	8.246285223665068831e-02
6.799586262716706551e+04	8.805442094048131219e-02	8.272659344599619935e-02
6.833813288340896543e+04	8.849766000559933232e-02	8.299124166075443065e-02
6.868182166280689125e+04	8.894273605464696197e-02	8.325679998145397998e-02
6.902693446978724387e+04	8.938965621584304966e-02	8.352327151983075793e-02
6.937347682929284929e+04	8.983842764397532987e-02	8.379065939886665149e-02
6.972145428686095693e+04	9.028905752050110645e-02	8.405896675282435726e-02
7.007087240869845846e+04	9.074155305364492441e-02	8.432819672728750215e-02
7.042173678175777604e+04	9.119592147849671371e-02	8.459835247919758605e-02
7.077405301381353638e+04	9.165217005711109866e-02	8.486943717689059141e-02
7.112782673353857535e+04	9.211030607860587471e-02	8.514145400013675702e-02
7.148306359058497765e+04	9.257033685926685518e-02	8.541440614017845046e-02
7.183976925565655984e+04	9.303226974264185156e-02	8.568829679976741609e-02
7.219794942058929882e+04	9.349611209964468761e-02	8.596312919320593660e-02
7.255760979842794768e+04	9.396187132865463365e-02	8.623890654638118047e-02
7.291875612350642041e+04	9.442955485562024021e-02	8.651563209680902811e-02
7.328139415152381116e+04	9.489917013415800906e-02	8.679330909366916869e-02
7.364552965962473536e+04	9.537072464565629626e-02	8.707194079784603968e-02
7.401116844647788093e+04	9.584422589937709180e-02	8.735153048196750425e-02
7.437831633235581103e+04	9.631968143255935366e-02	8.763208143044602660e-02
7.474697915921370441e+04	9.679709881052096787e-02	8.791359693951690535e-02
7.511716279077094805e+04	9.727648562676441402e-02	8.819608031727660391e-02
7.548887311258909176e+04	9.775784950307775389e-02	8.847953488372552189e-02
7.586211603215419746e+04	9.824119808964118516e-02	8.876396397080872636e-02
7.623689747895780602e+04	9.872653906513202682e-02	8.904937092245188146e-02
7.661322340457506652e+04	9.921388013682568008e-02	8.933575909460537978e-02
7.699109978275072353e+04	9.970322904070728909e-02	8.962313185528457404e-02
7.737053260947830859e+04	1.001945935415740341e-01	8.991149258460830185e-02
7.775152790308016120e+04	1.006879814331388678e-01	9.020084467484391910e-02
7.813409170429424557e+04	1.011834005381428703e-01	9.049119153044492270e-02
7.851823007635329850e+04	1.016808587084578469e-01	9.078253656809331940e-02
7.890394910506837186e+04	1.021803638251945201e-01	9.107488321674071796e-02
7.929125489891266625e+04	1.026819237988109146e-01	9.136823491765090621e-02
7.968015358910460782e+04	1.031855465692202017e-01	9.166259512444108193e-02
8.007065132969155093e+04	1.036912401058988353e-01	9.195796730312426337e-02
8.046275429763481952e+04	1.041990124079968938e-01	9.225435493215017324e-02
8.085646869289233291e+04	1.047088715044450086e-01	9.255176150244857902e-02
8.125180073850456392e+04	1.052208254540655252e-01	9.285019051747268881e-02
8.164875668067800871e+04	1.057348823456809306e-01	9.314964549323946630e-02
8.204734278887244000e+04	1.062510502982264571e-01	9.345012995837471970e-02
8.244756535588657425e+04	1.067693374608613549e-01	9.375164745415291712e-02
8.284943069794174517e+04	1.072897520130770277e-01	9.405420153454487064e-02
8.325294515477036475e+04	1.078123021648117325e-01	9.435779576625628884e-02
8.365811508970084833e+04	1.083369961565604639e-01	9.466243372877564122e-02
8.406494688974496967e+04	1.088638422594880445e-01	9.496811901441457038e-02
8.447344696568614745e+04	1.093928487755436441e-01	9.527485522835274501e-02
8.488362175216389005e+04	1.099240240375699146e-01	9.558264598868147777e-02
8.529547770776586549e+04	1.104573764094223393e-01	9.589149492645007711e-02
8.570902131511256448e+04	1.109929142860789225e-01	9.620140568570660633e-02
8.612425908094632905e+04	1.115306460937553062e-01	9.651238192354472112e-02
8.654119753622209828e+04	1.120705802900224257e-01	9.682442731014868909e-02
8.695984323619336647e+04	1.126127253639178233e-01	9.713754552883654969e-02
8.738020276050422399e+04	1.131570898360647615e-01	9.745174027610696565e-02
8.780228271327722177e+04	1.137036822587860346e-01	9.776701526168284084e-02
8.822608972320469911e+04	1.142525112162223327e-01	9.808337420855758881e-02
8.865163044363845256e+04	1.148035853244482318e-01	9.840082085303956949e-02
8.907891155268074363e+04	1.153569132315900719e-01	9.871935894480017570e-02
8.950793975327341468e+04	1.159125036179414203e-01	9.903899224691725678e-02
8.993872177329285478e+04	1.164703651960860564e-01	9.935972453592262221e-02
9.037126436563843163e+04	1.170305067110124358e-01	9.968155960184771347e-02
9.080557430832598766e+04	1.175929369402347602e-01	1.000045012482709827e-01
9.124165840458014281e+04	1.181576646939125480e-01	1.003285532923630791e-01
9.167952348292592796e+04	1.187246988149693455e-01	1.006537195649344352e-01
9.211917639728281938e+04	1.192940481792143514e-01	1.009800039104822439e-01
9.256062402705833665e+04	1.198657216954638199e-01	1.013074101872371707e-01
9.300387327724068018e+04	1.204397283056608536e-01	1.016359422672120649e-01
9.344893107849151420e+04	1.210160769849956269e-01	1.019656040362483113e-01
9.389580438724420674e+04	1.215947767420326731e-01	1.022963993940636668e-01
9.434450018579428433e+04	1.221758366188278877e-01	1.026283322542990289e-01
9.479502548239665339e+04	1.227592656910545671e-01	1.029614065445688120e-01
9.524738731136189017e+04	1.233450730681280028e-01	1.032956262065080344e-01
9.570159273314941674e+04	1.239332678933261628e-01	1.036309951958213071e-01
9.615764883446491149e+04	1.245238593439158686e-01	1.039675174823299353e-01
9.661556272835651180e+04	1.251168566312774177e-01	1.043051970500224468e-01
9.707534155431229738e+04	1.257122690010306632e-01	1.046440378971025265e-01
9.753699247835541610e+04	1.263101057331584010e-01	1.049840440360381849e-01
9.800052269314380828e+04	1.269103761421353782e-01	1.053252194936132313e-01
9.846593941806675866e+04	1.275130895770534289e-01	1.056675683109740138e-01
9.893324989934211771e+04	1.281182554217471792e-01	1.060110945436794766e-01
9.940246141011801956e+04	1.287258830949260524e-01	1.063558022617531740e-01
9.987358125056749850e+04	1.293359820502965607e-01	1.067016955497308017e-01
1.003466167479910946e+05	1.299485617766953371e-01	1.070487785067135850e-01
1.008215752569137549e+05	1.305636317982144801e-01	1.073970552464160594e-01
1.012984641591885302e+05	1.311812016743360565e-01	1.077465298972177521e-01
1.017772908640924725e+05	1.318012810000559754e-01	1.080972066022130446e-01
1.022580628084296768e+05	1.324238794060176860e-01	1.084490895192649629e-01
1.027407874566313985e+05	1.330490065586417969e-01	1.088021828210536668e-01
1.032254723008588771e+05	1.336766721602590802e-01	1.091564906951295877e-01
1.037121248611043266e+05	1.343068859492414502e-01	1.095120173439639161e-01
1.042007526852914598e+05	1.349396577001319153e-01	1.098687669850012122e-01
1.046913633493799425e+05	1.355749972237800804e-01	1.102267438507112535e-01
1.051839644574689155e+05	1.362129143674761511e-01	1.105859521886406599e-01
1.056785636418963695e+05	1.368534190150794416e-01	1.109463962614665039e-01
1.061751685633473971e+05	1.374965210871587351e-01	1.113080803470479496e-01
1.066737869109555468e+05	1.381422305411236229e-01	1.116710087384802236e-01
1.071744264024071599e+05	1.387905573713592855e-01	1.120351857441462678e-01
1.076770947840467416e+05	1.394415116093633000e-01	1.124006156877712659e-01
1.081817998309823015e+05	1.400951033238819199e-01	1.127673029084744066e-01
1.086885493471905793e+05	1.407513426210462715e-01	1.131352517608241876e-01
1.091973511656218034e+05	1.414102396445081067e-01	1.135044666148913445e-01
1.097082131483078265e+05	1.420718045755797743e-01	1.138749518563032248e-01
1.102211431864675396e+05	1.427360476333708883e-01	1.142467118862976888e-01
1.107361492006150220e+05	1.434029790749281053e-01	1.146197511217771914e-01
1.112532391406635288e+05	1.440726091953700438e-01	1.149940739953645985e-01
1.117724209860383417e+05	1.447449483280333349e-01	1.153696849554579906e-01
1.122937027457818913e+05	1.454200068446086236e-01	1.157465884662839256e-01
1.128170924586618639e+05	1.460977951552808463e-01	1.161247890079543377e-01
1.133425981932821305e+05	1.467783237088726433e-01	1.165042910765213824e-01
1.138702280481911002e+05	1.474616029929848027e-01	1.168850991840334891e-01
1.143999901519903215e+05	1.481476435341368414e-01	1.172672178585911773e-01
1.149318926634474483e+05	1.488364558979132224e-01	1.176506516444011663e-01
1.154659437716042012e+05	1.495280506891034367e-01	1.180354051018364520e-01
1.160021516958879656e+05	1.502224385518461935e-01	1.184214828074885290e-01
1.165405246862243657e+05	1.509196301697754150e-01	1.188088893542295216e-01
1.170810710231473931e+05	1.516196362661627051e-01	1.191976293512624074e-01
1.176237990179118642e+05	1.523224676040631775e-01	1.195877074241837035e-01
1.181687170126071433e+05	1.530281349864625329e-01	1.199791282150378807e-01
1.187158333802685083e+05	1.537366492564213871e-01	1.203718963823759980e-01
1.192651565249916457e+05	1.544480212972235422e-01	1.207660166013121289e-01
1.198166948820461257e+05	1.551622620325228130e-01	1.211614935635841189e-01
1.203704569179900573e+05	1.558793824264916861e-01	1.215583319776082222e-01
1.209264511307827488e+05	1.565993934839670643e-01	1.219565365685408298e-01
1.214846860499026516e+05	1.573223062506031444e-01	1.223561120783347861e-01
1.220451702364595840e+05	1.580481318130166069e-01	1.227570632657984662e-01
1.226079122833144502e+05	1.587768812989416856e-01	1.231593949066549648e-01
1.231729208151913190e+05	1.595085658773754411e-01	1.235631117936038248e-01
1.237402044887972879e+05	1.602431967587328032e-01	1.239682187363770616e-01
1.243097719929382147e+05	1.609807851949964508e-01	1.243747205617997953e-01
1.248816320486364712e+05	1.617213424798695787e-01	1.247826221138510772e-01
1.254557934092488867e+05	1.624648799489282480e-01	1.251919282537226341e-01
1.260322648605848372e+05	1.632114089797745415e-01	1.256026438598820405e-01
1.266110552210257592e+05	1.639609409921913563e-01	1.260147738281300056e-01
1.271921733416442148e+05	1.647134874482963640e-01	1.264283230716618245e-01
1.277756281063231872e+05	1.654690598526967760e-01	1.268432965211317431e-01
1.283614284318763239e+05	1.662276697526449409e-01	1.272596991247093301e-01
1.289495832681678876e+05	1.669893287381935820e-01	1.276775358481445077e-01
1.295401015982356766e+05	1.677540484423551692e-01	1.280968116748270325e-01
1.301329924384104961e+05	1.685218405412564902e-01	1.285175316058499440e-01
1.307282648384382774e+05	1.692927167542968292e-01	1.289397006600711548e-01
1.313259278816027218e+05	1.700666888443068958e-01	1.293633238741771774e-01
1.319259906848495302e+05	1.708437686177094184e-01	1.297884063027412715e-01
1.325284623989070242e+05	1.716239679246757688e-01	1.302149530182924453e-01
1.331333522084097785e+05	1.724072986592856960e-01	1.306429691113737690e-01
1.337406693320269696e+05	1.731937727596935817e-01	1.310724596906094053e-01
1.343504230225800420e+05	1.739834022082812903e-01	1.315034298827638948e-01
1.349626225671743159e+05	1.747761990318277281e-01	1.319358848328099909e-01
1.355772772873197100e+05	1.755721753016661058e-01	1.323698297039907212e-01
1.361943965390581579e+05	1.763713431338481963e-01	1.328052696778827535e-01
1.368139897130911995e+05	1.771737146893100634e-01	1.332422099544618432e-01
1.374360662349069898e+05	1.779793021740363190e-01	1.336806557521704186e-01
1.380606355649033212e+05	1.787881178392194681e-01	1.341206123079775880e-01
1.386877071985201619e+05	1.796001739814314657e-01	1.345620848774462808e-01
1.393172906663658214e+05	1.804154829427873641e-01	1.350050787347994996e-01
1.399493955343466077e+05	1.812340571111128174e-01	1.354495991729857129e-01
1.405840314037919161e+05	1.820559089201065628e-01	1.358956515037442470e-01
1.412212079115903471e+05	1.828810508495161136e-01	1.363432410576714826e-01
1.418609347303157847e+05	1.837094954253015444e-01	1.367923731842876911e-01
1.425032215683568502e+05	1.845412552198029410e-01	1.372430532521030921e-01
1.431480781700507214e+05	1.853763428519136780e-01	1.376952866486856886e-01
1.437955143158142164e+05	1.862147709872499501e-01	1.381490787807260201e-01
1.444455398222725489e+05	1.870565523383180551e-01	1.386044350741089670e-01
1.450981645423949522e+05	1.879016996646895865e-01	1.390613609739758672e-01
1.457533983656273631e+05	1.887502257731732691e-01	1.395198619447960142e-01
1.464112512180256308e+05	1.896021435179878201e-01	1.399799434704350753e-01
1.470717330623890157e+05	1.904574658009342836e-01	1.404416110542217599e-01
1.477348538983917097e+05	1.913162055715669219e-01	1.409048702190163760e-01
1.484006237627229420e+05	1.921783758273742926e-01	1.413697265072793585e-01
1.490690527292178303e+05	1.930439896139486966e-01	1.418361854811429623e-01
1.497401509089958854e+05	1.939130600251657843e-01	1.423042527224787079e-01
1.504139284505987307e+05	1.947856002033626355e-01	1.427739338329664931e-01
1.510903955401196145e+05	1.956616233395056526e-01	1.432452344341641759e-01
1.517695624013502093e+05	1.965411426733807143e-01	1.437181601675799614e-01
1.524514392959107063e+05	1.974241714937612080e-01	1.441927166947417072e-01
1.531360365233929188e+05	1.983107231385941027e-01	1.446689096972663957e-01
1.538233644214969536e+05	1.992008109951761696e-01	1.451467448769325208e-01
1.545134333661705023e+05	2.000944485003349760e-01	1.456262279557508921e-01
1.552062537717502855e+05	2.009916491406116001e-01	1.461073646760333578e-01
1.559018360910982883e+05	2.018924264524373513e-01	1.465901608004704648e-01
1.566001908157493162e+05	2.027967940223247278e-01	1.470746221121976005e-01
1.573013284760427196e+05	2.037047654870379476e-01	1.475607544148698214e-01
1.580052596412765852e+05	2.046163545337928158e-01	1.480485635327328797e-01
1.587119949198377144e+05	2.055315749004248682e-01	1.485380553106976920e-01
1.594215449593526428e+05	2.064504403755850759e-01	1.490292356144137520e-01
1.601339204468275129e+05	2.073729647989207836e-01	1.495221103303396581e-01
1.608491321087940014e+05	2.082991620612648642e-01	1.500166853658174981e-01
1.615671907114493370e+05	2.092290461048170458e-01	1.505129666491480112e-01
1.622881070608084847e+05	2.101626309233408374e-01	1.510109601296637238e-01
1.630118920028428547e+05	2.110999305623433298e-01	1.515106717778035295e-01
1.637385564236301871e+05	2.120409591192691234e-01	1.520121075851872117e-01
1.644681112494987319e+05	2.129857307436872627e-01	1.525152735646889135e-01
1.652005674471757084e+05	2.139342596374832761e-01	1.530201757505153248e-01
1.659359360239350935e+05	2.148865600550506905e-01	1.535268201982767367e-01
1.666742280277443933e+05	2.158426463034808507e-01	1.540352129850668106e-01
1.674154545474136248e+05	2.168025327427564597e-01	1.545453602095377132e-01
1.681596267127471801e+05	2.177662337859475605e-01	1.550572679919737518e-01
1.689067556946874538e+05	2.187337638993977484e-01	1.555709424743704217e-01
1.696568527054717997e+05	2.197051376029277303e-01	1.560863898205102906e-01
1.704099289987786615e+05	2.206803694700241181e-01	1.566036162160387712e-01
1.711659958698821138e+05	2.216594741280399905e-01	1.571226278685458888e-01
1.719250646558009903e+05	2.226424662583875447e-01	1.576434310076373080e-01
1.726871467354530760e+05	2.236293605967381304e-01	1.581660318850182656e-01
1.734522535298077273e+05	2.246201719332198421e-01	1.586904367745682332e-01
1.742203965020387841e+05	2.256149151126154162e-01	1.592166519724187990e-01
1.749915871576796344e+05	2.266136050345631259e-01	1.597446837970363520e-01
1.757658370447763300e+05	2.276162566537549559e-01	1.602745385892978269e-01
1.765431577540450962e+05	2.286228849801408280e-01	1.608062227125692800e-01
1.773235609190266987e+05	2.296335050791281918e-01	1.613397425527888229e-01
1.781070582162427600e+05	2.306481320717846395e-01	1.618751045185442550e-01
1.788936613653519307e+05	2.316667811350402728e-01	1.624123150411536376e-01
1.796833821293089422e+05	2.326894675018932879e-01	1.629513805747450639e-01
1.804762323145240371e+05	2.337162064616167267e-01	1.634923075963377603e-01
1.812722237710178015e+05	2.347470133599590669e-01	1.640351026059263251e-01
1.820713683925811783e+05	2.357819035993511114e-01	1.645797721265555569e-01
1.828736781169358292e+05	2.368208926391139058e-01	1.651263227044089121e-01
1.836791649258956604e+05	2.378639959956679317e-01	1.656747609088859152e-01
1.844878408455284371e+05	2.389112292427421347e-01	1.662250933326841484e-01
1.852997179463131761e+05	2.399626080115780935e-01	1.667773265918851555e-01
1.861148083433085703e+05	2.410181479911479296e-01	1.673314673260352381e-01
1.869331241963076172e+05	2.420778649283545081e-01	1.678875221982294719e-01
1.877546777100069739e+05	2.431417746282508174e-01	1.684454978951929749e-01
1.885794811341688619e+05	2.442098929542498020e-01	1.690054011273660617e-01
1.894075467637857364e+05	2.452822358283373305e-01	1.695672386289879818e-01
1.902388869392441702e+05	2.463588192312845537e-01	1.701310171581855990e-01
1.910735140464953147e+05	2.474396592028686448e-01	1.706967434970491915e-01
1.919114405172115366e+05	2.485247718420757201e-01	1.712644244517217973e-01
1.927526788289632532e+05	2.496141733073295732e-01	1.718340668524896142e-01
1.935972415053819714e+05	2.507078798167032274e-01	1.724056775538578279e-01
1.944451411163260345e+05	2.518059076481332093e-01	1.729792634346454527e-01
1.952963902780547505e+05	2.529082731396453121e-01	1.735548313980620205e-01
1.961510016533925955e+05	2.540149926895668986e-01	1.741323883718062515e-01
1.970089879519021779e+05	2.551260827567513045e-01	1.747119413081415218e-01
1.978703619300542050e+05	2.562415598607976075e-01	1.752934971839874567e-01
1.987351363913973037e+05	2.573614405822707840e-01	1.758770630010085267e-01
1.996033241867309262e+05	2.584857415629254751e-01	1.764626457857010611e-01
2.004749382142787799e+05	2.596144795059306398e-01	1.770502525894815382e-01
2.013499914198575425e+05	2.607476711760879362e-01	1.776398904887711017e-01
2.022284967970556754e+05	2.618853334000634248e-01	1.782315665850892072e-01
2.031104673874043801e+05	2.630274830666091135e-01	1.788252880051428850e-01
2.039959162805544911e+05	2.641741371267913308e-01	1.794210619009097563e-01
2.048848566144506040e+05	2.653253125942172108e-01	1.800188954497379812e-01
2.057773015755050292e+05	2.664810265452591809e-01	1.806187958544231975e-01
2.066732643987799238e+05	2.676412961192911055e-01	1.812207703433105499e-01
2.075727583681611868e+05	2.688061385189137176e-01	1.818248261703783730e-01
2.084757968165364582e+05	2.699755710101845452e-01	1.824309706153323385e-01
2.093823931259744568e+05	2.711496109228508367e-01	1.830392109836964099e-01
2.102925607279051910e+05	2.723282756505822633e-01	1.836495546069012164e-01
2.112063131032982783e+05	2.735115826512025117e-01	1.842620088423807534e-01
2.121236637828437379e+05	2.746995494469228749e-01	1.848765810736646975e-01
2.130446263471376733e+05	2.758921936245827822e-01	1.854932787104623670e-01
2.139692144268549455e+05	2.770895328358738974e-01	1.861121091887668333e-01
2.148974417029411416e+05	2.782915847975880319e-01	1.867330799709430167e-01
2.158293219067890313e+05	2.794983672918460171e-01	1.873561985458211121e-01
2.167648688204297505e+05	2.807098981663455617e-01	1.879814724287883487e-01
2.177040962767097517e+05	2.819261953345896243e-01	1.886089091618902425e-01
2.186470181594812602e+05	2.831472767761339382e-01	1.892385163139206905e-01
2.195936484037839109e+05	2.843731605368214899e-01	1.898703014805134537e-01
2.205440009960361931e+05	2.856038647290309318e-01	1.905042722842449632e-01
2.214980899742195033e+05	2.868394075319147807e-01	1.911404363747249979e-01
2.224559294280680770e+05	2.880798071916452208e-01	1.917788014286926912e-01
2.234175334992549033e+05	2.893250820216551333e-01	1.924193751501167837e-01
2.243829163815828797e+05	2.905752504028854544e-01	1.930621652702867175e-01
2.253520923211754416e+05	2.918303307840320326e-01	1.937071795479146374e-01
2.263250756166655337e+05	2.930903416817904894e-01	1.943544257692298993e-01
2.273018806193894416e+05	2.943553016811071843e-01	1.950039117480780460e-01
2.282825217335749185e+05	2.956252294354227983e-01	1.956556453260165362e-01
2.292670134165378113e+05	2.969001436669267413e-01	1.963096343724168580e-01
2.302553701788738254e+05	2.981800631668060086e-01	1.969658867845610339e-01
2.312476065846534329e+05	2.994650067954971462e-01	1.976244104877429852e-01
2.322437372516152391e+05	3.007549934829368277e-01	1.982852134353650098e-01
2.332437768513637711e+05	3.020500422288179276e-01	1.989483036090376189e-01
2.342477401095637179e+05	3.033501721028413756e-01	1.996136890186838708e-01
2.352556418061370205e+05	3.046554022449705634e-01	2.002813777026340725e-01
2.362674967754628160e+05	3.059657518656913600e-01	2.009513777277322222e-01
2.372833199065739464e+05	3.072812402462657966e-01	2.016236971894362628e-01
2.383031261433565815e+05	3.086018867389908604e-01	2.022983442119155595e-01
2.393269304847478052e+05	3.099277107674544007e-01	2.029753269481565370e-01
2.403547479849410302e+05	3.112587318268009717e-01	2.036546535800642932e-01
2.413865937535854755e+05	3.125949694839903481e-01	2.043363323185649338e-01
2.424224829559832579e+05	3.139364433780528207e-01	2.050203714037115987e-01
2.434624308132998704e+05	3.152831732203612569e-01	2.057067791047842154e-01
2.445064526027643296e+05	3.166351787948910590e-01	2.063955637203921112e-01
2.455545636578699050e+05	3.179924799584794015e-01	2.070867335785879504e-01
2.466067793685845099e+05	3.193550966410980685e-01	2.077802970369587998e-01
2.476631151815551857e+05	3.207230488461182416e-01	2.084762624827400657e-01
2.487235866003127012e+05	3.220963566505754549e-01	2.091746383329189385e-01
2.497882091854789469e+05	3.234750402054378804e-01	2.098754330343388375e-01
2.508569985549763078e+05	3.248591197358779992e-01	2.105786550638075183e-01
2.519299703842365998e+05	3.262486155415424971e-01	2.112843129282020727e-01
2.530071404064080270e+05	3.276435479968210496e-01	2.119924151645763699e-01
2.540885244125682220e+05	3.290439375511215458e-01	2.127029703402662508e-01
2.551741382519343751e+05	3.304498047291425378e-01	2.134159870530041303e-01
2.562639978320734808e+05	3.318611701311454110e-01	2.141314739310185566e-01
2.573581191191171238e+05	3.332780544332325512e-01	2.148494396331489253e-01
2.584565181379721907e+05	3.347004783876203482e-01	2.155698928489489519e-01
2.595592109725365299e+05	3.361284628229181948e-01	2.162928422987993315e-01
2.606662137659161817e+05	3.375620286444099283e-01	2.170182967340198443e-01
2.617775427206371387e+05	3.390011968343283333e-01	2.177462649369712733e-01
2.628932140988608589e+05	3.404459884521337520e-01	2.184767557211759748e-01
2.640132442226069397e+05	3.418964246348026315e-01	2.192097779314202133e-01
2.651376494739623158e+05	3.433525265970987506e-01	2.199453404438711235e-01
2.662664462953138864e+05	3.448143156318738134e-01	2.206834521661829307e-01
2.673996511895533768e+05	3.462818131103335140e-01	2.214241220376155228e-01
2.685372807203066186e+05	3.477550404823338548e-01	2.221673590291405320e-01
2.696793515121485689e+05	3.492340192766599238e-01	2.229131721435611002e-01
2.708258802508329973e+05	3.507187711013231568e-01	2.236615704156172668e-01
2.719768836835047696e+05	3.522093176438362838e-01	2.244125629121022925e-01
2.731323786189375678e+05	3.537056806715213053e-01	2.251661587319823687e-01
2.742923819277442526e+05	3.552078820317817187e-01	2.259223670065022560e-01
2.754569105426086462e+05	3.567159436524027227e-01	2.266811968993092674e-01
2.766259814585124259e+05	3.582298875418453155e-01	2.274426576065594341e-01
2.777996117329588160e+05	3.597497357895356740e-01	2.282067583570388802e-01
2.789778184861978516e+05	3.612755105661567545e-01	2.289735084122794251e-01
2.801606189014682896e+05	3.628072341239619303e-01	2.297429170666735465e-01
2.813480302252097172e+05	3.643449287970493278e-01	2.305149936475922590e-01
2.825400697673014947e+05	3.658886170016718564e-01	2.312897475155021310e-01
2.837367549012904055e+05	3.674383212365310847e-01	2.320671880640821916e-01
2.849381030646270374e+05	3.689940640830841612e-01	2.328473247203451668e-01
2.861441317588934908e+05	3.705558682058381903e-01	2.336301669447545526e-01
2.873548585500407498e+05	3.721237563526581527e-01	2.344157242313396339e-01
2.885703010686216876e+05	3.736977513550679419e-01	2.352040061078222166e-01
2.897904770100224414e+05	3.752778761285506803e-01	2.359950221357323408e-01
2.910154041347010643e+05	3.768641536728571384e-01	2.367887819105283786e-01
2.922451002684276318e+05	3.784566070723173747e-01	2.375852950617206027e-01
2.934795833025164320e+05	3.800552594961406627e-01	2.383845712529870653e-01
2.947188711940710782e+05	3.816601341987339024e-01	2.391866201823045213e-01
2.959629819662173395e+05	3.832712545200018250e-01	2.399914515820555927e-01
2.972119337083451101e+05	3.848886438856612968e-01	2.407990752191692951e-01
2.984657445763521828e+05	3.865123258075570667e-01	2.416095008952320045e-01
2.997244327928806888e+05	3.881423238839671885e-01	2.424227384466118296e-01
3.009880166475684964e+05	3.897786617999293712e-01	2.432387977445886196e-01
3.022565144972875714e+05	3.914213633275492321e-01	2.440576886954722302e-01
3.035299447663873434e+05	3.930704523263153782e-01	2.448794212407308657e-01
3.048083259469441255e+05	3.947259527434228144e-01	2.457040053571112048e-01
3.060916765990015701e+05	3.963878886140838609e-01	2.465314510567719886e-01
3.073800153508295771e+05	3.980562840618639409e-01	2.473617683874025364e-01
3.086733608991572983e+05	3.997311632989827834e-01	2.481949674323563337e-01
3.099717320094354218e+05	4.014125506266543741e-01	2.490310583107694375e-01
3.112751475160769769e+05	4.031004704353990942e-01	2.498700511776978384e-01
3.125836263227108866e+05	4.047949472053712916e-01	2.507119562242373645e-01
3.138971874024402932e+05	4.064960055066945688e-01	2.515567836776548827e-01
3.152158497980880202e+05	4.082036699997791951e-01	2.524045438015169451e-01
3.165396326224485529e+05	4.099179654356486235e-01	2.532552468958243486e-01
3.178685550585464807e+05	4.116389166562743340e-01	2.541089032971296513e-01
3.192026363598929020e+05	4.133665485949072349e-01	2.549655233786814468e-01
3.205418958507425268e+05	4.151008862764114515e-01	2.558251175505451558e-01
3.218863529263458331e+05	4.168419548175900657e-01	2.566876962597372525e-01
3.232360270532123977e+05	4.185897794275271200e-01	2.575532699903568257e-01
3.245909377693664865e+05	4.203443854079172426e-01	2.584218492637201936e-01
3.259511046846116660e+05	4.221057981534099279e-01	2.592934446384893010e-01
3.273165474807852879e+05	4.238740431519374963e-01	2.601680667108079992e-01
3.286872859120232170e+05	4.256491459850590409e-01	2.610457261144343843e-01
3.300633398050287506e+05	4.274311323283083164e-01	2.619264335208747463e-01
3.314447290593295475e+05	4.292200279515263617e-01	2.628101996395164064e-01
3.328314736475409591e+05	4.310158587192027824e-01	2.636970352177687715e-01
3.342235936156389071e+05	4.328186505908286352e-01	2.645869510411911762e-01
3.356211090832253685e+05	4.346284296212408194e-01	2.654799579336323823e-01
3.370240402437896701e+05	4.364452219609599171e-01	2.663760667573688568e-01
3.384324073649821803e+05	4.382690538565453542e-01	2.672752884132367779e-01
3.398462307888840442e+05	4.400999516509438436e-01	2.681776338407768634e-01
3.412655309322731337e+05	4.419379417838339985e-01	2.690831140183622683e-01
3.426903282869094401e+05	4.437830507919966472e-01	2.699917399633472437e-01
3.441206434197875205e+05	4.456353053096407391e-01	2.709035227322005857e-01
3.455564969734262559e+05	4.474947320687795438e-01	2.718184734206419706e-01
3.469979096661372459e+05	4.493613578995770963e-01	2.727366031637922794e-01
3.484449022922983277e+05	4.512352097307035237e-01	2.736579231363038267e-01
3.498974957226301194e+05	4.531163145896923705e-01	2.745824445525046897e-01
3.513557109044842073e+05	4.550046996033145219e-01	2.755101786665409835e-01
3.528195688621097361e+05	4.569003919979224837e-01	2.764411367725205237e-01
3.542890906969337957e+05	4.588034190998142026e-01	2.773753302046498281e-01
3.557642975878468133e+05	4.607138083356027702e-01	2.783127703373833306e-01
3.572452107914858498e+05	4.626315872325826306e-01	2.792534685855613263e-01
3.587318516425106209e+05	4.645567834190875156e-01	2.801974364045584087e-01
3.602242415538927889e+05	4.664894246248649790e-01	2.811446852904247451e-01
3.617224020171939628e+05	4.684295386814361639e-01	2.820952267800348467e-01
3.632263546028611599e+05	4.703771535224789968e-01	2.830490724512269018e-01
3.647361209605037002e+05	4.723322971841860674e-01	2.840062339229554866e-01
3.662517228191856411e+05	4.742949978056437699e-01	2.849667228554355614e-01
3.677731819877179223e+05	4.762652836292106673e-01	2.859305509502870768e-01
3.693005203549434664e+05	4.782431830008863072e-01	2.868977299506872969e-01
3.708337598900304874e+05	4.802287243706914177e-01	2.878682716415147946e-01
3.723729226427552057e+05	4.822219362930340592e-01	2.888421878495017192e-01
3.739180307438155287e+05	4.842228474271153549e-01	2.898194904433805119e-01
3.754691064051034045e+05	4.862314865372828754e-01	2.908001913340356737e-01
3.770261719200134976e+05	4.882478824934297634e-01	2.917843024746505920e-01
3.785892496637338190e+05	4.902720642713713217e-01	2.927718358608632498e-01
3.801583620935422368e+05	4.923040609532293721e-01	2.937628035309127750e-01
3.817335317491100286e+05	4.943439017278244973e-01	2.947572175657964255e-01
3.833147812527994975e+05	4.963916158910626208e-01	2.957550900894163060e-01
3.849021333099605399e+05	4.984472328463176449e-01	2.967564332687384066e-01
3.864956107092337334e+05	5.005107821048252470e-01	2.977612593139429831e-01
3.880952363228535396e+05	5.025822932860748438e-01	2.987695804785768239e-01
3.897010331069584354e+05	5.046617961182113810e-01	2.997814090597111791e-01
3.913130241018836387e+05	5.067493204384141414e-01	3.007967573980966369e-01
3.929312324324788060e+05	5.088448961933088599e-01	3.018156378783197202e-01
3.945556813084050664e+05	5.109485534393515271e-01	3.028380629289547654e-01
3.961863940244538244e+05	5.130603223432419480e-01	3.038640450227266809e-01
3.978233939608443761e+05	5.151802331823084335e-01	3.048935966766639361e-01
3.994667045835453901e+05	5.173083163449250232e-01	3.059267304522571007e-01
4.011163494445791002e+05	5.194446023309046145e-01	3.069634589556228255e-01
4.027723521823342890e+05	5.215891217519046386e-01	3.080037948376549428e-01
4.044347365218861960e+05	5.237419053318411732e-01	3.090477507941910007e-01
4.061035262753044371e+05	5.259029839072882906e-01	3.100953395661685263e-01
4.077787453419711092e+05	5.280723884278888391e-01	3.111465739397865637e-01
4.094604177089042496e+05	5.302501499567744414e-01	3.122014667466709859e-01
4.111485674510686076e+05	5.324362996709675055e-01	3.132600308640322573e-01
4.128432187316956115e+05	5.346308688617952276e-01	3.143222792148258615e-01
4.145443958026057226e+05	5.368338889353078125e-01	3.153882247679224426e-01
4.162521230045319535e+05	5.390453914126969170e-01	3.164578805382693427e-01
4.179664247674422804e+05	5.412654079307129829e-01	3.175312595870495302e-01
4.196873256108647911e+05	5.434939702420868990e-01	3.186083750218550170e-01
4.214148501442049746e+05	5.457311102159404514e-01	3.196892399968462306e-01
4.231490230670864112e+05	5.479768598382276368e-01	3.207738677129206017e-01
4.248898691696593305e+05	5.502312512121344534e-01	3.218622714178813182e-01
4.266374133329536999e+05	5.524943165585355365e-01	3.229544644065985293e-01
4.283916805291880155e+05	5.547660882163947260e-01	3.240504600211850939e-01
4.301526958221124369e+05	5.570465986432090455e-01	3.251502716511611712e-01
4.319204843673371943e+05	5.593358804154342501e-01	3.262539127336198108e-01
4.336950714126682724e+05	5.616339662289193679e-01	3.273613967534052538e-01
4.354764822984364582e+05	5.639408888993326929e-01	3.284727372432749148e-01
4.372647424578432110e+05	5.662566813626097595e-01	3.295879477840774063e-01
4.390598774172877893e+05	5.685813766753772258e-01	3.307070420049189052e-01
4.408619127967140521e+05	5.709150080154018481e-01	3.318300335833387904e-01
4.426708743099462008e+05	5.732576086820247996e-01	3.329569362454812831e-01
4.444867877650278970e+05	5.756092120966017633e-01	3.340877637662690858e-01
4.463096790645703441e+05	5.779698518029526833e-01	3.352225299695749117e-01
4.481395742060894845e+05	5.803395614677991921e-01	3.363612487284017294e-01
4.499764992823569919e+05	5.827183748812190256e-01	3.375039339650520165e-01
4.518204804817353142e+05	5.851063259570793429e-01	3.386505996513121675e-01
4.536715440885410062e+05	5.875034487335079048e-01	3.398012598086161407e-01
4.555297164833797142e+05	5.899097773733263939e-01	3.409559285082371383e-01
4.573950241435014177e+05	5.923253461645111573e-01	3.421146198714555831e-01
4.592674936431488022e+05	5.947501895206432909e-01	3.432773480697406399e-01
4.611471516539142467e+05	5.971843419813719356e-01	3.444441273249311819e-01
4.630340249450898264e+05	5.996278382128670259e-01	3.456149719094128159e-01
4.649281403840200510e+05	6.020807130082758141e-01	3.467898961462989593e-01
4.668295249364623451e+05	6.045430012881903847e-01	3.479689144096114739e-01
4.687382056669424055e+05	6.070147381011077314e-01	3.491520411244722344e-01
4.706542097391111893e+05	6.094959586238912763e-01	3.503392907672648326e-01
4.725775644161097589e+05	6.119866981622442692e-01	3.515306778658384701e-01
4.745082970609256881e+05	6.144869921511707522e-01	3.527262169996774333e-01
4.764464351367545896e+05	6.169968761554441850e-01	3.539259228000945501e-01
4.783920062073732261e+05	6.195163858700900583e-01	3.551298099504102690e-01
4.803450379374892800e+05	6.220455571208396428e-01	3.563378931861425070e-01
4.823055580931237200e+05	6.245844258646240377e-01	3.575501872951905025e-01
4.842735945419711061e+05	6.271330281900419079e-01	3.587667071180231093e-01
4.862491752537636203e+05	6.296914003178302188e-01	3.599874675478676456e-01
4.882323283006515121e+05	6.322595786013570640e-01	3.612124835308942461e-01
4.902230818575699232e+05	6.348375995270968408e-01	3.624417700664084308e-01
4.922214642026135116e+05	6.374254997151151958e-01	3.636753422070398978e-01
4.942275037174089230e+05	6.400233159195515276e-01	3.649132150589352031e-01
4.962412288874866790e+05	6.426310850291002685e-01	3.661554037819421681e-01
4.982626683026714600e+05	6.452488440675171466e-01	3.674019235898129399e-01
5.002918506574497442e+05	6.478766301940938055e-01	3.686527897503824591e-01
5.023288047513546189e+05	6.505144807041576271e-01	3.699080175857727970e-01
5.043735594893413945e+05	6.531624330295572323e-01	3.711676224725819484e-01
5.064261438821752090e+05	6.558205247391650783e-01	3.724316198420822288e-01
5.084865870468139183e+05	6.584887935393726188e-01	3.737000251804121764e-01
5.105549182067951770e+05	6.611672772745919024e-01	3.749728540287732836e-01
5.126311666926222388e+05	6.638560139277553951e-01	3.762501219836230093e-01
5.147153619421483018e+05	6.665550416208131379e-01	3.775318446968836117e-01
5.168075335009730770e+05	6.692643986152471136e-01	3.788180378761260014e-01
5.189077110228286474e+05	6.719841233125700697e-01	3.801087172847792406e-01
5.210159242699756287e+05	6.747142542548389965e-01	3.814038987423217231e-01
5.231322031135890866e+05	6.774548301251551718e-01	3.827035981244903406e-01
5.252565775341627887e+05	6.802058897481871869e-01	3.840078313634746610e-01
5.273890776219144464e+05	6.829674720906955265e-01	3.853166144481204869e-01
5.295297335771571379e+05	6.857396162620142954e-01	3.866299634241343042e-01
5.316785757107129321e+05	6.885223615145864562e-01	3.879478943942832325e-01
5.338356344443351263e+05	6.913157472445103924e-01	3.892704235186026374e-01
5.360009403110711137e+05	6.941198129920108650e-01	3.905975670145947487e-01
5.381745239556945162e+05	6.969345984419965667e-01	3.919293411574418795e-01
5.403564161351007642e+05	6.997601434245744878e-01	3.932657622802039898e-01
5.425466477187189739e+05	7.025964879155824905e-01	3.946068467740335706e-01
5.447452496889085742e+05	7.054436720371027869e-01	3.959526110883775374e-01
5.469522531413878314e+05	7.083017360580169397e-01	3.973030717311855642e-01
5.491676892856287304e+05	7.111707203945173417e-01	3.986582452691271872e-01
5.513915894452775829e+05	7.140506656106520023e-01	4.000181483277905348e-01
5.536239850585673703e+05	7.169416124188582318e-01	4.013827975918998203e-01
5.558649076787277590e+05	7.198436016804937720e-01	4.027522098055219546e-01
5.581143889744196786e+05	7.227566744063997906e-01	4.041264017722830948e-01
5.603724607301367214e+05	7.256808717574204648e-01	4.055053903555837502e-01
5.626391548466271488e+05	7.286162350449489900e-01	4.068891924787992331e-01
5.649145033413302153e+05	7.315628057314940147e-01	4.082778251255095303e-01
5.671985383487838553e+05	7.345206254312057759e-01	4.096713053397101345e-01
5.694912921210564673e+05	7.374897359104367611e-01	4.110696502260193230e-01
5.717927970281689195e+05	7.404701790882874946e-01	4.124728769499088066e-01
5.741030855585339013e+05	7.434619970371756370e-01	4.138810027379081213e-01
5.764221903193684993e+05	7.464652319833702254e-01	4.152940448778273952e-01
5.787501440371366916e+05	7.494799263075646589e-01	4.167120207189802805e-01
5.810869795579815982e+05	7.525061225454370284e-01	4.181349476724041114e-01
5.834327298481558682e+05	7.555438633882061161e-01	4.195628432110712347e-01
5.857874279944550944e+05	7.585931916831941679e-01	4.209957248701205468e-01
5.881511072046679910e+05	7.616541504344092051e-01	4.224336102470729881e-01
5.905238008080018917e+05	7.647267828030958059e-01	4.238765170020611928e-01
5.929055422555268742e+05	7.678111321083108676e-01	4.253244628580485354e-01
5.952963651206106879e+05	7.709072418274860450e-01	4.267774656010491219e-01
5.976963030993775465e+05	7.740151555970227193e-01	4.282355430803596597e-01
6.001053900111570256e+05	7.771349172128728666e-01	4.296987132087914940e-01
6.025236597988998983e+05	7.802665706310775162e-01	4.311669939628853254e-01
6.049511465296656825e+05	7.834101599683980233e-01	4.326404033831429130e-01
6.073878843950437149e+05	7.865657295028619655e-01	4.341189595742604990e-01
6.098339077116135741e+05	7.897333236743588891e-01	4.356026807053538508e-01
6.122892509214084130e+05	7.929129870852401618e-01	4.370915850101925737e-01
6.147539485923538450e+05	7.961047645008878515e-01	4.385856907874221555e-01
6.172280354187358171e+05	7.993087008503204638e-01	4.400850164008103804e-01
6.197115462216502056e+05	8.025248412267745879e-01	4.415895802794633784e-01
6.222045159494774416e+05	8.057532308883205152e-01	4.430994009180729276e-01
6.247069796783326892e+05	8.089939152584445514e-01	4.446144968771469919e-01
6.272189726125303423e+05	8.122469399266506462e-01	4.461348867832349852e-01
6.297405300850406056e+05	8.155123506490516982e-01	4.476605893291816241e-01
6.322716875579801854e+05	8.187901933490051576e-01	4.491916232743533577e-01
6.348124806230609538e+05	8.220805141176938946e-01	4.507280074448760665e-01
6.373629450020606164e+05	8.253833592147351572e-01	4.522697607338777570e-01
6.399231165472950088e+05	8.286987750687940801e-01	4.538169021017240401e-01
6.424930312421056442e+05	8.320268082782124042e-01	4.553694505762611588e-01
6.450727252013275865e+05	8.353675056116164344e-01	4.569274252530547420e-01
6.476622346717482433e+05	8.387209140085101211e-01	4.584908452956388270e-01
6.502615960326129571e+05	8.420870805799302028e-01	4.600597299357491732e-01
6.528708457960879896e+05	8.454660526090461703e-01	4.616340984735726183e-01
6.554900206077528419e+05	8.488578775517963138e-01	4.632139702779867751e-01
6.581191572470746469e+05	8.522626030375045625e-01	4.647993647868198241e-01
6.607582926278954837e+05	8.556802768695083161e-01	4.663903015070852143e-01
6.634074637989319162e+05	8.591109470258087022e-01	4.679868000152236363e-01
6.660667079442468239e+05	8.625546616596792004e-01	4.695888799573669781e-01
6.687360623837504536e+05	8.660114691003150122e-01	4.711965610495753021e-01
6.714155645736845909e+05	8.694814178534615579e-01	4.728098630780885325e-01
6.741052521071319934e+05	8.729645566020717284e-01	4.744288058995826951e-01
6.768051627144959057e+05	8.764609342069288322e-01	4.760534094414211603e-01
6.795153342640168266e+05	8.799705997073147268e-01	4.776836937019059426e-01
6.822358047622486483e+05	8.834936023216274359e-01	4.793196787505245027e-01
6.849666123545776354e+05	8.870299914480516135e-01	4.809613847282128707e-01
6.877077953257185873e+05	8.905798166652026948e-01	4.826088318476108863e-01
6.904593921002250863e+05	8.941431277327869243e-01	4.842620403933178275e-01
6.932214412429864751e+05	8.977199745922450624e-01	4.859210307221457081e-01
6.959939814597492805e+05	9.013104073674271799e-01	4.875858232633856759e-01
6.987770515976286260e+05	9.049144763652561263e-01	4.892564385190551479e-01
7.015706906456069555e+05	9.085322320763715709e-01	4.909328970641674283e-01
7.043749377350508003e+05	9.121637251758014653e-01	4.926152195469899464e-01
7.071898321402374422e+05	9.158090065236415001e-01	4.943034266893096551e-01
7.100154132788741263e+05	9.194681271657301203e-01	4.959975392866906585e-01
7.128517207125991117e+05	9.231411383342950083e-01	4.976975782087408318e-01
7.156987941475260304e+05	9.268280914486598521e-01	4.994035643993794404e-01
7.185566734347477322e+05	9.305290381158960455e-01	5.011155188770927138e-01
7.214253985708843684e+05	9.342440301315316775e-01	5.028334627352121222e-01
7.243050096985857235e+05	9.379731194802042316e-01	5.045574171421798315e-01
7.271955471070795320e+05	9.417163583363681312e-01	5.062874033418122144e-01
7.300970512326974422e+05	9.454737990649774160e-01	5.080234426535688019e-01
7.330095626594054047e+05	9.492454942221724146e-01	5.097655564728384991e-01
7.359331221193375532e+05	9.530314965559705254e-01	5.115137662711884969e-01
7.388677704933384666e+05	9.568318590069690988e-01	5.132680935966542624e-01
7.418135488115001936e+05	9.606466347090405478e-01	5.150285600740011072e-01
7.447704982537137112e+05	9.644758769900465545e-01	5.167951874050062955e-01
7.477386601501795230e+05	9.683196393724990969e-01	5.185679973687347122e-01
7.507180759819926461e+05	9.721779755743185092e-01	5.203470118218137541e-01
