0.000000000000000000e+00	0.000000000000000000e+00	0.000000000000000000e+00
7.871850735078631942e+02	1.018912818560799944e-03	3.787888052779415093e-01
1.522005845638723031e+03	1.970536992712989231e-03	3.536872179948469253e-01
2.212097793073596677e+03	2.864232860408425473e-03	3.321018367415976558e-01
2.863755696125036138e+03	3.708152938877007972e-03	3.134247220210301665e-01
3.482195505473573576e+03	4.509052510540813991e-03	2.971654969461797191e-01
4.071761599458565343e+03	5.272558052384370385e-03	2.829270026827477302e-01
4.636091338062926297e+03	6.003380357777697227e-03	2.703862337573070818e-01
5.178246138952427827e+03	6.705484299111956828e-03	2.592793692692176855e-01
5.700816238669101040e+03	7.382224508630258301e-03	2.493899883192202682e-01
6.206004712872742857e+03	8.036454196547686279e-03	2.405397663793668872e-01
6.695695102647810927e+03	8.670612736544553931e-03	2.325811090965171080e-01
7.171506044962881788e+03	9.286796419695023466e-03	2.253913026895439098e-01
7.634835569992156707e+03	9.886815825458224530e-03	2.188678544359679012e-01
8.086897156976613587e+03	1.047224251877961962e-02	2.129247694121186307e-01
8.528749195962804151e+03	1.104444720685859513e-02	2.074895657261261739e-01
8.961319156256007773e+03	1.160463104036365753e-02	2.025008738314864332e-01
9.385423491616857063e+03	1.215385139313768757e-02	1.979064990815947722e-01
9.801784100093018424e+03	1.269304317968418354e-02	1.936618527370196352e-01
1.021104198980520050e+04	1.322303655398846325e-02	1.897286768926414735e-01
1.061376867089404186e+04	1.374457166341645602e-02	1.860740045728785652e-01
1.101047569037145149e+04	1.425831099743344113e-02	1.826693085645101633e-01
1.140162264476534438e+04	1.476484976487105541e-02	1.794898021975578351e-01
1.178762394051821502e+04	1.526472464937866230e-02	1.765138628452992131e-01
1.216885452045215789e+04	1.575842122580374885e-02	1.737225548573984868e-01
1.254565473342391124e+04	1.624638026690018028e-02	1.710992333225579143e-01
1.291833449134231159e+04	1.672900312708657661e-02	1.686292137552707349e-01
1.328717683129237230e+04	1.720665635574892063e-02	1.662994957294960663e-01
1.365244097924636480e+04	1.767967566504181215e-02	1.640985308064343562e-01
1.401436499468351940e+04	1.814836935491979247e-02	1.620160269535113329e-01
1.437316806155399536e+04	1.861302128014610466e-02	1.600427831278707358e-01
1.472905247974866325e+04	1.907389342942448357e-02	1.581705488788021086e-01
1.508220540205505313e+04	1.953122817490909879e-02	1.563919047712300225e-01
1.543280035408271578e+04	1.998525024063764477e-02	1.547001601948393701e-01
1.578099856849446405e+04	2.043616843047207227e-02	1.530892657385925504e-01
1.612695015983022131e+04	2.088417714959108287e-02	1.515537378081689701e-01
1.647079516204658285e+04	2.132945774818639784e-02	1.500885935677705729e-01
1.681266444744932960e+04	2.177217971155175763e-02	1.486892946164484475e-01
1.715268054284006212e+04	2.221250171705478269e-02	1.473516980774008944e-01
1.749095835631788577e+04	2.265057257539909372e-02	1.460720139983084087e-01
1.782760582619394336e+04	2.308653207101575219e-02	1.448467681410642582e-01
1.816272450181231034e+04	2.352051171426752449e-02	1.436727693877162260e-01
1.849641006467512489e+04	2.395263541634215163e-02	1.425470811120137793e-01
1.882875279709307142e+04	2.438302009618659172e-02	1.414669959674971222e-01
1.915983800458940459e+04	2.481177622754829684e-02	1.404300136273618493e-01
1.948974639744258820e+04	2.523900833309789329e-02	1.394338210816087331e-01
1.981855443603800813e+04	2.566481543168163890e-02	1.384762751556248839e-01
2.014633464408850341e+04	2.608929144396163191e-02	1.375553869635313953e-01
2.047315589326365080e+04	2.651252556102823288e-02	1.366693080508896985e-01
2.079908366231862237e+04	2.693460257998750093e-02	1.358163180161689187e-01
2.112418027343490758e+04	2.735560321003638329e-02	1.349948134297387914e-01
2.144850510814924564e+04	2.777560435210321352e-02	1.342032978940294052e-01
2.177211480496540753e+04	2.819467935476618892e-02	1.334403731096455437e-01
2.209506344049523977e+04	2.861289824884113986e-02	1.327047308301899375e-01
2.241740269576392166e+04	2.903032796275596336e-02	1.319951456039188675e-01
2.273918200912073735e+04	2.944703252057830761e-02	1.313104682134701440e-01
2.306044871704575417e+04	2.986307322436768108e-02	1.306496197361903533e-01
2.338124818398791467e+04	3.027850882232253557e-02	1.300115861572606057e-01
2.370162392225776057e+04	3.069339566404748199e-02	1.293954134761760300e-01
2.402161770288013577e+04	3.110778784411312795e-02	1.288002032543374420e-01
2.434126965822090642e+04	3.152173733496273222e-02	1.282251085577640337e-01
2.466061837711659246e+04	3.193529411010976454e-02	1.276693302543532860e-01
2.497970099316020423e+04	3.234850625847224964e-02	1.271321136298017296e-01
2.529855326673067611e+04	3.276142009060477311e-02	1.266127452904420858e-01
2.561720966129697263e+04	3.317408023751586971e-02	1.261105503247911819e-01
2.593570341447391911e+04	3.358652974268854646e-02	1.256248896987658958e-01
2.625406660426028247e+04	3.399881014786158145e-02	1.251551578622623340e-01
2.657233021085123619e+04	3.441096157307946268e-02	1.247007805471956610e-01
2.689052417437738040e+04	3.482302279146690105e-02	1.242612127392346694e-01
2.720867744889316600e+04	3.523503129914618004e-02	1.238359368073236044e-01
2.752681805290514967e+04	3.564702338067341630e-02	1.234244607767439744e-01
2.784497311670550334e+04	3.605903417033740760e-02	1.230263167329116031e-01
2.816316892675328927e+04	3.647109770963528896e-02	1.226410593444278302e-01
2.848143096732391859e+04	3.688324700121017874e-02	1.222682644950137260e-01
2.879978395962762806e+04	3.729551405951130050e-02	1.219075280150122981e-01
2.911825189858257727e+04	3.770792995841650702e-02	1.215584645040261452e-01
2.943685808740928769e+04	3.812052487603350553e-02	1.212207062370757038e-01
2.975562517020302403e+04	3.853332813688232356e-02	1.208939021473951492e-01
3.007457516262446734e+04	3.894636825164090460e-02	1.205777168796063337e-01
3.039372948083990559e+04	3.935967295462376031e-02	1.202718299076176584e-01
3.071310896883013993e+04	3.977326923914800694e-02	1.199759347120942787e-01
3.103273392417966170e+04	4.018718339093130948e-02	1.196897380128084526e-01
3.135262412244550796e+04	4.060144101965049157e-02	1.194129590516223721e-01
3.167279884020118698e+04	4.101606708878409446e-02	1.191453289222040302e-01
3.199327687684261400e+04	4.143108594385205151e-02	1.188865899429282780e-01
3.231407657523481976e+04	4.184652133915370276e-02	1.186364950697313819e-01
3.263521584127345341e+04	4.226239646310075287e-02	1.183948073459411138e-01
3.295671216243072558e+04	4.267873396223485771e-02	1.181612993863815908e-01
3.327858262534796086e+04	4.309555596401057342e-02	1.179357528932559601e-01
3.360084393253475719e+04	4.351288409842132832e-02	1.177179582015272091e-01
3.392351241822837619e+04	4.393073951853788961e-02	1.175077138517071906e-01
3.424660406346410309e+04	4.434914292002490460e-02	1.173048261881187299e-01
3.457013451040584187e+04	4.476811455969960385e-02	1.171091089808696806e-01
3.489411907597762911e+04	4.518767427318489543e-02	1.169203830698972713e-01
3.521857276483859459e+04	4.560784149171252105e-02	1.167384760295878815e-01
3.554351028174009843e+04	4.602863525812579681e-02	1.165632218525803898e-01
3.586894604329991125e+04	4.645007424212759667e-02	1.163944606514750596e-01
3.619489418922566256e+04	4.687217675481510082e-02	1.162320383772640908e-01
3.652136859302005178e+04	4.729496076254331022e-02	1.160758065533923078e-01
3.684838287219572521e+04	4.771844390015364534e-02	1.159256220244315461e-01
3.717595039802711835e+04	4.814264348360288576e-02	1.157813467184359291e-01
3.750408430486508587e+04	4.856757652202588205e-02	1.156428474221057323e-01
3.783279749903691845e+04	4.899325972926132228e-02	1.155099955679542434e-01
3.816210266735597543e+04	4.941970953487193757e-02	1.153826670327353782e-01
3.849201228525797342e+04	4.984694209468133741e-02	1.152607419464261596e-01
3.882253862458844378e+04	5.027497330085885230e-02	1.151441045111275263e-01
3.915369376105577248e+04	5.070381879157147276e-02	1.150326428292773595e-01
3.948548958136798319e+04	5.113349396022624782e-02	1.149262487406215588e-01
3.981793779007178819e+04	5.156401396432694351e-02	1.148248176674124266e-01
4.015104991610512661e+04	5.199539373395988678e-02	1.147282484673646796e-01
4.048483731908062327e+04	5.242764797993103298e-02	1.146364432938959677e-01
4.081931119531227159e+04	5.286079120157085448e-02	1.145493074632461389e-01
4.115448258359801548e+04	5.329483769422288519e-02	1.144667493280738940e-01
4.149036237077105761e+04	5.372980155643274774e-02	1.143886801571605549e-01
4.182696129702953476e+04	5.416569669685031285e-02	1.143150140208784443e-01
4.216428996105605620e+04	5.460253684085955572e-02	1.142456676820982758e-01
4.250235882493882673e+04	5.504033553695162478e-02	1.141805604922393191e-01
4.284117821890061168e+04	5.547910616284887353e-02	1.141196142921736545e-01
4.318075834584664699e+04	5.591886193139458672e-02	1.140627533177234199e-01
4.352110928573938145e+04	5.635961589621836521e-02	1.140099041094971288e-01
4.386224099980961182e+04	5.680138095718963859e-02	1.139609954268387265e-01
4.420416333460724854e+04	5.724416986566353838e-02	1.139159581656654235e-01
4.454688602590462688e+04	5.768799522953570874e-02	1.138747252799923448e-01
4.489041870245398604e+04	5.813286951810841402e-02	1.138372317069459433e-01
4.523477088961057598e+04	5.857880506678252858e-02	1.138034142950917482e-01
4.557995201282142807e+04	5.902581408157551307e-02	1.137732117358942058e-01
4.592597140099170065e+04	5.947390864348103129e-02	1.137465644981659335e-01
4.627283828973039635e+04	5.992310071267209493e-02	1.137234147653326255e-01
4.662056182448119944e+04	6.037340213255569521e-02	1.137037063753945920e-01
4.696915106354440650e+04	6.082482463368616560e-02	1.136873847634254225e-01
4.731861498099299934e+04	6.127737983754164008e-02	1.136743969065067555e-01
4.766896246948985936e+04	6.173107926017237096e-02	1.136646912709600443e-01
4.802020234300744778e+04	6.218593431572278646e-02	1.136582177617712075e-01
4.837234333945631079e+04	6.264195631983549006e-02	1.136549276741019854e-01
4.872539412322429416e+04	6.309915649293949824e-02	1.136547736467856118e-01
4.907936328763251367e+04	6.355754596343091145e-02	1.136577096177110724e-01
4.943425935730851779e+04	6.401713577074616413e-02	1.136636907810053970e-01
4.979009079048244166e+04	6.447793686833550031e-02	1.136726735459383381e-01
5.014686598120982671e+04	6.493996012654172645e-02	1.136846154974516798e-01
5.050459326151970163e+04	6.540321633538190293e-02	1.136994753582554751e-01
5.086328090349668491e+04	6.586771620724377052e-02	1.137172129524053332e-01
5.122293712129527557e+04	6.633347037949426095e-02	1.137377891703006683e-01
5.158357007309036271e+04	6.680048941700551801e-02	1.137611659350385718e-01
5.194518786296960025e+04	6.726878381460546508e-02	1.137873061700567234e-01
5.230779854276307015e+04	6.773836399944728470e-02	1.138161737680101621e-01
5.267141011381927819e+04	6.820924033330943992e-02	1.138477335608341356e-01
5.303603052872635453e+04	6.868142311482459961e-02	1.138819512909277354e-01
5.340166769298074360e+04	6.915492258164059047e-02	1.139187935834160004e-01
5.376832946660598100e+04	6.962974891251684506e-02	1.139582279194461950e-01
5.413602366572274332e+04	7.010591222935756706e-02	1.140002226104650934e-01
5.450475806407348136e+04	7.058342259918617967e-02	1.140447467734423403e-01
5.487454039450097480e+04	7.106229003606009953e-02	1.140917703069956324e-01
5.524537835038462072e+04	7.154252450293073495e-02	1.141412638683807074e-01
5.561727958703543845e+04	7.202413591345006860e-02	1.141931988513067986e-01
5.599025172304978332e+04	7.250713413372372740e-02	1.142475473645482714e-01
5.636430234162607667e+04	7.299152898401616019e-02	1.143042822113165130e-01
5.673943899184265319e+04	7.347733024040550842e-02	1.143633768693516628e-01
5.711566918990178237e+04	7.396454763639458141e-02	1.144248054717240948e-01
5.749300042033797945e+04	7.445319086447572954e-02	1.144885427882995216e-01
5.787144013719249051e+04	7.494326957765172492e-02	1.145545642078425463e-01
5.825099576515671652e+04	7.543479339091656299e-02	1.146228457207447565e-01
5.863167470068368857e+04	7.592777188269483890e-02	1.146933639023393070e-01
5.901348431307024293e+04	7.642221459624322366e-02	1.147660958967829659e-01
5.939643194551009219e+04	7.691813104101415111e-02	1.148410194014845842e-01
5.978052491611914593e+04	7.741553069398360298e-02	1.149181126520564533e-01
6.016577051893322641e+04	7.791442300094324203e-02	1.149973544077709381e-01
6.055217602488002012e+04	7.841481737775911343e-02	1.150787239374936599e-01
6.093974868272621825e+04	7.891672321159809433e-02	1.151622010060937701e-01
6.132849572000059561e+04	7.942014986212343752e-02	1.152477658612860445e-01
6.171842434389175469e+04	7.992510666265724428e-02	1.153353992209141532e-01
6.210954174212653015e+04	8.043160292131806832e-02	1.154250822606407156e-01
6.250185508382177068e+04	8.093964792212406112e-02	1.155167966020376885e-01
6.289537152031929145e+04	8.144925092607406547e-02	1.156105243010558670e-01
6.329009818599798746e+04	8.196042117219951018e-02	1.157062478368681979e-01
6.368604219906619255e+04	8.247316787859039489e-02	1.158039501010613426e-01
6.408321066233541205e+04	8.298750024339736353e-02	1.159036143871717828e-01
6.448161066397524701e+04	8.350342744580922794e-02	1.160052243805511085e-01
6.488124927824952465e+04	8.402095864700646899e-02	1.161087641485444993e-01
6.528213356623656728e+04	8.454010299109381010e-02	1.162142181309772787e-01
6.568427057653063093e+04	8.506086960600868496e-02	1.163215711309364547e-01
6.608766734592959983e+04	8.558326760441171965e-02	1.164308083058307741e-01
6.649233090010321757e+04	8.610730608455229029e-02	1.165419151587290952e-01
6.689826825424830895e+04	8.663299413111680281e-02	1.166548775299596635e-01
6.730548641373122518e+04	8.716034081606091610e-02	1.167696815889625317e-01
6.771399237471047672e+04	8.768935519941559176e-02	1.168863138263897261e-01
6.812379312475041661e+04	8.822004633008204144e-02	1.170047610464402810e-01
6.853489564341816003e+04	8.875242324660470583e-02	1.171250103594247832e-01
6.894730690286878962e+04	8.928649497792903733e-02	1.172470491745484789e-01
6.936103386841792963e+04	8.982227054414294865e-02	1.173708651929074587e-01
6.977608349910224206e+04	9.035975895720285700e-02	1.174964464006914844e-01
7.019246274822596752e+04	9.089896922164129867e-02	1.176237810625847258e-01
7.061017856389873486e+04	9.143991033526338574e-02	1.177528577153568734e-01
7.102923788955975033e+04	9.198259128982579080e-02	1.178836651616429060e-01
7.144964766449343006e+04	9.252702107170435175e-02	1.180161924638955806e-01
7.187141482433106285e+04	9.307320866254377434e-02	1.181504289385180151e-01
7.229454630154598271e+04	9.362116303989895250e-02	1.182863641501567392e-01
7.271904902593514998e+04	9.417089317785846958e-02	1.184239879061619732e-01
7.314492992509402393e+04	9.472240804765975908e-02	1.185632902512008674e-01
7.357219592488085618e+04	9.527571661829023486e-02	1.187042614620210379e-01
7.400085394987146719e+04	9.583082785707625062e-02	1.188468920423667863e-01
7.443091092380587361e+04	9.638775073026152607e-02	1.189911727180254369e-01
7.486237377002510766e+04	9.694649420357283331e-02	1.191370944320235686e-01
7.529524941190193931e+04	9.750706724277773130e-02	1.192846483399433721e-01
7.572954477325981134e+04	9.806947881422718727e-02	1.194338258053774110e-01
7.616526677878889313e+04	9.863373788539425702e-02	1.195846183955014685e-01
7.660242235444947437e+04	9.919985342539655582e-02	1.197370178767696303e-01
7.704101842787090573e+04	9.976783440551288684e-02	1.198910162107236776e-01
7.748106192874335102e+04	1.003376897996905714e-01	1.200466055499203877e-01
7.792255978920037160e+04	1.009094285850408168e-01	1.202037782339630267e-01
7.836551894419644668e+04	1.014830597423277830e-01	1.203625267856383713e-01
7.880994633187710133e+04	1.020585922564477277e-01	1.205228439071619195e-01
7.925584889394305355e+04	1.026360351169006285e-01	1.206847224765145443e-01
7.970323357600832242e+04	1.032153973182540485e-01	1.208481555438834648e-01
8.015210732795140939e+04	1.037966878605977028e-01	1.210131363281917172e-01
8.060247710426009144e+04	1.043799157499902680e-01	1.211796582137162070e-01
8.105434986437195039e+04	1.049650899988999742e-01	1.213477147468016992e-01
8.150773257300916885e+04	1.055522196266386326e-01	1.215172996326507465e-01
8.196263220050603559e+04	1.061413136597853107e-01	1.216884067322031998e-01
8.241905572313262383e+04	1.067323811326058858e-01	1.218610300590916434e-01
8.287701012341232854e+04	1.073254310874639517e-01	1.220351637766752401e-01
8.333650239043759939e+04	1.079204725752299227e-01	1.222108021951513468e-01
8.379753952017574920e+04	1.085175146556768416e-01	1.223879397687373666e-01
8.426012851577241963e+04	1.091165663978736766e-01	1.225665710929269708e-01
8.472427638785132149e+04	1.097176368805731078e-01	1.227466909018129493e-01
8.518999015480928938e+04	1.103207351925939578e-01	1.229282940654756323e-01
8.565727684310465702e+04	1.109258704331944206e-01	1.231113755874403137e-01
8.612614348754369712e+04	1.115330517124431681e-01	1.232959306021948614e-01
8.659659713156064390e+04	1.121422881515817954e-01	1.234819543727722763e-01
8.706864482749762828e+04	1.127535888833875594e-01	1.236694422883859723e-01
8.754229363687771547e+04	1.133669630525267619e-01	1.238583898621313933e-01
8.801755063067311130e+04	1.139824198159022361e-01	1.240487927287377695e-01
8.849442288957088022e+04	1.145999683429973215e-01	1.242406466423782718e-01
8.897291750423666963e+04	1.152196178162175205e-01	1.244339474745298768e-01
8.945304157557229337e+04	1.158413774312239408e-01	1.246286912118891033e-01
8.993480221497206367e+04	1.164652563972653487e-01	1.248248739543337121e-01
9.041820654457370983e+04	1.170912639375030900e-01	1.250224919129380441e-01
9.090326169750672125e+04	1.177194092893325966e-01	1.252215414080294353e-01
9.138997481813955528e+04	1.183497017047037414e-01	1.254220188672985903e-01
9.187835306231916184e+04	1.189821504504307709e-01	1.256239208239473271e-01
9.236840359761299624e+04	1.196167648085059015e-01	1.258272439148865329e-01
9.286013360354279575e+04	1.202535540764019389e-01	1.260319848789714092e-01
9.335355027182125195e+04	1.208925275673788519e-01	1.262381405552827074e-01
9.384866080657872953e+04	1.215336946107773430e-01	1.264457078814438529e-01
9.434547242459407425e+04	1.221770645523177767e-01	1.266546838919805074e-01
9.484399235551789752e+04	1.228226467543892669e-01	1.268650657167178786e-01
9.534422784209747624e+04	1.234704505963410137e-01	1.270768505792138903e-01
9.584618614039471140e+04	1.241204854747644526e-01	1.272900357952263251e-01
9.634987452000506164e+04	1.247727608037769165e-01	1.275046187712237378e-01
9.685530026427288249e+04	1.254272860153003155e-01	1.277205970029196280e-01
9.736247067050330224e+04	1.260840705593357092e-01	1.279379680738479963e-01
9.787139305017402512e+04	1.267431239042375035e-01	1.281567296539674328e-01
9.838207472914252139e+04	1.274044555369817089e-01	1.283768794982988459e-01
9.889452304785449815e+04	1.280680749634360571e-01	1.285984154455925843e-01
9.940874536154516682e+04	1.287339917086204322e-01	1.288213354170264502e-01
9.992474904044422146e+04	1.294022153169725187e-01	1.290456374149349938e-01
1.004425414699736430e+05	1.300727553526039582e-01	1.292713195215615396e-01
1.009621300509475259e+05	1.307456213995588923e-01	1.294983798978444900e-01
1.014835221997675981e+05	1.314208230620674822e-01	1.297268167822266949e-01
1.020067253486190020e+05	1.320983699647991227e-01	1.299566284894940471e-01
1.025317469456607359e+05	1.327782717531093559e-01	1.301878134096360884e-01
1.030585944552176661e+05	1.334605380932883389e-01	1.304203700067368688e-01
1.035872753579707205e+05	1.341451786728072304e-01	1.306542968178844299e-01
1.041177971511429059e+05	1.348322032005590809e-01	1.308895924521107923e-01
1.046501673486859945e+05	1.355216214071004455e-01	1.311262555893477622e-01
1.051843934814648237e+05	1.362134430448903866e-01	1.313642849794124656e-01
1.057204830974386714e+05	1.369076778885250090e-01	1.316036794410095634e-01
1.062584437618454249e+05	1.376043357349761298e-01	1.318444378607602219e-01
1.067982830573802057e+05	1.383034264038225380e-01	1.320865591922477378e-01
1.073400085843718844e+05	1.390049597374786727e-01	1.323300424550840626e-01
1.078836279609633493e+05	1.397089456014280195e-01	1.325748867340022785e-01
1.084291488232848642e+05	1.404153938844475147e-01	1.328210911779599546e-01
1.089765788256291271e+05	1.411243144988343634e-01	1.330686549992679268e-01
1.095259256406252825e+05	1.418357173806314431e-01	1.333175774727350937e-01
1.100771969594086841e+05	1.425496124898469608e-01	1.335678579348346662e-01
1.106304004917933344e+05	1.432660098106779134e-01	1.338194957828800769e-01
1.111855439664410078e+05	1.439849193517290515e-01	1.340724904742299495e-01
1.117426351310302562e+05	1.447063511462317043e-01	1.343268415255019499e-01
1.123016817524219659e+05	1.454303152522582465e-01	1.345825485118029019e-01
1.128626916168259486e+05	1.461568217529378433e-01	1.348396110659800251e-01
1.134256725299669633e+05	1.468858807566713054e-01	1.350980288778865224e-01
1.139906323172481789e+05	1.476175023973430034e-01	1.353578016936580475e-01
1.145575788239137473e+05	1.483516968345311715e-01	1.356189293150115716e-01
1.151265199152120622e+05	1.490884742537195162e-01	1.358814115985517990e-01
1.156974634765558003e+05	1.498278448665043006e-01	1.361452484550978448e-01
1.162704174136822694e+05	1.505698189108021223e-01	1.364104398490208758e-01
1.168453896528135083e+05	1.513144066510572761e-01	1.366769857975952407e-01
1.174223881408136513e+05	1.520616183784453401e-01	1.369448863703669472e-01
1.180014208453474712e+05	1.528114644110786513e-01	1.372141416885268028e-01
1.185824957550357503e+05	1.535639550942075882e-01	1.374847519243097838e-01
1.191656208796129504e+05	1.543191008004244913e-01	1.377567173003911016e-01
1.197508042500815209e+05	1.550769119298637255e-01	1.380300380893088597e-01
1.203380539188662515e+05	1.558373989104014923e-01	1.383047146128892069e-01
1.209273779599684640e+05	1.566005721978554199e-01	1.385807472416877850e-01
1.215187844691178179e+05	1.573664422761813786e-01	1.388581363944394742e-01
1.221122815639263281e+05	1.581350196576727096e-01	1.391368825375254581e-01
1.227078773840387439e+05	1.589063148831549588e-01	1.394169861844424263e-01
1.233055800912833074e+05	1.596803385221813865e-01	1.396984478952896513e-01
1.239053978698243154e+05	1.604571011732301988e-01	1.399812682762632543e-01
1.245073389263090794e+05	1.612366134638950343e-01	1.402654479791641262e-01
1.251114114900178538e+05	1.620188860510791418e-01	1.405509877009104291e-01
1.257176238130143174e+05	1.628039296211902520e-01	1.408378881830638918e-01
1.263259841702906124e+05	1.635917548903281782e-01	1.411261502113646815e-01
1.269365008599168505e+05	1.643823726044788269e-01	1.414157746152770456e-01
1.275491822031875199e+05	1.651757935397033805e-01	1.417067622675423078e-01
1.281640365447681979e+05	1.659720285023286446e-01	1.419991140837401078e-01
1.287810722528406914e+05	1.667710883291347868e-01	1.422928310218626036e-01
1.294002977192490653e+05	1.675729838875444633e-01	1.425879140818928636e-01
1.300217213596454676e+05	1.683777260758118066e-01	1.428843643053954171e-01
1.306453516136330582e+05	1.691853258232073054e-01	1.431821827751101894e-01
1.312711969449115859e+05	1.699957940902064868e-01	1.434813706145598167e-01
1.318992658414208563e+05	1.708091418686756291e-01	1.437819289876643147e-01
1.325295668154838786e+05	1.716253801820572800e-01	1.440838590983576362e-01
1.331621084039493289e+05	1.724445200855544424e-01	1.443871621902196867e-01
1.337968991683351051e+05	1.732665726663168981e-01	1.446918395461131435e-01
1.344339476949712262e+05	1.740915490436258095e-01	1.449978924878229103e-01
1.350732625951388909e+05	1.749194603690741590e-01	1.453053223757085344e-01
1.357148525052168407e+05	1.757503178267561250e-01	1.456141306083638953e-01
1.363587260868148587e+05	1.765841326334399997e-01	1.459243186222790867e-01
1.370048920269275550e+05	1.774209160387672790e-01	1.462358878915132609e-01
1.376533590380582609e+05	1.782606793254132571e-01	1.465488399273701947e-01
1.383041358583751717e+05	1.791034338092890865e-01	1.468631762780850947e-01
1.389572312518429535e+05	1.799491908397122253e-01	1.471788985285149565e-01
1.396126540083640139e+05	1.807979617995895127e-01	1.474960082998321431e-01
1.402704129439198587e+05	1.816497581056000232e-01	1.478145072492344225e-01
1.409305169007089862e+05	1.825045912083737842e-01	1.481343970696452350e-01
1.415929747472866729e+05	1.833624725926727705e-01	1.484556794894369980e-01
1.422577953787026345e+05	1.842234137775692338e-01	1.487783562721446684e-01
1.429249877166435181e+05	1.850874263166299438e-01	1.491024292161974296e-01
1.435945607095678861e+05	1.859545217980915210e-01	1.494279001546471863e-01
1.442665233328476024e+05	1.868247118450429567e-01	1.497547709549068573e-01
1.449408845889030490e+05	1.876980081156010560e-01	1.500830435184945799e-01
1.456176535073441919e+05	1.885744223030932087e-01	1.504127197807773042e-01
1.462968391451069037e+05	1.894539661362335259e-01	1.507438017107293748e-01
1.469784505865915562e+05	1.903366513793026682e-01	1.510762913106855343e-01
1.476624969438009139e+05	1.912224898323263422e-01	1.514101906161061939e-01
1.483489873564771551e+05	1.921114933312526307e-01	1.517455016953462577e-01
1.490379309922398534e+05	1.930036737481308495e-01	1.520822266494240571e-01
1.497293370467238419e+05	1.938990429912898217e-01	1.524203676118017770e-01
1.504232147437162057e+05	1.947976130055155963e-01	1.527599267481649092e-01
1.511195733352945826e+05	1.956993957722303612e-01	1.531009062562116718e-01
1.518184221019635734e+05	1.966044033096691346e-01	1.534433083654389574e-01
1.525197703527884441e+05	1.975126476730528491e-01	1.537871353369411609e-01
1.532236274255409953e+05	1.984241409547774226e-01	1.541323894632068980e-01
1.539300026868283167e+05	1.993388952845802642e-01	1.544790730679242441e-01
1.546389055322321656e+05	2.002569228297209625e-01	1.548271885057856678e-01
1.553503453864488984e+05	2.011782357951623634e-01	1.551767381623028741e-01
1.560643317034233769e+05	2.021028464237441813e-01	1.555277244536194814e-01
1.567808739664873283e+05	2.030307669963618555e-01	1.558801498263301111e-01
1.574999816884962202e+05	2.039620098321440755e-01	1.562340167573053329e-01
1.582216644119650882e+05	2.048965872886285844e-01	1.565893277535178041e-01
1.589459317092076817e+05	2.058345117619422016e-01	1.569460853518712673e-01
1.596727931824725820e+05	2.067757956869777092e-01	1.573042921190367094e-01
1.604022584640780697e+05	2.077204515375674632e-01	1.576639506512878541e-01
1.611343372165533074e+05	2.086684918266673017e-01	1.580250635743443988e-01
1.618690391327749530e+05	2.096199291065327375e-01	1.583876335432143068e-01
1.626063739360973123e+05	2.105747759688878507e-01	1.587516632420425122e-01
1.633463513805004186e+05	2.115330450451168853e-01	1.591171553839640929e-01
1.640889812507210590e+05	2.124947490064340028e-01	1.594841127109541123e-01
1.648342733623895037e+05	2.134599005640603897e-01	1.598525379936900359e-01
1.655822375621710380e+05	2.144285124694074174e-01	1.602224340314090945e-01
1.663328837278973951e+05	2.154005975142470330e-01	1.605938036517733092e-01
1.670862217687111406e+05	2.163761685308984717e-01	1.609666497107362926e-01
1.678422616251993459e+05	2.173552383924015619e-01	1.613409750924115760e-01
1.686010132695337525e+05	2.183378200126982749e-01	1.617167827089481535e-01
1.693624867056050280e+05	2.193239263468064193e-01	1.620940755004031120e-01
1.701266919691637449e+05	2.203135703910023280e-01	1.624728564346202275e-01
1.708936391279601667e+05	2.213067651830018245e-01	1.628531285071158907e-01
1.716633382818770187e+05	2.223035238021321136e-01	1.632348947409563433e-01
1.724357995630723308e+05	2.233038593695169938e-01	1.636181581866474333e-01
1.732110331361184362e+05	2.243077850482566027e-01	1.640029219220247858e-01
1.739890491981364030e+05	2.253153140436015556e-01	1.643891890521415322e-01
1.747698579789387877e+05	2.263264596031379083e-01	1.647769627091680289e-01
1.755534697411670641e+05	2.273412350169650986e-01	1.651662460522864140e-01
1.763398947804305935e+05	2.283596536178758019e-01	1.655570422675886610e-01
1.771291434254474298e+05	2.293817287815384798e-01	1.659493545679792126e-01
1.779212260381798551e+05	2.304074739266726290e-01	1.663431861930808608e-01
1.787161530139808310e+05	2.314369025152388237e-01	1.667385404091385193e-01
1.795139347817262751e+05	2.324700280526094398e-01	1.671354205089301270e-01
1.803145818039595615e+05	2.335068640877564494e-01	1.675338298116766655e-01
1.811181045770304336e+05	2.345474242134307497e-01	1.679337716629590582e-01
1.819245136312377290e+05	2.355917220663473199e-01	1.683352494346254391e-01
1.827338195309643052e+05	2.366397713273599157e-01	1.687382665247184887e-01
1.835460328748244501e+05	2.376915857216517214e-01	1.691428263573890312e-01
1.843611642957998847e+05	2.387471790189118204e-01	1.695489323828211214e-01
1.851792244613838848e+05	2.398065650335216570e-01	1.699565880771554960e-01
1.860002240737201937e+05	2.408697576247347816e-01	1.703657969424159646e-01
1.868241738697474066e+05	2.419367706968642284e-01	1.707765625064366355e-01
1.876510846213378827e+05	2.430076181994619555e-01	1.711888883227908054e-01
1.884809671354426828e+05	2.440823141275068331e-01	1.716027779707285927e-01
1.893138322542317037e+05	2.451608725215860540e-01	1.720182350551069939e-01
1.901496908552398381e+05	2.462433074680843992e-01	1.724352632063225477e-01
1.909885538515027438e+05	2.473296330993599301e-01	1.728538660802556859e-01
1.918304321917076304e+05	2.484198635939394717e-01	1.732740473582087826e-01
1.926753368603310955e+05	2.495140131766969971e-01	1.736958107468431212e-01
1.935232788777857204e+05	2.506120961190435592e-01	1.741191599781284349e-01
1.943742693005635811e+05	2.517141267391128645e-01	1.745440988092849532e-01
1.952283192213785951e+05	2.528201194019459863e-01	1.749706310227273631e-01
1.960854397693122737e+05	2.539300885196799640e-01	1.753987604260194566e-01
1.969456421099561849e+05	2.550440485517321276e-01	1.758284908518202572e-01
1.978089374455609941e+05	2.561620140049932770e-01	1.762598261578336434e-01
1.986753370151787240e+05	2.572839994340119230e-01	1.766927702267721279e-01
1.995448520948075748e+05	2.584100194411818041e-01	1.771273269662975436e-01
2.004174939975410525e+05	2.595400886769348436e-01	1.775635003089870434e-01
2.012932740737095592e+05	2.606742218399248912e-01	1.780012942122912445e-01
2.021722037110308884e+05	2.618124336772221228e-01	1.784407126584912073e-01
2.030542943347542023e+05	2.629547389844998917e-01	1.788817596546575517e-01
2.039395574078065110e+05	2.641011526062242987e-01	1.793244392326229231e-01
2.048280044309431978e+05	2.652516894358489807e-01	1.797687554489339479e-01
2.057196469428926939e+05	2.664063644160025168e-01	1.802147123848244492e-01
2.066144965205065673e+05	2.675651925386831054e-01	1.806623141461823900e-01
2.075125647789034410e+05	2.687281888454444712e-01	1.811115648635172048e-01
2.084138633716210898e+05	2.698953684275930964e-01	1.815624686919294073e-01
2.093184039907694387e+05	2.710667464263863402e-01	1.820150298110851661e-01
2.102261983671672642e+05	2.722423380332093523e-01	1.824692524251800008e-01
2.111372582705059904e+05	2.734221584897873480e-01	1.829251407629288451e-01
2.120515955094878736e+05	2.746062230883645205e-01	1.833826990775269672e-01
2.129692219319865399e+05	2.757945471719116526e-01	1.838419316466339548e-01
2.138901494251887780e+05	2.769871461343101915e-01	1.843028427723502061e-01
2.148143899157487322e+05	2.781840354205517007e-01	1.847654367811958631e-01
2.157419553699422686e+05	2.793852305269377001e-01	1.852297180240947971e-01
2.166728577938129893e+05	2.805907470012687366e-01	1.856956908763493230e-01
2.176071092333258130e+05	2.818006004430436695e-01	1.861633597376329552e-01
2.185447217745247181e+05	2.830148065036633964e-01	1.866327290319677590e-01
2.194857075436768937e+05	2.842333808866177036e-01	1.871038032077138591e-01
2.204300787074315595e+05	2.854563393476912680e-01	1.875765867375515650e-01
2.213778474729715963e+05	2.866836976951596117e-01	1.880510841184775406e-01
2.223290260881679715e+05	2.879154717899891636e-01	1.885272998717840709e-01
2.232836268417321844e+05	2.891516775460349353e-01	1.890052385430588122e-01
2.242416620633724087e+05	2.903923309302423039e-01	1.894849047021680000e-01
2.252031441239496344e+05	2.916374479628496275e-01	1.899663029432559491e-01
2.261680854356296768e+05	2.928870447175848657e-01	1.904494378847342295e-01
2.271364984520412108e+05	2.941411373218701386e-01	1.909343141692786128e-01
2.281083956684310979e+05	2.953997419570232319e-01	1.914209364638226885e-01
2.290837896218213718e+05	2.966628748584606012e-01	1.919093094595613058e-01
2.300626928911649447e+05	2.979305523158989888e-01	1.923994378719393328e-01
2.310451180975072784e+05	2.992027906735649223e-01	1.928913264406550698e-01
2.320310779041357164e+05	3.004796063303882825e-01	1.933849799296631644e-01
2.330205850167448807e+05	3.017610157402159099e-01	1.938804031271728900e-01
2.340136521835949679e+05	3.030470354120172738e-01	1.943776008456487847e-01
2.350102921956662613e+05	3.043376819100840902e-01	1.948765779218167016e-01
2.360105178868214716e+05	3.056329718542406537e-01	1.953773392166671952e-01
2.370143421339639754e+05	3.069329219200491177e-01	1.958798896154603786e-01
2.380217778572016687e+05	3.082375488390209917e-01	1.963842340277303089e-01
2.390328380200028769e+05	3.095468693988197573e-01	1.968903773872941187e-01
2.400475356293606164e+05	3.108609004434730871e-01	1.973983246522615365e-01
2.410658837359521713e+05	3.121796588735796796e-01	1.979080808050403262e-01
2.420878954343028599e+05	3.135031616465214777e-01	1.984196508523489721e-01
2.431135838629479986e+05	3.148314257766730573e-01	1.989330398252240339e-01
2.441429622045939614e+05	3.161644683356106267e-01	1.994482527790359949e-01
2.451760436862829665e+05	3.175023064523249672e-01	1.999652947934994207e-01
2.462128415795579203e+05	3.188449573134353732e-01	2.004841709726867816e-01
2.472533692006250494e+05	3.201924381633999284e-01	2.010048864450428019e-01
2.482976399105174060e+05	3.215447663047273918e-01	2.015274463633996427e-01
2.493456671152629424e+05	3.229019590981945798e-01	2.020518559049946372e-01
2.503974642660495592e+05	3.242640339630608604e-01	2.025781202714853346e-01
2.514530448593869223e+05	3.256310083772765984e-01	2.031062446889664030e-01
2.525124224372778262e+05	3.270028998777058660e-01	2.036362344079919728e-01
2.535756105873855413e+05	3.283797260603432133e-01	2.041680947035920957e-01
2.546426229431968532e+05	3.297615045805241674e-01	2.047018308752948657e-01
2.557134731841947068e+05	3.311482531531492746e-01	2.052374482471461259e-01
2.567881750360199949e+05	3.325399895528935446e-01	2.057749521677301185e-01
2.578667422706502548e+05	3.339367316144378761e-01	2.063143480101974625e-01
2.589491887065587798e+05	3.353384972326750035e-01	2.068556411722840271e-01
2.600355282088923559e+05	3.367453043629398679e-01	2.073988370763356071e-01
2.611257746896377357e+05	3.381571710212247228e-01	2.079439411693343454e-01
2.622199421077913721e+05	3.395741152843995692e-01	2.084909589229246296e-01
2.633180444695363403e+05	3.409961552904408610e-01	2.090398958334404589e-01
2.644200958284080843e+05	3.424233092386462785e-01	2.095907574219307568e-01
2.655261102854686324e+05	3.438555953898604356e-01	2.101435492341897082e-01
2.666361019894806086e+05	3.452930320666998676e-01	2.106982768407850704e-01
2.677500851370752207e+05	3.467356376537709117e-01	2.112549458370849564e-01
2.688680739729415509e+05	3.481834305979149002e-01	2.118135618432937517e-01
2.699900827899820288e+05	3.496364294084090552e-01	2.123741305044762329e-01
2.711161259294985794e+05	3.510946526572080728e-01	2.129366574905981468e-01
2.722462177813612507e+05	3.525581189791620607e-01	2.135011484965514128e-01
2.733803727841940708e+05	3.540268470722576777e-01	2.140676092421917864e-01
2.745186054255342460e+05	3.555008556978236922e-01	2.146360454723695577e-01
2.756609302420329186e+05	3.569801636807915513e-01	2.152064629569672982e-01
2.768073618196108146e+05	3.584647899098965529e-01	2.157788674909324744e-01
2.779579147936495719e+05	3.599547533379260367e-01	2.163532648943159442e-01
2.791126038491650834e+05	3.614500729819433156e-01	2.169296610123056523e-01
2.802714437209863099e+05	3.629507679235193796e-01	2.175080617152707896e-01
2.814344491939372965e+05	3.644568573089692065e-01	2.180884728987924626e-01
2.826016351030138321e+05	3.659683603495795801e-01	2.186709004837064652e-01
2.837730163335692487e+05	3.674852963218506186e-01	2.192553504161392774e-01
2.849486078214939334e+05	3.690076845677273676e-01	2.198418286675526412e-01
2.861284245533944340e+05	3.705355444948326693e-01	2.204303412347837499e-01
2.873124815667749499e+05	3.720688955767011974e-01	2.210208941400800542e-01
2.885007939502296504e+05	3.736077573530293128e-01	2.216134934311516091e-01
2.896933768436113605e+05	3.751521494298933335e-01	2.222081451812085995e-01
2.908902454382291180e+05	3.767020914800048859e-01	2.228048554890020572e-01
2.920914149770246586e+05	3.782576032429402213e-01	2.234036304788743765e-01
2.932969007547647925e+05	3.798187045253885730e-01	2.240044763007978113e-01
2.945067181182183558e+05	3.813854152013818610e-01	2.246073991304234907e-01
2.957208824663481792e+05	3.829577552125432716e-01	2.252124051691254680e-01
2.969394092504958389e+05	3.845357445683260100e-01	2.258195006440466557e-01
2.981623139745727531e+05	3.861194033462611586e-01	2.264286918081500899e-01
2.993896121952438261e+05	3.877087516921957078e-01	2.270399849402615078e-01
3.006213195221166825e+05	3.893038098205372499e-01	2.276533863451200568e-01
3.018574516179328784e+05	3.909045980145016697e-01	2.282689023534320016e-01
3.030980241987610352e+05	3.925111366263629997e-01	2.288865393219075839e-01
3.043430530341750709e+05	3.941234460776849025e-01	2.295063036333267192e-01
3.055925539474590332e+05	3.957415468595854025e-01	2.301282016965767729e-01
3.068465428157908609e+05	3.973654595329749739e-01	2.307522399467135388e-01
3.081050355704401154e+05	3.989952047288124470e-01	2.313784248450038161e-01
3.093680481969552347e+05	4.006308031483479803e-01	2.320067628789884429e-01
3.106355967353556189e+05	4.022722755633714176e-01	2.326372605625275092e-01
3.119076972803359968e+05	4.039196428164769093e-01	2.332699244358582558e-01
3.131843659814503044e+05	4.055729258213011112e-01	2.339047610656451726e-01
3.144656190433086012e+05	4.072321455627784803e-01	2.345417770450393957e-01
3.157514727257808554e+05	4.088973230974047302e-01	2.351809789937306105e-01
3.170419433441839064e+05	4.105684795534792486e-01	2.358223735580065317e-01
3.183370472694844939e+05	4.122456361313678319e-01	2.364659674108042231e-01
3.196368009284940781e+05	4.139288141037551494e-01	2.371117672517766006e-01
3.209412208040675032e+05	4.156180348159017046e-01	2.377597798073370350e-01
3.222503234353057924e+05	4.173133196859069582e-01	2.384100118307285465e-01
3.235641254177496885e+05	4.190146902049595168e-01	2.390624701020792886e-01
3.248826434035847778e+05	4.207221679376031420e-01	2.397171614284561991e-01
3.262058941018344485e+05	4.224357745219859961e-01	2.403740926439360270e-01
3.275338942785782856e+05	4.241555316701443035e-01	2.410332706096541822e-01
3.288666607571340282e+05	4.258814611682373297e-01	2.416947022138767609e-01
3.302042104182772455e+05	4.276135848768322645e-01	2.423583943720531431e-01
3.315465602004333050e+05	4.293519247311524678e-01	2.430243540268796909e-01
3.328937270998842432e+05	4.310965027413456441e-01	2.436925881483686662e-01
3.342457281709806994e+05	4.328473409927582338e-01	2.443631037339023260e-01
3.356025805263377260e+05	4.346044616461890442e-01	2.450359078083036712e-01
3.369643013370427070e+05	4.363678869381580894e-01	2.457110074238980924e-01
3.383309078328710166e+05	4.381376391811866999e-01	2.463884096605769292e-01
3.397024173024825286e+05	4.399137407640508757e-01	2.470681216258661661e-01
3.410788470936320955e+05	4.416962141520551222e-01	2.477501504549853295e-01
3.424602146133853239e+05	4.434850818873106726e-01	2.484345033109254530e-01
3.438465373283207300e+05	4.452803665889983886e-01	2.491211873845020908e-01
3.452378327647364931e+05	4.470820909536352694e-01	2.498102098944323668e-01
3.466341185088760685e+05	4.488902777553681611e-01	2.505015780874031428e-01
3.480354122071268503e+05	4.507049498462294967e-01	2.511952992381313865e-01
3.494417315662352485e+05	4.525261301564167948e-01	2.518913806494396113e-01
3.508530943535226397e+05	4.543538416945717140e-01	2.525898296523280129e-01
3.522695183970913640e+05	4.561881075480477277e-01	2.532906536060345326e-01
3.536910215860533062e+05	4.580289508832048329e-01	2.539938598981122397e-01
3.551176218707275111e+05	4.598763949456667888e-01	2.546994559445027728e-01
3.565493372628663783e+05	4.617304630606128280e-01	2.554074491896007881e-01
3.579861858358730678e+05	4.635911786330602635e-01	2.561178471063309536e-01
3.594281857250127359e+05	4.654585651481372155e-01	2.568306571962171714e-01
3.608753551276354701e+05	4.673326461713717683e-01	2.575458869894617919e-01
3.623277123033878161e+05	4.692134453489659185e-01	2.582635440450105624e-01
3.637852755744389724e+05	4.711009864080880627e-01	2.589836359506334507e-01
3.652480633257023292e+05	4.729952931571604902e-01	2.597061703229938123e-01
3.667160940050435020e+05	4.748963894861282231e-01	2.604311548077282157e-01
3.681893861235165969e+05	4.768042993667653828e-01	2.611585970795213818e-01
3.696679582555806846e+05	4.787190468529554099e-01	2.618885048421789596e-01
3.711518290393143543e+05	4.806406560809687867e-01	2.626208858287067405e-01
3.726410171766530839e+05	4.825691512697705132e-01	2.633557478013857089e-01
3.741355414336070535e+05	4.845045567213020488e-01	2.640930985518534224e-01
3.756354206404845463e+05	4.864468968207711352e-01	2.648329459011757314e-01
3.771406736921195989e+05	4.883961960369460065e-01	2.655752976999344872e-01
3.786513195481015136e+05	4.903524789224526503e-01	2.663201618282986516e-01
3.801673772329958738e+05	4.923157701140614129e-01	2.670675461961038444e-01
3.816888658365770825e+05	4.942860943329879797e-01	2.678174587429381082e-01
3.832158045140530448e+05	4.962634763851839215e-01	2.685699074382186247e-01
3.847482124862991623e+05	4.982479411616404508e-01	2.693249002812744819e-01
3.862861090400918620e+05	5.002395136386902363e-01	2.700824453014249449e-01
3.878295135283281561e+05	5.022382188782920087e-01	2.708425505580628334e-01
3.893784453702621977e+05	5.042440820283369263e-01	2.716052241407415080e-01
3.909329240517487051e+05	5.062571283229634345e-01	2.723704741692498654e-01
3.924929691254579229e+05	5.082773830828364314e-01	2.731383087937018783e-01
3.940586002111237613e+05	5.103048717154677894e-01	2.739087361946210830e-01
3.956298369957749383e+05	5.123396197155158927e-01	2.746817645830198495e-01
3.972066992339679273e+05	5.143816526650877297e-01	2.754574022004873113e-01
3.987892067480225815e+05	5.164309962340434268e-01	2.762356573192727427e-01
4.003773794282650342e+05	5.184876761803113299e-01	2.770165382423772082e-01
4.019712372332614032e+05	5.205517183501902068e-01	2.778000533036323327e-01
4.035708001900583040e+05	5.226231486786612201e-01	2.785862108677953919e-01
4.051760883944223169e+05	5.247019931896971245e-01	2.793750193306277496e-01
4.067871220110784634e+05	5.267882779965724627e-01	2.801664871189863404e-01
4.084039212739554932e+05	5.288820293021797569e-01	2.809606226909169835e-01
4.100265064864209853e+05	5.309832733993352649e-01	2.817574345357345411e-01
4.116548980215315241e+05	5.330920366711019431e-01	2.825569311741213951e-01
4.132891163222732721e+05	5.352083455911015308e-01	2.833591211582081604e-01
4.149291819018072565e+05	5.373322267238321848e-01	2.841640130716711066e-01
4.165751153437111061e+05	5.394637067249808959e-01	2.849716155298171461e-01
4.182269373022328946e+05	5.416028123417533369e-01	2.857819371796780916e-01
4.198846685025239713e+05	5.437495704131745100e-01	2.865949867001056361e-01
4.215483297409007791e+05	5.459040078704279209e-01	2.874107728018553409e-01
4.232179418850908987e+05	5.480661517371746561e-01	2.882293042276877215e-01
4.248935258744775201e+05	5.502360291298693529e-01	2.890505897524580092e-01
4.265751027203468839e+05	5.524136672580810536e-01	2.898746381832046914e-01
4.282626935061550466e+05	5.545990934248385962e-01	2.907014583592533175e-01
4.299563193877569865e+05	5.567923350269271543e-01	2.915310591523027073e-01
4.316560015936794225e+05	5.589934195552416218e-01	2.923634494665277583e-01
4.333617614253661595e+05	5.612023745951045806e-01	2.931986382386663759e-01
4.350736202574262279e+05	5.634192278265872655e-01	2.940366344381226682e-01
4.367915995379005908e+05	5.656440070248550667e-01	2.948774470670600945e-01
4.385157207885162206e+05	5.678767400604964877e-01	2.957210851604987756e-01
4.402460056049307459e+05	5.701174548998403369e-01	2.965675577864140822e-01
4.419824756570068421e+05	5.723661796053106654e-01	2.974168740458315030e-01
4.437251526890657260e+05	5.746229423357549493e-01	2.982690430729308395e-01
4.454740585201362264e+05	5.768877713467673862e-01	2.991240740351429062e-01
4.472292150442308630e+05	5.791606949910453883e-01	2.999819761332418455e-01
4.489906442305952078e+05	5.814417417187131010e-01	3.008427586014565391e-01
4.507583681239821599e+05	5.837309400776766743e-01	3.017064307075627561e-01
4.525324088448971161e+05	5.860283187139414540e-01	3.025730017529884575e-01
4.543127885898835957e+05	5.883339063719819073e-01	3.034424810729131061e-01
4.560995296317707980e+05	5.906477318950623667e-01	3.043148780363689743e-01
4.578926543199467706e+05	5.929698242255907470e-01	3.051902020463451715e-01
4.596921850806222646e+05	5.953002124054600497e-01	3.060684625398908953e-01
4.614981444171045441e+05	5.976389255764033015e-01	3.069496689882173501e-01
4.633105549100584467e+05	5.999859929803311731e-01	3.078338308968006087e-01
4.651294392177808913e+05	6.023414439596880277e-01	3.087209578054890824e-01
4.669548200764661888e+05	6.047053079577947576e-01	3.096110592886026636e-01
4.687867203004785697e+05	6.070776145192023909e-01	3.105041449550449140e-01
4.706251627826271579e+05	6.094583932900478063e-01	3.114002244484064819e-01
4.724701704944386729e+05	6.118476740184072282e-01	3.122993074470680752e-01
4.743217664864308899e+05	6.142454865546497222e-01	3.132014036643078758e-01
4.761799738883846439e+05	6.166518608517902456e-01	3.141065228484149485e-01
4.780448159096199088e+05	6.190668269658463618e-01	3.150146747827921034e-01
4.799163158392776386e+05	6.214904150562041707e-01	3.159258692860606454e-01
4.817944970465929364e+05	6.239226553859708035e-01	3.168401162121761705e-01
4.836793829811706091e+05	6.263635783223326925e-01	3.177574254505315943e-01
4.855709971732757986e+05	6.288132143369304927e-01	3.186778069260734481e-01
4.874693632341017365e+05	6.312715940062072484e-01	3.196012705994037417e-01
4.893745048560595606e+05	6.337387480117827598e-01	3.205278264668999788e-01
4.912864458130567218e+05	6.362147071408140730e-01	3.214574845608166309e-01
4.932052099607810378e+05	6.386995022863639626e-01	3.223902549494054859e-01
4.951308212369884131e+05	6.411931644477729675e-01	3.233261477370234505e-01
4.970633036617832258e+05	6.436957247310232111e-01	3.242651730642444607e-01
4.990026813379069790e+05	6.462072143491111031e-01	3.252073411079725584e-01
5.009489784510217141e+05	6.487276646224150456e-01	3.261526620815593525e-01
5.029022192700055894e+05	6.512571069790784595e-01	3.271011462349145416e-01
5.048624281472333241e+05	6.537955729553723838e-01	3.280528038546238201e-01
5.068296295188761433e+05	6.563430941960843867e-01	3.290076452640587346e-01
5.088038479051847244e+05	6.588997024548843839e-01	3.299656808234954775e-01
5.107851079107815167e+05	6.614654295947037799e-01	3.309269209302312387e-01
5.127734342249602778e+05	6.640403075881229356e-01	3.318913760187031103e-01
5.147688516219763551e+05	6.666243685177475342e-01	3.328590565605997198e-01
5.167713849613376078e+05	6.692176445765851689e-01	3.338299730649827435e-01
5.187810591881091823e+05	6.718201680684393606e-01	3.348041360784007048e-01
5.207978993331997772e+05	6.744319714082811501e-01	3.357815561850222008e-01
5.228219305136732291e+05	6.770530871226526637e-01	3.367622440067301604e-01
5.248531779330346035e+05	6.796835478500368177e-01	3.377462102032637858e-01
5.268916668815356679e+05	6.823233863412530020e-01	3.387334654723265781e-01
5.289374227364788530e+05	6.849726354598518752e-01	3.397240205497095156e-01
5.309904709625176620e+05	6.876313281825029433e-01	3.407178862094170646e-01
5.330508371119565563e+05	6.902994975993838045e-01	3.417150732637834198e-01
5.351185468250551494e+05	6.929771769145728344e-01	3.427155925635911871e-01
5.371936258303424111e+05	6.956643994464587477e-01	3.437194549982105496e-01
5.392760999449092196e+05	6.983611986281162975e-01	3.447266714957021860e-01
5.413659950747308321e+05	7.010676080077258288e-01	3.457372530229546048e-01
5.434633372149587376e+05	7.037836612489506427e-01	3.467512105857988303e-01
5.455681524502477841e+05	7.065093921313608805e-01	3.477685552291411297e-01
5.476804669550432591e+05	7.092448345508047813e-01	3.487892980370903562e-01
5.498003069939151173e+05	7.119900225198422250e-01	3.498134501330709134e-01
5.519276989218703238e+05	7.147449901681482975e-01	3.508410226799612563e-01
5.540626691846405156e+05	7.175097717428866595e-01	3.518720268802143503e-01
5.562052443190308986e+05	7.202844016091610735e-01	3.529064739759902869e-01
5.583554509532068623e+05	7.230689142503865519e-01	3.539443752492759110e-01
5.605133158070351928e+05	7.258633442687311144e-01	3.549857420220238202e-01
5.626788656923723174e+05	7.286677263854888231e-01	3.560305856562705484e-01
5.648521275134230964e+05	7.314820954415454102e-01	3.570789175542772309e-01
5.670331282670218498e+05	7.343064863977410983e-01	3.581307491586479541e-01
5.692218950429803226e+05	7.371409343353216848e-01	3.591860919524714202e-01
5.714184550243944395e+05	7.399854744563361120e-01	3.602449574594392412e-01
5.736228354879795806e+05	7.428401420840701208e-01	3.613073572439920444e-01
5.758350638043878134e+05	7.457049726634570330e-01	3.623733029114418747e-01
5.780551674385248916e+05	7.485800017614886448e-01	3.634428061081086403e-01
5.802831739499090472e+05	7.514652650676797441e-01	3.645158785214492325e-01
5.825191109929569066e+05	7.543607983944382589e-01	3.655925318801949153e-01
5.847630063173364615e+05	7.572666376775225583e-01	3.666727779544871613e-01
5.870148877682923339e+05	7.601828189764623378e-01	3.677566285560058823e-01
5.892747832869862905e+05	7.631093784749998221e-01	3.688440955381088182e-01
5.915427209108176176e+05	7.660463524815049885e-01	3.699351907959696484e-01
5.938187287737511797e+05	7.689937774293996720e-01	3.710299262667161035e-01
5.961028351066656178e+05	7.719516898776084268e-01	3.721283139295528675e-01
5.983950682376890909e+05	7.749201265109941783e-01	3.732303658059180074e-01
6.006954565925275674e+05	7.778991241407832158e-01	3.743360939596087622e-01
6.030040286948040593e+05	7.808887197050038420e-01	3.754455104969224299e-01
6.053208131663987879e+05	7.838889502689267985e-01	3.765586275667988647e-01
6.076458387278004084e+05	7.868998530255213453e-01	3.776754573609572008e-01
6.099791341984276660e+05	7.899214652958703731e-01	3.787960121140320213e-01
6.123207284969890025e+05	7.929538245296372523e-01	3.799203041037240158e-01
6.146706506418149220e+05	7.959969683054944900e-01	3.810483456509364819e-01
6.170289297512155026e+05	7.990509343315898017e-01	3.821801491199155465e-01
6.193955950438140426e+05	8.021157604459749901e-01	3.833157269183947169e-01
6.217706758388994494e+05	8.051914846170633577e-01	3.844550914977356570e-01
6.241542015567767667e+05	8.082781449440853416e-01	3.855982553530714063e-01
6.265462017191118794e+05	8.113757796575317149e-01	3.867452310234533730e-01
6.289467059492821572e+05	8.144844271196105545e-01	3.878960310919979393e-01
6.313557439727442106e+05	8.176041258247217502e-01	3.890506681860232963e-01
6.337733456173700979e+05	8.207349143998935448e-01	3.902091549772052637e-01
6.361995408137995983e+05	8.238768316052375029e-01	3.913715041817183993e-01
6.386343595958126243e+05	8.270299163344319027e-01	3.925377285603821598e-01
6.410778321006719489e+05	8.301942076151646033e-01	3.937078409188072281e-01
6.435299885694882832e+05	8.333697446096071104e-01	3.948818541075496125e-01
6.459908593475800008e+05	8.365565666148785384e-01	3.960597810222558079e-01
6.484604748848242452e+05	8.397547130635025781e-01	3.972416346038066259e-01
6.509388657360333018e+05	8.429642235238925529e-01	3.984274278384789536e-01
6.534260625613172306e+05	8.461851377008231534e-01	3.996171737580871963e-01
6.559220961264276411e+05	8.494174954358736374e-01	4.008108854401351562e-01
6.584269973031417467e+05	8.526613367079274308e-01	4.020085760079716297e-01
6.609407970696303528e+05	8.559167016336460820e-01	4.032102586309372350e-01
6.634635265108186286e+05	8.591836304679385528e-01	4.044159465245157903e-01
6.659952168187558418e+05	8.624621636044395023e-01	4.056256529505007369e-01
6.685358992929864908e+05	8.657523415759893481e-01	4.068393912171313631e-01
6.710856053409266751e+05	8.690542050551214315e-01	4.080571746792607257e-01
6.736443664782322012e+05	8.723677948545400795e-01	4.092790167385014222e-01
6.762122143291801913e+05	8.756931519276140996e-01	4.105049308433874056e-01
6.787891806270377710e+05	8.790303173688531757e-01	4.117349304895324691e-01
6.813752972144348314e+05	8.823793324143922590e-01	4.129690292197729096e-01
6.839705960437553003e+05	8.857402384424977182e-01	4.142072406243426652e-01
6.865751091775128152e+05	8.891130769740525075e-01	4.154495783410188103e-01
6.891888687887227861e+05	8.924978896730406674e-01	4.166960560552840920e-01
6.918119071612902917e+05	8.958947183470468145e-01	4.179466875004937965e-01
6.944442566904051928e+05	8.993036049477699523e-01	4.192014864580180245e-01
6.970859498829030199e+05	9.027245915714897651e-01	4.204604667574219357e-01
6.997370193576728925e+05	9.061577204595946400e-01	4.217236422766115211e-01
7.023974978460333077e+05	9.096030339990691660e-01	4.229910269419993596e-01
7.050674181921295822e+05	9.130605747230086111e-01	4.242626347286784783e-01
7.077468133533110376e+05	9.165303853111066434e-01	4.255384796605613529e-01
7.104357164005372906e+05	9.200125085901825761e-01	4.268185758105670358e-01
7.131341605187589303e+05	9.235069875346733070e-01	4.281029373007719241e-01
7.158421790073215961e+05	9.270138652671572332e-01	4.293915783025795685e-01
7.185598052803605096e+05	9.305331850588648424e-01	4.306845130368815444e-01
7.212870728671774268e+05	9.340649903301674328e-01	4.319817557742222092e-01
7.240240154126796406e+05	9.376093246511451040e-01	4.332833208349767817e-01
7.267706666777397040e+05	9.411662317420521617e-01	4.345892225895088279e-01
7.295270605396125466e+05	9.447357554738586849e-01	4.358994754583410680e-01
7.322932309923426947e+05	9.483179398687763273e-01	4.372140939123167480e-01
7.350692121471622959e+05	9.519128291007746823e-01	4.385330924727810498e-01
7.378550382328996202e+05	9.555204674961104150e-01	4.398564857117417959e-01
7.406507435963758035e+05	9.591408995338399635e-01	4.411842882520425335e-01
7.434563627028244082e+05	9.627741698463642139e-01	4.425165147675311772e-01
7.462719301362986444e+05	9.664203232199547466e-01	4.438531799832357017e-01
7.490974806000775425e+05	9.700794045952811917e-01	4.451942986755338394e-01
7.519330489170812070e+05	9.737514590679465787e-01	4.465398856723277188e-01
7.547786700302925892e+05	9.774365318890367860e-01	4.478899558532090097e-01
7.576343790031484095e+05	9.811346684656238049e-01	4.492445241496476616e-01
7.605002110199794406e+05	9.848459143613376154e-01	4.506036055451616007e-01
7.633762013864219189e+05	9.885703152968985385e-01	4.519672150754822648e-01
7.662623855298288399e+05	9.923079171506496987e-01	4.533353678287373456e-01
7.691587989997061668e+05	9.960587659591221277e-01	4.547080789456303118e-01
7.720654774681181880e+05	9.998229079175595668e-01	4.560853636196182115e-01
7.749824567301215138e+05	1.003600389380480573e+00	4.574672370970860324e-01
7.779097727041918552e+05	1.007391256862231188e+00	4.588537146775235609e-01
7.808474614326377632e+05	1.011195557037520620e+00	4.602448117137098449e-01
7.837955590820428915e+05	1.015013336741993788e+00	4.616405436118912187e-01
7.867541019436863717e+05	1.018844642972776882e+00	4.630409258319634902e-01
7.897231264339855406e+05	1.022689522889048908e+00	4.644459738876488553e-01
7.927026690949072363e+05	1.026548023812575039e+00	4.658557033466788622e-01
7.956927665944270557e+05	1.030420193228302805e+00	4.672701298309817619e-01
7.986934557269490324e+05	1.034306078784902772e+00	4.686892690168582010e-01
8.017047734137459192e+05	1.038205728295340968e+00	4.701131366351747887e-01
8.047267567033951636e+05	1.042119189737443108e+00	4.715417484715501706e-01
8.077594427722210530e+05	1.046046511254465461e+00	4.729751203665215620e-01
8.108028689247414004e+05	1.049987741155676391e+00	4.744132682157459757e-01
8.138570725941037526e+05	1.053942927916917682e+00	4.758562079701874059e-01
8.169220913425311446e+05	1.057912120181184967e+00	4.773039556363048996e-01
8.199979628617699491e+05	1.061895366759205483e+00	4.787565272762308588e-01
8.230847249735370278e+05	1.065892716630018500e+00	4.802139390079689374e-01
8.261824156299661845e+05	1.069904218941552410e+00	4.816762070055800038e-01
8.292910729140623007e+05	1.073929923011213816e+00	4.831433474993709898e-01
8.324107350401538424e+05	1.077969878326473285e+00	4.846153767760890685e-01
8.355414403543388471e+05	1.082024134545441552e+00	4.860923111791131679e-01
8.386832273349633906e+05	1.086092741497491687e+00	4.875741671086428752e-01
8.418361345930399839e+05	1.090175749183798448e+00	4.890609610218940584e-01
8.450002008727460634e+05	1.094273207777985535e+00	4.905527094332918780e-01
8.481754650518530980e+05	1.098385167626679815e+00	4.920494289146670752e-01
8.513619661422059871e+05	1.102511679250134158e+00	4.935511360954463189e-01
8.545597432901769644e+05	1.106652793342812746e+00	4.950578476628523239e-01
8.577688357771401061e+05	1.110808560774007914e+00	4.965695803621009707e-01
8.609892830199323362e+05	1.114979032588435448e+00	4.980863509965919311e-01
8.642211245713180397e+05	1.119164260006836775e+00	4.996081764281172788e-01
8.674644001204626402e+05	1.123364294426592913e+00	5.011350735770474518e-01
8.707191494933997747e+05	1.127579187422328877e+00	5.026670594225416400e-01
8.739854126535197720e+05	1.131808990746545840e+00	5.042041510027442941e-01
8.772632297020186670e+05	1.136053756330203113e+00	5.057463654149817467e-01
8.805526408783938969e+05	1.140313536283360296e+00	5.072937198159644945e-01
8.838536865609199740e+05	1.144588382895792789e+00	5.088462314220055793e-01
8.871664072671115864e+05	1.148878348637591973e+00	5.104039175091951153e-01
8.904908436542304698e+05	1.153183486159821136e+00	5.119667954136282173e-01
8.938270365197439678e+05	1.157503848295109439e+00	5.135348825315947385e-01
8.971750268018257339e+05	1.161839488058300507e+00	5.151081963197985392e-01
9.005348555798386224e+05	1.166190458647077710e+00	5.166867542955499992e-01
9.039065640748160658e+05	1.170556813442587663e+00	5.182705740369801806e-01
9.072901936499481089e+05	1.174938606010068831e+00	5.198596731832376694e-01
9.106857858110934030e+05	1.179335890099515893e+00	5.214540694347163940e-01
9.140933822072520852e+05	1.183748719646291025e+00	5.230537805532516904e-01
9.175130246310641523e+05	1.188177148771770275e+00	5.246588243623289127e-01
9.209447550193087664e+05	1.192621231783988600e+00	5.262692187472968186e-01
9.243886154534068191e+05	1.197081023178292458e+00	5.278849816555825081e-01
9.278446481599073159e+05	1.201556577637969081e+00	5.295061310968982582e-01
9.313128955110037932e+05	1.206047950034913940e+00	5.311326851434539087e-01
9.347934000250274548e+05	1.210555195430271347e+00	5.327646619301763531e-01
9.382862043669576524e+05	1.215078369075094811e+00	5.344020796549168173e-01
9.417913513489139732e+05	1.219617526410983643e+00	5.360449565786722381e-01
9.453088839306849986e+05	1.224172723070767965e+00	5.376933110257984261e-01
9.488388452202321496e+05	1.228744014879161961e+00	5.393471613842234502e-01
9.523812784741915530e+05	1.233331457853413138e+00	5.410065261056662411e-01
9.559362270983976778e+05	1.237935108203979784e+00	5.426714237058641865e-01
9.595037346484001027e+05	1.242555022335201986e+00	5.443418727647783006e-01
9.630838448299691081e+05	1.247191256845954666e+00	5.460178919268245945e-01
9.666766014996230369e+05	1.251843868530331694e+00	5.476994999010853515e-01
9.702820486651512329e+05	1.256512914378321355e+00	5.493867154615361681e-01
9.739002304861299926e+05	1.261198451576477364e+00	5.510795574472652225e-01
9.775311912744481815e+05	1.265900537508596324e+00	5.527780447626986504e-01
9.811749754948394839e+05	1.270619229756409396e+00	5.544821963778272522e-01
9.848316277654031292e+05	1.275354586100255760e+00	5.561920313284226536e-01
9.885011928581267130e+05	1.280106664519759407e+00	5.579075687162676767e-01
9.921837156994458055e+05	1.284875523194554336e+00	5.596288277093827146e-01
9.958792413707497763e+05	1.289661220504939365e+00	5.613558275422546595e-01
9.995878151089204475e+05	1.294463815032575349e+00	5.630885875160582810e-01
1.003309482306878199e+06	1.299283365561192838e+00	5.648271269988903720e-01
1.007044288514120388e+06	1.304119931077289962e+00	5.665714654260010086e-01
1.010792279437258374e+06	1.308973570770826100e+00	5.683216223000141509e-01
1.014553500940551632e+06	1.313844344035914879e+00	5.700776171911728918e-01
1.018327999046476907e+06	1.318732310471561364e+00	5.718394697375571711e-01
1.022115819936248939e+06	1.323637529882335961e+00	5.736071996453265820e-01
1.025917009950374835e+06	1.328560062279090959e+00	5.753808266889448575e-01
1.029731615589217748e+06	1.333499967879693937e+00	5.771603707114286719e-01
1.033559683513534954e+06	1.338457307109721439e+00	5.789458516245712394e-01
1.037401260545026977e+06	1.343432140603171066e+00	5.807372894091790139e-01
1.041256393666922115e+06	1.348424529203218425e+00	5.825347041153136063e-01
1.045125130024503567e+06	1.353434533962900810e+00	5.843381158625244876e-01
1.049007516925679753e+06	1.358462216145853496e+00	5.861475448400945698e-01
1.052903601841540076e+06	1.363507637227031610e+00	5.879630113072704667e-01
1.056813432406936307e+06	1.368570858893461972e+00	5.897845355935100731e-01
1.060737056421034737e+06	1.373651943044958967e+00	5.916121380987240386e-01
1.064674521847887430e+06	1.378750951794861734e+00	5.934458392935141324e-01
1.068625876816996373e+06	1.383867947470769799e+00	5.952856597194149391e-01
1.072591169623882510e+06	1.389002992615273602e+00	5.971316199891466558e-01
1.076570448730671778e+06	1.394156149986718329e+00	5.989837407868434660e-01
1.080563762766656000e+06	1.399327482559929559e+00	6.008420428683181047e-01
1.084571160528886598e+06	1.404517053526978643e+00	6.027065470612997800e-01
1.088592690982738743e+06	1.409724926297918790e+00	6.045772742656764231e-01
1.092628403262498556e+06	1.414951164501539571e+00	6.064542454537450444e-01
1.096678346671957988e+06	1.420195831986142077e+00	6.083374816704747445e-01
1.100742570684976410e+06	1.425458992820264559e+00	6.102270040337341994e-01
1.104821124946093885e+06	1.430740711293474243e+00	6.121228337345597792e-01
1.108914059271080885e+06	1.436041051917084532e+00	6.140249920374014625e-01
1.113021423647580203e+06	1.441360079424980345e+00	6.159335002803753012e-01
1.117143268235673895e+06	1.446697858774355971e+00	6.178483798755174394e-01
1.121279643368472811e+06	1.452054455146478462e+00	6.197696523090293619e-01
1.125430599552719155e+06	1.457429933947465450e+00	6.216973391415568928e-01
1.129596187469393248e+06	1.462824360809074520e+00	6.236314620084248972e-01
1.133776457974315388e+06	1.468237801589478808e+00	6.255720426199016249e-01
1.137971462098740740e+06	1.473670322374039499e+00	6.275191027614602790e-01
1.142181251049991464e+06	1.479121989476125831e+00	6.294726642940281502e-01
1.146405876212001313e+06	1.484592869437816987e+00	6.314327491542586213e-01
1.150645389145996654e+06	1.490083029030785156e+00	6.333993793547848528e-01
1.154899841591063188e+06	1.495592535257032507e+00	6.353725769844846827e-01
1.159169285464799497e+06	1.501121455349732514e+00	6.373523642087414176e-01
1.163453772863894235e+06	1.506669856773980909e+00	6.393387632697086209e-01
1.167753356064750114e+06	1.512237807227602815e+00	6.413317964865732357e-01
1.172068087524128379e+06	1.517825374641986746e+00	6.433314862558248137e-01
1.176398019879769068e+06	1.523432627182889076e+00	6.453378550515160850e-01
1.180743205950985663e+06	1.529059633251202754e+00	6.473509254255369605e-01
1.185103698739307467e+06	1.534706461483790196e+00	6.493707200078802089e-01
1.189479551429137122e+06	1.540373180754333715e+00	6.513972615069117955e-01
1.193870817388345022e+06	1.546059860174107126e+00	6.534305727096332284e-01
1.198277550168911694e+06	1.551766569092805748e+00	6.554706764819708820e-01
1.202699803507573437e+06	1.557493377099382847e+00	6.575175957690276851e-01
1.207137631326442119e+06	1.563240354022853218e+00	6.595713535953686701e-01
1.211591087733684340e+06	1.569007569933172030e+00	6.616319730652919784e-01
1.216060227024101652e+06	1.574795095141985790e+00	6.636994773631108568e-01
1.220545103679845575e+06	1.580603000203560038e+00	6.657738897534142275e-01
1.225045772371005034e+06	1.586431355915537411e+00	6.678552335813574548e-01
1.229562287956282729e+06	1.592280233319815608e+00	6.699435322729360154e-01
1.234094705483650090e+06	1.598149703703394930e+00	6.720388093352686054e-01
1.238643080191010144e+06	1.604039838599236711e+00	6.741410883568690338e-01
1.243207467506799614e+06	1.609950709787042911e+00	6.762503930079297731e-01
1.247787923050724436e+06	1.615882389294208688e+00	6.783667470406093969e-01
1.252384502634338569e+06	1.621834949396571801e+00	6.804901742893115779e-01
1.256997262261794414e+06	1.627808462619385166e+00	6.826206986709744129e-01
1.261626258130432339e+06	1.633803001738078464e+00	6.847583441853434261e-01
1.266271546631479403e+06	1.639818639779165421e+00	6.869031349152684429e-01
1.270933184350732714e+06	1.645855450021127098e+00	6.890550950269956898e-01
1.275611228069189237e+06	1.651913505995227682e+00	6.912142487704311389e-01
1.280305734763772925e+06	1.657992881486457293e+00	6.933806204794590311e-01
1.285016761607967084e+06	1.664093650534348656e+00	6.955542345722239839e-01
1.289744365972528467e+06	1.670215887433903923e+00	6.977351155514026626e-01
1.294488605426128255e+06	1.676359666736424225e+00	6.999232880045271887e-01
1.299249537736069411e+06	1.682525063250437825e+00	7.021187766042473744e-01
1.304027220868963283e+06	1.688712152042577408e+00	7.043216061086575719e-01
1.308821712991406908e+06	1.694921008438455834e+00	7.065318013615644599e-01
1.313633072470696410e+06	1.701151708023591835e+00	7.087493872927879135e-01
1.318461357875511050e+06	1.707404326644294201e+00	7.109743889184769738e-01
1.323306627976567019e+06	1.713678940408509543e+00	7.132068313413916227e-01
1.328168941747380421e+06	1.719975625686809950e+00	7.154467397512043192e-01
1.333048358364934800e+06	1.726294459113256741e+00	7.176941394248044226e-01
1.337944937210390577e+06	1.732635517586320173e+00	7.199490557266001733e-01
1.342858737869778415e+06	1.738998878269777171e+00	7.222115141088203405e-01
1.347789820134724025e+06	1.745384618593649906e+00	7.244815401118187559e-01
1.352738244003139203e+06	1.751792816255099972e+00	7.267591593643746295e-01
1.357704069679952692e+06	1.758223549219376070e+00	7.290443975840035229e-01
1.362687357577817747e+06	1.764676895720729721e+00	7.313372805772696550e-01
1.367688168317824602e+06	1.771152934263336753e+00	7.336378342400686758e-01
1.372706562730234349e+06	1.777651743622250313e+00	7.359460845579822719e-01
1.377742601855169749e+06	1.784173402844293266e+00	7.382620576065442863e-01
1.382796346943387296e+06	1.790717991249058061e+00	7.405857795515756736e-01
1.387867859456959413e+06	1.797285588429791803e+00	7.429172766494955837e-01
1.392957201070037205e+06	1.803876274254382794e+00	7.452565752476282279e-01
1.398064433669565246e+06	1.810490128866286019e+00	7.476037017845176269e-01
1.403189619356005220e+06	1.817127232685460836e+00	7.499586827902489095e-01
1.408332820444113808e+06	1.823787666409378394e+00	7.523215448867575095e-01
1.413494099463630235e+06	1.830471511013910924e+00	7.546923147881647864e-01
1.418673519160080934e+06	1.837178847754376010e+00	7.570710193010786737e-01
1.423871142495451495e+06	1.843909758166404123e+00	7.594576853249254134e-01
1.429087032649001107e+06	1.850664324066995103e+00	7.618523398522624168e-01
1.434321253017968498e+06	1.857442627555431658e+00	7.642550099691076682e-01
1.439573867218342843e+06	1.864244751014277668e+00	7.666657228552555825e-01
1.444844939085621154e+06	1.871070777110360073e+00	7.690845057846116273e-01
1.450134532675558003e+06	1.877920788795737650e+00	7.715113861255271654e-01
1.455442712264943169e+06	1.884794869308709764e+00	7.739463913410808971e-01
1.460769542352323886e+06	1.891693102174751395e+00	7.763895489894747648e-01
1.466115087658829521e+06	1.898615571207580732e+00	7.788408867243113987e-01
1.471479413128884276e+06	1.905562360510082209e+00	7.813004322949599345e-01
1.476862583931007423e+06	1.912533554475343012e+00	7.837682135468451161e-01
1.482264665458595147e+06	1.919529237787664933e+00	7.862442584218259922e-01
1.487685723330687732e+06	1.926549495423559577e+00	7.887285949585074452e-01
1.493125823392733466e+06	1.933594412652734906e+00	7.912212512925683727e-01
1.498585031717386795e+06	1.940664075039131520e+00	7.937222556571199572e-01
1.504063414605285041e+06	1.947758568441926741e+00	7.962316363830315158e-01
1.509561038585849572e+06	1.954877979016572676e+00	7.987494218992671202e-01
1.515077970418071374e+06	1.962022393215814065e+00	8.012756407332252140e-01
1.520614277091286844e+06	1.969191897790691703e+00	8.038103215110852240e-01
1.526170025825976161e+06	1.976386579791577836e+00	8.063534929581659405e-01
1.531745284074593801e+06	1.983606526569250628e+00	8.089051838992221688e-01
1.537340119522342924e+06	1.990851825775896922e+00	8.114654232588454086e-01
1.542954600087967934e+06	1.998122565366138970e+00	8.140342400617719409e-01
1.548588793924589409e+06	2.005418833598116457e+00	8.166116634332536428e-01
1.554242769420489436e+06	2.012740719034502135e+00	8.191977225993810618e-01
1.559916595199950971e+06	2.020088310543589394e+00	8.217924468874664434e-01
1.565610340124046896e+06	2.027461697300313670e+00	8.243958657263644740e-01
1.571324073291458655e+06	2.034860968787313151e+00	8.270080086468463154e-01
1.577057864039327018e+06	2.042286214796031452e+00	8.296289052819370013e-01
1.582811781944031827e+06	2.049737525427724361e+00	8.322585853672853640e-01
1.588585896822061390e+06	2.057214991094588274e+00	8.348970787415058714e-01
1.594380278730803402e+06	2.064718702520785154e+00	8.375444153465566588e-01
1.600194997969414340e+06	2.072248750743565182e+00	8.402006252280634913e-01
1.606030125079611316e+06	2.079805227114294386e+00	8.428657385357124499e-01
1.611885730846552877e+06	2.087388223299595502e+00	8.455397855236114202e-01
1.617761886299652047e+06	2.094997831282400025e+00	8.482227965506200507e-01
1.623658662713431753e+06	2.102634143363056207e+00	8.509148020807582036e-01
1.629576131608370924e+06	2.110297252160424186e+00	8.536158326835245891e-01
1.635514364751739893e+06	2.117987250612960004e+00	8.563259190342942251e-01
1.641473434158459539e+06	2.125704231979824499e+00	8.590450919146858100e-01
1.647453412091981154e+06	2.133448289842026835e+00	8.617733822129175492e-01
1.653454371065115556e+06	2.141219518103494313e+00	8.645108209241907371e-01
1.659476383840898983e+06	2.149018010992197691e+00	8.672574391510390335e-01
1.665519523433454102e+06	2.156843863061261413e+00	8.700132681037179294e-01
1.671583863108902238e+06	2.164697169190150650e+00	8.727783391005922153e-01
1.677669476386166643e+06	2.172578024585706924e+00	8.755526835684795950e-01
1.683776437037868891e+06	2.180486524783309399e+00	8.783363330430620231e-01
1.689904819091227604e+06	2.188422765648041945e+00	8.811293191692353144e-01
1.696054696828917367e+06	2.196386843375802478e+00	8.839316737014990544e-01
1.702226144789941376e+06	2.204378854494433604e+00	8.867434285043391817e-01
1.708419237770561595e+06	2.212398895864927439e+00	8.895646155526013565e-01
1.714634050825139973e+06	2.220447064682516292e+00	8.923952669319098474e-01
1.720870659267041599e+06	2.228523458477838837e+00	8.952354148390031519e-01
1.727129138669542968e+06	2.236628175118120510e+00	8.980850915821404490e-01
1.733409564866725123e+06	2.244761312808326359e+00	9.009443295815111608e-01
1.739712013954360271e+06	2.252922970092312127e+00	9.038131613695816746e-01
1.746036562290836824e+06	2.261113245854019738e+00	9.066916195915185606e-01
1.752383286498046247e+06	2.269332239318628819e+00	9.095797370055727082e-01
1.758752263462301344e+06	2.277580050053742422e+00	9.124775464834626870e-01
1.765143570335264318e+06	2.285856777970590947e+00	9.153850810107885261e-01
1.771557284534847829e+06	2.294162523325198766e+00	9.183023736874008636e-01
1.777993483746126993e+06	2.302497386719564165e+00	9.212294577278150598e-01
1.784452245922281640e+06	2.310861469102881927e+00	9.241663664616232010e-01
1.790933649285506923e+06	2.319254871772720161e+00	9.271131333338636926e-01
1.797437772327949991e+06	2.327677696376234007e+00	9.300697919054440321e-01
1.803964693812664133e+06	2.336130044911402415e+00	9.330363758535293872e-01
1.810514492774475599e+06	2.344612019728148145e+00	9.360129189719768039e-01
1.817087248521007132e+06	2.353123723529666478e+00	9.389994551716978055e-01
1.823683040633565979e+06	2.361665259373572745e+00	9.419960184811017045e-01
1.830301948968111537e+06	2.370236730673155101e+00	9.450026430464872895e-01
1.836944053656193893e+06	2.378838241198593995e+00	9.480193631324499437e-01
1.843609435105912853e+06	2.387469895078198068e+00	9.510462131223016424e-01
1.850298174002872314e+06	2.396131796799644054e+00	9.540832275184960576e-01
1.857010351311129052e+06	2.404824051211206459e+00	9.571304409430050342e-01
1.863746048274166184e+06	2.413546763523013006e+00	9.601878881377823305e-01
1.870505346415859647e+06	2.422300039308302289e+00	9.632556039651376523e-01
1.877288327541429317e+06	2.431083984504650353e+00	9.663336234081824072e-01
1.884095073738439707e+06	2.439898705415271873e+00	9.694219815712454835e-01
1.890925667377753183e+06	2.448744308710248507e+00	9.725207136802864749e-01
1.897780191114500631e+06	2.457620901427790550e+00	9.756298550833333305e-01
1.904658727889095666e+06	2.466528590975548774e+00	9.787494412508969122e-01
1.911561360928198788e+06	2.475467485131862766e+00	9.818795077763875501e-01
1.918488173745709006e+06	2.484437692047046564e+00	9.850200903765727878e-01
1.925439250143750105e+06	2.493439320244660973e+00	9.881712248919812813e-01
1.932414674213686027e+06	2.502472478622837393e+00	9.913329472873334547e-01
1.939414530337101780e+06	2.511537276455538148e+00	9.945052936519861442e-01
1.946438903186802752e+06	2.520633823393858552e+00	9.976883002003643641e-01
1.953487877727834042e+06	2.529762229467342305e+00	1.000882003272395515e+00
1.960561539218479767e+06	2.538922605085276896e+00	1.004086439333938596e+00
1.967659973211304517e+06	2.548115061038042306e+00	1.007301644977236288e+00
1.974783265554132871e+06	2.557339708498380215e+00	1.010527656921351047e+00
1.981931502391073853e+06	2.566596659022719162e+00	1.013764512012597097e+00
1.989104770163584733e+06	2.575886024552554776e+00	1.017012247224989840e+00
1.996303155611429363e+06	2.585207917415686119e+00	1.020270899660693731e+00
2.003526745773789706e+06	2.594562450327659864e+00	1.023540506550471907e+00
2.010775627990220441e+06	2.603949736393005754e+00	1.026821105254110300e+00
