1.000000000000000000e+06
1.003305217562994338e+06
1.006636120224273065e+06
1.009991308994655963e+06
1.013369606981814140e+06
1.016770019461022457e+06
1.020191701830363018e+06
1.023633933796647470e+06
1.027096098500316497e+06
1.030577665567448130e+06
1.034078177294488763e+06
1.037597237340269960e+06
1.041134501431596349e+06
1.044689669691530522e+06
1.048262480280106771e+06
1.051852704100347823e+06
1.055460140372242313e+06
1.059084612916482612e+06
1.062725967020877404e+06
1.066384066786935553e+06
1.070058792873608181e+06
1.073750040570855839e+06
1.077457718148241518e+06
1.081181745433547301e+06
1.084922052584728459e+06
1.088678579024881124e+06
1.092451272515171906e+06
1.096240088344959309e+06
1.100044988621893106e+06
1.103865941647534259e+06
1.107702921366427792e+06
1.111555906878475100e+06
1.115424882006024942e+06
1.119309834908426739e+06
1.123210757737900130e+06
1.127127646331494208e+06
1.131060499934581807e+06
1.135009320952098584e+06
1.138974114724180428e+06
1.142954889323379379e+06
1.146951655370953726e+06
1.150964425870120293e+06
1.154993216054334538e+06
1.159038043249054579e+06
1.163098926745537203e+06
1.167175887685371563e+06
1.171268948954691878e+06
1.175378135087095434e+06
1.179503472174433060e+06
1.183644987784635508e+06
1.187802710886001121e+06
1.191976671777271666e+06
1.196166902023010422e+06
1.200373434393773787e+06
1.204596302810654510e+06
1.208835542293856386e+06
1.213091188914887607e+06
1.217363279752142029e+06
1.221651852849490475e+06
1.225956947177722584e+06
1.230278602598604979e+06
1.234616859831274021e+06
1.238971760420848848e+06
1.243343346709085861e+06
1.247731661806849064e+06
1.252136749568410451e+06
1.256558654567259131e+06
1.260997422073454363e+06
1.265453098032359267e+06
1.269925729044612730e+06
1.274415362347353017e+06
1.278922045796520310e+06
1.283445827850170201e+06
1.287986757552826311e+06
1.292544884520653868e+06
1.297120258927513147e+06
1.301712931491826428e+06
1.306322953464118298e+06
1.310950376615300309e+06
1.315595253225572174e+06
1.320257636073954869e+06
1.324937578428365756e+06
1.329635134036261123e+06
1.334350357115749037e+06
1.339083302347203018e+06
1.343834024865308311e+06
1.348602580251532840e+06
1.353389024526991183e+06
1.358193414145702031e+06
1.363015805988160660e+06
1.367856257355277659e+06
1.372714825962635688e+06
1.377591569935008883e+06
1.382486547801220790e+06
1.387399818489188794e+06
1.392331441321337596e+06
1.397281476010131883e+06
1.402249982653911691e+06
1.407237021732941037e+06
1.412242654105622787e+06
1.417266941004949156e+06
1.422309944035113789e+06
1.427371725168315461e+06
1.432452346741728252e+06
1.437551871454605367e+06
1.442670362365582725e+06
1.447807882890093606e+06
1.452964496797930915e+06
1.458140268210944021e+06
1.463335261600871105e+06
1.468549541787275113e+06
1.473783173935587984e+06
1.479036223555308068e+06
1.484308756498247152e+06
1.489600838956936961e+06
1.494912537463061977e+06
1.500243918886062223e+06
1.505595050431765616e+06
1.510965999641127884e+06
1.516356834389060037e+06
1.521767622883327305e+06
1.527198433663506526e+06
1.532649335600049235e+06
1.538120397893388988e+06
1.543611690073118545e+06
1.549123281997241080e+06
1.554655243851478677e+06
1.560207646148618544e+06
1.565780559727962129e+06
1.571374055754777975e+06
1.576988205719854683e+06
1.582623081439056899e+06
1.588278755052970024e+06
1.593955299026585417e+06
1.599652786148988409e+06
1.605371289533159696e+06
1.611110882615775336e+06
1.616871639157049824e+06
1.622653633240614785e+06
1.628456939273489872e+06
1.634281631985987304e+06
1.640127786431751912e+06
1.645995477987796301e+06
1.651884782354556955e+06
1.657795775555998785e+06
1.663728533939748304e+06
1.669683134177251020e+06
1.675659653263967251e+06
1.681658168519613100e+06
1.687678757588380482e+06
1.693721498439246556e+06
1.699786469366220292e+06
1.705873748988732696e+06
1.711983416251968825e+06
1.718115550427228445e+06
1.724270231112330453e+06
1.730447538232049206e+06
1.736647552038567606e+06
1.742870353111919714e+06
1.749116022360477597e+06
1.755384641021493124e+06
1.761676290661573177e+06
1.767991053177299444e+06
1.774329010795714566e+06
1.780690246074984549e+06
1.787074841904945439e+06
1.793482881507735932e+06
1.799914448438442079e+06
1.806369626585771795e+06
1.812848500172683736e+06
1.819351153757122112e+06
1.825877672232679324e+06
1.832428140829321695e+06
1.839002645114167361e+06
1.845601270992170088e+06
1.852224104706915095e+06
1.858871232841406483e+06
1.865542742318832316e+06
1.872238720403385814e+06
1.878959254701073747e+06
1.885704433160549495e+06
1.892474344073970802e+06
1.899269076077845180e+06
1.906088718153888592e+06
1.912933359629911371e+06
1.919803090180741623e+06
1.926697999829080654e+06
1.933618178946445463e+06
1.940563718254104257e+06
1.947534708824001253e+06
1.954531242079713847e+06
1.961553409797406523e+06
1.968601304106811062e+06
1.975675017492186511e+06
1.982774642793362029e+06
1.989900273206699872e+06
1.997052002286093077e+06
2.004229923944032053e+06
2.011434132452619495e+06
2.018664722444609040e+06
2.025921788914450444e+06
2.033205427219375735e+06
2.040515733080441365e+06
2.047852802583639743e+06
2.055216732180948602e+06
2.062607618691488169e+06
2.070025559302579146e+06
2.077470651570863323e+06
2.084942993423463078e+06
2.092442683159091743e+06
2.099969819449187256e+06
2.107524501339098439e+06
2.115106828249199316e+06
2.122716899976089131e+06
2.130354816693781409e+06
2.138020678954842966e+06
2.145714587691631168e+06
2.153436644217479974e+06
2.161186950227907393e+06
2.168965607801817823e+06
2.176772719402775168e+06
2.184608387880191207e+06
2.192472716470565647e+06
2.200365808798788581e+06
2.208287768879338168e+06
2.216238701117570978e+06
2.224218710311002098e+06
2.232227901650567539e+06
2.240266380721935537e+06
2.248334253506768961e+06
2.256431626384058502e+06
2.264558606131418142e+06
2.272715299926407635e+06
2.280901815347861499e+06
2.289118260377212893e+06
2.297364743399848230e+06
2.305641373206435703e+06
2.313948258994298521e+06
2.322285510368752293e+06
2.330653237344504334e+06
2.339051550347015262e+06
2.347480560213888064e+06
2.355940378196248785e+06
2.364431115960156079e+06
2.372952885588005651e+06
2.381505799579929095e+06
2.390089970855220687e+06
2.398705512753790244e+06
2.407352539037557319e+06
2.416031163891915698e+06
2.424741501927183010e+06
2.433483668180022389e+06
2.442257778114963323e+06
2.451063947625812609e+06
2.459902293037167285e+06
2.468772931105889380e+06
2.477675979022593703e+06
2.486611554413135629e+06
2.495579775340134744e+06
2.504580760304483119e+06
2.513614628246850334e+06
2.522681498549206182e+06
2.531781491036372259e+06
2.540914725977553520e+06
2.550081324087880086e+06
2.559281406529961154e+06
2.568515094915447757e+06
2.577782511306602042e+06
2.587083778217872139e+06
2.596419018617463764e+06
2.605788355928942561e+06
2.615191914032808505e+06
2.624629817268125247e+06
2.634102190434108954e+06
2.643609158791750204e+06
2.653150848065438215e+06
2.662727384444590192e+06
2.672338894585292321e+06
2.681985505611943547e+06
2.691667345118885860e+06
2.701384541172101628e+06
2.711137222310855519e+06
2.720925517549352720e+06
2.730749556378447916e+06
2.740609468767319340e+06
2.750505385165146086e+06
2.760437436502843630e+06
2.770405754194740206e+06
2.780410470140309539e+06
2.790451716725887265e+06
2.800529626826395281e+06
2.810644333807077724e+06
2.820795971525262110e+06
2.830984674332085531e+06
2.841210577074263245e+06
2.851473815095854923e+06
2.861774524240044877e+06
2.872112840850895736e+06
2.882488901775158942e+06
2.892902844364062417e+06
2.903354806475106161e+06
2.913844926473874133e+06
2.924373343235845212e+06
2.934940196148224175e+06
2.945545625111770350e+06
2.956189770542636048e+06
2.966872773374191020e+06
2.977594775058903266e+06
2.988355917570186779e+06
2.999156343404265121e+06
3.009996195582047570e+06
3.020875617651018314e+06
3.031794753687117249e+06
3.042753748296638951e+06
3.053752746618128382e+06
3.064791894324308261e+06
3.075871337624000851e+06
3.086991223264026456e+06
3.098151698531161528e+06
3.109352911254080478e+06
3.120595009805302601e+06
3.131878143103131559e+06
3.143202460613646079e+06
3.154568112352658529e+06
3.165975248887696303e+06
3.177424021339978557e+06
3.188914581386448815e+06
3.200447081261731219e+06
3.212021673760184087e+06
3.223638512237871531e+06
3.235297750614633318e+06
3.246999543376097456e+06
3.258744045575726777e+06
3.270531412836864591e+06
3.282361801354801748e+06
3.294235367898854893e+06
3.306152269814382773e+06
3.318112665024946444e+06
3.330116712034340948e+06
3.342164569928730372e+06
3.354256398378718179e+06
3.366392357641479932e+06
3.378572608562897425e+06
3.390797312579672784e+06
3.403066631721461657e+06
3.415380728613045532e+06
3.427739766476446297e+06
3.440143909133128822e+06
3.452593321006140672e+06
3.465088167122305837e+06
3.477628613114425447e+06
3.490214825223453809e+06
3.502846970300718211e+06
3.515525215810086112e+06
3.528249729830272496e+06
3.541020681056966074e+06
3.553838238805158064e+06
3.566702573011337779e+06
3.579613854235740844e+06
3.592572253664656077e+06
3.605577943112668581e+06
3.618631095024930313e+06
3.631731882479483727e+06
3.644880479189502075e+06
3.658077059505678248e+06
3.671321798418449238e+06
3.684614871560395230e+06
3.697956455208517611e+06
3.711346726286619902e+06
3.724785862367613707e+06
3.738274041675944347e+06
3.751811443089884706e+06
3.765398246143970639e+06
3.779034631031360943e+06
3.792720778606197797e+06
3.806456870386083145e+06
3.820243088554438669e+06
3.834079615962932352e+06
3.847966636133935768e+06
3.861904333262943663e+06
3.875892892221006565e+06
3.889932498557230923e+06
3.904023338501206599e+06
3.918165598965494893e+06
3.932359467548142653e+06
3.946605132535129786e+06
3.960902782902912702e+06
3.975252608320927247e+06
3.989654799154073466e+06
4.004109546465303749e+06
4.018617042018136941e+06
4.033177478279234376e+06
4.047791048420911655e+06
4.062457946323744487e+06
4.077178366579151712e+06
4.091952504491982516e+06
4.106780556083086412e+06
4.121662718091951218e+06
4.136599187979325652e+06
4.151590163929823320e+06
4.166635844854580238e+06
4.181736430393896066e+06
4.196892120919891633e+06
4.212103117539180443e+06
4.227369622095540166e+06
4.242691837172612548e+06
4.258069966096561402e+06
4.273504212938838638e+06
4.288994782518861815e+06
4.304541880406755954e+06
4.320145712926100008e+06
4.335806487156628631e+06
4.351524410937063396e+06
4.367299692867820151e+06
4.383132542313823476e+06
4.399023169407260604e+06
4.414971785050419159e+06
4.430978600918486714e+06
4.447043829462351277e+06
4.463167683911438100e+06
4.479350378276565112e+06
4.495592127352795564e+06
4.511893146722277626e+06
4.528253652757132426e+06
4.544673862622340210e+06
4.561153994278612547e+06
4.577694266485336237e+06
4.594294898803451099e+06
4.610956111598397605e+06
4.627678126043038443e+06
4.644461164120627567e+06
4.661305448627735488e+06
4.678211203177262098e+06
4.695178652201396413e+06
4.712208020954583772e+06
4.729299535516585223e+06
4.746453422795422375e+06
4.763669910530463792e+06
4.780949227295416407e+06
4.798291602501414716e+06
4.815697266400052235e+06
4.833166450086420402e+06
4.850699385502265766e+06
4.868296305439026095e+06
4.885957443540964276e+06
4.903683034308240749e+06
4.921473313100092113e+06
4.939328516137956642e+06
4.957248880508595146e+06
4.975234644167283550e+06
4.993286045940963551e+06
5.011403325531451032e+06
5.029586723518623970e+06
5.047836481363610364e+06
5.066152841412051581e+06
5.084536046897296794e+06
5.102986341943664476e+06
5.121503971569692716e+06
5.140089181691406295e+06
5.158742219125617296e+06
5.177463331593172625e+06
5.196252767722315155e+06
5.215110777051949874e+06
5.234037610035016201e+06
5.253033518041793257e+06
5.272098753363271244e+06
5.291233569214514457e+06
5.310438219738042913e+06
5.329712960007209331e+06
5.349058046029624529e+06
5.368473734750553966e+06
5.387960284056354314e+06
5.407517952777922153e+06
5.427147000694124028e+06
5.446847688535287045e+06
5.466620277986664325e+06
5.486465031691947021e+06
5.506382213256729767e+06
5.526372087252051570e+06
5.546434919217947870e+06
5.566570975666955113e+06
5.586780524087702855e+06
5.607063832948453724e+06
5.627421171700694598e+06
5.647852810782735236e+06
5.668359021623340435e+06
5.688940076645309106e+06
5.709596249269140884e+06
5.730327813916674815e+06
5.751135046014758758e+06
5.772018221998906694e+06
5.792977619317019358e+06
5.814013516433074139e+06
5.835126192830806598e+06
5.856315929017507471e+06
5.877583006527728401e+06
5.898927707927023992e+06
5.920350316815754399e+06
5.941851117832870223e+06
5.963430396659695543e+06
5.985088440023750998e+06
6.006825535702559166e+06
6.028641972527537495e+06
6.050538040387797169e+06
6.072514030234058388e+06
6.094570234082508832e+06
6.116706945018692873e+06
6.138924457201468758e+06
6.161223065866884775e+06
6.183603067332161590e+06
6.206064758999599144e+06
6.228608439360606484e+06
6.251234407999666408e+06
6.273942965598294511e+06
6.296734413939116523e+06
6.319609055909867398e+06
6.342567195507396944e+06
6.365609137841835618e+06
6.388735189140549861e+06
6.411945656752303243e+06
6.435240849151323549e+06
6.458621075941468589e+06
6.482086647860308178e+06
6.505637876783296466e+06
6.529275075727962889e+06
6.552998558858013712e+06
6.576808641487618908e+06
6.600705640085568652e+06
6.624689872279520147e+06
6.648761656860236079e+06
6.672921313785823062e+06
6.697169164186034352e+06
6.721505530366544612e+06
6.745930735813228413e+06
6.770445105196552351e+06
6.795048964375815354e+06
6.819742640403611585e+06
6.844526461530063301e+06
6.869400757207321934e+06
6.894365858093923889e+06
6.919422096059209667e+06
6.944569804187738337e+06
6.969809316783750430e+06
6.995140969375661574e+06
7.020565098720480688e+06
7.046082042808374390e+06
7.071692140867137350e+06
7.097395733366752975e+06
7.123193162023902871e+06
7.149084769806567580e+06
7.175070900938611478e+06
7.201151900904328562e+06
7.227328116453115828e+06
7.253599895604068413e+06
7.279967587650666945e+06
7.306431543165384792e+06
7.332992114004424773e+06
7.359649653312383220e+06
7.386404515527012758e+06
7.413257056383891962e+06
7.440207632921229117e+06
7.467256603484621271e+06
7.494404327731836587e+06
7.521651166637596674e+06
7.548997482498454861e+06
7.576443638937559910e+06
7.603990000909587368e+06
7.631636934705594555e+06
7.659384807957850397e+06
7.687233989644849673e+06
7.715184850096176378e+06
7.743237760997464880e+06
7.771393095395360142e+06
7.799651227702517994e+06
7.828012533702610061e+06
7.856477390555317514e+06
7.885046176801391877e+06
7.913719272367690690e+06
7.942497058572299778e+06
7.971379918129564263e+06
8.000368235155268572e+06
8.029462395171724260e+06
8.058662785112910904e+06
8.087969793329699896e+06
8.117383809594996274e+06
8.146905225108953193e+06
8.176534432504223660e+06
8.206271825851172209e+06
8.236117800663167611e+06
8.266072753901874647e+06
8.296137083982510492e+06
8.326311190779222175e+06
8.356595475630398840e+06
8.386990341344045475e+06
8.417496192203171551e+06
8.448113433971175924e+06
8.478842473897280172e+06
8.509683720721971244e+06
8.540637584682470188e+06
8.571704477518172935e+06
8.602884812476215884e+06
8.634179004316953942e+06
8.665587469319520518e+06
8.697110625287380069e+06
8.728748891553912312e+06
8.760502688988041133e+06
8.792372439999815077e+06
8.824358568546090275e+06
8.856461500136176124e+06
8.888681661837523803e+06
8.921019482281446457e+06
8.953475391668839380e+06
8.986049821775920689e+06
9.018743205960005522e+06
9.051555979165308177e+06
9.084488577928742394e+06
9.117541440385770053e+06
9.150715006276253611e+06
9.184009716950291768e+06
9.217426015374207869e+06
9.250964346136365086e+06
9.284625155453192070e+06
9.318408891175093129e+06
9.352316002792472020e+06
9.386346941441712901e+06
9.420502159911230206e+06
9.454782112647492439e+06
9.489187255761120468e+06
9.523718047032978386e+06
9.558374945920292288e+06
9.593158413562785834e+06
9.628068912788843736e+06
9.663106908121716231e+06
9.698272865785695612e+06
9.733567253712380305e+06
9.768990541546903551e+06
9.804543200654236600e+06
9.840225704125450924e+06
9.876038526784090325e+06
9.911982145192472264e+06
9.948057037658100948e+06
9.984263684240020812e+06
1.002060256675526127e+07
1.005707416878526472e+07
1.009367897568234429e+07
1.013041747457620129e+07
1.016729015438039787e+07
1.020429750579892844e+07
1.024144002133273892e+07
1.027871819528635405e+07
1.031613252377444319e+07
1.035368350472849607e+07
1.039137163790344447e+07
1.042919742488434538e+07
1.046716136909311451e+07
1.050526397579522058e+07
1.054350575210646167e+07
1.058188720699974336e+07
1.062040885131188110e+07
1.065907119775041565e+07
1.069787476090048440e+07
1.073682005723169446e+07
1.077590760510502756e+07
1.081513792477976345e+07
1.085451153842045739e+07
1.089402897010388970e+07
1.093369074582608975e+07
1.097349739350936003e+07
1.101344944300934300e+07
1.105354742612212710e+07
1.109379187659129128e+07
1.113418333011510037e+07
1.117472232435364835e+07
1.121540939893604256e+07
1.125624509546761401e+07
1.129722995753717236e+07
1.133836453072426841e+07
1.137964936260648258e+07
1.142108500276676007e+07
1.146267200280073285e+07
1.150441091632412001e+07
1.154630229898011871e+07
1.158834670844683610e+07
1.163054470444474742e+07
1.167289684874417447e+07
1.171540370517279394e+07
1.175806583962318860e+07
1.180088382006040029e+07
1.184385821652954258e+07
1.188698960116339102e+07
1.193027854819007218e+07
1.197372563394070230e+07
1.201733143685712665e+07
1.206109653749964014e+07
1.210502151855473965e+07
1.214910696484293789e+07
1.219335346332656220e+07
1.223776160311762057e+07
1.228233197548566572e+07
1.232706517386570014e+07
1.237196179386612773e+07
1.241702243327670917e+07
1.246224769207653031e+07
1.250763817244208232e+07
1.255319447875525430e+07
1.259891721761145443e+07
1.264480699782770127e+07
1.269086443045077659e+07
1.273709012876539864e+07
1.278348470830239728e+07
1.283004878684697114e+07
1.287678298444694467e+07
1.292368792342106439e+07
1.297076422836730443e+07
1.301801252617122233e+07
1.306543344601436332e+07
1.311302761938265525e+07
1.316079568007484078e+07
1.320873826421098411e+07
1.325685601024096273e+07
1.330514955895300210e+07
1.335361955348224565e+07
1.340226663931936771e+07
1.345109146431919374e+07
1.350009467870936170e+07
1.354927693509903550e+07
1.359863888848761097e+07
1.364818119627348147e+07
1.369790451826285385e+07
1.374780951667852700e+07
1.379789685616880096e+07
1.384816720381632075e+07
1.389862122914701141e+07
1.394925960413906723e+07
1.400008300323187187e+07
1.405109210333508253e+07
1.410228758383762091e+07
1.415367012661684118e+07
1.420524041604756005e+07
1.425699913901128620e+07
1.430894698490535654e+07
1.436108464565217309e+07
1.441341281570847705e+07
1.446593219207458757e+07
1.451864347430378944e+07
1.457154736451160349e+07
1.462464456738528237e+07
1.467793579019316100e+07
1.473142174279413000e+07
1.478510313764714077e+07
1.483898068982074782e+07
1.489305511700263061e+07
1.494732713950923644e+07
1.500179748029538617e+07
1.505646686496395245e+07
1.511133602177560702e+07
1.516640568165847473e+07
1.522167657821799256e+07
1.527714944774666242e+07
1.533282502923395112e+07
1.538870406437610462e+07
1.544478729758615419e+07
1.550107547600383870e+07
1.555756934950557910e+07
1.561426967071450688e+07
1.567117719501056336e+07
1.572829268054058775e+07
1.578561688822846115e+07
1.584315058178527467e+07
1.590089452771954983e+07
1.595884949534752406e+07
1.601701625680337474e+07
1.607539558704962581e+07
1.613398826388744079e+07
1.619279506796707213e+07
1.625181678279828280e+07
1.631105419476085901e+07
1.637050809311508760e+07
1.643017927001234889e+07
1.649006852050571144e+07
1.655017664256051369e+07
1.661050443706512824e+07
1.667105270784159191e+07
1.673182226165640727e+07
1.679281390823134035e+07
1.685402846025420353e+07
1.691546673338978365e+07
1.697712954629072547e+07
1.703901772060848027e+07
1.710113208100429922e+07
1.716347345516029745e+07
1.722604267379047722e+07
1.728884057065188512e+07
1.735186798255570978e+07
1.741512574937855825e+07
1.747861471407361329e+07
1.754233572268197313e+07
1.760628962434391677e+07
1.767047727131031081e+07
1.773489951895396784e+07
1.779955722578112409e+07
1.786445125344291329e+07
1.792958246674690023e+07
1.799495173366863281e+07
1.806055992536325753e+07
1.812640791617722064e+07
1.819249658365989849e+07
1.825882680857538432e+07
1.832539947491425648e+07
1.839221546990539134e+07
1.845927568402785808e+07
1.852658101102283597e+07
1.859413234790553525e+07
1.866193059497724101e+07
1.872997665583734587e+07
1.879827143739541620e+07
1.886681584988335148e+07
1.893561080686756596e+07
1.900465722526118532e+07
1.907395602533635125e+07
1.914350813073649630e+07
1.921331446848874912e+07
1.928337596901626885e+07
1.935369356615076959e+07
1.942426819714498147e+07
1.949510080268517882e+07
1.956619232690377906e+07
1.963754371739197895e+07
1.970915592521244660e+07
1.978102990491199493e+07
1.985316661453443393e+07
1.992556701563330740e+07
1.999823207328481972e+07
2.007116275610073656e+07
2.014436003624131903e+07
2.021782488942836970e+07
2.029155829495824128e+07
2.036556123571499810e+07
2.043983469818352535e+07
2.051437967246273905e+07
2.058919715227882564e+07
2.066428813499859720e+07
2.073965362164276466e+07
2.081529461689934507e+07
2.089121212913715094e+07
2.096740717041923478e+07
2.104388075651646405e+07
2.112063390692109242e+07
2.119766764486042038e+07
2.127498299731047451e+07
2.135258099500976875e+07
2.143046267247305065e+07
2.150862906800520793e+07
2.158708122371511906e+07
2.166582018552962691e+07
2.174484700320750102e+07
2.182416273035352677e+07
2.190376842443259805e+07
2.198366514678381011e+07
2.206385396263474971e+07
2.214433594111568853e+07
2.222511215527393669e+07
2.230618368208814412e+07
2.238755160248275101e+07
2.246921700134247541e+07
2.255118096752678975e+07
2.263344459388450161e+07
2.271600897726842016e+07
2.279887521854995936e+07
2.288204442263395712e+07
2.296551769847336411e+07
2.304929615908419713e+07
2.313338092156033218e+07
2.321777310708855093e+07
2.330247384096344188e+07
2.338748425260254741e+07
2.347280547556145117e+07
2.355843864754890278e+07
2.364438491044213250e+07
2.373064541030206531e+07
2.381722129738868400e+07
2.390411372617642954e+07
2.399132385536963865e+07
2.407885284791804850e+07
2.416670187103235722e+07
2.425487209619988874e+07
2.434336469920023903e+07
2.443218086012101918e+07
2.452132176337364689e+07
2.461078859770918638e+07
2.470058255623424053e+07
2.479070483642701432e+07
2.488115664015325904e+07
2.497193917368233949e+07
2.506305364770349115e+07
2.515450127734185755e+07
2.524628328217495605e+07
2.533840088624881953e+07
2.543085531809447706e+07
2.552364781074437872e+07
2.561677960174892843e+07
2.571025193319293484e+07
2.580406605171239376e+07
2.589822320851105079e+07
2.599272465937726200e+07
2.608757166470066085e+07
2.618276548948916420e+07
2.627830740338582173e+07
2.637419868068583310e+07
2.647044060035363585e+07
2.656703444603997841e+07
2.666398150609910116e+07
2.676128307360603660e+07
2.685894044637385383e+07
2.695695492697108909e+07
2.705532782273917273e+07
2.715406044580984116e+07
2.725315411312281340e+07
2.735261014644340798e+07
2.745242987238011509e+07
2.755261462240251526e+07
2.765316573285901546e+07
2.775408454499474540e+07
2.785537240496951714e+07
2.795703066387587413e+07
2.805906067775710300e+07
2.816146380762549490e+07
2.826424141948047280e+07
2.836739488432690129e+07
2.847092557819346711e+07
2.857483488215104863e+07
2.867912418233128637e+07
2.878379486994504556e+07
2.888884834130112827e+07
2.899428599782485887e+07
2.910010924607695267e+07
2.920631949777228758e+07
2.931291816979878768e+07
2.941990668423650041e+07
2.952728646837644652e+07
2.963505895473990589e+07
2.974322558109749109e+07
2.985178779048844054e+07
2.996074703123990074e+07
3.007010475698643550e+07
3.017986242668924481e+07
3.029002150465591624e+07
3.040058346055998281e+07
3.051154976946050674e+07
3.062292191182193160e+07
3.073470137353386730e+07
3.084688964593094587e+07
3.095948822581285238e+07
3.107249861546433344e+07
3.118592232267526537e+07
3.129976086076090485e+07
3.141401574858214706e+07
3.152868851056583971e+07
3.164378067672517896e+07
3.175929378268019855e+07
3.187522936967838183e+07
3.199158898461520299e+07
3.210837418005495518e+07
3.222558651425139606e+07
3.234322755116876587e+07
3.246129886050257459e+07
3.257980201770074666e+07
3.269873860398460925e+07
3.281811020637018979e+07
3.293791841768928617e+07
3.305816483661099896e+07
3.317885106766296551e+07
3.329997872125291824e+07
3.342154941369026527e+07
3.354356476720768213e+07
3.366602640998289734e+07
3.378893597616038471e+07
3.391229510587335378e+07
3.403610544526567310e+07
3.416036864651387185e+07
3.428508636784930527e+07
3.441026027358032763e+07
3.453589203411465883e+07
3.466198332598166168e+07
3.478853583185478300e+07
3.491555124057418108e+07
3.504303124716918170e+07
3.517097755288116634e+07
3.529939186518619955e+07
3.542827589781797677e+07
3.555763137079071999e+07
3.568746001042223722e+07
3.581776354935706407e+07
3.594854372658962756e+07
3.607980228748747706e+07
3.621154098381475359e+07
3.634376157375565171e+07
3.647646582193787396e+07
3.660965549945631623e+07
3.674333238389676064e+07
