0.000000000000000000e+00
3.706632490337127820e+03
7.426565573011524975e+03
1.115986148846743163e+04
1.490658121123176534e+04
1.866678467043628916e+04
2.244053093116241507e+04
2.622787834415945690e+04
3.002888467016816139e+04
3.384360718359600287e+04
3.767210275944403838e+04
4.151442794654949103e+04
4.537063902961777057e+04
4.924079208199470304e+04
5.312494301082356833e+04
5.702314759585354477e+04
6.093546152298711240e+04
6.486194041337049566e+04
6.880263984877150506e+04
7.275761539384094067e+04
7.672692261568061076e+04
8.071061710113426670e+04
8.470875447220285423e+04
8.872139039971842431e+04
9.274858061561919749e+04
9.679038092399807647e+04
1.008468472110650036e+05
1.049180354541477282e+05
1.090040017299004830e+05
1.131048022217843682e+05
1.172204932269167621e+05
1.213511311623668298e+05
1.254967725709513761e+05
1.296574741265801713e+05
1.338332926392182708e+05
1.380242850595242344e+05
1.422305084831404965e+05
1.464520201547211036e+05
1.506888774716923945e+05
1.549411379878052976e+05
1.592088594164708629e+05
1.634920996339309495e+05
1.677909166822112165e+05
1.721053687719616573e+05
1.764355142851667479e+05
1.807814117776963394e+05
1.851431199817478191e+05
1.895206978081855923e+05
1.939142043488086201e+05
1.983236988784766290e+05
2.027492408572018612e+05
2.071908899321355857e+05
2.116487059395052493e+05
2.161227489064736292e+05
2.206130790529311635e+05
2.251197567932647653e+05
2.296428427380428184e+05
2.341823976956920233e+05
2.387384826740738936e+05
2.433111588820565958e+05
2.479004877310728189e+05
2.525065308365963865e+05
2.571293500196093228e+05
2.617690073080507573e+05
2.664255649381829426e+05
2.710990853560261894e+05
2.757896312186741270e+05
2.804972653956420254e+05
2.852220509701946285e+05
2.899640512406085618e+05
2.947233297214747872e+05
2.994999501449540257e+05
3.042939764619902708e+05
3.091054728435843717e+05
3.139345036819721572e+05
3.187811335918309633e+05
3.236454274114957079e+05
3.285274502041046508e+05
3.334272672587842681e+05
3.383449440917985048e+05
3.432805464477092028e+05
3.482341403005041648e+05
3.532057918547454756e+05
3.581955675466805696e+05
3.632035340453693643e+05
3.682297582537955604e+05
3.732743073099739850e+05
3.783372485880483873e+05
3.834186496994055342e+05
3.885185784937446006e+05
3.936371030601751991e+05
3.987742917283158749e+05
4.039302130693492945e+05
4.091049358971347101e+05
4.142985292692317162e+05
4.195110624880415853e+05
4.247426051018200815e+05
4.299932269057675730e+05
4.352629979431091342e+05
4.405519885061376262e+05
4.458602691372926347e+05
4.511879106302158907e+05
4.565349840308194980e+05
4.619015606383509003e+05
4.672877120064322371e+05
4.726935099441460334e+05
4.781190265170836356e+05
4.835643340484064538e+05
4.890295051199060399e+05
4.945146125730753411e+05
5.000197295101615600e+05
5.055449292952145915e+05
5.110902855551764369e+05
5.166558721809168346e+05
5.222417633283294272e+05
5.278480334193559829e+05
5.334747571430909447e+05
5.391220094568280037e+05
5.447898655871301889e+05
5.504784010309064761e+05
5.561876915564865340e+05
5.619178132046754472e+05
5.676688422898484860e+05
5.734408554010207299e+05
5.792339294029206503e+05
5.850481414370788261e+05
5.908835689229103737e+05
5.967402895587836392e+05
6.026183813231314998e+05
6.085179224755160976e+05
6.144389915577459615e+05
6.203816673949414399e+05
6.263460290966480970e+05
6.323321560579431243e+05
6.383401279605019372e+05
6.443700247737362515e+05
6.504219267558918800e+05
6.564959144551497884e+05
6.625920687107285485e+05
6.687104706540401094e+05
6.748512017097477801e+05
6.810143435969245620e+05
6.871999783301770221e+05
6.934081882207582239e+05
6.996390558776990511e+05
7.058926642089411616e+05
7.121690964224659838e+05
7.184684360274355859e+05
7.247907668353535701e+05
7.311361729611803312e+05
7.375047388245137408e+05
7.438965491506843828e+05
7.503116889719711617e+05
7.567502436287396122e+05
7.632122987705855630e+05
7.696979403575048782e+05
7.762072546610739082e+05
7.827403282656301744e+05
7.892972480694213882e+05
7.958781012857847381e+05
8.024829754443622660e+05
8.091119583922345191e+05
8.157651382951808628e+05
8.224426036387935746e+05
8.291444432297516614e+05
8.358707461969656870e+05
8.426216019927940797e+05
8.493971003942575771e+05
8.561973315042725299e+05
8.630223857528234366e+05
8.698723538982314058e+05
8.767473270283362363e+05
8.836473965617346112e+05
8.905726542490532156e+05
8.975231921741222031e+05
9.044991027552478481e+05
9.115004787464668043e+05
9.185274132387693971e+05
9.255799996613678522e+05
9.326583317829440348e+05
9.397625037129123230e+05
9.468926099026980810e+05
9.540487451469965745e+05
9.612310045850346796e+05
9.684394837018554099e+05
9.756742783296294510e+05
9.829354846488917246e+05
9.902231991898587439e+05
9.975375188337306026e+05
1.004878540813976899e+06
1.012246362717647338e+06
1.019641082486673491e+06
1.027062798419188708e+06
1.034511609170824755e+06
1.041987613756082021e+06
1.049490911549617769e+06
1.057021602287559304e+06
1.064579786068884656e+06
1.072165563356743194e+06
1.079779034979797201e+06
1.087420302133563207e+06
1.095089466381790582e+06
1.102786629657790065e+06
1.110511894265830517e+06
1.118265362882462330e+06
1.126047138557953760e+06
1.133857324717613403e+06
1.141696025163179729e+06
1.149563344074242283e+06
1.157459386009606067e+06
1.165384255908684805e+06
1.173338059092932381e+06
1.181320901267206762e+06
1.189332888521211687e+06
1.197374127330926247e+06
1.205444724559980445e+06
1.213544787461124826e+06
1.221674423677647486e+06
1.229833741244807374e+06
1.238022848591264337e+06
1.246241854540568311e+06
1.254490868312569335e+06
1.262769999524871819e+06
1.271079358194352128e+06
1.279419054738563020e+06
1.287789199977236334e+06
1.296189905133764725e+06
1.304621281836668495e+06
1.313083442121108063e+06
1.321576498430343345e+06
1.330100563617265783e+06
1.338655750945884269e+06
1.347242174092842732e+06
1.355859947148935869e+06
1.364509184620623942e+06
1.373190001431572251e+06
1.381902512924162205e+06
1.390646834861049429e+06
1.399423083426678553e+06
1.408231375228863675e+06
1.417071827300325967e+06
1.425944557100257836e+06
1.434849682515876833e+06
1.443787321864009369e+06
1.452757593892662320e+06
1.461760617782595102e+06
1.470796513148909900e+06
1.479865400042673573e+06
1.488967398952476215e+06
1.498102630806058645e+06
1.507271216971923597e+06
1.516473279260919895e+06
1.525708939927922096e+06
1.534978321673399303e+06
1.544281547645086888e+06
1.553618741439615376e+06
1.562990027104155626e+06
1.572395529138058424e+06
1.581835372494533192e+06
1.591309682582305279e+06
1.600818585267276037e+06
1.610362206874190830e+06
1.619940674188342411e+06
1.629554114457249641e+06
1.639202655392348301e+06
1.648886425170687493e+06
1.658605552436640952e+06
1.668360166303621139e+06
1.678150396355795208e+06
1.687976372649802361e+06
1.697838225716498215e+06
1.707736086562668439e+06
1.717670086672801990e+06
1.727640358010818716e+06
1.737647033021830022e+06
1.747690244633903727e+06
1.757770126259829849e+06
1.767886811798901297e+06
1.778040435638692696e+06
1.788231132656828966e+06
1.798459038222816307e+06
1.808724288199822884e+06
1.819027018946466967e+06
1.829367367318664212e+06
1.839745470671435818e+06
1.850161466860716231e+06
1.860615494245223701e+06
1.871107691688268911e+06
1.881638198559619486e+06
1.892207154737347737e+06
1.902814700609687250e+06
1.913460977076897863e+06
1.924146125553159975e+06
1.934870287968428805e+06
1.945633606770333834e+06
1.956436224926073104e+06
1.967278285924323369e+06
1.978159933777124621e+06
1.989081313021815382e+06
2.000042568722951692e+06
2.011043846474229824e+06
2.022085292400424834e+06
2.033167053159329109e+06
2.044289275943712331e+06
2.055452108483276796e+06
2.066655699046620633e+06
2.077900196443190798e+06
2.089185750025290065e+06
2.100512509690050036e+06
2.111880625881421380e+06
2.123290249592177104e+06
2.134741532365924679e+06
2.146234626299115364e+06
2.157769684043065645e+06
2.169346858805982396e+06
2.180966304355010856e+06
2.192628175018284470e+06
2.204332625686948653e+06
2.216079811817242764e+06
2.227869889432564843e+06
2.239703015125546604e+06
2.251579346060116775e+06
2.263499039973615203e+06
2.275462255178877153e+06
2.287469150566338096e+06
2.299519885606137570e+06
2.311614620350273792e+06
2.323753515434683766e+06
2.335936732081423514e+06
2.348164432100764010e+06
2.360436777893383987e+06
2.372753932452506851e+06
2.385116059366074856e+06
2.397523322818913963e+06
2.409975887594931293e+06
2.422473919079313520e+06
2.435017583260670304e+06
2.447607046733317431e+06
2.460242476699434221e+06
2.472924040971323848e+06
2.485651907973606605e+06
2.498426246745480224e+06
2.511247226942975074e+06
2.524115018841198180e+06
2.537029793336587027e+06
2.549991721949210390e+06
2.563000976825008169e+06
2.576057730738113634e+06
2.589162157093130983e+06
2.602314429927439895e+06
2.615514723913531750e+06
2.628763214361310471e+06
2.642060077220434789e+06
2.655405489082615357e+06
2.668799627184046898e+06
2.682242669407660607e+06
2.695734794285578653e+06
2.709276181001439225e+06
2.722867009392769076e+06
2.736507459953420330e+06
2.750197713835938368e+06
2.763937952853957657e+06
2.777728359484661371e+06
2.791569116871139966e+06
2.805460408824914135e+06
2.819402419828286860e+06
2.833395335036866367e+06
2.847439340281978250e+06
2.861534622073172126e+06
2.875681367600657046e+06
2.889879764737857506e+06
2.904130002043834887e+06
2.918432268765854649e+06
2.932786754841875285e+06
2.947193650903036818e+06
2.961653148276272230e+06
2.976165438986792695e+06
2.990730715760650113e+06
3.005349172027320135e+06
3.020021001922255382e+06
3.034746400289454032e+06
3.049525562684085220e+06
3.064358685375049710e+06
3.079245965347604360e+06
3.094187600306007080e+06
3.109183788676091470e+06
3.124234729607955553e+06
3.139340622978583910e+06
3.154501669394479599e+06
3.169718070194373373e+06
3.184990027451884933e+06
3.200317743978223763e+06
3.215701423324839212e+06
3.231141269786166027e+06
3.246637488402332179e+06
3.262190284961893223e+06
3.277799866004531272e+06
3.293466438823829405e+06
3.309190211470038630e+06
3.324971392752807587e+06
3.340810192243987694e+06
3.356706820280404761e+06
3.372661487966656685e+06
3.388674407177928835e+06
3.404745790562793612e+06
3.420875851546058431e+06
3.437064804331558757e+06
3.453312863905065693e+06
3.469620246037102304e+06
3.485987167285826057e+06
3.502413844999915920e+06
3.518900497321417555e+06
3.535447343188709579e+06
3.552054602339363657e+06
3.568722495313090272e+06
3.585451243454640731e+06
3.602241068916785531e+06
3.619092194663259201e+06
3.636004844471705146e+06
3.652979242936654016e+06
3.670015615472523496e+06
3.687114188316617161e+06
3.704275188532111235e+06
3.721498844011081383e+06
3.738785383477545343e+06
3.756135036490471102e+06
3.773548033446872607e+06
3.791024605584833771e+06
3.808564984986607917e+06
3.826169404581677169e+06
3.843838098149881698e+06
3.861571300324486569e+06
3.879369246595343575e+06
3.897232173312005587e+06
3.915160317686839961e+06
3.933153917798235081e+06
3.951213212593706325e+06
3.969338441893124022e+06
3.987529846391862258e+06
4.005787667664036155e+06
4.024112148165690713e+06
4.042503531237987801e+06
4.060962061110520735e+06
4.079487982904501259e+06
4.098081542636050843e+06
4.116742987219426781e+06
4.135472564470350742e+06
4.154270523109303787e+06
4.173137112764788792e+06
4.192072583976686001e+06
4.211077188199562021e+06
4.230151177806032822e+06
4.249294806090112776e+06
4.268508327270558104e+06
4.287791996494289488e+06
4.307146069839748554e+06
4.326570804320318624e+06
4.346066457887732424e+06
4.365633289435503073e+06
4.385271558802385814e+06
4.404981526775785722e+06
4.424763455095282756e+06
4.444617606456060894e+06
4.464544244512441568e+06
4.484543633881356567e+06
4.504616040145879611e+06
4.524761729858756065e+06
4.544980970545952208e+06
4.565274030710197054e+06
4.585641179834566079e+06
4.606082688386059366e+06
4.626598827819190919e+06
4.647189870579618029e+06
4.667856090107732452e+06
4.688597760842318647e+06
4.709415158224192448e+06
4.730308558699880727e+06
4.751278239725262858e+06
4.772324479769276455e+06
4.793447558317638934e+06
4.814647755876537412e+06
4.835925353976373561e+06
4.857280635175494477e+06
4.878713883063950576e+06
4.900225382267266512e+06
4.921815418450251222e+06
4.943484278320750222e+06
4.965232249633492902e+06
4.987059621193900704e+06
5.008966682861940004e+06
5.030953725555952638e+06
5.053021041256557219e+06
5.075168923010517843e+06
5.097397664934601635e+06
5.119707562219561078e+06
5.142098911134013906e+06
5.164572009028373286e+06
5.187127154338825494e+06
5.209764646591299213e+06
5.232484786405439489e+06
5.255287875498601235e+06
5.278174216689839028e+06
5.301144113904000260e+06
5.324197872175693512e+06
5.347335797653391026e+06
5.370558197603485547e+06
5.393865380414352752e+06
5.417257655600504950e+06
5.440735333806647919e+06
5.464298726811857894e+06
5.487948147533677518e+06
5.511683910032334737e+06
5.535506329514896497e+06
5.559415722339421511e+06
5.583412406019224785e+06
5.607496699227076024e+06
5.631668921799396165e+06
5.655929394740613177e+06
5.680278440227312967e+06
5.704716381612601690e+06
5.729243543430360034e+06
5.753860251399612054e+06
5.778566832428800873e+06
5.803363614620156586e+06
5.828250927274093032e+06
5.853229100893499330e+06
5.878298467188226990e+06
5.903459359079458751e+06
5.928712110704137012e+06
5.954057057419425808e+06
5.979494535807130858e+06
6.005024883678218350e+06
6.030648440077285282e+06
6.056365545287048444e+06
6.082176540832939558e+06
6.108081769487550482e+06
6.134081575275303796e+06
6.160176303476884961e+06
6.186366300633965060e+06
6.212651914553754032e+06
6.239033494313634001e+06
6.265511390265775844e+06
6.292085954041822813e+06
6.318757538557587191e+06
6.345526498017690144e+06
6.372393187920327298e+06
6.399357965061954223e+06
6.426421187542067841e+06
6.453583214767929167e+06
6.480844407459371723e+06
6.508205127653611824e+06
6.535665738710000180e+06
6.563226605314929970e+06
6.590888093486631289e+06
6.618650570580087602e+06
6.646514405291861854e+06
6.674479967665058561e+06
6.702547629094195552e+06
6.730717762330199592e+06
6.758990741485295817e+06
6.787366942038035952e+06
6.815846740838276222e+06
6.844430516112191603e+06
6.873118647467279807e+06
6.901911515897472389e+06
6.930809503788111731e+06
6.959812994921126403e+06
6.988922374480102211e+06
7.018138029055348597e+06
7.047460346649141982e+06
7.076889716680819169e+06
7.106426529991971329e+06
7.136071178851635195e+06
7.165824056961525232e+06
7.195685559461282566e+06
7.225656082933692262e+06
7.255736025409977883e+06
7.285925786375091411e+06
7.316225766773050651e+06
7.346636369012226351e+06
7.377157996970750391e+06
7.407791056001845747e+06
7.438535952939214185e+06
7.469393096102485433e+06
7.500362895302627236e+06
7.531445761847376823e+06
7.562642108546748757e+06
7.593952349718490615e+06
7.625376901193626225e+06
7.656916180321974680e+06
7.688570605977678671e+06
7.720340598564816639e+06
7.752226580022962764e+06
7.784228973832815886e+06
7.816348205021832138e+06
7.848584700169868767e+06
7.880938887414868921e+06
7.913411196458546445e+06
7.946002058572119102e+06
7.978711906602010131e+06
8.011541174975655973e+06
8.044490299707237631e+06
8.077559718403520063e+06
8.110749870269645005e+06
8.144061196114975959e+06
8.177494138358989730e+06
8.211049141037128866e+06
8.244726649806717411e+06
8.278527111952904612e+06
8.312450976394591853e+06
8.346498693690428510e+06
8.380670716044794768e+06
8.414967497313804924e+06
8.449389493011355400e+06
8.483937160315193236e+06
8.518610958072986454e+06
8.553411346808435395e+06
8.588338788727402687e+06
8.623393747724020854e+06
8.658576689386952668e+06
8.693888081005478278e+06
8.729328391575794667e+06
8.764898091807207093e+06
8.800597654128422961e+06
8.836427552693815902e+06
8.872388263389751315e+06
8.908480263840882108e+06
8.944704033416539431e+06
8.981060053237102926e+06
9.017548806180391461e+06
9.054170776888096705e+06
9.090926451772218570e+06
9.127816319021560252e+06
9.164840868608189747e+06
9.202000592293987051e+06
9.239295983637174591e+06
9.276727537998894230e+06
9.314295752549765632e+06
9.352001126276548952e+06
9.389844159988736734e+06
9.427825356325268745e+06
9.465945219761164859e+06
9.504204256614273414e+06
9.542602975051995367e+06
9.581141885098038241e+06
9.619821498639233410e+06
9.658642329432303086e+06
9.697604893110735342e+06
9.736709707191601396e+06
9.775957291082495824e+06
9.815348166088385507e+06
9.854882855418611318e+06
9.894561884193800390e+06
9.934385779452860355e+06
9.974355070160027593e+06
1.001447028721185215e+07
1.005473196344430186e+07
1.009514063363983855e+07
1.013569683453454450e+07
1.017640110482523404e+07
1.021725398517665640e+07
1.025825601822867058e+07
1.029940774860347435e+07
1.034070972291283682e+07
1.038216248976540007e+07
1.042376659977394342e+07
1.046552260556274094e+07
1.050743106177488342e+07
1.054949252507968619e+07
1.059170755418011732e+07
1.063407670982016623e+07
1.067660055479235388e+07
1.071927965394521132e+07
1.076211457419079728e+07
1.080510588451222703e+07
1.084825415597126447e+07
1.089155996171592362e+07
1.093502387698806450e+07
1.097864647913108394e+07
1.102242834759758227e+07
1.106637006395706348e+07
1.111047221190369874e+07
1.115473537726407498e+07
1.119916014800500497e+07
1.124374711424134113e+07
1.128849686824381910e+07
1.133341000444696471e+07
1.137848711945698969e+07
1.142372881205974147e+07
1.146913568322864920e+07
1.151470833613275178e+07
1.156044737614469416e+07
1.160635341084880382e+07
1.165242705004918203e+07
1.169866890577779338e+07
1.174507959230263531e+07
1.179165972613591328e+07
1.183840992604222894e+07
1.188533081304681860e+07
1.193242301044381969e+07
1.197968714380458370e+07
1.202712384098597988e+07
1.207473373213874921e+07
1.212251744971592166e+07
1.217047562848118879e+07
1.221860890551739186e+07
1.226691792023498006e+07
1.231540331438052282e+07
1.236406573204525933e+07
1.241290581967365928e+07
1.246192422607202269e+07
1.251112160241713002e+07
1.256049860226492025e+07
1.261005588155916333e+07
1.265979409864018112e+07
1.270971391425365955e+07
1.275981599155939743e+07
1.281010099614014104e+07
1.286056959601045586e+07
1.291122246162561513e+07
1.296206026589051448e+07
1.301308368416862749e+07
1.306429339429102466e+07
1.311569007656535320e+07
1.316727441378490441e+07
1.321904709123773128e+07
1.327100879671573825e+07
1.332316022052383795e+07
1.337550205548916385e+07
1.342803499697024934e+07
1.348075974286633916e+07
1.353367699362663366e+07
1.358678745225961134e+07
1.364009182434245013e+07
1.369359081803033128e+07
1.374728514406592771e+07
1.380117551578881219e+07
1.385526264914503135e+07
1.390954726269655116e+07
1.396403007763088681e+07
1.401871181777066551e+07
1.407359320958326198e+07
1.412867498219050094e+07
1.418395786737831123e+07
1.423944259960653633e+07
1.429512991601861455e+07
1.435102055645150319e+07
1.440711526344545372e+07
1.446341478225390986e+07
1.451991986085343175e+07
1.457663124995367602e+07
1.463354970300735161e+07
1.469067597622026131e+07
1.474801082856138237e+07
1.480555502177295275e+07
1.486330932038066164e+07
1.492127449170372821e+07
1.497945130586522818e+07
1.503784053580224887e+07
1.509644295727625862e+07
1.515525934888334759e+07
1.521429049206469581e+07
1.527353717111691646e+07
1.533300017320250161e+07
1.539268028836029209e+07
1.545257830951601267e+07
1.551269503249283507e+07
1.557303125602195784e+07
1.563358778175324015e+07
1.569436541426587850e+07
1.575536496107914299e+07
1.581658723266306520e+07
1.587803304244931042e+07
1.593970320684193820e+07
1.600159854522829130e+07
1.606371987998991087e+07
1.612606803651351109e+07
1.618864384320191666e+07
1.625144813148513809e+07
1.631448173583143204e+07
1.637774549375835434e+07
1.644124024584401026e+07
1.650496683573815972e+07
1.656892611017349362e+07
1.663311891897691414e+07
1.669754611508079991e+07
1.676220855453442782e+07
1.682710709651532769e+07
1.689224260334072262e+07
1.695761594047902152e+07
1.702322797656137869e+07
1.708907958339317515e+07
1.715517163596570864e+07
1.722150501246776804e+07
1.728808059429743141e+07
1.735489926607367024e+07
1.742196191564825177e+07
1.748926943411747366e+07
1.755682271583408490e+07
1.762462265841914713e+07
1.769267016277401894e+07
1.776096613309234753e+07
1.782951147687211633e+07
1.789830710492768884e+07
1.796735393140197173e+07
1.803665287377861142e+07
1.810620485289414600e+07
1.817601079295031726e+07
1.824607162152637169e+07
1.831638826959137619e+07
1.838696167151664570e+07
1.845779276508820802e+07
1.852888249151922017e+07
1.860023179546258226e+07
1.867184162502347678e+07
1.874371293177197874e+07
1.881584667075575143e+07
1.888824380051276833e+07
1.896090528308405727e+07
1.903383208402653784e+07
1.910702517242584378e+07
1.918048552090927586e+07
1.925421410565868393e+07
1.932821190642354637e+07
1.940247990653397888e+07
1.947701909291381761e+07
1.955183045609378070e+07
1.962691499022465572e+07
1.970227369309055433e+07
1.977790756612213701e+07
1.985381761441005021e+07
1.993000484671821445e+07
2.000647027549732476e+07
2.008321491689831764e+07
2.016023979078588635e+07
2.023754592075208575e+07
2.031513433412992582e+07
2.039300606200711429e+07
2.047116213923973590e+07
2.054960360446605831e+07
2.062833150012033433e+07
2.070734687244677171e+07
2.078665077151336148e+07
2.086624425122589990e+07
2.094612836934207380e+07
2.102630418748547509e+07
2.110677277115978301e+07
2.118753518976294994e+07
2.126859251660142094e+07
2.134994582890446484e+07
2.143159620783852413e+07
2.151354473852153495e+07
2.159579251003748178e+07
2.167834061545085907e+07
2.176119015182121471e+07
2.184434222021777183e+07
2.192779792573413253e+07
2.201155837750295922e+07
2.209562468871070817e+07
2.217999797661256790e+07
2.226467936254721135e+07
2.234966997195185348e+07
2.243497093437714130e+07
2.252058338350222260e+07
2.260650845714992657e+07
2.269274729730179906e+07
2.277930105011338741e+07
2.286617086592950672e+07
2.295335789929952845e+07
2.304086330899280310e+07
2.312868825801401585e+07
2.321683391361879185e+07
2.330530144732913002e+07
2.339409203494911268e+07
2.348320685658047348e+07
2.357264709663837403e+07
2.366241394386719540e+07
2.375250859135628492e+07
2.384293223655594513e+07
2.393368608129336312e+07
2.402477133178857714e+07
2.411618919867057726e+07
2.420794089699345082e+07
2.430002764625250176e+07
2.439245067040053010e+07
2.448521119786419347e+07
2.457831046156031638e+07
2.467174969891229644e+07
2.476553015186662599e+07
2.485965306690940633e+07
2.495411969508294389e+07
2.504893129200249910e+07
2.514408911787293479e+07
2.523959443750549108e+07
2.533544852033472061e+07
2.543165264043527097e+07
2.552820807653903216e+07
2.562511611205198988e+07
2.572237803507144749e+07
2.581999513840312138e+07
2.591796871957845241e+07
2.601630008087170497e+07
2.611499052931754291e+07
2.621404137672828138e+07
2.631345393971146643e+07
2.641322953968731314e+07
2.651336950290639699e+07
2.661387516046728939e+07
2.671474784833427146e+07
2.681598890735520422e+07
2.691759968327930570e+07
2.701958152677509189e+07
2.712193579344844446e+07
2.722466384386058897e+07
2.732776704354628921e+07
2.743124676303199306e+07
2.753510437785409018e+07
2.763934126857726648e+07
2.774395882081292197e+07
2.784895842523750663e+07
2.795434147761121020e+07
2.806010937879647315e+07
2.816626353477666527e+07
2.827280535667479411e+07
2.837973626077238470e+07
2.848705766852821037e+07
2.859477100659740716e+07
2.870287770685033500e+07
2.881137920639173687e+07
2.892027694757985324e+07
2.902957237804561853e+07
2.913926695071205497e+07
2.924936212381348386e+07
2.935985936091510206e+07
2.947076013093233854e+07
2.958206590815054253e+07
2.969377817224456370e+07
2.980589840829848498e+07
2.991842810682547092e+07
3.003136876378746331e+07
3.014472188061531633e+07
3.025848896422867104e+07
3.037267152705606818e+07
3.048727108705508709e+07
3.060228916773271933e+07
3.071772729816536978e+07
3.083358701301946118e+07
3.094986985257188231e+07
3.106657736273037642e+07
3.118371109505427256e+07
3.130127260677510872e+07
3.141926346081735194e+07
3.153768522581927478e+07
3.165653947615387291e+07
3.177582779194975644e+07
3.189555175911225751e+07
3.201571296934462711e+07
3.213631302016915008e+07
3.225735351494847983e+07
3.237883606290697306e+07
3.250076227915219218e+07
3.262313378469635546e+07
3.274595220647802949e+07
3.286921917738366872e+07
3.299293633626957983e+07
3.311710532798354328e+07
3.324172780338690430e+07
3.336680541937643290e+07
3.349233983890658617e+07
3.361833273101142794e+07
3.374478577082712203e+07
3.387170063961407542e+07
3.399907902477940917e+07
3.412692261989947408e+07
3.425523312474236637e+07
3.438401224529065192e+07
3.451326169376397133e+07
3.464298318864201754e+07
3.477317845468734950e+07
3.490384922296836227e+07
3.503499723088240623e+07
3.516662422217890620e+07
3.529873194698268175e+07
3.543132216181717813e+07
3.556439662962786853e+07
3.569795711980587244e+07
3.583200540821135789e+07
3.596654327719739079e+07
3.610157251563355327e+07
3.623709491892988235e+07
3.637311228906071931e+07
3.650962643458876759e+07
3.664663917068923265e+07
3.678415231917398423e+07
3.692216770851574838e+07
3.706068717387260497e+07
3.719971255711241812e+07
3.733924570683737844e+07
3.747928847840858251e+07
3.761984273397083580e+07
