0.000000000000000000e+00
3.706632519991253503e+03
7.426566019658115692e+03
1.115986362131440546e+04
1.490658758007781580e+04
1.866679938300407957e+04
2.244055983804003336e+04
2.622792915378429461e+04
3.002896701119688805e+04
3.384373262806201819e+04
3.767228481702890713e+04
4.151468203793407883e+04
4.537098244501242880e+04
4.924124392952350900e+04
5.312552415831969120e+04
5.702388060875912197e+04
6.093637060038046911e+04
6.486305132362083532e+04
6.880397986592398956e+04
7.275921323552355170e+04
7.672880838308623061e+04
8.071282222144911066e+04
8.471131164371641353e+04
8.872433353974088095e+04
9.275194481125846505e+04
9.679420238578738645e+04
1.008511632293914445e+05
1.049228843584021088e+05
1.090094228502467740e+05
1.131108358534378931e+05
1.172271805968042463e+05
1.213585143980477005e+05
1.255048946716715582e+05
1.296663789363310207e+05
1.338430248216844629e+05
1.380348900747955777e+05
1.422420325660833623e+05
1.464645102948916610e+05
1.507023813947010785e+05
1.549557041380268056e+05
1.592245369410158601e+05
1.635089383677926380e+05
1.678089671345080715e+05
1.721246821131997276e+05
1.764561423354593571e+05
1.808034069958685432e+05
1.851665354552753270e+05
1.895455872438997030e+05
1.939406220643308479e+05
1.983516997943250462e+05
2.027788804895274807e+05
2.072222243860457093e+05
2.116817919029414188e+05
2.161576436446001753e+05
2.206498404030085076e+05
2.251584431599727832e+05
2.296835130892251618e+05
2.342251115585034713e+05
2.387833001314923167e+05
2.433581405697467271e+05
2.479496948345790152e+05
2.525580250888448209e+05
2.571831936986949295e+05
2.618252632353033405e+05
2.664842964764852077e+05
2.711603564083783422e+05
2.758535062269838527e+05
2.805638093397326302e+05
2.852913293670150451e+05
2.900361301436361391e+05
2.947982757203029469e+05
2.995778303650484886e+05
3.043748585646098945e+05
3.091894250258586835e+05
3.140215946771258023e+05
3.188714326695436612e+05
3.237390043783993460e+05
3.286243754044044763e+05
3.335276115750006866e+05
3.384487789456211030e+05
3.433879438009646256e+05
3.483451726562203839e+05
3.533205322583231609e+05
3.583140895871513058e+05
3.633259118567530531e+05
3.683560665165369865e+05
3.734046212524648290e+05
3.784716439882311970e+05
3.835572028864508029e+05
3.886613663498023525e+05
3.937842030221961904e+05
3.989257817899412476e+05
4.040861717828656547e+05
4.092654423754906747e+05
4.144636631881140638e+05
4.196809040880126413e+05
4.249172351905086543e+05
4.301727268601150718e+05
4.354474497116678394e+05
4.407414746114204172e+05
4.460548726781720761e+05
4.513877152843694203e+05
4.567400740572223440e+05
4.621120208798137028e+05
4.675036278921817429e+05
4.729149674924481660e+05
4.783461123379096389e+05
4.837971353461339604e+05
4.892681096960674040e+05
4.947591088291374035e+05
5.002702064503454603e+05
5.058014765293507371e+05
5.113529933015969582e+05
5.169248312693808693e+05
5.225170652029854245e+05
5.281297701417321805e+05
5.337630213951235637e+05
5.394168945439183153e+05
5.450914654412351083e+05
5.507868102136612870e+05
5.565030052623532247e+05
5.622401272641248070e+05
5.679982531725722365e+05
5.737774602191681042e+05
5.795778259143689647e+05
5.853994280487296637e+05
5.912423446940132417e+05
5.971066542042864021e+05
6.029924352170615457e+05
6.088997666543854866e+05
6.148287277239814866e+05
6.207793979203444906e+05
6.267518570258780383e+05
6.327461851120293140e+05
6.387624625403748360e+05
6.448007699637922924e+05
6.508611883275762666e+05
6.569437988705693278e+05
6.630486831262849737e+05
6.691759229240901768e+05
6.753256003902885132e+05
6.814977979492982849e+05
6.876925983248073608e+05
6.939100845409033354e+05
7.001503399232318625e+05
7.064134481001554523e+05
7.126994930038964376e+05
7.190085588717181236e+05
7.253407302470919676e+05
7.316960919808468316e+05
7.380747292323699221e+05
7.444767274707204197e+05
7.509021724758765195e+05
7.573511503398939967e+05
7.638237474680689629e+05
7.703200505801346153e+05
7.768401467114596162e+05
7.833841232142611407e+05
7.899520677587685641e+05
7.965440683344281279e+05
8.031602132511385716e+05
8.098005911404136568e+05
8.164652909566618036e+05
8.231544019783190452e+05
8.298680138091554400e+05
8.366062163794303779e+05
8.433690999471412506e+05
8.501567550992593169e+05
8.569692727529825643e+05
8.638067441569333896e+05
8.706692608924456872e+05
8.775569148747781292e+05
8.844697983543695882e+05
8.914080039181346074e+05
8.983716244906624779e+05
9.053607533355124760e+05
9.123754840564921033e+05
9.194159105988964438e+05
9.264821272508124821e+05
9.335742286443794146e+05
9.406923097570764367e+05
9.478364659130303189e+05
9.550067927842901554e+05
9.622033863921191078e+05
9.694263431082970928e+05
9.766757596564583946e+05
9.839517331133536063e+05
9.912543609101858456e+05
9.985837408339399844e+05
1.005939971028693719e+06
1.013323149996947264e+06
1.020733376600953285e+06
1.028170750064059393e+06
1.035635369972026208e+06
1.043127336274429457e+06
1.050646749285961268e+06
1.058193709687777562e+06
1.065768318528898992e+06
1.073370677227556240e+06
1.081000887572553474e+06
1.088659051724640653e+06
1.096345272217908408e+06
1.104059651961151045e+06
1.111802294239280280e+06
1.119573302714678459e+06
1.127372781428657938e+06
1.135200834802805446e+06
1.143057567640405148e+06
1.150943085127878468e+06
1.158857492836176418e+06
1.166800896722193807e+06
1.174773403130237944e+06
1.182775118793403730e+06
1.190806150835049339e+06
1.198866606770253275e+06
1.206956594507211354e+06
1.215076222348734271e+06
1.223225598993690684e+06
1.231404833538465668e+06
1.239614035478420090e+06
1.247853314709403552e+06
1.256122781529194210e+06
1.264422546638975851e+06
1.272752721144885290e+06
1.281113416559441481e+06
1.289504744803076144e+06
1.297926818205644377e+06
1.306379749507917091e+06
1.314863651863119099e+06
1.323378638838422950e+06
1.331924824416497257e+06
1.340502322997032199e+06
1.349111249398274347e+06
1.357751718858580571e+06
1.366423847037953325e+06
1.375127750019611325e+06
1.383863544311528560e+06
1.392631346848018933e+06
1.401431274991285522e+06
1.410263446533022448e+06
1.419127979695984628e+06
1.428024993135581724e+06
1.436954605941458605e+06
1.445916937639111187e+06
1.454912108191484585e+06
1.463940238000577781e+06
1.473001447909057606e+06
1.482095859201916493e+06
1.491223593608054332e+06
1.500384773301949725e+06
1.509579520905281883e+06
1.518807959488556720e+06
1.528070212572815828e+06
1.537366404131234158e+06
1.546696658590822946e+06
1.556061100834087003e+06
1.565459856200702954e+06
1.574893050489191432e+06
1.584360809958623722e+06
1.593863261330311652e+06
1.603400531789494213e+06
1.612972748987047002e+06
1.622580041041210759e+06
1.632222536539301742e+06
1.641900364539435133e+06
1.651613654572257306e+06
1.661362536642678548e+06
1.671147141231634188e+06
1.680967599297821987e+06
1.690824042279457208e+06
1.700716602096044458e+06
1.710645411150131840e+06
1.720610602329113521e+06
1.730612309006986208e+06
1.740650665046151727e+06
1.750725804799206089e+06
1.760837863110747654e+06
1.770986975319184363e+06
1.781173277258552611e+06
1.791396905260312837e+06
1.801657996155220084e+06
1.811956687275137287e+06
1.822293116454862058e+06
1.832667422034000047e+06
1.843079742858814076e+06
1.853530218284061179e+06
1.864018988174909260e+06
1.874546192908767145e+06
1.885111973377196118e+06
1.895716470987787470e+06
1.906359827666049823e+06
1.917042185857326724e+06
1.927763688528705854e+06
1.938524479170924518e+06
1.949324701800298877e+06
1.960164500960656907e+06
1.971044021725285333e+06
1.981963409698847681e+06
1.992922811019362882e+06
2.003922372360156383e+06
2.014962240931816865e+06
2.026042564484179020e+06
2.037163491308302153e+06
2.048325170238459017e+06
2.059527750654131640e+06
2.070771382482016459e+06
2.082056216198015958e+06
2.093382402829275467e+06
2.104750093956204131e+06
2.116159441714501940e+06
2.127610598797197454e+06
2.139103718456702773e+06
2.150638954506864771e+06
2.162216461325020529e+06
2.173836393854061142e+06
2.185498907604527194e+06
2.197204158656694926e+06
2.208952303662633989e+06
2.220743499848337844e+06
2.232577905015827157e+06
2.244455677545263432e+06
2.256376976397053804e+06
2.268341961114008911e+06
2.280350791823463980e+06
2.292403629239428788e+06
2.304500634664728306e+06
2.316641969993203413e+06
2.328827797711840365e+06
2.341058280902973376e+06
2.353333583246431779e+06
2.365653869021785446e+06
2.378019303110521287e+06
2.390430050998243969e+06
2.402886278776898514e+06
2.415388153147006873e+06
2.427935841419922188e+06
2.440529511519991327e+06
2.453169331986897625e+06
2.465855471977859270e+06
2.478588101269936655e+06
2.491367390262267087e+06
2.504193509978369344e+06
2.517066632068441715e+06
2.529986928811659105e+06
2.542954573118460830e+06
2.555969738532907795e+06
2.569032599234953057e+06
2.582143330042835791e+06
2.595302106415366288e+06
2.608509104454318527e+06
2.621764500906779896e+06
2.635068473167516757e+06
2.648421199281360023e+06
2.661822857945546508e+06
2.675273628512193449e+06
2.688773690990608186e+06
2.702323226049790625e+06
2.715922415020792279e+06
2.729571439899156336e+06
2.743270483347383328e+06
2.757019728697362822e+06
2.770819359952800907e+06
2.784669561791754328e+06
2.798570519569012802e+06
2.812522419318684842e+06
2.826525447756589390e+06
2.840579792282846756e+06
2.854685640984319150e+06
2.868843182637180667e+06
2.883052606709399261e+06
2.897314103363343980e+06
2.911627863458256237e+06
2.925994078552868217e+06
2.940412940907942597e+06
2.954884643488814123e+06
2.969409379968047608e+06
2.983987344727988821e+06
2.998618732863359619e+06
3.013303740183907561e+06
3.028042563217008952e+06
3.042835399210281204e+06
3.057682446134281345e+06
3.072583902685095090e+06
3.087539968287033029e+06
3.102550843095317949e+06
3.117616727998729795e+06
3.132737824622317217e+06
3.147914335330118891e+06
3.163146463227807544e+06
3.178434412165478338e+06
3.193778386740360409e+06
3.209178592299563810e+06
3.224635234942809679e+06
3.240148521525194868e+06
3.255718659659987316e+06
3.271345857721405104e+06
3.287030324847367592e+06
3.302772270942336880e+06
3.318571906680126674e+06
3.334429443506713025e+06
3.350345093643065542e+06
3.366319070088011213e+06
3.382351586621061899e+06
3.398442857805306092e+06
3.414593098990257829e+06
3.430802526314754970e+06
3.447071356709840707e+06
3.463399807901700959e+06
3.479788098414553329e+06
3.496236447573584504e+06
3.512745075507901609e+06
3.529314203153436072e+06
3.545944052255985327e+06
3.562634845374096185e+06
3.579386805882100947e+06
3.596200157973082736e+06
3.613075126661901362e+06
3.630011937788206153e+06
3.647010818019451573e+06
3.664071994853915647e+06
3.681195696623782627e+06
3.698382152498199604e+06
3.715631592486332171e+06
3.732944247440434992e+06
3.750320349058978260e+06
3.767760129889708012e+06
3.785263823332825676e+06
3.802831663644040003e+06
3.820463885937768966e+06
3.838160726190255024e+06
3.855922421242738143e+06
3.873749208804612979e+06
3.891641327456646599e+06
3.909599016654163599e+06
3.927622516730210744e+06
3.945712068898865022e+06
3.963867915258369409e+06
3.982090298794443719e+06
4.000379463383502327e+06
4.018735653795969673e+06
4.037159115699508227e+06
4.055650095662305132e+06
4.074208841156437062e+06
4.092835600561133586e+06
4.111530623166132718e+06
4.130294159174991772e+06
4.149126459708461538e+06
4.168027776807872579e+06
4.186998363438460976e+06
4.206038473492794670e+06
4.225148361794150434e+06
4.244328284099962562e+06
4.263578497105217539e+06
4.282899258445898071e+06
4.302290826702466235e+06
4.321753461403287947e+06
4.341287423028130084e+06
4.360892973011651076e+06
4.380570373746890575e+06
4.400319888588817790e+06
4.420141781857807189e+06
4.440036318843237124e+06
4.460003765807007439e+06
4.480044389987126924e+06
4.500158459601276554e+06
4.520346243850413710e+06
4.540608012922376394e+06
4.560944037995512597e+06
4.581354591242299415e+06
4.601839945833003148e+06
4.622400375939332880e+06
4.643036156738109887e+06
4.663747564414969645e+06
4.684534876168045215e+06
4.705398370211689733e+06
4.726338325780212879e+06
4.747355023131622933e+06
4.768448743551347405e+06
4.789619769356026314e+06
4.810868383897329681e+06
4.832194871565697715e+06
4.853599517794190906e+06
4.875082609062290750e+06
4.896644432899741456e+06
4.918285277890413068e+06
4.940005433676179498e+06
4.961805190960766748e+06
4.983684841513676569e+06
5.005644678174080327e+06
5.027684994854758494e+06
5.049806086546010338e+06
5.072008249319650233e+06
5.094291780332942493e+06
5.116656977832574397e+06
5.139104141158698127e+06
5.161633570748903789e+06
5.184245568142257631e+06
5.206940435983324423e+06
5.229718478026264347e+06
5.252579999138874002e+06
5.275525305306676775e+06
5.298554703636997379e+06
5.321668502363145351e+06
5.344867010848473758e+06
5.368150539590570144e+06
5.391519400225400925e+06
5.414973905531479046e+06
5.438514369434076361e+06
5.462141107009415515e+06
5.485854434488909319e+06
5.509654669263349846e+06
5.533542129887223244e+06
5.557517136082980782e+06
5.581580008745230734e+06
5.605731069945156574e+06
5.629970642934769392e+06
5.654299052151214331e+06
5.678716623221213929e+06
5.703223682965344749e+06
5.727820559402431361e+06
5.752507581753967330e+06
5.777285080448549241e+06
5.802153387126227841e+06
5.827112834643003531e+06
5.852163757075318135e+06
5.877306489724434912e+06
5.902541369121033698e+06
5.927868733029667288e+06
5.953288920453296974e+06
5.978802271637861617e+06
6.004409128076779656e+06
6.030109832515583374e+06
6.055904728956492618e+06
6.081794162662990391e+06
6.107778480164517649e+06
6.133858029261074029e+06
6.160033159027900547e+06
6.186304219820094295e+06
6.212671563277394511e+06
6.239135542328855023e+06
6.265696511197579093e+06
6.292354825405427255e+06
6.319110841777839698e+06
6.345964918448607437e+06
6.372917414864623919e+06
6.399968691790778190e+06
6.427119111314730719e+06
6.454369036851786077e+06
6.481718833149770275e+06
6.509168866293910891e+06
6.536719503711769357e+06
6.564371114178086631e+06
6.592124067819824442e+06
6.619978736121075228e+06
6.647935491928054951e+06
6.675994709454064257e+06
6.704156764284567907e+06
6.732422033382159658e+06
6.760790895091691986e+06
6.789263729145267978e+06
6.817840916667382233e+06
6.846522840180008672e+06
6.875309883607764728e+06
6.904202432282974012e+06
6.933200872950928286e+06
6.962305593774990179e+06
6.991516984341842122e+06
7.020835435666731559e+06
7.050261340198623948e+06
7.079795091825534590e+06
7.109437085879825987e+06
7.139187719143426977e+06
7.169047389853202738e+06
7.199016497706306167e+06
7.229095443865497597e+06
7.259284630964536220e+06
7.289584463113594800e+06
7.319995345904626884e+06
7.350517686416880228e+06
7.381151893222270533e+06
7.411898376390930265e+06
7.442757547496668994e+06
7.473729819622457027e+06
7.504815607366045937e+06
7.536015326845457777e+06
7.567329395704576746e+06
7.598758233118765056e+06
7.630302259800454602e+06
7.661961898004826158e+06
7.693737571535438299e+06
7.725629705749908462e+06
7.757638727565623820e+06
7.789765065465480089e+06
7.822009149503577501e+06
7.854371411311034113e+06
7.886852284101756290e+06
7.919452202678233385e+06
7.952171603437377140e+06
7.985010924376379699e+06
8.017970605098536238e+06
8.051051086819233373e+06
8.084252812371758744e+06
8.117576226213309914e+06
8.151021774430926889e+06
8.184589904747452587e+06
8.218281066527592018e+06
8.252095710783846676e+06
8.286034290182651952e+06
8.320097259050387889e+06
8.354285073379494250e+06
8.388598190834570676e+06
8.423037070758517832e+06
8.457602174178704619e+06
8.492293963813124225e+06
8.527112904076613486e+06
8.562059461087072268e+06
8.597134102671733126e+06
8.632337298373406753e+06
8.667669519456772134e+06
8.703131238914731890e+06
8.738722931474698707e+06
8.774445073605006561e+06
8.810298143521277234e+06
8.846282621192844585e+06
8.882398988349165767e+06
8.918647728486299515e+06
8.955029326873373240e+06
8.991544270559102297e+06
9.028193048378316686e+06
9.064976150958506390e+06
9.101894070726409554e+06
9.138947301914585754e+06
9.176136340568093583e+06
9.213461684551101178e+06
9.250923833553560078e+06
9.288523289097929373e+06
9.326260554545879364e+06
9.364136135105036199e+06
9.402150537835782394e+06
9.440304271658016369e+06
9.478597847358016297e+06
9.517031777595242485e+06
9.555606576909260824e+06
9.594322761726597324e+06
9.633180850367693231e+06
9.672181363053824753e+06
9.711324821914112195e+06
9.750611750992491841e+06
9.790042676254739985e+06
9.829618125595560297e+06
9.869338628845609725e+06
9.909204717778664082e+06
9.949216926118679345e+06
9.989375789546994492e+06
1.002968184570949897e+07
1.007013563422383554e+07
1.011073769668665715e+07
1.015148857668086141e+07
1.019238881978289597e+07
1.023343897357005626e+07
1.027463958762783930e+07
1.031599121355733089e+07
1.035749440498255752e+07
1.039914971755794063e+07
1.044095770897575095e+07
1.048291893897356465e+07
1.052503396934176609e+07
1.056730336393110454e+07
1.060972768866024166e+07
1.065230751152333245e+07
1.069504340259766206e+07
1.073793593405124918e+07
1.078098568015056849e+07
1.082419321726820990e+07
1.086755912389062159e+07
1.091108398062587716e+07
1.095476837021144480e+07
1.099861287752200291e+07
1.104261808957728744e+07
1.108678459554996900e+07
1.113111298677352816e+07
1.117560385675021261e+07
1.122025780115897767e+07
1.126507541786348820e+07
1.131005730692011490e+07
1.135520407058599032e+07
1.140051631332709268e+07
1.144599464182633907e+07
1.149163966499174014e+07
1.153745199396452680e+07
1.158343224212737754e+07
1.162958102511263639e+07
1.167589896081055328e+07
1.172238666937759146e+07
1.176904477324473672e+07
1.181587389712582342e+07
1.186287466802594624e+07
1.191004771524982899e+07
1.195739367041030526e+07
1.200491316743673384e+07
1.205260684258356877e+07
1.210047533443882503e+07
1.214851928393267468e+07
1.219673933434604108e+07
1.224513613131923042e+07
1.229371032286058366e+07
1.234246255935512297e+07
1.239139349357334338e+07
1.244050378067995235e+07
1.248979407824258134e+07
1.253926504624070041e+07
1.258891734707443044e+07
1.263875164557339624e+07
1.268876860900570825e+07
1.273896890708682686e+07
1.278935321198863164e+07
1.283992219834835269e+07
1.289067654327769391e+07
1.294161692637182213e+07
1.299274402971860394e+07
1.304405853790761530e+07
1.309556113803941943e+07
1.314725251973477006e+07
1.319913337514380738e+07
1.325120439895539358e+07
1.330346628840639815e+07
1.335591974329105206e+07
1.340856546597034857e+07
1.346140416138146818e+07
1.351443653704716824e+07
1.356766330308537371e+07
1.362108517221860401e+07
1.367470285978360474e+07
1.372851708374089003e+07
1.378252856468439847e+07
1.383673802585112862e+07
1.389114619313089550e+07
1.394575379507599026e+07
1.400056156291102432e+07
1.405557023054268025e+07
1.411078053456955776e+07
1.416619321429209784e+07
1.422180901172246598e+07
1.427762867159447260e+07
1.433365294137365371e+07
1.438988257126718014e+07
1.444631831423400156e+07
1.450296092599490844e+07
1.455981116504270025e+07
1.461686979265230522e+07
1.467413757289102674e+07
1.473161527262878418e+07
1.478930366154840216e+07
1.484720351215592399e+07
1.490531559979099594e+07
1.496364070263719931e+07
1.502217960173259676e+07
1.508093308098008484e+07
1.513990192715802416e+07
1.519908692993071117e+07
1.525848888185895421e+07
1.531810857841079682e+07
1.537794681797212549e+07
1.543800440185734630e+07
1.549828213432022370e+07
1.555878082256457396e+07
1.561950127675515413e+07
1.568044431002849154e+07
1.574161073850381002e+07
1.580300138129397109e+07
1.586461706051646173e+07
1.592645860130442306e+07
1.598852683181769401e+07
1.605082258325396106e+07
1.611334668985987082e+07
1.617609998894223943e+07
1.623908332087926194e+07
1.630229752913180739e+07
1.636574346025471762e+07
1.642942196390819177e+07
1.649333389286912978e+07
1.655748010304260999e+07
1.662186145347335190e+07
1.668647880635726079e+07
1.675133302705298364e+07
1.681642498409345374e+07
1.688175554919766635e+07
1.694732559728224948e+07
1.701313600647327676e+07
1.707918765811802074e+07
1.714548143679676577e+07
1.721201823033466563e+07
1.727879892981370911e+07
1.734582442958460003e+07
1.741309562727879360e+07
1.748061342382050678e+07
1.754837872343887016e+07
1.761639243367998302e+07
1.768465546541911736e+07
1.775316873287291452e+07
1.782193315361170471e+07
1.789094964857177064e+07
1.796021914206769317e+07
1.802974256180476770e+07
1.809952083889146149e+07
1.816955490785184875e+07
1.823984570663823932e+07
1.831039417664366588e+07
1.838120126271456853e+07
1.845226791316345707e+07
1.852359507978160307e+07
1.859518371785188466e+07
1.866703478616147116e+07
1.873914924701483920e+07
1.881152806624655798e+07
1.888417221323432028e+07
1.895708266091188416e+07
1.903026038578219339e+07
1.910370636793040484e+07
1.917742159103709459e+07
1.925140704239143431e+07
1.932566371290444583e+07
1.940019259712224081e+07
1.947499469323944673e+07
1.955007100311251730e+07
1.962542253227322176e+07
1.970105028994210809e+07
1.977695528904208541e+07
1.985313854621194303e+07
1.992960108182006329e+07
2.000634391997805238e+07
2.008336808855451271e+07
2.016067461918879300e+07
2.023826454730487987e+07
2.031613891212525964e+07
2.039429875668485835e+07
2.047274512784502655e+07
2.055147907630761340e+07
2.063050165662904456e+07
2.070981392723445594e+07
2.078941695043190941e+07
2.086931179242666066e+07
2.094949952333541960e+07
2.102998121720075235e+07
2.111075795200546086e+07
2.119183080968704820e+07
2.127320087615224347e+07
2.135486924129157141e+07
2.143683699899396673e+07
2.151910524716142192e+07
2.160167508772378042e+07
2.168454762665347755e+07
2.176772397398038208e+07
2.185120524380671605e+07
2.193499255432192981e+07
2.201908702781780437e+07
2.210348979070341587e+07
2.218820197352031991e+07
2.227322471095766872e+07
2.235855914186746627e+07
2.244420640927980840e+07
2.253016766041830927e+07
2.261644404671535641e+07
2.270303672382766753e+07
2.278994685165176541e+07
2.287717559433950484e+07
2.296472412031375617e+07
2.305259360228402168e+07
2.314078521726220474e+07
2.322930014657838643e+07
2.331813957589668408e+07
2.340730469523116574e+07
2.349679669896178320e+07
2.358661678585043922e+07
2.367676615905703977e+07
2.376724602615565434e+07
2.385805759915072843e+07
2.394920209449329600e+07
2.404068073309737071e+07
2.413249474035627022e+07
2.422464534615908191e+07
2.431713378490716964e+07
2.440996129553072527e+07
2.450312912150537968e+07
2.459663851086893678e+07
2.469049071623801067e+07
2.478468699482500553e+07
2.487922860845486820e+07
2.497411682358197123e+07
2.506935291130721942e+07
2.516493814739504084e+07
2.526087381229053810e+07
2.535716119113661721e+07
2.545380157379129156e+07
2.555079625484501198e+07
2.564814653363789618e+07
2.574585371427730843e+07
2.584391910565529764e+07
2.594234402146616206e+07
2.604112978022409230e+07
2.614027770528087765e+07
2.623978912484364212e+07
2.633966537199256197e+07
2.643990778469897434e+07
2.654051770584317669e+07
2.664149648323244974e+07
2.674284546961923689e+07
2.684456602271917090e+07
2.694665950522939488e+07
2.704912728484681249e+07
2.715197073428638652e+07
2.725519123129969835e+07
2.735879015869328380e+07
2.746276890434722975e+07
2.756712886123387516e+07
2.767187142743644118e+07
2.777699800616775081e+07
2.788251000578915700e+07
2.798840883982941508e+07
2.809469592700352520e+07
2.820137269123197719e+07
2.830844056165967509e+07
2.841590097267523408e+07
2.852375536393018067e+07
2.863200518035825342e+07
2.874065187219484523e+07
2.884969689499648660e+07
2.895914170966020972e+07
2.906898778244340047e+07
2.917923658498327434e+07
2.928988959431663156e+07
2.940094829289991781e+07
2.951241416862880439e+07
2.962428871485831216e+07
2.973657343042290583e+07
2.984926981965647265e+07
2.996237939241262898e+07
3.007590366408487037e+07
3.018984415562699735e+07
3.030420239357348904e+07
3.041897991006000713e+07
3.053417824284389988e+07
3.064979893532492965e+07
3.076584353656595573e+07
3.088231360131365061e+07
3.099921069001946971e+07
3.111653636886053160e+07
3.123429220976062492e+07
3.135247979041133076e+07
3.147110069429324940e+07
3.159015651069716737e+07
3.170964883474535495e+07
3.182957926741311699e+07
3.194994941555017605e+07
3.207076089190220833e+07
3.219201531513258815e+07
3.231371430984404311e+07
3.243585950660046935e+07
3.255845254194881767e+07
3.268149505844108760e+07
3.280498870465631783e+07
3.292893513522272557e+07
3.305333601083993912e+07
3.317819299830126762e+07
3.330350777051609010e+07
3.342928200653224438e+07
3.355551739155866206e+07
3.368221561698793620e+07
3.380937838041897118e+07
3.393700738567984104e+07
3.406510434285064042e+07
3.419367096828640997e+07
3.432270898464021087e+07
3.445222012088619918e+07
3.458220611234284192e+07
3.471266870069625229e+07
3.484360963402354717e+07
3.497503066681627184e+07
3.510693356000393629e+07
3.523932008097774535e+07
3.537219200361420959e+07
3.550555110829903930e+07
3.563939918195101619e+07
3.577373801804594696e+07
3.590856941664074361e+07
3.604389518439757824e+07
3.617971713460823894e+07
3.631603708721823245e+07
3.645285686885149032e+07
3.659017831283470243e+07
3.672800325922195613e+07
3.686633355481946468e+07
3.700517105321033299e+07
3.714451761477950215e+07
3.728437510673858225e+07
3.742474540315104276e+07
3.756563038495730609e+07
3.770703194000000507e+07
3.784895196304935217e+07
3.799139235582853109e+07
