0.000000000000000000e+00	0.000000000000000000e+00	0.000000000000000000e+00
4.013098644294276482e+02	5.194407357106174553e-04	1.968075048771340263e-01
7.896662082150426158e+02	1.022370240794610689e-03	1.900961806149495392e-01
1.166108762058667935e+03	1.509870747297638663e-03	1.838949612271824907e-01
1.531580030487597924e+03	1.983162858130274424e-03	1.781566433699446617e-01
1.886935418989162827e+03	2.443354376768610246e-03	1.728389069376993215e-01
2.232952234617917838e+03	2.891451963725772973e-03	1.679037742925814369e-01
2.570337691135559453e+03	3.328371503813778130e-03	1.633171322043700802e-01
2.899736033992494868e+03	3.754947333530325119e-03	1.590483089826638385e-01
3.221734886648774591e+03	4.171940460018445929e-03	1.550697002071672326e-01
3.536870907617761532e+03	4.580045887357801424e-03	1.513564372704813976e-01
3.845634836985632774e+03	4.979899152179347553e-03	1.478860936551037175e-01
4.148476001827456457e+03	5.372082158508879879e-03	1.446384244853927137e-01
4.445806341746038925e+03	5.757128391132348109e-03	1.415951354371897120e-01
4.738004008558789792e+03	6.135527577450016617e-03	1.387396775624548662e-01
5.025416587829563468e+03	6.507729859590851915e-03	1.360570650020715422e-01
5.308363984377957422e+03	6.874149531352105082e-03	1.335337129244430765e-01
5.587141009002185456e+03	7.235168388187792829e-03	1.311572933469970781e-01
5.862019699344101355e+03	7.591138732891245834e-03	1.289166067779407010e-01
6.133251404030545018e+03	7.942386074702737983e-03	1.268014678615166646e-01
6.401068655883482279e+03	8.289211555245508747e-03	1.248026034257798816e-01
6.665686857046453952e+03	8.631894130879485399e-03	1.229115615214449453e-01
6.927305796277191803e+03	8.970692537697839974e-03	1.211206302068118107e-01
7.186111016365732212e+03	9.305847062425145685e-03	1.194227649800473912e-01
7.442275047614681171e+03	9.637581139856261220e-03	1.178115238887260663e-01
7.695958521533168096e+03	9.966102795163361491e-03	1.162810094596477550e-01
7.947311177317785223e+03	1.029160594735438819e-02	1.148258166914584572e-01
8.196472772299590360e+03	1.061427158836077481e-02	1.134409864402449036e-01
8.443573906302093746e+03	1.093426885063381038e-02	1.121219636054126279e-01
8.688736768764234512e+03	1.125175597471623351e-02	1.108645595911555565e-01
8.932075816515785846e+03	1.156688118700393772e-02	1.096649185787391817e-01
9.173698389235240029e+03	1.187978349680217025e-02	1.085194871976914582e-01
9.413705268863073798e+03	1.219059342080013736e-02	1.074249872306020370e-01
9.652191188568536745e+03	1.249943364221394598e-02	1.063783910274130190e-01
9.889245296271275947e+03	1.280641961107506152e-02	1.053768993414293392e-01
1.012495157718919654e+04	1.311166009145496407e-02	1.044179213314035543e-01
1.035938923941129360e+04	1.341525766080471464e-02	1.034990565024497267e-01
1.059263306607629602e+04	1.371730916604682778e-02	1.026180783836530414e-01
1.082475373736510301e+04	1.401790614057407680e-02	1.017729197624915038e-01
1.105581812518212973e+04	1.431713518587864921e-02	1.009616593158510489e-01
1.128588956310620779e+04	1.461507832115379636e-02	1.001825094948580741e-01
1.151502809392839299e+04	1.491181330386910642e-02	9.943380553622699347e-02
1.174329069685772447e+04	1.520741392401451196e-02	9.871399548650486300e-02
1.197073149626756094e+04	1.550195027443817923e-02	9.802163113778637749e-02
1.219740195366738953e+04	1.579548899946033383e-02	9.735535978425789716e-02
1.242335104441793192e+04	1.608809352372878032e-02	9.671391671852772043e-02
1.264862542055749691e+04	1.637982426308758760e-02	9.609611839524798138e-02
1.287326956097292714e+04	1.667073881905627511e-02	9.550085619708913176e-02
1.309732591003083326e+04	1.696089215836442746e-02	9.492709074492390597e-02
1.332083500567389274e+04	1.725033677884288755e-02	9.437384670004404785e-02
1.354383559789436549e+04	1.753912286285293221e-02	9.384020801163917014e-02
1.376636475840768617e+04	1.782729841931902232e-02	9.332531356750528584e-02
1.398845798227214618e+04	1.811490941533127133e-02	9.282835321024016095e-02
1.421014928213236635e+04	1.840199989819532242e-02	9.234856408497535418e-02
1.443147127569835175e+04	1.868861210872190676e-02	9.188522728810476214e-02
1.465245526701942072e+04	1.897478658648045144e-02	9.143766478948739396e-02
1.487313132205748298e+04	1.926056226766997836e-02	9.100523660335244069e-02
1.509352833902167731e+04	1.954597657620575635e-02	9.058733818554151607e-02
1.531367411388199616e+04	1.983106550856239200e-02	9.018339803690847423e-02
1.553359540144529819e+04	2.011586371287006278e-02	8.979287549465943263e-02
1.575331797234035548e+04	2.040040456271267205e-02	8.941525869515613845e-02
1.597286666623023484e+04	2.068472022604024227e-02	8.905006269328541446e-02
1.619226544154234398e+04	2.096884172957147463e-02	8.869682772490125600e-02
1.641153742198054897e+04	2.125279901902896867e-02	8.835511760012366989e-02
1.663070494006174340e+04	2.153662101552090979e-02	8.802451821641635310e-02
1.684978957789966080e+04	2.182033566835783409e-02	8.770463618138331363e-02
1.706881220543837117e+04	2.210397000456658725e-02	8.739509753616593601e-02
1.728779301632205897e+04	2.238755017534316966e-02	8.709554657114092213e-02
1.750675156157206948e+04	2.267110149966587024e-02	8.680564472637861129e-02
1.772570678122955724e+04	2.295464850527376144e-02	8.652506956998984311e-02
1.794467703410517788e+04	2.323821496719376614e-02	8.625351384812360300e-02
1.816368012577210175e+04	2.352182394399264867e-02	8.599068460089961952e-02
1.838273333492155143e+04	2.380549781190850409e-02	8.573630233908899334e-02
1.860185343819580885e+04	2.408925829701044630e-02	8.549010027679471158e-02
1.882105673360042783e+04	2.437312650551830273e-02	8.525182361579115853e-02
1.904035906259319017e+04	2.465712295240862426e-02	8.502122887757047887e-02
1.925977583093707290e+04	2.494126758842009350e-02	8.479808327945516366e-02
1.947932202839922684e+04	2.522557982556439260e-02	8.458216415147302991e-02
1.969901224737138909e+04	2.551007856124030970e-02	8.437325839093628987e-02
1.991886070048238616e+04	2.579478220104259104e-02	8.417116195194719597e-02
2.013888123726598496e+04	2.607970868034735490e-02	8.397567936726570148e-02
2.035908735994532253e+04	2.636487548475353535e-02	8.378662330018463167e-02
2.057949223838904072e+04	2.665029966945153816e-02	8.360381412426071135e-02
2.080010872429087249e+04	2.693599787758635053e-02	8.342707952890794643e-02
2.102094936462039550e+04	2.722198635767667657e-02	8.325625414902845800e-02
2.124202641438961655e+04	2.750828098014811846e-02	8.309117921699432641e-02
2.146335184877706706e+04	2.779489725303426612e-02	8.293170223543219755e-02
2.168493737464729929e+04	2.808185033689485771e-02	8.277767666937786706e-02
2.190679444150206109e+04	2.836915505899787263e-02	8.262896165647906632e-02
2.212893425189714981e+04	2.865682592680968838e-02	8.248542173402891031e-02
2.235136777135478405e+04	2.894487714083197882e-02	8.234692658170233992e-02
2.257410573780220511e+04	2.923332260682491579e-02	8.221335077895179644e-02
2.279715867056165007e+04	2.952217594744953322e-02	8.208457357610128569e-02
2.302053687891907975e+04	2.981145051336445834e-02	8.196047867824070299e-02
2.324425047029440975e+04	3.010115939380662506e-02	8.184095404109677230e-02
2.346830935803487955e+04	3.039131542668393679e-02	8.172589167811181166e-02
2.369272326885394796e+04	3.068193120820883121e-02	8.161518747802065654e-02
2.391750174993290420e+04	3.097301910209509374e-02	8.150874103225856648e-02
2.414265417570541831e+04	3.126459124834405495e-02	8.140645547159482132e-02
2.436818975434114327e+04	3.155665957164104085e-02	8.130823731141505195e-02
2.459411753394469633e+04	3.184923578938320121e-02	8.121399630512415868e-02
2.482044640848396375e+04	3.214233141935692040e-02	8.112364530517364447e-02
2.504718512346344141e+04	3.243595778708485006e-02	8.103710013125782485e-02
2.527434228135582453e+04	3.273012603286003935e-02	8.095427944524598296e-02
2.550192634680209812e+04	3.302484711848018006e-02	8.087510463245099757e-02
2.572994565159446574e+04	3.332013183370062526e-02	8.079949968886571132e-02
2.595840839945167681e+04	3.361599080241858134e-02	8.072739111401237844e-02
2.618732267059758306e+04	3.391243448860245535e-02	8.065870780909113746e-02
2.641669642615272096e+04	3.420947320197907648e-02	8.059338098010827844e-02
2.664653751234805895e+04	3.450711710349062267e-02	8.053134404571675453e-02
2.687685366456905467e+04	3.480537621053175074e-02	8.047253254948978640e-02
2.710765251123974303e+04	3.510426040197962838e-02	8.041688407638986069e-02
2.733894157755305059e+04	3.540377942302476433e-02	8.036433817319131589e-02
2.757072828905494316e+04	3.570394288981256631e-02	8.031483627264622560e-02
2.780301997508978457e+04	3.600476029390519556e-02	8.026832162118274772e-02
2.803582387211404421e+04	3.630624100657287717e-02	8.022473920994840912e-02
2.826914712688202781e+04	3.660839428291951664e-02	8.018403570901484756e-02
2.850299679951302460e+04	3.691122926585472391e-02	8.014615940458084953e-02
2.873737986644179546e+04	3.721475498991477088e-02	8.011106013900837208e-02
2.897230322326035821e+04	3.751898038494275861e-02	8.007868925354513778e-02
2.920777368745483545e+04	3.782391427963293501e-02	8.004899953359567721e-02
2.944379800104225069e+04	3.812956540494539387e-02	8.002194515640730088e-02
2.968038283311167106e+04	3.843594239739686613e-02	7.999748164104338033e-02
2.991753478227361120e+04	3.874305380223283524e-02	7.997556580053534481e-02
3.015526037902270036e+04	3.905090807648722850e-02	7.995615569609421103e-02
3.039356608801624316e+04	3.935951359193314014e-02	7.993921059328336354e-02
3.063245831027306485e+04	3.966887863793047697e-02	7.992469092005489995e-02
3.087194338529542074e+04	3.997901142417380205e-02	7.991255822655558838e-02
3.111202759311871705e+04	4.028992008334685015e-02	7.990277514661375813e-02
3.135271715628925813e+04	4.060161267368365967e-02	7.989530536083051804e-02
3.159401824177636081e+04	4.091409718144487645e-02	7.989011356118944085e-02
3.183593696281935263e+04	4.122738152330964606e-02	7.988716541712174990e-02
3.207847938071244062e+04	4.154147354868704956e-02	7.988642754294864035e-02
3.232165150653117962e+04	4.185638104195188447e-02	7.988786746663927019e-02
3.256545930280137691e+04	4.217211172460597762e-02	7.989145359982229022e-02
3.280990868511399458e+04	4.248867325736951223e-02	7.989715520899304257e-02
3.305500552368733770e+04	4.280607324220406934e-02	7.990494238785725289e-02
3.330075564487907104e+04	4.312431922427074210e-02	7.991478603076471177e-02
3.354716483265118586e+04	4.344341869382731258e-02	7.992665780717650437e-02
3.379423882998480258e+04	4.376337908806040428e-02	7.994053013712373867e-02
3.404198334025697113e+04	4.408420779286851415e-02	7.995637616761011590e-02
3.429040402856751462e+04	4.440591214458027708e-02	7.997416974991745919e-02
3.453950652303038078e+04	4.472849943162678782e-02	7.999388541777378847e-02
3.478929641602163611e+04	4.505197689615780127e-02	8.001549836634376522e-02
3.503977926539282635e+04	4.537635173561303803e-02	8.003898443200731239e-02
3.529096059564423194e+04	4.570163110424158709e-02	8.006432007289321362e-02
3.554284589906536712e+04	4.602782211457886324e-02	8.009148235013077710e-02
3.579544063684075081e+04	4.635493183887859359e-02	8.012044890979194700e-02
3.604875024012274662e+04	4.668296731050221304e-02	8.015119796549323439e-02
3.630278011107424391e+04	4.701193552526909680e-02	8.018370828162879604e-02
3.655753562387890270e+04	4.734184344276488182e-02	8.021795915720882075e-02
3.681302212572465942e+04	4.767269798761510774e-02	8.025393041027754915e-02
3.706924493775732844e+04	4.800450605072018734e-02	8.029160236288508667e-02
3.732620935600793018e+04	4.833727449045621682e-02	8.033095582659424694e-02
3.758392065229440777e+04	4.867101013384286801e-02	8.037197208849407304e-02
3.784238407509626995e+04	4.900571977767590598e-02	8.041463289770438283e-02
3.810160485040680942e+04	4.934141018963095204e-02	8.045892045235006340e-02
3.836158818256192171e+04	4.967808810933673630e-02	8.050481738698454792e-02
3.862233925504438957e+04	5.001576024941672971e-02	8.055230676044414229e-02
3.888386323126938805e+04	5.035443329650632349e-02	8.060137204412122502e-02
3.914616525534530228e+04	5.069411391223811042e-02	8.065199711063017474e-02
3.940925045281744679e+04	5.103480873420507963e-02	8.070416622285986330e-02
3.967312393139108462e+04	5.137652437689687462e-02	8.075786402339174552e-02
3.993779078163325175e+04	5.171926743260866349e-02	8.081307552427174912e-02
4.020325607765995665e+04	5.206304447233111449e-02	8.086978609712100474e-02
4.046952487780422962e+04	5.240786204661551650e-02	8.092798146357048361e-02
4.073660222526542202e+04	5.275372668641461343e-02	8.098764768601561526e-02
4.100449314874473203e+04	5.310064490390564718e-02	8.104877115866458703e-02
4.127320266306214035e+04	5.344862319328928107e-02	8.111133859888178255e-02
4.154273576976042386e+04	5.379766803157182142e-02	8.117533703880999707e-02
4.181309745769114670e+04	5.414778587932406878e-02	8.124075381725931466e-02
4.208429270359000657e+04	5.449898318142642334e-02	8.130757657185581910e-02
4.235632647263492254e+04	5.485126636779157766e-02	8.137579323143956378e-02
4.262920371899190650e+04	5.520464185407148588e-02	8.144539200870144768e-02
4.290292938634812890e+04	5.555911604234765183e-02	8.151636139305235007e-02
4.317750840843214974e+04	5.591469532180484703e-02	8.158869014371385175e-02
4.345294570952075446e+04	5.627138606938746068e-02	8.166236728302246617e-02
4.372924620493559632e+04	5.662919465044265882e-02	8.173738208994379972e-02
4.400641480152767326e+04	5.698812741934784765e-02	8.181372409378223631e-02
4.428445639814957394e+04	5.734819072012212193e-02	8.189138306808434187e-02
4.456337588611907267e+04	5.770939088702674996e-02	8.197034902472807860e-02
4.484317814967042796e+04	5.807173424514953941e-02	8.205061220819034884e-02
4.512386806639657880e+04	5.843522711097751815e-02	8.213216308998698423e-02
4.540545050768084184e+04	5.879987579295592459e-02	8.221499236327713123e-02
4.568793033911915700e+04	5.916568659203515906e-02	8.229909093763207451e-02
4.597131242093432957e+04	5.953266580220707010e-02	8.238444993395643845e-02
4.625560160837959120e+04	5.990081971102768910e-02	8.247106067956017084e-02
4.654080275213408459e+04	6.027015460012934839e-02	8.255891470337310689e-02
4.682692069869059196e+04	6.064067674572279354e-02	8.264800373130198885e-02
4.711396029073448153e+04	6.101239241908790883e-02	8.273831968171921347e-02
4.740192636751466489e+04	6.138530788705412466e-02	8.282985466108554184e-02
4.769082376520725666e+04	6.175942941247141577e-02	8.292260095969630762e-02
4.798065731727165257e+04	6.213476325467133521e-02	8.301655104754857017e-02
4.827143185479921522e+04	6.251131566991861843e-02	8.311169757032807470e-02
4.856315220685478562e+04	6.288909291185341977e-02	8.320803334550937180e-02
4.885582320081134822e+04	6.326810123192477819e-02	8.330555135856447524e-02
4.914944966268038115e+04	6.364834687981829608e-02	8.340424475927978032e-02
4.944403641743118351e+04	6.402983610386982216e-02	8.350410685817562240e-02
4.973958828930769960e+04	6.441257515147560953e-02	8.360513112302407623e-02
5.003611010213851114e+04	6.479657026949384169e-02	8.370731117546349742e-02
5.033360667963976448e+04	6.518182770463692988e-02	8.381064078770825154e-02
5.063208284571409604e+04	6.556835370385853679e-02	8.391511387934551258e-02
5.093154342474204168e+04	6.595615451473108015e-02	8.402072451422468169e-02
5.123199324187023740e+04	6.634523638581885097e-02	8.412746689742313377e-02
5.153343712329229311e+04	6.673560556704180580e-02	8.423533537230268320e-02
5.183587989652671240e+04	6.712726831003547334e-02	8.434432441763851929e-02
5.213932639068704157e+04	6.752023086850077183e-02	8.445442864483017342e-02
5.244378143675040337e+04	6.791449949855177248e-02	8.456564279518474780e-02
5.274924986781902408e+04	6.831008045905441473e-02	8.467796173727132336e-02
5.305573651937814429e+04	6.870698001196044735e-02	8.479138046434644971e-02
5.336324622954998631e+04	6.910520442263635987e-02	8.490589409184884362e-02
5.367178383934120939e+04	6.950475996018384839e-02	8.502149785495678735e-02
5.398135419288990670e+04	6.990565289775961533e-02	8.513818710621121055e-02
5.429196213770492614e+04	7.030788951288534372e-02	8.525595731320163850e-02
5.460361252490297193e+04	7.071147608775478488e-02	8.537480405630996916e-02
5.491631020944243937e+04	7.111641890953650236e-02	8.549472302651180133e-02
5.523006005035139970e+04	7.152272427066912186e-02	8.561571002323849211e-02
5.554486691095482092e+04	7.193039846915560975e-02	8.573776095228725913e-02
5.586073565909446916e+04	7.233944780884808690e-02	8.586087182379306681e-02
5.617767116735036689e+04	7.274987859973454374e-02	8.598503875024290921e-02
5.649567831325373118e+04	7.316169715821460584e-02	8.611025794454536808e-02
5.681476197950042842e+04	7.357490980737602104e-02	8.623652571814853507e-02
5.713492705415895762e+04	7.398952287726395793e-02	8.636383847920578449e-02
5.745617843087700749e+04	7.440554270514850022e-02	8.649219273078281867e-02
5.777852100908349530e+04	7.482297563578624300e-02	8.662158506911482592e-02
5.810195969418938330e+04	7.524182802168051520e-02	8.675201218190292662e-02
5.842649939778382395e+04	7.566210622333514879e-02	8.688347084665345998e-02
5.875214503782911197e+04	7.608381660950713776e-02	8.701595792906198501e-02
5.907890153885075415e+04	7.650696555745271910e-02	8.714947038142860369e-02
5.940677383212860150e+04	7.693155945317485533e-02	8.728400524112060743e-02
5.973576685588124383e+04	7.735760469166207132e-02	8.741955962906591826e-02
6.006588555545146664e+04	7.778510767712859542e-02	8.755613074828820508e-02
6.039713488348604733e+04	7.821407482324722882e-02	8.769371588247189264e-02
6.072951980011647538e+04	7.864451255338332503e-02	8.783231239456659734e-02
6.106304527313448489e+04	7.907642730082219129e-02	8.797191772542189980e-02
6.139771627816691034e+04	7.950982550899543533e-02	8.811252939245593774e-02
6.173353779884857795e+04	7.994471363170489731e-02	8.825414498835450205e-02
6.207051482699163171e+04	8.038109813334200215e-02	8.839676217980108053e-02
6.240865236275480856e+04	8.081898548910680657e-02	8.854037870624054118e-02
6.274795541480790416e+04	8.125838218522116185e-02	8.868499237866503404e-02
6.308842900049806485e+04	8.169929471914393060e-02	8.883060107843236686e-02
6.343007814601042628e+04	8.214172959977912580e-02	8.897720275611353813e-02
6.377290788652889751e+04	8.258569334768398051e-02	8.912479543036376517e-02
6.411692326639492239e+04	8.303119249527471379e-02	8.927337718681979672e-02
6.446212933926437836e+04	8.347823358702959051e-02	8.942294617702668813e-02
6.480853116826261976e+04	8.392682317968980232e-02	8.957350061738406088e-02
6.515613382613706926e+04	8.437696784245693471e-02	8.972503878811950717e-02
6.550494239541070419e+04	8.482867415719187731e-02	8.987755903228408783e-02
6.585496196853004221e+04	8.528194871860643456e-02	9.003105975477099232e-02
6.620619764801586280e+04	8.573679813445835018e-02	9.018553942136021961e-02
6.655865454660941032e+04	8.619322902574098888e-02	9.034099655777751148e-02
6.691233778741628339e+04	8.665124802686927086e-02	9.049742974878070834e-02
6.726725250405495171e+04	8.711086178587226780e-02	9.065483763726216171e-02
6.762340384079530486e+04	8.757207696457257329e-02	9.081321892337675117e-02
6.798079695270211960e+04	8.803490023877201531e-02	9.097257236368379296e-02
6.833943700577407435e+04	8.849933829843176225e-02	9.113289677031133351e-02
6.869932917708455352e+04	8.896539784785462146e-02	9.129419101013711013e-02
6.906047865491703851e+04	8.943308560586041289e-02	9.145645400399123048e-02
6.942289063890310354e+04	8.990240830596461785e-02	9.161968472587025958e-02
6.978657034015640966e+04	9.037337269655194849e-02	9.178388220217334470e-02
7.015152298140616040e+04	9.084598554104919566e-02	9.194904551095588185e-02
7.051775379713102302e+04	9.132025361809856245e-02	9.211517378119572774e-02
7.088526803369192930e+04	9.179618372172969332e-02	9.228226619207800796e-02
7.125407094946160214e+04	9.227378266152745645e-02	9.245032197229319237e-02
7.162416781495115720e+04	9.275305726279589602e-02	9.261934039935343366e-02
7.199556391294430068e+04	9.323401436673185716e-02	9.278932079892211748e-02
7.236826453862110793e+04	9.371666083058548258e-02	9.296026254415765133e-02
7.274227499968638585e+04	9.420100352782637132e-02	9.313216505507138088e-02
7.311760061649301497e+04	9.468704934830325659e-02	9.330502779789877354e-02
7.349424672216923500e+04	9.517480519840892939e-02	9.347885028448878197e-02
7.387221866274239437e+04	9.566427800124036041e-02	9.365363207169538629e-02
7.425152179726008035e+04	9.615547469675571335e-02	9.382937276079590661e-02
7.463216149791408679e+04	9.664840224193485541e-02	9.400607199691150828e-02
7.501414315016004548e+04	9.714306761093416398e-02	9.418372946844276450e-02
7.539747215284011327e+04	9.763947779524551063e-02	9.436234490651980444e-02
7.578215391830060980e+04	9.813763980384870855e-02	9.454191808446091305e-02
7.616819387251166336e+04	9.863756066336602790e-02	9.472244881724171950e-02
7.655559745518628915e+04	9.913924741821704412e-02	9.490393696097951248e-02
7.694437011989737221e+04	9.964270713076954500e-02	9.508638241242567402e-02
7.733451733419239463e+04	1.001479468814884810e-01	9.526978510847002035e-02
7.772604457971434749e+04	1.006549737690923541e-01	9.545414502565402470e-02
7.811895735231308208e+04	1.011637949106974493e-01	9.563946217969289398e-02
7.851326116216232185e+04	1.016744174419694641e-01	9.582573662501313316e-02
7.890896153387113009e+04	1.021868485172677254e-01	9.601296845429356519e-02
7.930606400660140207e+04	1.027010953097974577e-01	9.620115779801856337e-02
7.970457413417763019e+04	1.032171650117518352e-01	9.639030482404270517e-02
8.010449748520141293e+04	1.037350648344603082e-01	9.658040973715900646e-02
8.050583964316159836e+04	1.042548020085312804e-01	9.677147277868035358e-02
8.090860620654716331e+04	1.047763837839982143e-01	9.696349422602933144e-02
8.131280278895725496e+04	1.052998174304621976e-01	9.715647439233204841e-02
8.171843501921088318e+04	1.058251102372339547e-01	9.735041362602828152e-02
8.212550854145875201e+04	1.063522695134786616e-01	9.754531231048023387e-02
8.253402901529065275e+04	1.068813025883550843e-01	9.774117086359894457e-02
8.294400211584393401e+04	1.074122168111560222e-01	9.793798973746975500e-02
8.335543353391376149e+04	1.079450195514509991e-01	9.813576941798834996e-02
8.376832897606141341e+04	1.084797181992266241e-01	9.833451042450722102e-02
8.418269416471802106e+04	1.090163201650208996e-01	9.853421330948801404e-02
8.459853483829571633e+04	1.095548328800671767e-01	9.873487865815563924e-02
8.501585675129310403e+04	1.100952637964307257e-01	9.893650708816766060e-02
8.543466567440098152e+04	1.106376203871455299e-01	9.913909924928199224e-02
8.585496739460878598e+04	1.111819101463523696e-01	9.934265582304137310e-02
8.627676771530931001e+04	1.117281405894342688e-01	9.954717752245316464e-02
8.670007245640682231e+04	1.122763192531565091e-01	9.975266509168456697e-02
8.712488745441798528e+04	1.128264536957973851e-01	9.995911930575734905e-02
8.755121856257821491e+04	1.133785514972859010e-01	1.001665409702537923e-01
8.797907165094716765e+04	1.139326202593383824e-01	1.003749309210270196e-01
8.840845260651168064e+04	1.144886676055917873e-01	1.005842900239135307e-01
8.883936733328810078e+04	1.150467011817362245e-01	1.007946191744583386e-01
8.927182175242849917e+04	1.156067286556525381e-01	1.010059192976390380e-01
8.970582180232129758e+04	1.161687577175424535e-01	1.012181913475998229e-01
9.014137343869489268e+04	1.167327960800630532e-01	1.014314363073875458e-01
9.057848263472093095e+04	1.172988514784602671e-01	1.016456551886974202e-01
9.101715538111545902e+04	1.178669316707000037e-01	1.018608490316191134e-01
9.145739768624346470e+04	1.184370444376034309e-01	1.020770189043917336e-01
9.189921557621654938e+04	1.190091975829735554e-01	1.022941659031594702e-01
9.234261509499805106e+04	1.195833989337313219e-01	1.025122911517372670e-01
9.278760230450492236e+04	1.201596563400475215e-01	1.027313958013772316e-01
9.323418328470531560e+04	1.207379776754691908e-01	1.029514810305422606e-01
9.368236413372303650e+04	1.213183708370548924e-01	1.031725480446810533e-01
9.413215096793774865e+04	1.219008437455043892e-01	1.033945980760119510e-01
9.458354992208562908e+04	1.224854043452891228e-01	1.036176323833076091e-01
9.503656714935819036e+04	1.230720606047801535e-01	1.038416522516868029e-01
9.549120882150460966e+04	1.236608205163805679e-01	1.040666589924046648e-01
9.594748112893234065e+04	1.242516920966559718e-01	1.042926539426572707e-01
9.640539028080643038e+04	1.248446833864628597e-01	1.045196384653799410e-01
9.686494250514870510e+04	1.254398024510772758e-01	1.047476139490544772e-01
9.732614404893867322e+04	1.260370573803253902e-01	1.049765818075218543e-01
9.778900117821400636e+04	1.266364562887136169e-01	1.052065434797938293e-01
9.825352017816735315e+04	1.272380073155539582e-01	1.054375004298730989e-01
9.871970735325022542e+04	1.278417186250986604e-01	1.056694541465748732e-01
9.918756902726780390e+04	1.284475984066628940e-01	1.059024061433514047e-01
9.965711154348248965e+04	1.290556548747587573e-01	1.061363579581200145e-01
1.001283412647095829e+05	1.296658962692194272e-01	1.063713111530988770e-01
1.006012645734189718e+05	1.302783308553306652e-01	1.066072673146386540e-01
1.010758878718329215e+05	1.308929669239574378e-01	1.068442280530669669e-01
1.015522175820265693e+05	1.315098127916741744e-01	1.070821950025256375e-01
1.020302601460248989e+05	1.321288768008902770e-01	1.073211698208200449e-01
1.025100220259043854e+05	1.327501673199817933e-01	1.075611541892660533e-01
1.029915097038885433e+05	1.333736927434150954e-01	1.078021498125427552e-01
1.034747296824496589e+05	1.339994614918785798e-01	1.080441584185472120e-01
1.039596884844074229e+05	1.346274820124106208e-01	1.082871817582542612e-01
1.044463926530247700e+05	1.352577627785234438e-01	1.085312216055749485e-01
1.049348487521114730e+05	1.358903122903373228e-01	1.087762797572216777e-01
1.054250633661186439e+05	1.365251390747030669e-01	1.090223580325758723e-01
1.059170431002399273e+05	1.371622516853329976e-01	1.092694582735574682e-01
1.064107945805100171e+05	1.378016587029285422e-01	1.095175823444936442e-01
1.069063244539030711e+05	1.384433687353075759e-01	1.097667321319995837e-01
1.074036393884311401e+05	1.390873904175320974e-01	1.100169095448517848e-01
1.079027460732430045e+05	1.397337324120360436e-01	1.102681165138697655e-01
1.084036512187248591e+05	1.403824034087557404e-01	1.105203549917994493e-01
1.089063615565962536e+05	1.410334121252542483e-01	1.107736269531988949e-01
1.094108838400110690e+05	1.416867673068517852e-01	1.110279343943224445e-01
1.099172248436562077e+05	1.423424777267540409e-01	1.112832793330163494e-01
1.104253913638501544e+05	1.430005521861793527e-01	1.115396638086073589e-01
1.109353902186419000e+05	1.436609995144870477e-01	1.117970898818001213e-01
1.114472282479090500e+05	1.443238285693045075e-01	1.120555596345736149e-01
1.119609123134601687e+05	1.449890482366595901e-01	1.123150751700785627e-01
1.124764492991301086e+05	1.456566674311040588e-01	1.125756386125423558e-01
1.129938461108822812e+05	1.463266950958462820e-01	1.128372521071717011e-01
1.135131096769050928e+05	1.469991402028757443e-01	1.130999178200592648e-01
1.140342469477145351e+05	1.476740117530961904e-01	1.133636379380919129e-01
1.145572648962507083e+05	1.483513187764504970e-01	1.136284146688581603e-01
1.150821705179793353e+05	1.490310703320521235e-01	1.138942502405649315e-01
1.156089708309902489e+05	1.497132755083127875e-01	1.141611469019490899e-01
1.161376728760970873e+05	1.503979434230713896e-01	1.144291069221961138e-01
1.166682837169387349e+05	1.510850832237254360e-01	1.146981325908558030e-01
1.172008104400776065e+05	1.517747040873583808e-01	1.149682262177630365e-01
1.177352601550985564e+05	1.524668152208677185e-01	1.152393901329613612e-01
1.182716399947130412e+05	1.531614258610997370e-01	1.155116266866266506e-01
1.188099571148543473e+05	1.538585452749730020e-01	1.157849382489918727e-01
1.193502186947817099e+05	1.545581827596130553e-01	1.160593272102752038e-01
1.198924319371791644e+05	1.552603476424805340e-01	1.163347959806088905e-01
1.204366040682550811e+05	1.559650492815000122e-01	1.166113469899722477e-01
1.209827423378461535e+05	1.566722970651946711e-01	1.168889826881213956e-01
1.215308540195138048e+05	1.573821004128112266e-01	1.171677055445280724e-01
1.220809464106492960e+05	1.580944687744557930e-01	1.174475180483111753e-01
1.226330268325722282e+05	1.588094116312217807e-01	1.177284227081781126e-01
1.231871026306324929e+05	1.595269384953217073e-01	1.180104220523616326e-01
1.237431811743119470e+05	1.602470589102189258e-01	1.182935186285629520e-01
1.243012698573244124e+05	1.609697824507570763e-01	1.185777150038939132e-01
1.248613760977203347e+05	1.616951187232957277e-01	1.188630137648197110e-01
1.254235073379862733e+05	1.624230773658391080e-01	1.191494175171086412e-01
1.259876710451459512e+05	1.631536680481670554e-01	1.194369288857723005e-01
1.265538747108659300e+05	1.638869004719716860e-01	1.197255505150200822e-01
1.271221258515544323e+05	1.646227843709856808e-01	1.200152850682077166e-01
1.276924320084652572e+05	1.653613295111165671e-01	1.203061352277887408e-01
1.282648007478008512e+05	1.661025456905803332e-01	1.205981036952666063e-01
1.288392396608144772e+05	1.668464427400336569e-01	1.208911931911495763e-01
1.294157563639137225e+05	1.675930305227080475e-01	1.211854064549059418e-01
1.299943584987615905e+05	1.683423189345407689e-01	1.214807462449230546e-01
1.305750537323825265e+05	1.690943179043120081e-01	1.217772153384631267e-01
1.311578497572661145e+05	1.698490373937792119e-01	1.220748165316249967e-01
1.317427542914681544e+05	1.706064873978080654e-01	1.223735526393019413e-01
1.323297750787155819e+05	1.713666779445082722e-01	1.226734264951483966e-01
1.329189198885125807e+05	1.721296190953711114e-01	1.229744409515399484e-01
1.335101965162426641e+05	1.728953209454013873e-01	1.232765988795406081e-01
1.341036127832727216e+05	1.736637936232523216e-01	1.235799031688668698e-01
1.346991765370603243e+05	1.744350472913646088e-01	1.238843567278556934e-01
1.352968956512573059e+05	1.752090921461003370e-01	1.241899624834311155e-01
1.358967780258129642e+05	1.759859384178767971e-01	1.244967233810777008e-01
1.364988315870818042e+05	1.767655963713060108e-01	1.248046423848094139e-01
1.371030642879305815e+05	1.775480763053330635e-01	1.251137224771403933e-01
1.377094841078401660e+05	1.783333885533685825e-01	1.254239666590556690e-01
1.383180990530120616e+05	1.791215434834260711e-01	1.257353779499920388e-01
1.389289171564781864e+05	1.799125514982645169e-01	1.260479593878088833e-01
1.395419464782029972e+05	1.807064230355203971e-01	1.263617140287628948e-01
1.401571951051942888e+05	1.815031685678512030e-01	1.266766449474883982e-01
1.407746711516071227e+05	1.823027986030702485e-01	1.269927552369762291e-01
1.413943827588507847e+05	1.831053236842848375e-01	1.273100480085510022e-01
1.420163380956976616e+05	1.839107543900374009e-01	1.276285263918511548e-01
1.426405453583915078e+05	1.847191013344457455e-01	1.279481935348134869e-01
1.432670127707535576e+05	1.855303751673406110e-01	1.282690526036529277e-01
1.438957485842920723e+05	1.863445865744071395e-01	1.285911067828465482e-01
1.445267610783081036e+05	1.871617462773221829e-01	1.289143592751190170e-01
1.451600585600073682e+05	1.879818650338990760e-01	1.292388133014259477e-01
1.457956493646063609e+05	1.888049536382249427e-01	1.295644721009438505e-01
1.464335418554459175e+05	1.896310229208079401e-01	1.298913389310541455e-01
1.470737444240926416e+05	1.904600837487085974e-01	1.302194170673325602e-01
1.477162654904571828e+05	1.912921470256927214e-01	1.305487098035386373e-01
1.483611135028984281e+05	1.921272236923665666e-01	1.308792204516053825e-01
1.490082969383362797e+05	1.929653247263229954e-01	1.312109523416298829e-01
1.496578243023605901e+05	1.938064611422821992e-01	1.315439088218658126e-01
1.503097041293452785e+05	1.946506439922397746e-01	1.318780932587165222e-01
1.509639449825531337e+05	1.954978843656022536e-01	1.322135090367267674e-01
1.516205554542513855e+05	1.963481933893368447e-01	1.325501595585802384e-01
1.522795441658241034e+05	1.972015822281171227e-01	1.328880482450914557e-01
1.529409197678803466e+05	1.980580620844628048e-01	1.332271785352038829e-01
1.536046909403711325e+05	1.989176441988914634e-01	1.335675538859888434e-01
1.542708663926953159e+05	1.997803398500554994e-01	1.339091777726378607e-01
1.549394548638181004e+05	2.006461603548955752e-01	1.342520536884659055e-01
1.556104651223818073e+05	2.015151170687843885e-01	1.345961851449098134e-01
1.562839059668185364e+05	2.023872213856720559e-01	1.349415756715286185e-01
1.569597862254634965e+05	2.032624847382333844e-01	1.352882288160013602e-01
1.576381147566714790e+05	2.041409185980183061e-01	1.356361481441326899e-01
1.583189004489271319e+05	2.050225344755948753e-01	1.359853372398556470e-01
1.590021522209646355e+05	2.059073439207042000e-01	1.363357997052312420e-01
1.596878790218756185e+05	2.067953585224003576e-01	1.366875391604549794e-01
1.603760898312298232e+05	2.076865899092063261e-01	1.370405592438625753e-01
1.610667936591897451e+05	2.085810497492626703e-01	1.373948636119330657e-01
1.617599995466212276e+05	2.094787497504707885e-01	1.377504559392967176e-01
1.624557165652156400e+05	2.103797016606509807e-01	1.381073399187405515e-01
1.631539538176050119e+05	2.112839172676916066e-01	1.384655192612175012e-01
1.638547204374753928e+05	2.121914083996960521e-01	1.388249976958539078e-01
1.645580255896873132e+05	2.131021869251383816e-01	1.391857789699588177e-01
1.652638784703905694e+05	2.140162647530123585e-01	1.395478668490342522e-01
1.659722883071438409e+05	2.149336538329861268e-01	1.399112651167838395e-01
1.666832643590304069e+05	2.158543661555519522e-01	1.402759775751262761e-01
1.673968159167777339e+05	2.167784137521815147e-01	1.406420080442057352e-01
1.681129523028783733e+05	2.177058086954819782e-01	1.410093603624048564e-01
1.688316828717029130e+05	2.186365630993425679e-01	1.413780383863570134e-01
1.695530170096248330e+05	2.195706891190961907e-01	1.417480459909614965e-01
1.702769641351388127e+05	2.205081989516727015e-01	1.421193870693963079e-01
1.710035336989776988e+05	2.214491048357501157e-01	1.424920655331343711e-01
1.717327351842363423e+05	2.223934190519153142e-01	1.428660853119583241e-01
1.724645781064894982e+05	2.233411539228165321e-01	1.432414503539787831e-01
1.731990720139153709e+05	2.242923218133234531e-01	1.436181646256490807e-01
1.739362264874140965e+05	2.252469351306804202e-01	1.439962321117836397e-01
1.746760511407316953e+05	2.262050063246672515e-01	1.443756568155748765e-01
1.754185556205813773e+05	2.271665478877562261e-01	1.447564427586152114e-01
1.761637496067671746e+05	2.281315723552720665e-01	1.451385939809137771e-01
1.769116428123029764e+05	2.291000923055462046e-01	1.455221145409166528e-01
1.776622449835378502e+05	2.300721203600790410e-01	1.459070085155266816e-01
1.784155659002821194e+05	2.310476691837032859e-01	1.462932800001288947e-01
1.791716153759264853e+05	2.320267514847381141e-01	1.466809331086062207e-01
1.799304032575693273e+05	2.330093800151539774e-01	1.470699719733661037e-01
1.806919394261381531e+05	2.339955675707302285e-01	1.474604007453616805e-01
1.814562337965193437e+05	2.349853269912224318e-01	1.478522235941156227e-01
1.822232963176777412e+05	2.359786711605182385e-01	1.482454447077435344e-01
1.829931369727881392e+05	2.369756130068066124e-01	1.486400682929795714e-01
1.837657657793548715e+05	2.379761655027335387e-01	1.490360985752012535e-01
1.845411927893448446e+05	2.389803416655736368e-01	1.494335397984543623e-01
1.853194280893101823e+05	2.399881545573896435e-01	1.498323962254801411e-01
1.861004818005155539e+05	2.409996172851966989e-01	1.502326721377407748e-01
1.868843640790652425e+05	2.420147430011272693e-01	1.506343718354481442e-01
1.876710851160373422e+05	2.430335449026047867e-01	1.510374996375906664e-01
1.884606551376019488e+05	2.440560362324968036e-01	1.514420598819632979e-01
1.892530844051580061e+05	2.450822302792919904e-01	1.518480569251939860e-01
1.900483832154569100e+05	2.461121403772606187e-01	1.522554951427748660e-01
1.908465619007354253e+05	2.471457799066261452e-01	1.526643789290907938e-01
1.916476308288469445e+05	2.481831622937357151e-01	1.530747126974512651e-01
1.924516004033857025e+05	2.492243010112206447e-01	1.534865008801208075e-01
1.932584810638241179e+05	2.502692095781743897e-01	1.538997479283500114e-01
1.940682832856385503e+05	2.513179015603155819e-01	1.543144583124080316e-01
1.948810175804449536e+05	2.523703905701634165e-01	1.547306365216153112e-01
1.956966944961297559e+05	2.534266902672071553e-01	1.551482870643749734e-01
1.965153246169788181e+05	2.544868143580735209e-01	1.555674144682090421e-01
1.973369185638155031e+05	2.555507765967050537e-01	1.559880232797885291e-01
1.981614869941284414e+05	2.566185907845256464e-01	1.564101180649730416e-01
1.989890406022104435e+05	2.576902707706207885e-01	1.568337034088406468e-01
1.998195901192896708e+05	2.587658304519068198e-01	1.572587839157257861e-01
2.006531463136617094e+05	2.598452837733025156e-01	1.576853642092559682e-01
2.014897199908281036e+05	2.609286447279083321e-01	1.581134489323853254e-01
2.023293219936303794e+05	2.620159273571797121e-01	1.585430427474353865e-01
2.031719632023866579e+05	2.631071457511043876e-01	1.589741503361279118e-01
2.040176545350243687e+05	2.642023140483739652e-01	1.594067763996268317e-01
2.048664069472205301e+05	2.653014464365657243e-01	1.598409256585731075e-01
2.057182314325376065e+05	2.664045571523183664e-01	1.602766028531267817e-01
2.065731390225594223e+05	2.675116604815084287e-01	1.607138127430031149e-01
2.074311407870297844e+05	2.686227707594293079e-01	1.611525601075123881e-01
2.082922478339931986e+05	2.697379023709737811e-01	1.615928497456033952e-01
2.091564713099279907e+05	2.708570697508064229e-01	1.620346864758996919e-01
2.100238223998926987e+05	2.719802873835529544e-01	1.624780751367453646e-01
2.108943123276579718e+05	2.731075698039712729e-01	1.629230205862411685e-01
2.117679523558519722e+05	2.742389315971395791e-01	1.633695277022893522e-01
2.126447537860999291e+05	2.753743873986373436e-01	1.638176013826360133e-01
2.135247279591639526e+05	2.765139518947261066e-01	1.642672465449138974e-01
2.144078862550856138e+05	2.776576398225341635e-01	1.647184681266850581e-01
2.152942400933226163e+05	2.788054659702337013e-01	1.651712710854839339e-01
2.161838009329008346e+05	2.799574451772375849e-01	1.656256603988628673e-01
2.170765802725498506e+05	2.811135923343747733e-01	1.660816410644366248e-01
2.179725896508464648e+05	2.822739223840765033e-01	1.665392180999256677e-01
2.188718406463613501e+05	2.834384503205658046e-01	1.669983965432031425e-01
2.197743448778006132e+05	2.846071911900410201e-01	1.674591814523400390e-01
2.206801140041512263e+05	2.857801600908642103e-01	1.679215779056513480e-01
2.215891597248276521e+05	2.869573721737507799e-01	1.683855910017446056e-01
2.225014937798142200e+05	2.881388426419542736e-01	1.688512258595639970e-01
2.234171279498134973e+05	2.893245867514580016e-01	1.693184876184394561e-01
2.243360740563916916e+05	2.905146198111636657e-01	1.697873814381333502e-01
2.252583439621280704e+05	2.917089571830848160e-01	1.702579124988919390e-01
2.261839495707582100e+05	2.929076142825324247e-01	1.707300860014913935e-01
2.271129028273235599e+05	2.941106065783082868e-01	1.712039071672887547e-01
2.280452157183221134e+05	2.953179495929004750e-01	1.716793812382694517e-01
2.289809002718526754e+05	2.965296589026699681e-01	1.721565134771002592e-01
2.299199685577710334e+05	2.977457501380528226e-01	1.726353091671764817e-01
2.308624326878324791e+05	2.989662389837450251e-01	1.731157736126723301e-01
2.318083048158460297e+05	3.001911411789019990e-01	1.735979121385988755e-01
2.327575971378251852e+05	3.014204725173337263e-01	1.740817300908495957e-01
2.337103218921379594e+05	3.026542488476994808e-01	1.745672328362511128e-01
2.346664913596611877e+05	3.038924860737071687e-01	1.750544257626189537e-01
2.356261178639286372e+05	3.051352001543051751e-01	1.755433142788141998e-01
2.365892137712873227e+05	3.063824071038853680e-01	1.760339038147885338e-01
2.375557914910516411e+05	3.076341229924818288e-01	1.765261998216423600e-01
2.385258634756521496e+05	3.088903639459641970e-01	1.770202077716821754e-01
2.394994422207949683e+05	3.101511461462438946e-01	1.775159331584660050e-01
2.404765402656133228e+05	3.114164858314702466e-01	1.780133814968670181e-01
2.414571701928273542e+05	3.126863992962374827e-01	1.785125583231241542e-01
2.424413446288942650e+05	3.139609028917794142e-01	1.790134691949000489e-01
2.434290762441678962e+05	3.152400130261758249e-01	1.795161196913353518e-01
2.444203777530532680e+05	3.165237461645524775e-01	1.800205154131086782e-01
2.454152619141707837e+05	3.178121188292942212e-01	1.805266619824856533e-01
2.464137415305071045e+05	3.191051476002400578e-01	1.810345650433862752e-01
2.474158294495743758e+05	3.204028491148891988e-01	1.815442302614352910e-01
2.484215385635712009e+05	3.217052400686099545e-01	1.820556633240222599e-01
2.494308818095429451e+05	3.230123372148469563e-01	1.825688699403623938e-01
2.504438721695390996e+05	3.243241573653250498e-01	1.830838558415522899e-01
2.514605226707768452e+05	3.256407173902612917e-01	1.836006267806298276e-01
2.524808463857984461e+05	3.269620342185683426e-01	1.841191885326323163e-01
2.535048564326365304e+05	3.282881248380691286e-01	1.846395468946619156e-01
2.545325659749745100e+05	3.296190062957040090e-01	1.851617076859415345e-01
2.555639882223099994e+05	3.309546956977426624e-01	1.856856767478757275e-01
2.565991364301177091e+05	3.322952102099949734e-01	1.862114599441108409e-01
2.576380239000140864e+05	3.336405670580243621e-01	1.867390631606017370e-01
2.586806639799179393e+05	3.349907835273556733e-01	1.872684923056672224e-01
2.597270700642226439e+05	3.363458769636980539e-01	1.877997533100582983e-01
2.607772555939557496e+05	3.377058647731520646e-01	1.883328521270145328e-01
2.618312340569436783e+05	3.390707644224225104e-01	1.888677947323313400e-01
2.628890189879871323e+05	3.404405934390458688e-01	1.894045871244275647e-01
2.639506239690186922e+05	3.418153694115942942e-01	1.899432353243966920e-01
2.650160626292739180e+05	3.431951099898969404e-01	1.904837453760828414e-01
2.660853486454616068e+05	3.445798328852611725e-01	1.910261233461409414e-01
2.671584957419313141e+05	3.459695558706885610e-01	1.915703753241025931e-01
2.682355176908420399e+05	3.473642967810941506e-01	1.921165074224367164e-01
2.693164283123320783e+05	3.487640735135258963e-01	1.926645257766244346e-01
2.704012414746935247e+05	3.501689040273907039e-01	1.932144365452171386e-01
2.714899710945336847e+05	3.515788063446638190e-01	1.937662459099068479e-01
2.725826311369600589e+05	3.529937985501278574e-01	1.943199600755917689e-01
2.736792356157402392e+05	3.544138987915805283e-01	1.948755852704457114e-01
2.747797985934862518e+05	3.558391252800723881e-01	1.954331277459806504e-01
2.758843341818164336e+05	3.572694962901177274e-01	1.959925937771208604e-01
2.769928565415371559e+05	3.587050301599287727e-01	1.965539896622655325e-01
2.781053798828198924e+05	3.601457452916453916e-01	1.971173217233621044e-01
2.792219184653677512e+05	3.615916601515512530e-01	1.976825963059748170e-01
2.803424865985907381e+05	3.630427932702997573e-01	1.982498197793508832e-01
2.814670986417976092e+05	3.644991632431636153e-01	1.988189985364931522e-01
2.825957690043566981e+05	3.659607887302422369e-01	1.993901389942309699e-01
2.837285121458785143e+05	3.674276884566988755e-01	1.999632475932871800e-01
2.848653425763987470e+05	3.688998812129968274e-01	2.005383307983537866e-01
2.860062748565488728e+05	3.703773858551209774e-01	2.011153950981584004e-01
2.871513235977423028e+05	3.718602213048188831e-01	2.016944470055410665e-01
2.883005034623492393e+05	3.733484065498268722e-01	2.022754930575254573e-01
2.894538291638809606e+05	3.748419606441089069e-01	2.028585398153862351e-01
2.906113154671722441e+05	3.763409027080926172e-01	2.034435938647278785e-01
2.917729771885602386e+05	3.778452519289012268e-01	2.040306618155559026e-01
2.929388291960653150e+05	3.793550275605878097e-01	2.046197503023475806e-01
2.941088864095782046e+05	3.808702489243769862e-01	2.052108659841327398e-01
2.952831638010460301e+05	3.823909354089065626e-01	2.058040155445608477e-01
2.964616763946439605e+05	3.839171064704496872e-01	2.063992056919801699e-01
2.976444392669768422e+05	3.854487816331753636e-01	2.069964431595122667e-01
2.988314675472559757e+05	3.869859804893782118e-01	2.075957347051259061e-01
3.000227764174831682e+05	3.885287226997162224e-01	2.081970871117153343e-01
3.012183811126432265e+05	3.900770279934605567e-01	2.088005071871743834e-01
3.024182969208904542e+05	3.916309161687363538e-01	2.094060017644741589e-01
3.036225391837373027e+05	3.931904070927678685e-01	2.100135777017404781e-01
3.048311232962359209e+05	3.947555207021126722e-01	2.106232418823317243e-01
3.060440647071739659e+05	3.963262770029160054e-01	2.112350012149112888e-01
3.072613789192676195e+05	3.979026960711604111e-01	2.118488626335360003e-01
3.084830814893487841e+05	3.994847980529080411e-01	2.124648330977234323e-01
3.097091880285510560e+05	4.010726031645416856e-01	2.130829195925402209e-01
3.109397142025170615e+05	4.026661316930330581e-01	2.137031291286740353e-01
3.121746757315702271e+05	4.042654039961657841e-01	2.143254687425210081e-01
3.134140883909251424e+05	4.058704405028069617e-01	2.149499454962545686e-01
3.146579680108761531e+05	4.074812617131521320e-01	2.155765664779175084e-01
3.159063304769887473e+05	4.090978881989728033e-01	2.162053388014974209e-01
3.171591917302993825e+05	4.107203406038749671e-01	2.168362696070046114e-01
3.184165677675111219e+05	4.123486396435532275e-01	2.174693660605624967e-01
3.196784746411917149e+05	4.139828061060464304e-01	2.181046353544811855e-01
3.209449284599605598e+05	4.156228608519805245e-01	2.187420847073449637e-01
3.222159453887009295e+05	4.172688248148426760e-01	2.193817213640910369e-01
3.234915416487511247e+05	4.189207190012294579e-01	2.200235525960962391e-01
3.247717335181048838e+05	4.205785644911058663e-01	2.206675857012586339e-01
3.260565373316120822e+05	4.222423824380657775e-01	2.213138280040808648e-01
3.273459694811787340e+05	4.239121940695904645e-01	2.219622868557543927e-01
3.286400464159722324e+05	4.255880206873144389e-01	2.226129696342479258e-01
3.299387846426162869e+05	4.272698836672782496e-01	2.232658837443862454e-01
3.312422007254007622e+05	4.289578044601998208e-01	2.239210366179415490e-01
3.325503112864824361e+05	4.306518045917346882e-01	2.245784357137145248e-01
3.338631330060869805e+05	4.323519056627372903e-01	2.252380885176239744e-01
3.351806826227197307e+05	4.340581293495344717e-01	2.259000025427892466e-01
3.365029769333662116e+05	4.357704974041842760e-01	2.265641853296226360e-01
3.378300327936998219e+05	4.374890316547458968e-01	2.272306444459106789e-01
3.391618671182933031e+05	4.392137540055527367e-01	2.278993874869085778e-01
3.404984968808181002e+05	4.409446864374709785e-01	2.285704220754218863e-01
3.418399391142568202e+05	4.426818510081748648e-01	2.292437558618988236e-01
3.431862109111186001e+05	4.444252698524246981e-01	2.299193965245188154e-01
3.445373294236374204e+05	4.461749651823249119e-01	2.305973517692815888e-01
3.458933118639930617e+05	4.479309592876096202e-01	2.312776293300940200e-01
3.472541755045143072e+05	4.496932745359054073e-01	2.319602369688630872e-01
3.486199376779050799e+05	4.514619333730247042e-01	2.326451824755850495e-01
3.499906157774395542e+05	4.532369583232183086e-01	2.333324736684395107e-01
3.513662272571844514e+05	4.550183719894632106e-01	2.340221183938751004e-01
3.527467896322134766e+05	4.568061970537402039e-01	2.347141245267080623e-01
3.541323204788241419e+05	4.586004562773149384e-01	2.354084999702052150e-01
3.555228374347484787e+05	4.604011725010105360e-01	2.361052526561814580e-01
3.569183581993705593e+05	4.622083686454893647e-01	2.368043905450984421e-01
3.583189005339515279e+05	4.640220677115444725e-01	2.375059216261440620e-01
3.597244822618372855e+05	4.658422927803685387e-01	2.382098539173403695e-01
3.611351212686796789e+05	4.676690670138402561e-01	2.389161954656269515e-01
3.625508355026685749e+05	4.695024136548249238e-01	2.396249543469585463e-01
3.639716429747288348e+05	4.713423560274296320e-01	2.403361386664052968e-01
3.653975617587619927e+05	4.731889175373159007e-01	2.410497565582382928e-01
3.668286099918600521e+05	4.750421216719770690e-01	2.417658161860313792e-01
3.682648058745273156e+05	4.769019920010248992e-01	2.424843257427573007e-01
3.697061676709072199e+05	4.787685521764840080e-01	2.432052934508800446e-01
3.711527137090006145e+05	4.806418259330738074e-01	2.439287275624581752e-01
3.726044623809007462e+05	4.825218370885137609e-01	2.446546363592336237e-01
3.740614321430046693e+05	4.844086095437962203e-01	2.453830281527351054e-01
3.755236415162576013e+05	4.863021672835035059e-01	2.461139112843765686e-01
3.769911090863615973e+05	4.882025343760775238e-01	2.468472941255501485e-01
3.784638535040213610e+05	4.901097349741389553e-01	2.475831850777332754e-01
3.799418934851540835e+05	4.920237933147580955e-01	2.483215925725784645e-01
3.814252478111405508e+05	4.939447337197807597e-01	2.490625250720194250e-01
3.829139353290373692e+05	4.958725805961025079e-01	2.498059910683685381e-01
3.844079749518195749e+05	4.978073584359832826e-01	2.505519990844209954e-01
3.859073856586035690e+05	4.997490918173358998e-01	2.513005576735506397e-01
3.874121864948907169e+05	5.016978054040417412e-01	2.520516754198109943e-01
3.889223965727929026e+05	5.036535239462421876e-01	2.528053609380427891e-01
3.904380350712664658e+05	5.056162722806426535e-01	2.535616228739708822e-01
3.919591212363567320e+05	5.075860753308280016e-01	2.543204699043077888e-01
3.934856743814232177e+05	5.095629581075554748e-01	2.550819107368591521e-01
3.950177138873843360e+05	5.115469457090704442e-01	2.558459541106254398e-01
3.965552592029491789e+05	5.135380633214071677e-01	2.566126087959051949e-01
3.980983298448611749e+05	5.155363362187042053e-01	2.573818835943962324e-01
3.996469453981352272e+05	5.175417897635117281e-01	2.581537873393060512e-01
4.012011255162972375e+05	5.195544494071013819e-01	2.589283288954538631e-01
4.027608899216268910e+05	5.215743406897805912e-01	2.597055171593767864e-01
4.043262584053984610e+05	5.236014892412048649e-01	2.604853610594354829e-01
4.058972508281242917e+05	5.256359207806926559e-01	2.612678695559197961e-01
4.074738871197982808e+05	5.276776611175413301e-01	2.620530516411558875e-01
4.090561872801390709e+05	5.297267361513409156e-01	2.628409163396127068e-01
4.106441713788369088e+05	5.317831718722950685e-01	2.636314727080125708e-01
4.122378595558010275e+05	5.338469943615407054e-01	2.644247298354343023e-01
4.138372720213995781e+05	5.359182297914588666e-01	2.652206968434275280e-01
4.154424290567191783e+05	5.379969044260108912e-01	2.660193828861148746e-01
4.170533510138011770e+05	5.400830446210441727e-01	2.668207971503057663e-01
4.186700583159032976e+05	5.421766768246313317e-01	2.676249488556051159e-01
4.202925714577425970e+05	5.442778275773847430e-01	2.684318472545240142e-01
4.219209110057466314e+05	5.463865235127813857e-01	2.692415016325896970e-01
4.235550975983053795e+05	5.485027913574896941e-01	2.700539213084541812e-01
4.251951519460295676e+05	5.506266579317037335e-01	2.708691156340120032e-01
4.268410948320033494e+05	5.527581501494703842e-01	2.716870939945040808e-01
4.284929471120340750e+05	5.548972950190131925e-01	2.725078658086375616e-01
4.301507297149092192e+05	5.570441196430644393e-01	2.733314405286935700e-01
4.318144636426588986e+05	5.591986512192055336e-01	2.741578276406408388e-01
4.334841699708081433e+05	5.613609170401937520e-01	2.749870366642532815e-01
4.351598698486344074e+05	5.635309444942958601e-01	2.758190771532162411e-01
4.368415844994325889e+05	5.657087610656303944e-01	2.766539586952513896e-01
4.385293352207682328e+05	5.678943943344966216e-01	2.774916909122259190e-01
4.402231433847449953e+05	5.700878719777204839e-01	2.783322834602663387e-01
4.419230304382627946e+05	5.722892217689889982e-01	2.791757460298758264e-01
4.436290179032818414e+05	5.744984715791917607e-01	2.800220883460547427e-01
4.453411273770833504e+05	5.767156493767591208e-01	2.808713201684098770e-01
4.470593805325423018e+05	5.789407832280151212e-01	2.817234512912804578e-01
4.487837991183853010e+05	5.811739012975115637e-01	2.825784915438448452e-01
4.505144049594593816e+05	5.834150318483759534e-01	2.834364507902511487e-01
4.522512199570016819e+05	5.856642032426611078e-01	2.842973389297261955e-01
4.539942660889073159e+05	5.879214439416909910e-01	2.851611658966964336e-01
4.557435654099961976e+05	5.901867825064076589e-01	2.860279416609133873e-01
4.574991400522864424e+05	5.924602475977248650e-01	2.868976762275660675e-01
4.592610122252643341e+05	5.947418679768765593e-01	2.877703796374052048e-01
4.610292042161506834e+05	5.970316725057636109e-01	2.886460619668627658e-01
4.628037383901899448e+05	5.993296901473268434e-01	2.895247333281766866e-01
4.645846371909064474e+05	6.016359499658795462e-01	2.904064038695066685e-01
4.663719231403933372e+05	6.039504811274813978e-01	2.912910837750611881e-01
4.681656188395777135e+05	6.062733129002817467e-01	2.921787832652198991e-01
4.699657469685049145e+05	6.086044746548880946e-01	2.930695125966548131e-01
4.717723302866138984e+05	6.109439958647224778e-01	2.939632820624556442e-01
4.735853916330144275e+05	6.132919061063800692e-01	2.948601019922503785e-01
4.754049539267729269e+05	6.156482350600002151e-01	2.957599827523380021e-01
4.772310401671871077e+05	6.180130125096214844e-01	2.966629347458038524e-01
4.790636734340707189e+05	6.203862683435504843e-01	2.975689684126538448e-01
4.809028768880361458e+05	6.227680325547275686e-01	2.984780942299324891e-01
4.827486737707758439e+05	6.251583352410921002e-01	2.993903227118544508e-01
4.846010874053516891e+05	6.275572066059562637e-01	3.003056644099332262e-01
4.864601411964796716e+05	6.299646769583745476e-01	3.012241299131018790e-01
4.883258586308134254e+05	6.323807767135101177e-01	3.021457298478503195e-01
4.901982632772312500e+05	6.348055363930069639e-01	3.030704748783429325e-01
4.920773787871313980e+05	6.372389866253723723e-01	3.039983757065567449e-01
4.939632288947214838e+05	6.396811581463515139e-01	3.049294430724069360e-01
4.958558374172998010e+05	6.421320817992917096e-01	3.058636877538756238e-01
4.977552282555589336e+05	6.445917885355357813e-01	3.068011205671443697e-01
4.996614253938668407e+05	6.470603094147863166e-01	3.077417523667245192e-01
5.015744529005750082e+05	6.495376756055033507e-01	3.086855940455902059e-01
5.034943349283002317e+05	6.520239183852715170e-01	3.096326565353062499e-01
5.054210957142290426e+05	6.545190691411920669e-01	3.105829508061628830e-01
5.073547595804086886e+05	6.570231593702616779e-01	3.115364878673104188e-01
5.092953509340469027e+05	6.595362206797587001e-01	3.124932787668904255e-01
5.112428942678186577e+05	6.620582847876419486e-01	3.134533345921673431e-01
5.131974141601559240e+05	6.645893835229251811e-01	3.144166664696691482e-01
5.151589352755493601e+05	6.671295488260680084e-01	3.153832855653170841e-01
5.171274823648604215e+05	6.696788127493799037e-01	3.163532030845621068e-01
5.191030802656138549e+05	6.722372074573994549e-01	3.173264302725234409e-01
5.210857539023080026e+05	6.748047652272953778e-01	3.183029784141191976e-01
5.230755282867148053e+05	6.773815184492555375e-01	3.192828588342092599e-01
5.250724285181964515e+05	6.799674996268975091e-01	3.202660828977303975e-01
5.270764797839996172e+05	6.825627413776486074e-01	3.212526620098336561e-01
5.290877073595694965e+05	6.851672764331531162e-01	3.222426076160244124e-01
5.311061366088739596e+05	6.877811376396918419e-01	3.232359312022991538e-01
5.331317929846909828e+05	6.904043579585551482e-01	3.242326442952856991e-01
5.351647020289296051e+05	6.930369704664572916e-01	3.252327584623858625e-01
5.372048893729471602e+05	6.956790083559474258e-01	3.262362853119097905e-01
5.392523807378557976e+05	6.983305049358080607e-01	3.272432364932256199e-01
5.413072019348503090e+05	7.009914936314780576e-01	3.282536236968919274e-01
5.433693788655080134e+05	7.036620079854410958e-01	3.292674586548069993e-01
5.454389375221212395e+05	7.063420816576574390e-01	3.302847531403478865e-01
5.475159039880024502e+05	7.090317484259571756e-01	3.313055189685123469e-01
5.496003044378095074e+05	7.117310421864629921e-01	3.323297679960710571e-01
5.516921651378723327e+05	7.144399969540131679e-01	3.333575121216971193e-01
5.537915124465019908e+05	7.171586468625602562e-01	3.343887632861251014e-01
5.558983728143306216e+05	7.198870261656133973e-01	3.354235334722869277e-01
5.580127727846163325e+05	7.226251692366316703e-01	3.364618347054634806e-01
5.601347389935831307e+05	7.253731105694649628e-01	3.375036790534251541e-01
5.622642981707410654e+05	7.281308847787680838e-01	3.385490786265836771e-01
5.644014771392098628e+05	7.308985266004204284e-01	3.395980455781409391e-01
5.665463028160578106e+05	7.336760708919644047e-01	3.406505921042278784e-01
5.686988022126216674e+05	7.364635526330203241e-01	3.417067304440635778e-01
5.708590024348450825e+05	7.392610069257234962e-01	3.427664728801017580e-01
5.730269306836085161e+05	7.420684689951524415e-01	3.438298317381724978e-01
5.752026142550482182e+05	7.448859741897420061e-01	3.448968193876439381e-01
5.773860805409274762e+05	7.477135579817637545e-01	3.459674482415652230e-01
5.795773570289288182e+05	7.505512559677042228e-01	3.470417307568194887e-01
5.817764713030137355e+05	7.533991038687309905e-01	3.481196794342752421e-01
5.839834510437666904e+05	7.562571375311384347e-01	3.492013068189468994e-01
5.861983240287092049e+05	7.591253929267539613e-01	3.502866255001314544e-01
5.884211181326697115e+05	7.620039061534171765e-01	3.513756481115791752e-01
5.906518613281114958e+05	7.648927134354047697e-01	3.524683873316316607e-01
5.928905816854587756e+05	7.677918511238529531e-01	3.535648558833941468e-01
5.951373073734663194e+05	7.707013556972346358e-01	3.546650665348730636e-01
5.973920666595646180e+05	7.736212637618088417e-01	3.557690320991435673e-01
5.996548879101821221e+05	7.765516120520361554e-01	3.568767654345028628e-01
6.019257995911067119e+05	7.794924374310472359e-01	3.579882794446290206e-01
6.042048302678467007e+05	7.824437768911106650e-01	3.591035870787271378e-01
6.064920086059602909e+05	7.854056675540594945e-01	3.602227013317042537e-01
6.087873633714140160e+05	7.883781466717554309e-01	3.613456352443156772e-01
6.110909234309429303e+05	7.913612516265545738e-01	3.624724019033355726e-01
6.134027177523918217e+05	7.943550199317508387e-01	3.636030144417028431e-01
6.157227754050774965e+05	7.973594892320434724e-01	3.647374860386879969e-01
6.180511255601416342e+05	8.003746973039946866e-01	3.658758299200598474e-01
6.203877974909152836e+05	8.034006820565021689e-01	3.670180593582444972e-01
6.227328205732606584e+05	8.064374815312409517e-01	3.681641876724757734e-01
6.250862242859554244e+05	8.094851339031613469e-01	3.693142282289746947e-01
6.274480382110333303e+05	8.125436774809298157e-01	3.704681944410973538e-01
6.298182920341537101e+05	8.156131507074084741e-01	3.716260997695201573e-01
6.321970155449677259e+05	8.186935921601277144e-01	3.727879577223797147e-01
6.345842386374789057e+05	8.217850405517547197e-01	3.739537818554542481e-01
6.369799913104120642e+05	8.248875347305698602e-01	3.751235857723217437e-01
6.393843036675768672e+05	8.280011136809389827e-01	3.762973831245315370e-01
6.417972059182489756e+05	8.311258165238050166e-01	3.774751876117709015e-01
6.442187283775185933e+05	8.342616825171417227e-01	3.786570129820227559e-01
6.466489014666815056e+05	8.374087510564578452e-01	3.798428730317513491e-01
6.490877557136004325e+05	8.405670616752667357e-01	3.810327816060564698e-01
6.515353217530862894e+05	8.437366540455789599e-01	3.822267525988470860e-01
6.539916303272689693e+05	8.469175679783833566e-01	3.834247999530170925e-01
6.564567122859738301e+05	8.501098434241338708e-01	3.846269376606037960e-01
6.589305985871022567e+05	8.533135204732422707e-01	3.858331797629735438e-01
6.614133202970057027e+05	8.565286393565639811e-01	3.870435403509784322e-01
6.639049085908706766e+05	8.597552404458944642e-01	3.882580335651468761e-01
6.664053947531013982e+05	8.629933642544667105e-01	3.894766735958391513e-01
6.689148101777022239e+05	8.662430514374449553e-01	3.906994746834325793e-01
6.714331863686630968e+05	8.695043427924250556e-01	3.919264511184896160e-01
6.739605549403321929e+05	8.727772792599159946e-01	3.931576172419359305e-01
6.764969476178307086e+05	8.760619019238781169e-01	3.943929874452377082e-01
6.790423962374182884e+05	8.793582520121957513e-01	3.956325761705741240e-01
6.815969327468888368e+05	8.826663708971895783e-01	3.968763979110125351e-01
6.841605892059601611e+05	8.859863000961211155e-01	3.981244672106991622e-01
6.867333977866792120e+05	8.893180812717187411e-01	3.993767986650190727e-01
6.893153907737932168e+05	8.926617562326569777e-01	4.006334069207861392e-01
6.919066005651743617e+05	8.960173669341067182e-01	4.018943066764184002e-01
6.945070596721889451e+05	8.993849554782139544e-01	4.031595126821269637e-01
6.971168007201128639e+05	9.027645641146369027e-01	4.044290397400833736e-01
6.997358564485308016e+05	9.061562352410635901e-01	4.057029027046087921e-01
7.023642597117160913e+05	9.095600114037036832e-01	4.069811164823538552e-01
7.050020434790644795e+05	9.129759352978500386e-01	4.082636960324886322e-01
7.076492408354802756e+05	9.164040497683787478e-01	4.095506563668697142e-01
7.103058849817828741e+05	9.198443978102756047e-01	4.108420125502454390e-01
7.129720092351137428e+05	9.232970225691636834e-01	4.121377797004228127e-01
7.156476470293434104e+05	9.267619673418292514e-01	4.134379729884641863e-01
7.183328319154866040e+05	9.302392755767606713e-01	4.147426076388655014e-01
7.210275975621154066e+05	9.337289908746824185e-01	4.160516989297497470e-01
7.237319777557604248e+05	9.372311569890751093e-01	4.173652621930553086e-01
7.264460064013246447e+05	9.407458178267112947e-01	4.186833128147085525e-01
7.291697175225176616e+05	9.442730174482178995e-01	4.200058662348375993e-01
7.319031452622484649e+05	9.478128000685849264e-01	4.213329379479438530e-01
7.346463238830612972e+05	9.513652100577291160e-01	4.226645435030903508e-01
7.373992877675470663e+05	9.549302919410281865e-01	4.240006985041124277e-01
7.401620714187674457e+05	9.585080903998688395e-01	4.253414186097861927e-01
7.429347094606705941e+05	9.620986502721853295e-01	4.266867195340375840e-01
7.457172366385238711e+05	9.657020165530204592e-01	4.280366170461240016e-01
7.485096878193423618e+05	9.693182343950795810e-01	4.293911269708347023e-01
7.513120979922991246e+05	9.729473491092627269e-01	4.307502651886825351e-01
7.541245022691760678e+05	9.765894061652478086e-01	4.321140476361028382e-01
7.569469358847774565e+05	9.802444511920265224e-01	4.334824903056423984e-01
7.597794341973694973e+05	9.839125299784737821e-01	4.348556092461572931e-01
7.626220326891023433e+05	9.875936884738933941e-01	4.362334205630180040e-01
7.654747669664617861e+05	9.912879727886039216e-01	4.376159404182978219e-01
7.683376727606988279e+05	9.949954291944945739e-01	4.390031850309807360e-01
7.712107859282615827e+05	9.987161041255843141e-01	4.403951706771449537e-01
7.740941424512353260e+05	1.002450044178592181e+00	4.417919136901842236e-01
7.769877784377925564e+05	1.006197296113519712e+00	4.431934304609934094e-01
7.798917301226273412e+05	1.009957906854213494e+00	4.445997374381742140e-01
7.828060338674013037e+05	1.013731923488943254e+00	4.460108511282374066e-01
7.857307261611814611e+05	1.017519393270968298e+00	4.474267880958058274e-01
7.886658436209097272e+05	1.021320363619144800e+00	4.488475649638174469e-01
7.916114229918208439e+05	1.025134882118469148e+00	4.502731984137338661e-01
7.945675011479184031e+05	1.028962996520692119e+00	4.517037051857350494e-01
7.975341150924171088e+05	1.032804754744893527e+00	4.531391020789382607e-01
8.005113019581841072e+05	1.036660204878051328e+00	4.545794059515960162e-01
8.034990990082187345e+05	1.040529395175666005e+00	4.560246337213078593e-01
8.064975436360826716e+05	1.044412374062314575e+00	4.574748023652240314e-01
8.095066733663827181e+05	1.048309190132278523e+00	4.589299289202564691e-01
8.125265258552028099e+05	1.052219892150100922e+00	4.603900304832942991e-01
8.155571388905999484e+05	1.056144529051229908e+00	4.618551242113998478e-01
8.185985503930357518e+05	1.060083149942577574e+00	4.633252273220408446e-01
8.216507984158574836e+05	1.064035804103142580e+00	4.648003570932796591e-01
8.247139211457590573e+05	1.068002540984606563e+00	4.662805308639993984e-01
8.277879569032466970e+05	1.071983410211938770e+00	4.677657660341176249e-01
8.308729441431172891e+05	1.075978461584013779e+00	4.692560800647910813e-01
8.339689214549204335e+05	1.079987745074211025e+00	4.707514904786420651e-01
8.370759275634405203e+05	1.084011310831038521e+00	4.722520148599660406e-01
8.401940013291585492e+05	1.088049209178731269e+00	4.737576708549540716e-01
8.433231817487347871e+05	1.092101490617875870e+00	4.752684761719017104e-01
8.464635079554924741e+05	1.096168205826037356e+00	4.767844485814402566e-01
8.496150192198866280e+05	1.100249405658365820e+00	4.783056059167394292e-01
8.527777549499929883e+05	1.104345141148230125e+00	4.798319660737387915e-01
8.559517546919861343e+05	1.108455463507836969e+00	4.813635470113637460e-01
8.591370581306274980e+05	1.112580424128862600e+00	4.829003667517527409e-01
8.623337050897385925e+05	1.116720074583065214e+00	4.844424433804662145e-01
8.655417355327259284e+05	1.120874466622966192e+00	4.859897950467208516e-01
8.687611895630194340e+05	1.125043652182416309e+00	4.875424399636063555e-01
8.719921074246006319e+05	1.129227683377280300e+00	4.891003964083214250e-01
8.752345295024806401e+05	1.133426612506056363e+00	4.906636827223824771e-01
8.784884963232034352e+05	1.137640492050526753e+00	4.922323173118623996e-01
8.817540485553314211e+05	1.141869374676388160e+00	4.938063186476063238e-01
8.850312270099564921e+05	1.146113313233911635e+00	4.953857052654777049e-01
8.883200726411879295e+05	1.150372360758576296e+00	4.969704957665629363e-01
8.916206265466538025e+05	1.154646570471717260e+00	4.985607088174129342e-01
8.949329299680294935e+05	1.158935995781210870e+00	5.001563631502814467e-01
8.982570242915120907e+05	1.163240690282088430e+00	5.017574775633421025e-01
9.015929510483364575e+05	1.167560707757204996e+00	5.033640709209198372e-01
9.049407519152908353e+05	1.171896102177907073e+00	5.049761621537375289e-01
9.083004687152241822e+05	1.176246927704689194e+00	5.065937702591379876e-01
9.116721434175468748e+05	1.180613238687842736e+00	5.082169143013176571e-01
9.150558181387720397e+05	1.184995089668156698e+00	5.098456134115716409e-01
9.184515351430104347e+05	1.189392535377558957e+00	5.114798867885160805e-01
9.218593368424958317e+05	1.193805630739796397e+00	5.131197536983350682e-01
9.252792657980944496e+05	1.198234430871093936e+00	5.147652334750129066e-01
9.287113647198380204e+05	1.202678991080846194e+00	5.164163455205770248e-01
9.321556764674477745e+05	1.207139366872294728e+00	5.180731093053353442e-01
9.356122440508499276e+05	1.211615613943196834e+00	5.197355443681136444e-01
9.390811106307075825e+05	1.216107788186513661e+00	5.214036703165026987e-01
9.425623195189499529e+05	1.220615945691094772e+00	5.230775068270913097e-01
9.460559141793082235e+05	1.225140142742374039e+00	5.247570736457168872e-01
9.495619382278367411e+05	1.229680435823043094e+00	5.264423905877073651e-01
9.530804354334636591e+05	1.234236881613764547e+00	5.281334775381248958e-01
9.566114497185061919e+05	1.238809536993839888e+00	5.298303544520058805e-01
9.601550251592234708e+05	1.243398459041924697e+00	5.315330413546223154e-01
9.637112059863588074e+05	1.248003705036731192e+00	5.332415583417107197e-01
9.672800365856668213e+05	1.252625332457711460e+00	5.349559255797324830e-01
9.708615614984753774e+05	1.257263398985783764e+00	5.366761633061156722e-01
9.744558254222150426e+05	1.261917962504019775e+00	5.384022918295116034e-01
9.780628732109806733e+05	1.266589081098370206e+00	5.401343315300395354e-01
9.816827498760679737e+05	1.271276813058362043e+00	5.418723028595382463e-01
9.853155005865376443e+05	1.275981216877825508e+00	5.436162263418292673e-01
9.889611706697584596e+05	1.280702351255600835e+00	5.453661225729575790e-01
9.926198056119779358e+05	1.285440275096275897e+00	5.471220122214474069e-01
9.962914510588537669e+05	1.290195047510873438e+00	5.488839160285627905e-01
9.999761528160406742e+05	1.294966727817612684e+00	5.506518548085594933e-01
1.003673956849736278e+06	1.299755375542615665e+00	5.524258494489476812e-01
1.007384909287237911e+06	1.304561050420627755e+00	5.542059209107432771e-01
1.011109056417530519e+06	1.309383812395779501e+00	5.559920902287321942e-01
1.014846444691843586e+06	1.314223721622308050e+00	5.577843785117236886e-01
1.018597120724205859e+06	1.319080838465275241e+00	5.595828069428191442e-01
1.022361131292036152e+06	1.323955223501331435e+00	5.613873967796678688e-01
1.026138523336703074e+06	1.328846937519443827e+00	5.631981693547315482e-01
1.029929343964119209e+06	1.333756041521662050e+00	5.650151460755457045e-01
1.033733640445286408e+06	1.338682596723826057e+00	5.668383484249867044e-01
1.037551460216913372e+06	1.343626664556366590e+00	5.686677979615396561e-01
1.041382850881970837e+06	1.348588306665022829e+00	5.705035163195614212e-01
1.045227860210275976e+06	1.353567584911599786e+00	5.723455252095476231e-01
1.049086536139093339e+06	1.358564561374746349e+00	5.741938464184016544e-01
1.052958926773702726e+06	1.363579298350690916e+00	5.760485018097062371e-01
1.056845080388019094e+06	1.368611858354043642e+00	5.779095133239855464e-01
1.060745045425130986e+06	1.373662304118495214e+00	5.797769029789878736e-01
1.064658870497960364e+06	1.378730698597668836e+00	5.816506928699531898e-01
1.068586604389807675e+06	1.383817104965828326e+00	5.835309051698766014e-01
1.072528296054965584e+06	1.388921586618671489e+00	5.854175621298001175e-01
1.076483994619331323e+06	1.394044207174124583e+00	5.873106860790774375e-01
1.080453749381002737e+06	1.399185030473111713e+00	5.892102994256480653e-01
1.084437609810858965e+06	1.404344120580309552e+00	5.911164246563197500e-01
1.088435625553198159e+06	1.409521541784972021e+00	5.930290843370449316e-01
1.092447846426344477e+06	1.414717358601716324e+00	5.949483011131986299e-01
1.096474322423219215e+06	1.419931635771261469e+00	5.968740977098577760e-01
1.100515103712012060e+06	1.425164438261300015e+00	5.988064969320888720e-01
1.104570240636756644e+06	1.430415831267241478e+00	6.007455216652143326e-01
1.108639783717941726e+06	1.435685880213003696e+00	6.026911948751206838e-01
1.112723783653159393e+06	1.440974650751854380e+00	6.046435396085170222e-01
1.116822291317712050e+06	1.446282208767193822e+00	6.066025789932294465e-01
1.120935357765248977e+06	1.451608620373383118e+00	6.085683362385014838e-01
1.125063034228371689e+06	1.456953951916524881e+00	6.105408346352571014e-01
1.129205372119254898e+06	1.462318269975269480e+00	6.125200975564031314e-01
1.133362423030311707e+06	1.467701641361673470e+00	6.145061484571179289e-01
1.137534238734785467e+06	1.473104133121970971e+00	6.164990108751339237e-01
1.141720871187440818e+06	1.478525812537464290e+00	6.184987084310397121e-01
1.145922372525126673e+06	1.483966747125254226e+00	6.205052648285670491e-01
1.150138795067478204e+06	1.489427004639149787e+00	6.225187038548807283e-01
1.154370191317532444e+06	1.494906653070465330e+00	6.245390493808758992e-01
1.158616613962360891e+06	1.500405760648838793e+00	6.265663253614792705e-01
1.162878115873745875e+06	1.505924395843108332e+00	6.286005558359324397e-01
1.167154750108798267e+06	1.511462627362113009e+00	6.306417649281002014e-01
1.171446569910615217e+06	1.517020524155542560e+00	6.326899768467662000e-01
1.175753628708948847e+06	1.522598155414804477e+00	6.347452158859336890e-01
1.180075980120859807e+06	1.528195590573871776e+00	6.368075064251250694e-01
1.184413677951332880e+06	1.533812899310077249e+00	6.388768729296813165e-01
1.188766776193991071e+06	1.539450151545040280e+00	6.409533399510687346e-01
1.193135329031738220e+06	1.545107417445498399e+00	6.430369321271823813e-01
1.197519390837411396e+06	1.550784767424153276e+00	6.451276741826508232e-01
1.201919016174460063e+06	1.556482272140547130e+00	6.472255909291341203e-01
1.206334259797614766e+06	1.562200002501932916e+00	6.493307072656455681e-01
1.210765176653548377e+06	1.567938029664126987e+00	6.514430481788577865e-01
1.215211821881550364e+06	1.573696425032384827e+00	6.535626387433981499e-01
1.219674250814241590e+06	1.579475260262324099e+00	6.556895041221687537e-01
1.224152518978182692e+06	1.585274607260716229e+00	6.578236695666630496e-01
1.228646682094597956e+06	1.591094538186419216e+00	6.599651604172732666e-01
1.233156796080071013e+06	1.596935125451283133e+00	6.621140021035998302e-01
1.237682917047191411e+06	1.602796441720983678e+00	6.642702201447804322e-01
1.242225101305276854e+06	1.608678559915959871e+00	6.664338401497817976e-01
1.246783405361038400e+06	1.614581553212274256e+00	6.686048878177469623e-01
1.251357885919304565e+06	1.620505495042552147e+00	6.707833889382943671e-01
1.255948599883675808e+06	1.626450459096825618e+00	6.729693693918354924e-01
1.260555604357259581e+06	1.632416519323490967e+00	6.751628551499051500e-01
1.265178956643338082e+06	1.638403749930168019e+00	6.773638722754803387e-01
1.269818714246095158e+06	1.644412225384645154e+00	6.795724469233076492e-01
1.274474934871315258e+06	1.650442020415781030e+00	6.817886053402153479e-01
1.279147676427077502e+06	1.656493210014408746e+00	6.840123738654440011e-01
1.283836997024504701e+06	1.662565869434299515e+00	6.862437789309870917e-01
1.288542954978413647e+06	1.668660074193009324e+00	6.884828470618893359e-01
1.293265608808088582e+06	1.674775900072878576e+00	6.907296048766012886e-01
1.298005017237961991e+06	1.680913423121914274e+00	6.929840790873015299e-01
1.302761239198362222e+06	1.687072719654757691e+00	6.952462965002266237e-01
1.307534333826208487e+06	1.693253866253585649e+00	6.975162840160066269e-01
1.312324360465750797e+06	1.699456939769067532e+00	6.997940686299812807e-01
1.317131378669285448e+06	1.705682017321291655e+00	7.020796774325612777e-01
1.321955448197926860e+06	1.711929176300766464e+00	7.043731376095462293e-01
1.326796629022281617e+06	1.718198494369290508e+00	7.066744764424653935e-01
1.331654981323225191e+06	1.724490049460962071e+00	7.089837213089327239e-01
1.336530565492619760e+06	1.730803919783105549e+00	7.113008996829482955e-01
1.341423442134061363e+06	1.737140183817240446e+00	7.136260391352762245e-01
1.346333672063624021e+06	1.743498920320044832e+00	7.159591673337704076e-01
1.351261316310612950e+06	1.749880208324330333e+00	7.183003120437138067e-01
1.356206436118291225e+06	1.756284127139984497e+00	7.206495011281792706e-01
1.361169092944637639e+06	1.762710756354949782e+00	7.230067625483526106e-01
1.366149348463139264e+06	1.769160175836252957e+00	7.253721243638989735e-01
1.371147264563485049e+06	1.775632465730900389e+00	7.277456147332951319e-01
1.376162903352370486e+06	1.782127706466922090e+00	7.301272619141960796e-01
1.381196327154242434e+06	1.788645978754335841e+00	7.325170942637709848e-01
1.386247598512061406e+06	1.795187363586133511e+00	7.349151402390629029e-01
1.391316780188076198e+06	1.801751942239285142e+00	7.373214283973414940e-01
1.396403935164587107e+06	1.808339796275726608e+00	7.397359873964386434e-01
1.401509126644714968e+06	1.814951007543356809e+00	7.421588459951471428e-01
1.406632418053192552e+06	1.821585658177060418e+00	7.445900330535253353e-01
1.411773873037128011e+06	1.828243830599698194e+00	7.470295775332990162e-01
