0.000000000000000000e+00	0.000000000000000000e+00	0.000000000000000000e+00
2.555807639699859379e+01	3.308112901177712926e-05	1.276993112198933182e-02
5.121247608744405255e+01	6.630351393847565820e-05	1.278510437194303219e-02
7.696413349372366497e+01	9.965184700431144052e-05	1.280061720827672597e-02
1.028139764036573354e+02	1.331273296987365207e-04	1.281646516673899151e-02
1.287629261868312085e+02	1.667311551994519363e-04	1.283264389818143149e-02
1.548118980054795486e+02	2.004645086455032906e-04	1.284914916559699860e-02
1.809618010200617277e+02	2.343285674035061345e-04	1.286597684124045869e-02
2.072135385896886817e+02	2.683245013272018259e-04	1.288312290382849327e-02
2.335680084675372257e+02	3.024534730105218634e-04	1.290058343581731645e-02
2.600261029914014443e+02	3.367166380343555800e-04	1.291835462075497688e-02
2.865887092694978264e+02	3.711151452071701677e-04	1.293643274070739070e-02
3.132567093616788725e+02	4.056501367996860749e-04	1.295481417375444859e-02
3.400309804561669580e+02	4.403227487737490487e-04	1.297349539155571128e-02
3.669123950419495941e+02	4.751341110055860113e-04	1.299247295698242703e-02
3.939018210769247048e+02	5.100853475035551938e-04	1.301174352181492556e-02
4.210001221519472097e+02	5.451775766205890468e-04	1.303130382450288366e-02
4.482081576508797980e+02	5.804119112614627421e-04	1.305115068798711614e-02
4.755267829067506113e+02	6.157894590850211333e-04	1.307128101758027808e-02
5.029568493541356133e+02	6.513113227015155868e-04	1.309169179890657016e-02
5.304992046778517079e+02	6.869785998651649003e-04	1.311238009589639486e-02
5.581546929581016911e+02	7.227923836621194227e-04	1.313334304883673892e-02
5.859241548121202641e+02	7.587537626938950508e-04	1.315457787247343788e-02
6.138084275324489454e+02	7.948638212564420116e-04	1.317608185416619185e-02
6.418083452219201490e+02	8.311236395149503454e-04	1.319785235209262886e-02
6.699247389254513791e+02	8.675342936745264206e-04	1.321988679350168290e-02
6.981584367587304314e+02	9.040968561468418555e-04	1.324218267301385983e-02
7.265102640338626543e+02	9.408123957128479778e-04	1.326473755096785161e-02
7.549810433820968001e+02	9.776819776817088047e-04	1.328754905181128709e-02
7.835715948736830114e+02	1.014706664046018461e-03	1.331061486253520831e-02
8.122827361349451394e+02	1.051887513633411242e-03	1.333393273115056517e-02
8.411152824626485653e+02	1.089225582254670565e-03	1.335750046520580749e-02
8.700700469357433349e+02	1.126721922848437007e-03	1.338131593034398194e-02
8.991478405245145495e+02	1.164377585622560505e-03	1.340537704889914819e-02
9.283494721973106607e+02	1.202193618192314234e-03	1.342968179852933180e-02
9.576757490247759961e+02	1.240171065715378650e-03	1.345422821088739125e-02
9.871274762817641886e+02	1.278310971023818811e-03	1.347901437032582479e-02
1.016705457546946946e+03	1.316614374753081670e-03	1.350403841263794064e-02
1.046410494800195238e+03	1.355082315468104188e-03	1.352929852383104661e-02
1.076243388517814083e+03	1.393715829786644142e-03	1.355479293893275747e-02
1.106204937765616933e+03	1.432515952499814572e-03	1.358051994082959922e-02
1.136295940289965984e+03	1.471483716689978623e-03	1.360647785913523741e-02
1.166517192606833078e+03	1.510620153846088925e-03	1.363266506909014027e-02
1.196869490088914972e+03	1.549926293976500559e-03	1.365907999048901998e-02
1.227353627050815476e+03	1.589403165719282347e-03	1.368572108663764809e-02
1.257970396832426331e+03	1.629051796450198828e-03	1.371258686333625548e-02
1.288720591880517532e+03	1.668873212388370750e-03	1.373967586789077988e-02
1.319605003828553436e+03	1.708868438699634017e-03	1.376698668814922526e-02
1.350624423574814045e+03	1.749038499597712661e-03	1.379451795156396397e-02
1.381779641358929211e+03	1.789384418443330316e-03	1.382226832427816028e-02
1.413071446836715040e+03	1.829907217841121635e-03	1.385023651023643311e-02
1.444500629153520094e+03	1.870607919734621621e-03	1.387842125031890986e-02
1.476067977015984980e+03	1.911487545499189781e-03	1.390682132149772925e-02
1.507774278762386530e+03	1.952547116033111294e-03	1.393543553601538088e-02
1.539620322431482009e+03	1.993787651846748790e-03	1.396426274058466983e-02
1.571606895830024087e+03	2.035210173149975231e-03	1.399330181560978076e-02
1.603734786598821074e+03	2.076815699937724184e-03	1.402255167442706396e-02
1.636004782277534787e+03	2.118605252073902084e-03	1.405201126256592353e-02
1.668417670368145309e+03	2.160579849373577693e-03	1.408167955702840056e-02
1.700974238397211366e+03	2.202740511683609018e-03	1.411155556558824249e-02
1.733675273976831932e+03	2.245088258961588402e-03	1.414163832610731107e-02
1.766521564864461425e+03	2.287624111353306604e-03	1.417192690586951791e-02
1.799513899021575980e+03	2.330349089268724579e-03	1.420242040093286709e-02
1.832653064671149195e+03	2.373264213456405692e-03	1.423311793549734278e-02
1.865939850354114242e+03	2.416370505076633445e-03	1.426401866128937379e-02
1.899375044984697070e+03	2.459668985773072036e-03	1.429512175696204777e-02
1.932959437904700053e+03	2.503160677743060825e-03	1.432642642751060132e-02
1.966693818936790876e+03	2.546846603806626839e-03	1.435793190370322596e-02
2.000578978436827128e+03	2.590727787474242632e-03	1.438963744152576413e-02
2.034615707345179544e+03	2.634805253013293956e-03	1.442154232164114848e-02
2.068804797237159164e+03	2.679080025513381254e-03	1.445364584886261322e-02
2.103147040372478841e+03	2.723553130950373460e-03	1.448594735163992626e-02
2.137643229743861866e+03	2.768225596249358073e-03	1.451844618155901691e-02
2.172294159124798625e+03	2.813098449346484054e-03	1.455114171285400333e-02
2.207100623116476072e+03	2.858172719249735261e-03	1.458403334193211082e-02
2.242063417193808618e+03	2.903449436098548987e-03	1.461712048690982403e-02
2.277183337750732335e+03	2.948929631222461326e-03	1.465040258716168199e-02
2.312461182144748818e+03	2.994614337198796706e-03	1.468387910287966350e-02
2.347897748740672796e+03	3.040504587909327421e-03	1.471754951464412930e-02
2.383493836953634855e+03	3.086601418595951319e-03	1.475141332300551264e-02
2.419250247291392498e+03	3.132905865915493887e-03	1.478547004807614050e-02
2.455167781395968632e+03	3.179418967993628223e-03	1.481971922913301494e-02
2.491247242084493337e+03	3.226141764477762422e-03	1.485416042422993063e-02
2.527489433389619080e+03	3.273075296589382250e-03	1.488879320981967465e-02
2.563895160599030987e+03	3.320220607175214649e-03	1.492361718038514098e-02
2.600465230294437333e+03	3.367578740757720332e-03	1.495863194808049433e-02
2.637200450390081642e+03	3.415150743584970550e-03	1.499383714238062583e-02
2.674101630170431690e+03	3.462937663679451373e-03	1.502923240973939693e-02
2.711169580327431959e+03	3.510940550886308513e-03	1.506481741325670261e-02
2.748405112997163087e+03	3.559160456920818037e-03	1.510059183235338068e-02
2.785809041795959729e+03	3.607598435415164048e-03	1.513655536245474449e-02
2.823382181856005445e+03	3.656255541964532896e-03	1.517270771468114988e-02
2.861125349860319602e+03	3.705132834172416775e-03	1.520904861554719587e-02
2.899039364077401842e+03	3.754231371695485823e-03	1.524557780666742184e-02
2.937125044395251280e+03	3.803552216287639683e-03	1.528229504446984056e-02
2.975383212354942771e+03	3.853096431843489218e-03	1.531920009991632331e-02
3.013814691183776176e+03	3.902865084441285715e-03	1.535629275822997589e-02
3.052420305827883112e+03	3.952859242385144481e-03	1.539357281862894881e-02
3.091200882984552209e+03	4.003079976246911968e-03	1.543104009406739106e-02
3.130157251133881800e+03	4.053528358907149479e-03	1.546869441098176236e-02
3.169290240570295282e+03	4.104205465595952076e-03	1.550653560904426478e-02
3.208600683433416634e+03	4.155112373932927025e-03	1.554456354092207185e-02
3.248089413738701296e+03	4.206250163966865178e-03	1.558277807204195772e-02
3.287757267407591826e+03	4.257619918214790473e-03	1.562117908036120793e-02
3.327605082297283388e+03	4.309222721700507221e-03	1.565976645614405513e-02
3.367633698230283244e+03	4.361059661992881982e-03	1.569854010174334333e-02
3.407843957023404073e+03	4.413131829243384721e-03	1.573749993138738590e-02
3.448236702516574951e+03	4.465440316223404441e-03	1.577664587097257071e-02
3.488812780601169834e+03	4.517986218360935113e-03	1.581597785786029164e-02
3.529573039248190980e+03	4.570770633777066459e-03	1.585549584067907219e-02
3.570518328535944420e+03	4.623794663321833739e-03	1.589519977913216031e-02
3.611649500677536253e+03	4.677059410609816018e-03	1.593508964380829090e-02
3.652967410048005604e+03	4.730565982055282524e-03	1.597516541599833945e-02
3.694472913211230207e+03	4.784315486907026772e-03	1.601542708751586830e-02
3.736166868946429986e+03	4.838309037282696734e-03	1.605587466052200291e-02
3.778050138274474193e+03	4.892547748202858739e-03	1.609650814735445051e-02
3.820123584483958439e+03	4.947032737624767335e-03	1.613732757036094242e-02
3.862388073156939754e+03	5.001765126475692796e-03	1.617833296173638163e-02
3.904844472194426089e+03	5.056746038685928576e-03	1.621952436336383807e-02
3.947493651841644805e+03	5.111976601221522067e-03	1.626090182665988759e-02
3.990336484713082882e+03	5.167457944116688774e-03	1.630246541242286532e-02
4.033373845817252004e+03	5.223191200505894298e-03	1.634421519068531004e-02
4.076606612581227182e+03	5.279177506655626656e-03	1.638615124056989197e-02
4.120035664875050315e+03	5.335418001996001212e-03	1.642827365014844915e-02
4.163661885035773594e+03	5.391913829151894627e-03	1.647058251630497891e-02
4.207486157891360563e+03	5.448666133973899262e-03	1.651307794460073197e-02
4.251509370784484418e+03	5.505676065569139674e-03	1.655576004914446550e-02
4.295732413595899743e+03	5.562944776331545278e-03	1.659862895246354622e-02
4.340156178767926576e+03	5.620473421972250506e-03	1.664168478537981707e-02
4.384781561327486088e+03	5.678263161549441593e-03	1.668492768688767738e-02
4.429609458909033492e+03	5.736315157498038560e-03	1.672835780403524736e-02
4.474640771777350892e+03	5.794630575659224549e-03	1.677197529180805835e-02
4.519876402850180057e+03	5.853210585309753106e-03	1.681578031301590032e-02
4.565317257720611451e+03	5.912056359190932808e-03	1.685977303818227829e-02
4.610964244679399599e+03	5.971169073537538168e-03	1.690395364543613096e-02
4.656818274737071079e+03	6.030549908106433432e-03	1.694832232040671335e-02
4.702880261645844257e+03	6.090200046204960471e-03	1.699287925612029404e-02
4.749151121921619051e+03	6.150120674719409056e-03	1.703762465289996100e-02
4.795631774865406442e+03	6.210312984142782843e-03	1.708255871826732525e-02
4.842323142585139976e+03	6.270778168603027662e-03	1.712768166684654550e-02
4.889226150016826068e+03	6.331517425890435813e-03	1.717299372027118048e-02
4.936341724945957139e+03	6.392531957485368677e-03	1.721849510709250880e-02
4.983670798028754689e+03	6.453822968585765096e-03	1.726418606269053066e-02
5.031214302813009454e+03	6.515391668134136276e-03	1.731006682918675987e-02
5.078973175759150763e+03	6.577239268844846040e-03	1.735613765535941669e-02
5.126948356260929359e+03	6.639366987230894100e-03	1.740239879656016800e-02
5.175140786666166605e+03	6.701776043630790387e-03	1.744885051463328229e-02
5.223551412297392744e+03	6.764467662235279337e-03	1.749549307783654015e-02
5.272181181472161370e+03	6.827443071113646969e-03	1.754232676076379963e-02
5.321031045523634020e+03	6.890703502240376650e-03	1.758935184426966419e-02
5.370101958820703658e+03	6.954250191521215048e-03	1.763656861539595472e-02
5.419394878788300048e+03	7.018084378819459263e-03	1.768397736729952763e-02
5.468910765927370448e+03	7.082207307981839770e-03	1.773157839918240372e-02
5.518650583834998542e+03	7.146620226864566425e-03	1.777937201622298291e-02
5.568615299224332375e+03	7.211324387359142017e-03	1.782735852950943084e-02
5.618805881944336761e+03	7.276321045417939899e-03	1.787553825597383572e-02
5.669223304999694847e+03	7.341611461079973304e-03	1.792391151832916155e-02
5.719868544570362246e+03	7.407196898496225777e-03	1.797247864500639558e-02
5.770742580031371290e+03	7.473078625955288656e-03	1.802123997009394754e-02
5.821846393972167789e+03	7.539257915908402670e-03	1.807019583327829776e-02
5.873180972216274313e+03	7.605736044994933220e-03	1.811934657978648763e-02
5.924747303840650602e+03	7.672514294067427597e-03	1.816869256032878355e-02
5.976546381195062168e+03	7.739593948216708617e-03	1.821823413104416145e-02
6.028579199921396139e+03	7.806976296796881536e-03	1.826797165344599266e-02
6.080846758972886164e+03	7.874662633450234261e-03	1.831790549436990503e-02
6.133350060633327303e+03	7.942654256132117632e-03	1.836803602592198756e-02
6.186090110536203611e+03	8.010952467135718999e-03	1.841836362542916689e-02
6.239067917683775704e+03	8.079558573116778566e-03	1.846888867538981974e-02
6.292284494466141950e+03	8.148473885118273641e-03	1.851961156342648782e-02
6.345740856680291472e+03	8.217699718595093336e-03	1.857053268223897088e-02
6.399438023548902493e+03	8.287237393438378480e-03	1.862165242955923089e-02
6.453377017739379880e+03	8.357088234000189381e-03	1.867297120810682692e-02
6.507558865382815384e+03	8.427253569118031348e-03	1.872448942554560264e-02
6.561984596092637730e+03	8.497734732139041944e-03	1.877620749444161921e-02
6.616655242983512835e+03	8.568533060944434968e-03	1.882812583222190361e-02
6.671571842690116682e+03	8.639649897973835160e-03	1.888024486113423078e-02
6.726735435385890014e+03	8.711086590249546985e-03	1.893256500820819296e-02
6.782147064801759370e+03	8.782844489400811264e-03	1.898508670521652925e-02
6.837807778244768997e+03	8.854924951687931714e-03	1.903781038863812045e-02
6.893718626616791880e+03	8.927329338026496891e-03	1.909073649962155991e-02
6.949880664433168931e+03	9.000059014011529274e-03	1.914386548394976170e-02
7.006294949841253583e+03	9.073115349941493837e-03	1.919719779200508569e-02
7.062962544639149201e+03	9.146499720842561632e-03	1.925073387873591640e-02
7.119884514294151813e+03	9.220213506492503860e-03	1.930447420362354019e-02
7.177061927961332913e+03	9.294258091444742090e-03	1.935841923065033041e-02
7.234495858502185001e+03	9.368634865052502536e-03	1.941256942826841830e-02
7.292187382503102526e+03	9.443345221492746577e-03	1.946692526936910986e-02
7.350137580293736391e+03	9.518390559789948607e-03	1.952148723125327751e-02
7.408347535965826864e+03	9.593772283840461962e-03	1.957625579560228965e-02
7.466818337391416208e+03	9.669491802436133709e-03	1.963123144845039733e-02
7.525551076241506053e+03	9.745550529288445063e-03	1.968641468015638538e-02
7.584546848004432832e+03	9.821949883052310051e-03	1.974180598537733297e-02
7.643806752004504233e+03	9.898691287350219400e-03	1.979740586304269689e-02
7.703331891420274587e+03	9.975776170795902162e-03	1.985321481632869658e-02
7.763123373303202243e+03	1.005320596701848000e-02	1.990923335263353536e-02
7.823182308595993163e+03	1.013098211468622944e-02	1.996546198355339530e-02
7.883509812151193728e+03	1.020910605753066330e-02	2.002190122485935503e-02
7.944107002749514322e+03	1.028757924437025476e-02	2.007855159647408544e-02
8.004975003118475797e+03	1.036640312913457776e-02	2.013541362245009972e-02
8.066114939950812186e+03	1.044557917088815083e-02	2.019248783094786115e-02
8.127527943922897066e+03	1.052510883385429294e-02	2.024977475421512255e-02
8.189215149713369101e+03	1.060499358743924141e-02	2.030727492856620325e-02
8.251177696021490192e+03	1.068523490625593667e-02	2.036498889436237289e-02
8.313416725585870154e+03	1.076583427014824769e-02	2.042291719599258551e-02
8.375933385202688441e+03	1.084679316421459719e-02	2.048106038185423458e-02
8.438728825744612550e+03	1.092811307883245070e-02	2.053941900433587861e-02
8.501804202178889682e+03	1.100979550968173015e-02	2.059799361979874205e-02
8.565160673586280609e+03	1.109184195776935153e-02	2.065678478855988848e-02
8.628799403179533329e+03	1.117425392945314497e-02	2.071579307487551869e-02
8.692721558321825796e+03	1.125703293646572282e-02	2.077501904692472673e-02
8.756928310545612476e+03	1.134018049593892366e-02	2.083446327679361679e-02
8.821420835570839699e+03	1.142369813042734723e-02	2.089412634046060660e-02
8.886200313323994123e+03	1.150758736793307084e-02	2.095400881778116189e-02
8.951267927956771018e+03	1.159184974192979493e-02	2.101411129247363063e-02
9.016624867864396947e+03	1.167648679138658628e-02	2.107443435210566013e-02
9.082272325704690957e+03	1.176150006079255440e-02	2.113497858808004518e-02
9.148211498416481845e+03	1.184689110018070403e-02	2.119574459562254681e-02
9.214443587238629334e+03	1.193266146515256643e-02	2.125673297376883680e-02
9.280969797728603226e+03	1.201881271690226349e-02	2.131794432535259742e-02
9.347791339781273564e+03	1.210534642224083725e-02	2.137937925699329167e-02
9.414909427648015480e+03	1.219226415362099393e-02	2.144103837908524837e-02
9.482325279955124643e+03	1.227956748916094604e-02	2.150292230578663977e-02
9.550040119722945747e+03	1.236725801266918764e-02	2.156503165500853539e-02
9.618055174384722704e+03	1.245533731366890717e-02	2.162736704840545476e-02
9.686371675805663472e+03	1.254380698742267250e-02	2.168992911136436927e-02
9.754990860301610155e+03	1.263266863495661474e-02	2.175271847299636158e-02
9.823913968658291196e+03	1.272192386308534581e-02	2.181573576612649834e-02
9.893142246150076971e+03	1.281157428443626539e-02	2.187898162728603435e-02
9.962676942559450254e+03	1.290162151747476123e-02	2.194245669670296522e-02
1.003251931219564904e+04	1.299206718652836691e-02	2.200616161829463402e-02
1.010267061391406241e+04	1.308291292181185637e-02	2.207009703965969946e-02
1.017313211113529178e+04	1.317416035945194290e-02	2.213426361207062459e-02
1.024390507186426839e+04	1.326581114151204575e-02	2.219866199046654706e-02
1.031499076870979843e+04	1.335786691601757552e-02	2.226329283344689880e-02
1.038639047890314578e+04	1.345032933698001899e-02	2.232815680326398489e-02
1.045810548431816642e+04	1.354320006442301209e-02	2.239325456581752610e-02
1.053013707149013135e+04	1.363648076440670057e-02	2.245858679064888230e-02
1.060248653163525705e+04	1.373017310905305481e-02	2.252415415093402332e-02
1.067515516066998316e+04	1.382427877657080827e-02	2.258995732348013583e-02
1.074814425923050294e+04	1.391879945128077049e-02	2.265599698871918408e-02
1.082145513269233743e+04	1.401373682364116975e-02	2.272227383070382981e-02
1.089508909118996962e+04	1.410909259027307017e-02	2.278878853710260624e-02
1.096904744963594931e+04	1.420486845398512103e-02	2.285554179919557435e-02
1.104333152774111659e+04	1.430106612379975460e-02	2.292253431187091586e-02
1.111794265003389410e+04	1.439768731497814702e-02	2.298976677361994417e-02
1.119288214587996663e+04	1.449473374904572051e-02	2.305723988653514758e-02
1.126815134950230822e+04	1.459220715381807747e-02	2.312495435630630702e-02
1.134375160000073629e+04	1.469010926342631702e-02	2.319291089221718616e-02
1.141968424137185684e+04	1.478844181834286856e-02	2.326111020714352953e-02
1.149595062252893695e+04	1.488720656540721936e-02	2.332955301754990191e-02
1.157255209732185176e+04	1.498640525785175856e-02	2.339824004348753025e-02
1.164949002455703521e+04	1.508603965532759675e-02	2.346717200859264885e-02
1.172676576801755255e+04	1.518611152393058161e-02	2.353634964008475411e-02
1.180438069648318015e+04	1.528662263622727717e-02	2.360577366876431132e-02
1.188233618375045444e+04	1.538757477128094298e-02	2.367544482901200176e-02
1.196063360865294089e+04	1.548896971467778223e-02	2.374536385878744590e-02
1.203927435508132839e+04	1.559080925855294876e-02	2.381553149962811408e-02
1.211825981200400201e+04	1.569309520161721663e-02	2.388594849664903846e-02
1.219759137348697368e+04	1.579582934918275644e-02	2.395661559854166470e-02
1.227727043871469323e+04	1.589901351319011197e-02	2.402753355757412251e-02
1.235729841201022282e+04	1.600264951223431126e-02	2.409870312959059777e-02
1.243767670285555869e+04	1.610673917159120144e-02	2.417012507401199856e-02
1.251840672591272050e+04	1.621128432324472901e-02	2.424180015383569156e-02
1.259948990104367476e+04	1.631628680591277331e-02	2.431372913563625837e-02
1.268092765333148782e+04	1.642174846507451352e-02	2.438591278956625183e-02
1.276272141310086045e+04	1.652767115299703590e-02	2.445835188935658114e-02
1.284487261593882977e+04	1.663405672876214214e-02	2.453104721231827087e-02
1.292738270271568399e+04	1.674090705829342496e-02	2.460399953934278364e-02
1.301025311960587169e+04	1.684822401438336101e-02	2.467720965490441398e-02
1.309348531810872191e+04	1.695600947672011583e-02	2.475067834706072556e-02
1.317708075506965179e+04	1.706426533191504613e-02	2.482440640745537178e-02
1.326104089270115037e+04	1.717299347352983785e-02	2.489839463131952521e-02
1.334536719860392077e+04	1.728219580210390433e-02	2.497264381747328621e-02
1.343006114578780034e+04	1.739187422518148271e-02	2.504715476832945417e-02
1.351512421269328843e+04	1.750203065733949015e-02	2.512192828989471410e-02
1.360055788321284126e+04	1.761266702021511976e-02	2.519696519177233585e-02
1.368636364671176489e+04	1.772378524253289886e-02	2.527226628716561230e-02
1.377254299805029405e+04	1.783538726013325637e-02	2.534783239287981965e-02
1.385909743760448146e+04	1.794747501599961576e-02	2.542366432932572154e-02
1.394602847128804933e+04	1.806005046028664324e-02	2.549976292052295868e-02
1.403333761057395350e+04	1.817311555034821502e-02	2.557612899410325116e-02
1.412102637251576198e+04	1.828667225076507571e-02	2.565276338131347589e-02
1.420909627976985394e+04	1.840072253337361047e-02	2.572966691701989578e-02
1.429754886061660363e+04	1.851526837729325012e-02	2.580684043971158415e-02
1.438638564898295044e+04	1.863031176895572211e-02	2.588428479150480660e-02
1.447560818446349003e+04	1.874585470213234115e-02	2.596200081814649049e-02
1.456521801234310624e+04	1.886189917796335033e-02	2.603998936901849928e-02
1.465521668361873162e+04	1.897844720498606530e-02	2.611825129714287833e-02
1.474560575502150459e+04	1.909550079916359083e-02	2.619678745918499474e-02
1.483638678903886284e+04	1.921306198391343339e-02	2.627559871545919606e-02
1.492756135393696240e+04	1.933113279013650224e-02	2.635468592993349402e-02
1.501913102378282565e+04	1.944971525624583988e-02	2.643404997023339822e-02
1.511109737846669486e+04	1.956881142819552610e-02	2.651369170764869554e-02
1.520346200372470230e+04	1.968842335951005718e-02	2.659361201713691253e-02
1.529622649116108369e+04	1.980855311131311802e-02	2.667381177732969580e-02
1.538939243827092287e+04	1.992920275235701699e-02	2.675429187053802657e-02
1.548296144846282550e+04	2.005037435905205820e-02	2.683505318275703627e-02
1.557693513108152729e+04	2.017207001549583753e-02	2.691609660367276502e-02
1.567131510143081323e+04	2.029429181350287173e-02	2.699742302666695293e-02
1.576610298079633685e+04	2.041704185263421359e-02	2.707903334882374308e-02
1.586130039646847763e+04	2.054032224022700817e-02	2.716092847093537488e-02
1.595690898176532755e+04	2.066413509142427107e-02	2.724310929750779417e-02
1.605293037605606332e+04	2.078848252920515935e-02	2.732557673676807436e-02
1.614936622478365098e+04	2.091336668441437854e-02	2.740833170066999183e-02
1.624621817948841090e+04	2.103878969579268260e-02	2.749137510490053463e-02
1.634348789783118445e+04	2.116475371000689498e-02	2.757470786888647357e-02
1.644117704361672804e+04	2.129126088168019001e-02	2.765833091580146078e-02
1.653928728681701250e+04	2.141831337342226318e-02	2.774224517257298933e-02
1.663782030359518467e+04	2.154591335586038617e-02	2.782645156988818730e-02
1.673677777632829384e+04	2.167406300766878610e-02	2.791095104220254336e-02
1.683616139363199545e+04	2.180276451560070675e-02	2.799574452774562100e-02
1.693597285038352493e+04	2.193202007451809654e-02	2.808083296852925334e-02
1.703621384774606486e+04	2.206183188742320833e-02	2.816621731035442305e-02
1.713688609319209354e+04	2.219220216548879743e-02	2.825189850281890208e-02
1.723799130052795590e+04	2.232313312808997807e-02	2.833787749932493993e-02
1.733953118991732845e+04	2.245462700283458110e-02	2.842415525708675422e-02
1.744150748790591024e+04	2.258668602559515612e-02	2.851073273713850692e-02
1.754392192744508066e+04	2.271931244053958243e-02	2.859761090434202735e-02
1.764677624791637572e+04	2.285250850016277285e-02	2.868479072739507640e-02
1.775007219515624456e+04	2.298627646531874527e-02	2.877227317883914587e-02
1.785381152148008186e+04	2.312061860525172277e-02	2.886005923506780591e-02
1.795799598570666058e+04	2.325553719762781316e-02	2.894814987633489295e-02
1.806262735318295017e+04	2.339103452856709786e-02	2.903654608676333598e-02
1.816770739580909139e+04	2.352711289267600883e-02	2.912524885435312932e-02
1.827323789206247602e+04	2.366377459307850151e-02	2.921425917099015543e-02
1.837922062702335461e+04	2.380102194144921579e-02	2.930357803245472320e-02
1.848565739239883987e+04	2.393885725804456924e-02	2.939320643843040121e-02
1.859254998654901647e+04	2.407728287173654252e-02	2.948314539251323599e-02
1.869990021451107896e+04	2.421630112004399121e-02	2.957339590222026263e-02
1.880770988802534339e+04	2.435591434916626469e-02	2.966395897899880632e-02
1.891598082555967267e+04	2.449612491401487527e-02	2.975483563823580827e-02
1.902471485233518979e+04	2.463693517824680143e-02	2.984602689926646110e-02
1.913391380035210386e+04	2.477834751429792634e-02	2.993753378538399623e-02
1.924357950841455749e+04	2.492036430341518921e-02	3.002935732384958215e-02
1.935371382215666745e+04	2.506298793569034303e-02	3.012149854590100498e-02
1.946431859406825242e+04	2.520622081009325430e-02	3.021395848676246276e-02
1.957539568351999696e+04	2.535006533450449157e-02	3.030673818565499458e-02
1.968694695679022698e+04	2.549452392575002335e-02	3.039983868580506052e-02
1.979897428709019368e+04	2.563959900963390381e-02	3.049326103445558489e-02
1.991147955459023069e+04	2.578529302097220741e-02	3.058700628287494561e-02
2.002446464644593289e+04	2.593160840362690456e-02	3.068107548636816659e-02
2.013793145682444447e+04	2.607854761053987960e-02	3.077546970428586201e-02
2.025188188693043776e+04	2.622611310376663993e-02	3.087019000003511995e-02
2.036631784503299423e+04	2.637430735451105207e-02	3.096523744108992809e-02
2.048124124649188889e+04	2.652313284315942210e-02	3.106061309900130796e-02
2.059665401378378010e+04	2.667259205931441640e-02	3.115631804940777877e-02
2.071255807652941439e+04	2.682268750183025921e-02	3.125235337204607805e-02
2.082895537152006000e+04	2.697342167884700034e-02	3.134872015076152485e-02
2.094584784274425328e+04	2.712479710782510905e-02	3.144541947351917055e-02
2.106323744141493808e+04	2.727681631558066810e-02	3.154245243241471375e-02
2.118112612599663407e+04	2.742948183832053313e-02	3.163982012368461716e-02
2.129951586223212507e+04	2.758279622167688488e-02	3.173752364771801476e-02
2.141840862316995845e+04	2.773676202074284655e-02	3.183556410906729361e-02
2.153780638919164267e+04	2.789138180010772294e-02	3.193394261645918220e-02
2.165771114803891760e+04	2.804665813389228823e-02	3.203266028280611633e-02
2.177812489484163598e+04	2.820259360578491331e-02	3.213171822521809773e-02
2.189904963214469535e+04	2.835919080907641984e-02	3.223111756501282482e-02
2.202048736993636339e+04	2.851645234669679743e-02	3.233085942772859211e-02
2.214244012567575191e+04	2.867438083125074463e-02	3.243094494313495529e-02
2.226490992432060375e+04	2.883297888505366793e-02	3.253137524524428448e-02
2.238789879835507600e+04	2.899224914016767379e-02	3.263215147232425423e-02
2.251140878781858555e+04	2.915219423843892071e-02	3.273327476690900822e-02
2.263544194033305757e+04	2.931281683153285841e-02	3.283474627581104560e-02
2.276000031113169825e+04	2.947411958097156254e-02	3.293656715013395381e-02
2.288508596308686174e+04	2.963610515816978222e-02	3.303873854528298348e-02
2.301070096673911030e+04	2.979877624447255235e-02	3.314126162097861400e-02
2.313684740032535774e+04	2.996213553119170259e-02	3.324413754126803733e-02
2.326352734980758032e+04	3.012618571964298039e-02	3.334736747453757172e-02
2.339074290890142947e+04	3.029092952118311172e-02	3.345095259352474926e-02
2.351849617910549932e+04	3.045636965724773590e-02	3.355489407533107649e-02
2.364678926972962290e+04	3.062250885938801528e-02	3.365919310143466320e-02
2.377562429792443072e+04	3.078934986930893444e-02	3.376385085770213651e-02
2.390500338871021449e+04	3.095689543890665918e-02	3.386886853440249784e-02
2.403492867500653665e+04	3.112514833030691208e-02	3.397424732621832921e-02
2.416540229766074117e+04	3.129411131590184580e-02	3.407998843225950453e-02
2.429642640547847259e+04	3.146378717838961558e-02	3.418609305607626242e-02
2.442800315525227415e+04	3.163417871081138089e-02	3.429256240567168240e-02
2.456013471179187036e+04	3.180528871659053791e-02	3.439939769351478549e-02
2.469282324795345266e+04	3.197712000957063372e-02	3.450660013655389852e-02
2.482607094467019124e+04	3.214967541405487628e-02	3.461417095622972701e-02
2.495987999098117871e+04	3.232295776484364613e-02	3.472211137848853907e-02
2.509425258406250578e+04	3.249696990727467955e-02	3.483042263379539094e-02
2.522919092925692530e+04	3.267171469726157934e-02	3.493910595714792150e-02
2.536469724010406571e+04	3.284719500133281844e-02	3.504816258808959861e-02
2.550077373837075720e+04	3.302341369667111115e-02	3.515759377072338876e-02
2.563742265408212188e+04	3.320037367115363791e-02	3.526740075372535727e-02
2.577464622555140159e+04	3.337807782339066720e-02	3.537758479035815057e-02
2.591244669941091342e+04	3.355652906276565539e-02	3.548814713848522789e-02
2.605082633064325273e+04	3.373573030947564499e-02	3.559908906058444761e-02
2.618978738261150284e+04	3.391568449457039308e-02	3.571041182376201439e-02
2.632933212709060172e+04	3.409639455999298463e-02	3.582211669976672480e-02
2.646946284429887965e+04	3.427786345862068873e-02	3.593420496500372013e-02
2.661018182292847996e+04	3.446009415430432293e-02	3.604667790054864873e-02
2.675149136017717319e+04	3.464308962190949109e-02	3.615953679216262623e-02
2.689339376177990925e+04	3.482685284735741182e-02	3.627278293030517659e-02
2.703589134204022776e+04	3.501138682766560123e-02	3.638641761015019849e-02
2.717898642386160282e+04	3.519669457098850013e-02	3.650044213159961415e-02
2.732268133877989385e+04	3.538277909665943355e-02	3.661485779929742751e-02
2.746697842699479588e+04	3.556964343523138367e-02	3.672966592264542696e-02
2.761188003740198837e+04	3.575729062851863010e-02	3.684486781581664677e-02
2.775738852762498209e+04	3.594572372963793921e-02	3.696046479777163191e-02
2.790350626404804279e+04	3.613494580305125908e-02	3.707645819227181616e-02
2.805023562184761977e+04	3.632495992460638840e-02	3.719284932789513470e-02
2.819757898502562603e+04	3.651576918158008084e-02	3.730963953805114391e-02
2.834553874644156167e+04	3.670737667271963683e-02	3.742683016099556531e-02
2.849411730784537576e+04	3.689978550828548753e-02	3.754442253984598826e-02
2.864331707991012809e+04	3.709299881009343880e-02	3.766241802259617105e-02
2.879314048226504019e+04	3.728701971155754663e-02	3.778081796213281218e-02
2.894358994352821537e+04	3.748185135773239585e-02	3.789962371624933796e-02
2.909466790134046460e+04	3.767749690535700247e-02	3.801883664766217419e-02
2.924637680239815018e+04	3.787395952289727280e-02	3.813845812402615054e-02
2.939871910248649874e+04	3.807124239058917725e-02	3.825848951794977304e-02
2.955169726651334349e+04	3.826934870048245840e-02	3.837893220701137087e-02
2.970531376854230621e+04	3.846828165648354808e-02	3.849978757377400806e-02
2.985957109182715067e+04	3.866804447440012199e-02	3.862105700580248380e-02
3.001447172884533211e+04	3.886864038198448862e-02	3.874274189567796650e-02
3.017001818133191409e+04	3.907007261897756795e-02	3.886484364101477906e-02
3.032621296031389647e+04	3.927234443715327261e-02	3.898736364447564356e-02
3.048305858614404497e+04	3.947545910036241723e-02	3.911030331378882036e-02
3.064055758853563748e+04	3.967941988457759223e-02	3.923366406176322790e-02
3.079871250659699217e+04	3.988423007793800296e-02	3.935744730630548471e-02
3.095752588886552621e+04	4.008989298079345537e-02	3.948165447043555654e-02
3.111700029334318970e+04	4.029641190575036780e-02	3.960628698230363176e-02
3.127713828753032431e+04	4.050379017771549989e-02	3.973134627520613638e-02
3.143794244846177753e+04	4.071203113394280398e-02	3.985683378760274814e-02
3.159941536274097234e+04	4.092113812407750101e-02	3.998275096313292504e-02
3.176155962657592681e+04	4.113111451020275144e-02	4.010909925063217002e-02
3.192437784581371670e+04	4.134196366688426549e-02	4.023588010414921867e-02
3.208787263597700075e+04	4.155368898121759164e-02	4.036309498296259540e-02
3.225204662229862515e+04	4.176629385287299046e-02	4.049074535159784965e-02
3.241690243975777048e+04	4.197978169414216809e-02	4.061883267984383455e-02
3.258244273311599682e+04	4.219415592998499581e-02	4.074735844277074109e-02
3.274867015695249574e+04	4.240941999807517487e-02	4.087632412074651556e-02
3.291558737570088124e+04	4.262557734884781652e-02	4.100573119945442879e-02
3.308319706368529296e+04	4.284263144554627950e-02	4.113558116991002794e-02
3.325150190515656868e+04	4.306058576426895906e-02	4.126587552847877510e-02
3.342050459432823118e+04	4.327944379401589547e-02	4.139661577689338762e-02
3.359020783541448327e+04	4.349920903673802630e-02	4.152780342227107430e-02
3.376061434266540164e+04	4.371988500738264311e-02	4.165943997713195124e-02
3.393172684040488093e+04	4.394147523394270616e-02	4.179152695941545231e-02
3.410354806306667160e+04	4.416398325750330728e-02	4.192406589249948051e-02
3.427608075523294247e+04	4.438741263229181722e-02	4.205705830521663802e-02
3.444932767166956910e+04	4.461176692572342561e-02	4.219050573187340530e-02
3.462329157736547495e+04	4.483704971845215576e-02	4.232440971226732879e-02
3.479797524756923667e+04	4.506326460441823639e-02	4.245877179170580440e-02
3.497338146782614785e+04	4.529041519089618828e-02	4.259359352102339014e-02
3.514951303401732002e+04	4.551850509854531851e-02	4.272887645660065903e-02
3.532637275239665178e+04	4.574753796145768908e-02	4.286462216038143536e-02
3.550396343962918763e+04	4.597751742720780632e-02	4.300083219989290356e-02
3.568228792282941868e+04	4.620844715690213683e-02	4.313750814826257385e-02
3.586134903959959047e+04	4.644033082522878997e-02	4.327465158423617758e-02
3.604114963806786545e+04	4.667317212050690889e-02	4.341226409219869214e-02
3.622169257692717656e+04	4.690697474473698447e-02	4.355034726219083469e-02
3.640298072547413904e+04	4.714174241365125945e-02	4.368890268992862286e-02
3.658501696364796226e+04	4.737747885676411863e-02	4.382793197682118003e-02
3.676780418206877221e+04	4.761418781742168121e-02	4.396743672999198910e-02
3.695134528207765106e+04	4.785187305285368981e-02	4.410741856229548341e-02
3.713564317577480688e+04	4.809053833422294311e-02	4.424787909233680178e-02
3.732070078606075549e+04	4.833018744667860744e-02	4.438881994449153656e-02
3.750652104667437379e+04	4.857082418940548985e-02	4.453024274892401074e-02
3.769310690223316487e+04	4.881245237567619771e-02	4.467214914160683864e-02
3.788046130827326124e+04	4.905507583290295154e-02	4.481454076434159689e-02
3.806858723128904239e+04	4.929869840268884945e-02	4.495741926477512390e-02
3.825748764877383655e+04	4.954332394088063751e-02	4.510078629642211290e-02
3.844716554925929813e+04	4.978895631761962731e-02	4.524464351868322243e-02
3.863762393235714990e+04	5.003559941739581934e-02	4.538899259686541426e-02
3.882886580879856047e+04	5.028325713909885530e-02	4.553383520220102149e-02
3.902089420047603198e+04	5.053193339607230800e-02	4.567917301186758677e-02
3.921371214048215916e+04	5.078163211616380790e-02	4.582500770900853337e-02
3.940732267315351783e+04	5.103235724178192129e-02	4.597134098275262176e-02
3.960172885410996969e+04	5.128411272994706088e-02	4.611817452823351732e-02
3.979693375029598974e+04	5.153690255234497086e-02	4.626551004661146743e-02
3.999294044002310693e+04	5.179073069538170371e-02	4.641334924509139120e-02
4.018975201301022753e+04	5.204560116023584232e-02	4.656169383694518799e-02
4.038737157042675972e+04	5.230151796291436506e-02	4.671054554153081934e-02
4.058580222493381007e+04	5.255848513430591562e-02	4.685990608431271631e-02
4.078504710072591843e+04	5.281650672023497500e-02	4.700977719688356760e-02
4.098510933357331669e+04	5.307558678151645670e-02	4.716016061698422718e-02
4.118599207086533715e+04	5.333572939401203666e-02	4.731105808852373307e-02
4.138769847165178362e+04	5.359693864868361052e-02	4.746247136160103297e-02
4.159023170668587409e+04	5.385921865164901984e-02	4.761440219252606465e-02
4.179359495846735081e+04	5.412257352423784085e-02	4.776685234383924727e-02
4.199779142128492822e+04	5.438700740304627107e-02	4.791982358433398426e-02
4.220282430126027612e+04	5.465252443999421561e-02	4.807331768907705666e-02
4.240869681639003829e+04	5.491912880237961869e-02	4.822733643942981457e-02
4.261541219659039052e+04	5.518682467293620914e-02	4.838188162307065221e-02
4.282297368374005600e+04	5.545561624988914334e-02	4.853695503401459638e-02
4.303138453172399750e+04	5.572550774701170301e-02	4.869255847263542075e-02
4.324064800647788070e+04	5.599650339368272833e-02	4.884869374568718420e-02
4.345076738603116246e+04	5.626860743494252470e-02	4.900536266632669891e-02
4.366174596055215807e+04	5.654182413155117715e-02	4.916256705413368094e-02
4.387358703239201714e+04	5.681615776004556029e-02	4.932030873513387759e-02
4.408629391612957261e+04	5.709161261279727811e-02	4.947858954182018931e-02
4.429986993861576775e+04	5.736819299807036782e-02	4.963741131317479793e-02
4.451431843901809043e+04	5.764590324007876077e-02	4.979677589469079513e-02
4.472964276886622247e+04	5.792474767904533250e-02	4.995668513839547631e-02
4.494584629209720879e+04	5.820473067126052946e-02	5.011714090287130302e-02
4.516293238510019000e+04	5.848585658914020463e-02	5.027814505327925926e-02
4.538090443676251743e+04	5.876812982128539614e-02	5.043969946137980692e-02
4.559976584851508233e+04	5.905155477254092622e-02	5.060180600555670705e-02
4.581952003437821259e+04	5.933613586405498547e-02	5.076446657083888425e-02
4.604017042100744584e+04	5.962187753333828694e-02	5.092768304892362347e-02
4.626172044773996458e+04	5.990878423432425409e-02	5.109145733819844826e-02
4.648417356664127874e+04	6.019686043742947246e-02	5.125579134376438695e-02
4.670753324255043844e+04	6.048611062961224000e-02	5.142068697745895423e-02
4.693180295312783710e+04	6.077653931443441349e-02	5.158614615787856378e-02
4.715698618890181388e+04	6.106815101212187402e-02	5.175217081040308503e-02
4.738308645331508887e+04	6.136095025962455540e-02	5.191876286721714556e-02
4.761010726277269714e+04	6.165494161067857498e-02	5.208592426733421599e-02
4.783805214668856206e+04	6.195012963586651877e-02	5.225365695662077814e-02
4.806692464753338572e+04	6.224651892267948211e-02	5.242196288781725277e-02
4.829672832088203722e+04	6.254411407557841640e-02	5.259084402056515145e-02
4.852746673546238890e+04	6.284291971605737714e-02	5.276030232142745607e-02
4.875914347320127854e+04	6.314294048270306658e-02	5.293033976391400136e-02
4.899176212927461893e+04	6.344418103125970543e-02	5.310095832850331848e-02
4.922532631215482252e+04	6.374664603469042123e-02	5.327216000267030044e-02
4.945983964365962311e+04	6.405034018324054501e-02	5.344394678090652606e-02
4.969530575900036638e+04	6.435526818450006126e-02	5.361632066474569108e-02
4.993172830683142092e+04	6.466143476346766783e-02	5.378928366278759587e-02
5.016911094929843966e+04	6.496884466261323987e-02	5.396283779072272302e-02
5.040745736208907329e+04	6.527750264194349950e-02	5.413698507135607241e-02
5.064677123448022030e+04	6.558741347906317520e-02	5.431172753463143349e-02
5.088705626938913338e+04	6.589858196924132383e-02	5.448706721765676775e-02
5.112831618342302681e+04	6.621101292547537653e-02	5.466300616472831442e-02
5.137055470692857489e+04	6.652471117855536520e-02	5.483954642735425905e-02
5.161377558404164301e+04	6.683968157712827374e-02	5.501669006428176051e-02
5.185798257273884519e+04	6.715592898776488739e-02	5.519443914151970360e-02
5.210317944488689682e+04	6.747345829502354730e-02	5.537279573236492808e-02
5.234936998629365553e+04	6.779227440151638917e-02	5.555176191742591807e-02
5.259655799675869639e+04	6.811238222797480479e-02	5.573133978464987759e-02
5.284474729012486932e+04	6.843378671331615259e-02	5.591153142934635056e-02
5.309394169432887429e+04	6.875649281470935792e-02	5.609233895421360250e-02
5.334414505145298608e+04	6.908050550764176234e-02	5.627376446936390580e-02
5.359536121777699009e+04	6.940582978598647257e-02	5.645581009234770797e-02
5.384759406382832822e+04	6.973247066206729461e-02	5.663847794818110959e-02
5.410084747443597007e+04	7.006043316672846966e-02	5.682177016937079578e-02
5.435512534878142469e+04	7.038972234940071848e-02	5.700568889593954358e-02
5.461043160045172408e+04	7.072034327816993649e-02	5.719023627545271465e-02
5.486677015749100246e+04	7.105230103984387646e-02	5.737541446304404019e-02
5.512414496245391638e+04	7.138560074002142652e-02	5.756122562144119770e-02
5.538255997245810431e+04	7.172024750316045860e-02	5.774767192099310165e-02
5.564201915923805063e+04	7.205624647264766147e-02	5.793475553969494596e-02
5.590252650919659209e+04	7.239360281086518190e-02	5.812247866321581385e-02
5.616408602346028056e+04	7.273232169926237278e-02	5.831084348492441422e-02
5.642670171793203917e+04	7.307240833842391925e-02	5.849985220591563673e-02
5.669037762334505533e+04	7.341386794813969940e-02	5.868950703503740540e-02
5.695511778531690652e+04	7.375670576747478391e-02	5.887981018891775414e-02
5.722092626440327149e+04	7.410092705483911635e-02	5.907076389199092392e-02
5.748780713615324203e+04	7.444653708805903936e-02	5.926237037652542367e-02
5.775576449116368167e+04	7.479354116444772438e-02	5.945463188265040499e-02
5.802480243513346068e+04	7.514194460087540717e-02	5.964755065838332759e-02
5.829492508891901525e+04	7.549175273384135798e-02	5.984112895965633394e-02
5.856613658858840063e+04	7.584297091954382564e-02	6.003536905034412979e-02
5.883844108547872020e+04	7.619560453395447797e-02	6.023027320229203119e-02
5.911184274625017133e+04	7.654965897288830423e-02	6.042584369534287347e-02
5.938634575294246315e+04	7.690513965207673719e-02	6.062208281736507220e-02
5.966195430303003377e+04	7.726205200723922084e-02	6.081899286427983747e-02
5.993867260947910836e+04	7.762040149415690149e-02	6.101657614008904745e-02
6.021650490080352029e+04	7.798019358874515305e-02	6.121483495690453747e-02
6.049545542112190742e+04	7.834143378712746242e-02	6.141377163497509922e-02
6.077552843021340959e+04	7.870412760570767718e-02	6.161338850271429884e-02
6.105672820357637102e+04	7.906828058124594494e-02	6.181368789673025166e-02
6.133905903248376853e+04	7.943389827093054467e-02	6.201467216185206632e-02
6.162252522404178308e+04	7.980098625245371502e-02	6.221634365115991799e-02
6.190713110124674131e+04	8.016955012408535919e-02	6.241870472601322717e-02
6.219288100304317049e+04	8.053959550474833196e-02	6.262175775607894956e-02
6.247977928438234085e+04	8.091112803409412912e-02	6.282550511936164928e-02
6.276783031627944001e+04	8.128415337257700879e-02	6.302994920223016495e-02
6.305703848587283574e+04	8.165867720153067999e-02	6.323509239944903604e-02
6.334740819648286561e+04	8.203470522324450565e-02	6.344093711420559223e-02
6.363894386766925163e+04	8.241224316103777647e-02	6.364748575814106746e-02
6.393164993529253115e+04	8.279129675933930010e-02	6.385474075137911876e-02
6.422553085157123860e+04	8.317187178376149459e-02	6.406270452255476144e-02
6.452059108514265245e+04	8.355397402117897832e-02	6.427137950884465045e-02
6.481683512112177414e+04	8.393760927980499498e-02	6.448076815599632083e-02
6.511426746116156573e+04	8.432278338926940675e-02	6.469087291835821929e-02
6.541289262351315119e+04	8.470950220069660419e-02	6.490169625890981897e-02
6.571271514308651967e+04	8.509777158678429043e-02	6.511324064929092936e-02
6.601373957151010109e+04	8.548759744188036414e-02	6.532550856983253273e-02
6.631597047719215334e+04	8.587898568206267513e-02	6.553850250958626056e-02
6.661941244538279716e+04	8.627194224521922417e-02	6.575222496635557690e-02
6.692407007823299500e+04	8.666647309112449071e-02	6.596667844672590708e-02
6.722994799485753174e+04	8.706258420152117317e-02	6.618186546609465537e-02
6.753705083139640919e+04	8.746028158019950038e-02	6.639778854870269365e-02
6.784538324107773951e+04	8.785957125307877758e-02	6.661445022766426804e-02
6.815494989427717519e+04	8.826045926828439414e-02	6.683185304499875135e-02
6.846575547858270875e+04	8.866295169623159000e-02	6.704999955166054959e-02
6.877780469885539787e+04	8.906705462970426757e-02	6.726889230757149285e-02
6.909110227729589678e+04	8.947277418394099235e-02	6.748853388165147738e-02
6.940565295350196538e+04	8.988011649670961389e-02	6.770892685184908000e-02
6.972146148453578644e+04	9.028908772839429331e-02	6.793007380517381011e-02
7.003853264498632052e+04	9.069969406207641083e-02	6.815197733772837552e-02
7.035687122703147179e+04	9.111194170361490430e-02	6.837464005473858908e-02
7.067648204050523054e+04	9.152583688173335230e-02	6.859806457058674478e-02
7.099736991295860207e+04	9.194138584809879999e-02	6.882225350884253745e-02
7.131953968972596340e+04	9.235859487740775975e-02	6.904720950229530085e-02
7.164299623398864060e+04	9.277747026746845094e-02	6.927293519298642621e-02
7.196774442684014502e+04	9.319801833928532953e-02	6.949943323224123948e-02
7.229378916735135135e+04	9.362024543714357605e-02	6.972670628070232191e-02
7.262113537263592298e+04	9.404415792869361135e-02	6.995475700835988853e-02
7.294978797791575198e+04	9.446976220503611188e-02	7.018358809458720426e-02
7.327975193658635544e+04	9.489706468080644219e-02	7.041320222817058772e-02
7.361103222028320306e+04	9.532607179426069721e-02	7.064360210734413337e-02
7.394363381894746271e+04	9.575679000736082858e-02	7.087479043982253257e-02
7.427756174089523847e+04	9.618922580586426740e-02	7.110676994283245123e-02
7.461282101287841215e+04	9.662338569940275013e-02	7.133954334314779322e-02
7.494941668015903269e+04	9.705927622157860257e-02	7.157311337712228549e-02
7.528735380656954658e+04	9.749690393004283029e-02	7.180748279072231288e-02
7.562663747458501894e+04	9.793627540658850217e-02	7.204265433956121012e-02
7.596727278538954852e+04	9.837739725723693152e-02	7.227863078893272120e-02
7.630926485894300276e+04	9.882027611232395425e-02	7.251541491384501381e-02
7.665261883405037224e+04	9.926491862658980148e-02	7.275300949905356973e-02
7.699733986843087769e+04	9.971133147926862506e-02	7.299141733909668417e-02
7.734343313878397748e+04	1.001595213741738877e-01	7.323064123832875860e-02
7.769090384086113772e+04	1.006094950397913301e-01	7.347068401095491197e-02
7.803975718953360047e+04	1.010612592293669149e-01	7.371154848106521718e-02
7.838999841886245122e+04	1.015148207209972120e-01	7.395323748266915964e-02
7.874163278216710023e+04	1.019701863177184253e-01	7.419575385973084525e-02
7.909466555209731450e+04	1.024273628475993875e-01	7.443910046620313969e-02
7.944910202070057858e+04	1.028863571638291008e-01	7.468328016606264053e-02
7.980494749949502875e+04	1.033471761448108567e-01	7.492829583334537080e-02
8.016220731953831273e+04	1.038098266942516501e-01	7.517415035218091846e-02
8.052088683150008728e+04	1.042743157412560073e-01	7.542084661682867119e-02
8.088099140573166369e+04	1.047406502404160111e-01	7.566838753171303833e-02
8.124252643233854906e+04	1.052088371719055726e-01	7.591677601145863097e-02
8.160549732125237642e+04	1.056788835415732597e-01	7.616601498092569200e-02
8.196990950230143790e+04	1.061507963810338212e-01	7.641610737524662245e-02
8.233576842528404086e+04	1.066245827477630831e-01	7.666705613986213308e-02
8.270307956004020525e+04	1.071002497251908603e-01	7.691886423055629973e-02
8.307184839652557275e+04	1.075778044227966995e-01	7.717153461349342269e-02
8.344208044488343876e+04	1.080572539762030965e-01	7.742507026525363711e-02
8.381378123551741010e+04	1.085386055472695038e-01	7.767947417287096590e-02
8.418695631916660932e+04	1.090218663241899200e-01	7.793474933386748682e-02
8.456161126697866712e+04	1.095070435215873411e-01	7.819089875629224584e-02
8.493775167058274383e+04	1.099941443806081581e-01	7.844792545875707568e-02
8.531538314216626168e+04	1.104831761690218406e-01	7.870583247047423237e-02
8.569451131454699498e+04	1.109741461813139179e-01	7.896462283129208892e-02
8.607514184124796884e+04	1.114670617387833740e-01	7.922429959173396541e-02
8.645728039657436602e+04	1.119619301896419145e-01	7.948486581303465526e-02
8.684093267568924057e+04	1.124587589091121109e-01	7.974632456717822837e-02
8.722610439468668483e+04	1.129575552995222970e-01	8.000867893693511257e-02
8.761280129066904192e+04	1.134583267904063358e-01	8.027193201590088201e-02
8.800102912182349246e+04	1.139610808386029850e-01	8.053608690853349128e-02
8.839079366749792825e+04	1.144658249283540402e-01	8.080114673019152260e-02
8.878210072827848489e+04	1.149725665714047274e-01	8.106711460717221096e-02
8.917495612606448412e+04	1.154813133071008885e-01	8.133399367674999658e-02
8.956936570414846938e+04	1.159920727024924547e-01	8.160178708721464724e-02
8.996533532729261788e+04	1.165048523524325197e-01	8.187049799791046301e-02
9.036287088180595310e+04	1.170196598796773430e-01	8.214012957927395442e-02
9.076197827562272141e+04	1.175365029349876855e-01	8.241068501287410197e-02
9.116266343838366447e+04	1.180553891972342673e-01	8.268216749145086697e-02
9.156493232150858967e+04	1.185763263734915945e-01	8.295458021895378564e-02
9.196879089828088763e+04	1.190993221991474560e-01	8.322792641058128493e-02
9.237424516392435180e+04	1.196243844380024957e-01	8.350220929282123339e-02
9.278130113568399975e+04	1.201515208823746572e-01	8.377743210348892466e-02
9.318996485290383862e+04	1.206807393532001171e-01	8.405359809176840558e-02
9.360024237710917077e+04	1.212120477001397550e-01	8.433071051825119513e-02
9.401213979208574165e+04	1.217454538016816967e-01	8.460877265497666888e-02
9.442566320396143419e+04	1.222809655652470073e-01	8.488778778547288739e-02
9.484081874128594063e+04	1.228185909272930670e-01	8.516775920479467687e-02
9.525761255511220952e+04	1.233583378534187508e-01	8.544869021956730260e-02
9.567605081907979911e+04	1.239002143384727167e-01	8.573058414802479932e-02
9.609613972949517483e+04	1.244442284066571147e-01	8.601344432005103569e-02
9.651788550541321456e+04	1.249903881116332244e-01	8.629727407722129207e-02
9.694129438872153696e+04	1.255387015366307146e-01	8.658207677284242287e-02
9.736637264422210865e+04	1.260891767945532815e-01	8.686785577199489239e-02
9.779312655971432105e+04	1.266418220280862428e-01	8.715461445157299258e-02
9.822156244607838744e+04	1.271966454098044375e-01	8.744235620032751732e-02
9.865168663735942391e+04	1.277536551422813194e-01	8.773108441890577203e-02
9.908350549085087550e+04	1.283128594581968152e-01	8.802080251989630177e-02
9.951702538717922289e+04	1.288742666204470422e-01	8.831151392786652787e-02
9.995225273038752493e+04	1.294378849222525829e-01	8.860322207940764250e-02
1.003891939480215660e+05	1.300037226872700347e-01	8.889593042317861515e-02
1.008278554912145919e+05	1.305717882697016163e-01	8.918964241994378761e-02
1.012682438347722928e+05	1.311420900544052748e-01	8.948436154261869835e-02
1.017103654772586160e+05	1.317146364570060124e-01	8.978009127631167430e-02
1.021542269410831068e+05	1.322894359240086859e-01	9.007683511836736545e-02
1.025998347725850326e+05	1.328664969329071133e-01	9.037459657840923866e-02
1.030471955421218881e+05	1.334458279922987045e-01	9.067337917838180772e-02
1.034963158441565756e+05	1.340274376419972047e-01	9.097318645259636072e-02
1.039472022973429412e+05	1.346113344531437439e-01	9.127402194777105293e-02
1.043998615446148615e+05	1.351975270283218844e-01	9.157588922307795254e-02
1.048543002532743267e+05	1.357860240016719178e-01	9.187879185018406336e-02
1.053105251150789263e+05	1.363768340390040523e-01	9.218273341329627502e-02
1.057685428463292919e+05	1.369699658379116558e-01	9.248771750920586898e-02
1.062283601879612252e+05	1.375654281278906876e-01	9.279374774733190057e-02
1.066899839056321798e+05	1.381632296704514429e-01	9.310082774976527475e-02
1.071534207898130844e+05	1.387633792592377346e-01	9.340896115131673560e-02
1.076186776558740530e+05	1.393658857201376389e-01	9.371815159955503016e-02
1.080857613441793364e+05	1.399707579114067291e-01	9.402840275485906119e-02
1.085546787201754341e+05	1.405780047237819019e-01	9.433971829045637025e-02
1.090254366744824511e+05	1.411876350805998659e-01	9.465210189247404149e-02
1.094980421229851490e+05	1.417996579379149913e-01	9.496555725997850306e-02
1.099725020069237362e+05	1.424140822846169385e-01	9.528008810502609782e-02
1.104488232929862279e+05	1.430309171425501458e-01	9.559569815270557713e-02
1.109270129734022048e+05	1.436501715666353707e-01	9.591239114118499387e-02
1.114070780660317832e+05	1.442718546449848205e-01	9.623017082175595871e-02
1.118890256144617597e+05	1.448959754990267190e-01	9.654904095888428017e-02
1.123728626880967058e+05	1.455225432836232680e-01	9.686900533025126492e-02
1.128585963822543417e+05	1.461515671871940203e-01	9.719006772680231776e-02
1.133462338182569219e+05	1.467830564318345632e-01	9.751223195279433431e-02
1.138357821435262158e+05	1.474170202734390034e-01	9.783550182584142829e-02
1.143272485316793754e+05	1.480534680018246729e-01	9.815988117696231030e-02
1.148206401826224028e+05	1.486924089408527550e-01	9.848537385062566818e-02
1.153159643226464250e+05	1.493338524485531560e-01	9.881198370480205606e-02
1.158132282045206957e+05	1.499778079172447987e-01	9.913971461100601346e-02
1.163124391075916647e+05	1.506242847736642410e-01	9.946857045434746858e-02
1.168136043378766626e+05	1.512732924790865241e-01	9.979855513357854813e-02
1.173167312281627092e+05	1.519248405294535420e-01	1.001296725611395266e-01
1.178218271381014783e+05	1.525789384554967210e-01	1.004619266632105906e-01
1.183288994543067820e+05	1.532355958228634463e-01	1.007953213797578018e-01
1.188379555904530134e+05	1.538948222322445991e-01	1.011298606645817943e-01
1.193490029873721505e+05	1.545566273194999007e-01	1.014655484853675266e-01
1.198620491131532617e+05	1.552210207557870036e-01	1.018023888237307162e-01
1.203771014632400475e+05	1.558880122476878072e-01	1.021403856752696043e-01
1.208941675605298660e+05	1.565576115373365496e-01	1.024795430496144300e-01
1.214132549554738944e+05	1.572298284025496207e-01	1.028198649704737955e-01
1.219343712261770270e+05	1.579046726569549863e-01	1.031613554756856677e-01
1.224575239784947626e+05	1.585821541501174492e-01	1.035040186172683646e-01
1.229827208461390983e+05	1.592622827676759834e-01	1.038478584614700717e-01
1.235099694907740486e+05	1.599450684314673576e-01	1.041928790888175665e-01
1.240392776021209138e+05	1.606305210996624711e-01	1.045390845941663455e-01
1.245706528980550793e+05	1.613186507668916969e-01	1.048864790867536645e-01
1.251041031247142091e+05	1.620094674643849653e-01	1.052350666902469173e-01
1.256396360565944342e+05	1.627029812600963576e-01	1.055848515427953160e-01
1.261772594966572651e+05	1.633992022588425796e-01	1.059358377970793241e-01
1.267169812764297239e+05	1.640981406024325795e-01	1.062880296203640301e-01
1.272588092561093217e+05	1.647998064698035503e-01	1.066414311945494547e-01
1.278027513246666786e+05	1.655042100771537961e-01	1.069960467162219264e-01
1.283488153999503847e+05	1.662113616780784842e-01	1.073518803967078855e-01
1.288970094287914690e+05	1.669212715637049538e-01	1.077089364621212908e-01
1.294473413871070225e+05	1.676339500628270807e-01	1.080672191534203797e-01
1.299998192800078396e+05	1.683494075420443326e-01	1.084267327264566982e-01
1.305544511419017654e+05	1.690676544058958564e-01	1.087874814520289612e-01
1.311112450366007397e+05	1.697887010969990895e-01	1.091494696159365507e-01
1.316702090574250615e+05	1.705125580961845966e-01	1.095127015190314052e-01
1.322313513273153221e+05	1.712392359226413419e-01	1.098771814772705607e-01
1.327946799989334831e+05	1.719687451340471962e-01	1.102429138217690813e-01
1.333602032547744748e+05	1.727010963267137933e-01	1.106099028988551114e-01
1.339279293072721630e+05	1.734363001357235035e-01	1.109781530701223901e-01
1.344978663989055785e+05	1.741743672350673233e-01	1.113476687124841796e-01
1.350700228023117525e+05	1.749153083377904816e-01	1.117184542182281526e-01
1.356444068203955248e+05	1.756591341961351860e-01	1.120905139950680446e-01
1.362210267864329799e+05	1.764058556016742663e-01	1.124638524662010114e-01
1.367998910641869006e+05	1.771554833854607769e-01	1.128384740703605726e-01
1.373810080480129400e+05	1.779080284181653870e-01	1.132143832618711515e-01
1.379643861629751336e+05	1.786635016102261220e-01	1.135915845107040578e-01
1.385500338649509067e+05	1.794219139119842821e-01	1.139700823025322080e-01
1.391379596407476929e+05	1.801832763138353777e-01	1.143498811387848452e-01
1.397281720082121028e+05	1.809475998463706825e-01	1.147309855367044940e-01
1.403206795163398783e+05	1.817148955805194810e-01	1.151134000294002369e-01
1.409154907453975175e+05	1.824851746277066367e-01	1.154971291659075694e-01
1.415126143070238468e+05	1.832584481399839871e-01	1.158821775112396091e-01
1.421120588443495508e+05	1.840347273101853864e-01	1.162685496464468948e-01
1.427138330321112880e+05	1.848140233720742820e-01	1.166562501686741332e-01
1.433179455767634208e+05	1.855963476004885149e-01	1.170452836912145023e-01
1.439244052165953908e+05	1.863817113114923096e-01	1.174356548435687569e-01
1.445332207218457770e+05	1.871701258625238784e-01	1.178273682715009346e-01
1.451444008948161791e+05	1.879616026525429417e-01	1.182204286370961976e-01
1.457579545699885057e+05	1.887561531221827182e-01	1.186148406188196336e-01
1.463738906141413318e+05	1.895537887539005817e-01	1.190106089115709059e-01
1.469922179264674487e+05	1.903545210721300507e-01	1.194077382267466486e-01
1.476129454386870784e+05	1.911583616434277821e-01	1.198062332922939371e-01
1.482360821151717973e+05	1.919653220766338042e-01	1.202060988527718088e-01
1.488616369530581869e+05	1.927754140230187596e-01	1.206073396694084671e-01
1.494896189823668392e+05	1.935886491764378936e-01	1.210099605201617745e-01
1.501200372661207803e+05	1.944050392734846255e-01	1.214139661997753333e-01
1.507529009004654654e+05	1.952245960936459246e-01	1.218193615198408242e-01
1.513882190147900546e+05	1.960473314594591010e-01	1.222261513088556684e-01
1.520260007718447887e+05	1.968732572366642397e-01	1.226343404122822861e-01
1.526662553678646509e+05	1.977023853343636561e-01	1.230439336926078681e-01
1.533089920326865395e+05	1.985347277051745241e-01	1.234549360294080467e-01
1.539542200298708340e+05	1.993702963453855836e-01	1.238673523194014081e-01
1.546019486568288994e+05	2.002091032951226479e-01	1.242811874765143432e-01
1.552521872449400835e+05	2.010511606384999261e-01	1.246964464319395560e-01
1.559049451596726722e+05	2.018964805037767318e-01	1.251131341341983338e-01
1.565602318007165741e+05	2.027450750635292342e-01	1.255312555492015258e-01
1.572180566020942351e+05	2.035969565347943433e-01	1.259508156603088291e-01
1.578784290322958550e+05	2.044521371792444309e-01	1.263718194683933760e-01
1.585413585943960061e+05	2.053106293033386820e-01	1.267942719919022965e-01
1.592068548261839023e+05	2.061724452584915712e-01	1.272181782669170036e-01
1.598749273002852569e+05	2.070375974412307918e-01	1.276435433472183634e-01
1.605455856242891750e+05	2.079060982933615964e-01	1.280703723043473408e-01
1.612188394408752793e+05	2.087779603021313046e-01	1.284986702276683102e-01
1.618946984279419121e+05	2.096531960003954198e-01	1.289284422244315609e-01
1.625731722987270332e+05	2.105318179667742540e-01	1.293596934198371073e-01
1.632542708019453858e+05	2.114138388258302581e-01	1.297924289570965561e-01
1.639380037219072983e+05	2.122992712482222877e-01	1.302266539974988591e-01
1.646243808786532609e+05	2.131881279508795746e-01	1.306623737204715141e-01
1.653134121280814288e+05	2.140804216971670948e-01	1.310995933236476230e-01
1.660051073620750976e+05	2.149761652970501591e-01	1.315383180229283133e-01
1.666994765086376865e+05	2.158753716072699669e-01	1.319785530525458828e-01
1.673965295320153236e+05	2.167780535315016188e-01	1.324203036651315502e-01
1.680962764328359917e+05	2.176842240205348056e-01	1.328635751317794600e-01
1.687987272482371482e+05	2.185938960724388147e-01	1.333083727421088271e-01
1.695038920519963431e+05	2.195070827327318674e-01	1.337547018043354075e-01
1.702117809546648641e+05	2.204237970945538971e-01	1.342025676453306171e-01
1.709224041037026327e+05	2.213440522988416870e-01	1.346519756106924481e-01
1.716357716836065520e+05	2.222678615344947095e-01	1.351029310648079462e-01
1.723518939160487789e+05	2.231952380385542334e-01	1.355554393909223221e-01
1.730707810600090015e+05	2.241261950963747418e-01	1.360095059912047877e-01
1.737924434119103244e+05	2.250607460417999306e-01	1.364651362868123385e-01
1.745168913057511963e+05	2.259989042573333773e-01	1.369223357179632228e-01
1.752441351132467098e+05	2.269406831743216169e-01	1.373811097439969764e-01
1.759741852439588401e+05	2.278860962731229789e-01	1.378414638434473094e-01
1.767070521454362315e+05	2.288351570832882209e-01	1.383034035141087748e-01
1.774427463033534004e+05	2.297878791837411061e-01	1.387669342731020217e-01
1.781812782416449918e+05	2.307442762029522088e-01	1.392320616569452663e-01
1.789226585226427414e+05	2.317043618191162724e-01	1.396987912216209882e-01
1.796668977472171828e+05	2.326681497603355631e-01	1.401671285426462354e-01
1.804140065549167048e+05	2.336356538048001419e-01	1.406370792151401539e-01
1.811639956241061736e+05	2.346068877809674713e-01	1.411086488538933481e-01
1.819168756721070386e+05	2.355818655677433815e-01	1.415818430934386862e-01
1.826726574553383980e+05	2.365606010946652571e-01	1.420566675881198282e-01
1.834313517694554757e+05	2.375431083420813105e-01	1.425331280121609756e-01
1.841929694494977884e+05	2.385294013413420955e-01	1.430112300597380648e-01
1.849575213700231106e+05	2.395194941749742568e-01	1.434909794450488496e-01
1.857250184452575049e+05	2.405134009768747916e-01	1.439723819023834006e-01
1.864954716292326630e+05	2.415111359324889906e-01	1.444554431861964083e-01
1.872688919159326761e+05	2.425127132790003970e-01	1.449401690711755730e-01
1.880452903394401364e+05	2.435181473055197665e-01	1.454265653523147961e-01
1.888246779740748752e+05	2.445274523532653677e-01	1.459146378449890091e-01
1.896070659345444001e+05	2.455406428157570486e-01	1.464043923850202600e-01
1.903924653760865040e+05	2.465577331390016447e-01	1.468958348287532911e-01
1.911808874946203723e+05	2.475787378216879331e-01	1.473889710531289254e-01
1.919723435268866015e+05	2.486036714153687099e-01	1.478838069557538992e-01
1.927668447505985096e+05	2.496325485246559672e-01	1.483803484549756357e-01
1.935644024845895474e+05	2.506653838074123786e-01	1.488786014899581844e-01
1.943650280889640562e+05	2.517021919749464209e-01	1.493785720207493339e-01
1.951687329652415647e+05	2.527429877921988921e-01	1.498802660283599930e-01
1.959755285565078375e+05	2.537877860779388928e-01	1.503836895148367714e-01
1.967854263475656335e+05	2.548366017049590315e-01	1.508888485033355320e-01
1.975984378650880826e+05	2.558894496002737662e-01	1.513957490381965254e-01
1.984145746777622262e+05	2.569463447453055882e-01	1.519043971850186636e-01
1.992338483964488260e+05	2.580073021760918017e-01	1.524147990307367639e-01
2.000562706743286981e+05	2.590723369834741496e-01	1.529269606836931306e-01
2.008818532070578658e+05	2.601414643132997084e-01	1.534408882737164359e-01
2.017106077329213149e+05	2.612146993666197292e-01	1.539565879521984093e-01
2.025425460329855268e+05	2.622920573998875904e-01	1.544740658921650300e-01
2.033776799312528747e+05	2.633735537251585823e-01	1.549933282883592667e-01
2.042160212948176486e+05	2.644592037102918014e-01	1.555143813573147682e-01
2.050575820340208884e+05	2.655490227791509339e-01	1.560372313374319975e-01
2.059023741026056232e+05	2.666430264118049287e-01	1.565618844890560302e-01
2.067504094978756330e+05	2.677412301447339438e-01	1.570883470945561577e-01
2.076017002608496405e+05	2.688436495710289087e-01	1.576166254584017989e-01
2.084562584764196363e+05	2.699503003405964718e-01	1.581467259072410481e-01
2.093140962735141511e+05	2.710611981603705534e-01	1.586786547899796673e-01
2.101752258252488682e+05	2.721763587945072449e-01	1.592124184778585805e-01
2.110396593490911473e+05	2.732957980645980278e-01	1.597480233645350300e-01
2.119074091070202703e+05	2.744195318498772185e-01	1.602854758661580448e-01
2.127784874056864355e+05	2.755475760874278590e-01	1.608247824214526500e-01
2.136529065965709160e+05	2.766799467723889960e-01	1.613659494917955572e-01
2.145306790761494485e+05	2.778166599581676777e-01	1.619089835612996520e-01
2.154118172860562045e+05	2.789577317566508396e-01	1.624538911368883232e-01
2.162963337132429006e+05	2.801031783384114737e-01	1.630006787483828656e-01
2.171842408901416929e+05	2.812530159329197921e-01	1.635493529485794462e-01
2.180755513948368025e+05	2.824072608287652719e-01	1.640999203133306494e-01
2.189702778512197547e+05	2.835659293738576059e-01	1.646523874416274125e-01
2.198684329291594913e+05	2.847290379756473588e-01	1.652067609556806538e-01
2.207700293446691940e+05	2.858966031013415732e-01	1.657630475010054283e-01
2.216750798600683338e+05	2.870686412781140451e-01	1.663212537465003360e-01
2.225835972841538314e+05	2.882451690933265365e-01	1.668813863845315382e-01
2.234955944723658031e+05	2.894262031947438252e-01	1.674434521310164958e-01
2.244110843269562465e+05	2.906117602907518638e-01	1.680074577255072366e-01
2.253300797971555439e+05	2.918018571505734404e-01	1.685734099312710677e-01
2.262525938793470850e+05	2.929965106044945533e-01	1.691413155353784226e-01
2.271786396172320528e+05	2.941957375440775180e-01	1.697111813487851562e-01
2.281082301020040468e+05	2.953995549223871753e-01	1.702830142064178376e-01
2.290413784725150035e+05	2.966079797542059970e-01	1.708568209672583771e-01
2.299780979154556699e+05	2.978210291162673995e-01	1.714326085144245171e-01
2.309184016655184678e+05	2.990387201474668522e-01	1.720103837552637016e-01
2.318623030055782292e+05	3.002610700490961348e-01	1.725901536214341225e-01
2.328098152668600087e+05	3.014880960850602754e-01	1.731719250689897349e-01
2.337609518291190616e+05	3.027198155821108072e-01	1.737557050784694079e-01
2.347157261208094133e+05	3.039562459300641506e-01	1.743415006549814128e-01
2.356741516192652343e+05	3.051974045820364245e-01	1.749293188282914635e-01
2.366362418508739211e+05	3.064433090546673788e-01	1.755191666529082040e-01
2.376020103912556369e+05	3.076939769283532078e-01	1.761110512081734691e-01
2.385714708654365095e+05	3.089494258474707045e-01	1.767049795983489380e-01
2.395446369480311405e+05	3.102096735206136269e-01	1.773009589527033691e-01
2.405215223634187423e+05	3.114747377208207935e-01	1.778989964256034728e-01
2.415021408859225921e+05	3.127446362858084528e-01	1.784990991965995921e-01
2.424865063399914652e+05	3.140193871182051510e-01	1.791012744705177961e-01
2.434746326003791182e+05	3.152990081857844906e-01	1.797055294775485867e-01
2.444665335923269740e+05	3.165835175217013298e-01	1.803118714733329964e-01
2.454622232917432848e+05	3.178729332247239858e-01	1.809203077390573455e-01
2.464617157253909390e+05	3.191672734594773742e-01	1.815308455815433097e-01
2.474650249710657808e+05	3.204665564566741010e-01	1.821434923333379308e-01
2.484721651577813027e+05	3.217708005133532168e-01	1.827582553528001863e-01
2.494831504659560160e+05	3.230800239931236328e-01	1.833751420241996610e-01
2.504979951275964559e+05	3.243942453264002101e-01	1.839941597578059751e-01
2.515167134264837659e+05	3.257134830106458989e-01	1.846153159899759089e-01
2.525393196983600501e+05	3.270377556106130457e-01	1.852386181832517409e-01
2.535658283311168780e+05	3.283670817585874757e-01	1.858640738264531744e-01
2.545962537649806472e+05	3.297014801546283569e-01	1.864916904347646842e-01
2.556306104927044362e+05	3.310409695668167784e-01	1.871214755498391280e-01
2.566689130597546464e+05	3.323855688314977241e-01	1.877534367398807635e-01
2.577111760645020113e+05	3.337352968535268749e-01	1.883875815997459735e-01
2.587574141584123718e+05	3.350901726065180219e-01	1.890239177510342483e-01
2.598076420462374226e+05	3.364502151330900359e-01	1.896624528421872735e-01
2.608618744862084277e+05	3.378154435451178883e-01	1.903031945485776921e-01
2.619201262902269955e+05	3.391858770239791765e-01	1.909461505726086916e-01
2.629824123240591725e+05	3.405615348208059223e-01	1.915913286438093166e-01
2.640487475075299735e+05	3.419424362567367037e-01	1.922387365189302810e-01
2.651191468147158739e+05	3.433286007231651227e-01	1.928883819820395307e-01
2.661936252741463250e+05	3.447200476820016513e-01	1.935402728446179721e-01
2.672721979689931613e+05	3.461167966659183248e-01	1.941944169456604197e-01
2.683548800372715923e+05	3.475188672786093114e-01	1.948508221517700201e-01
2.694416866720313556e+05	3.489262791950381581e-01	1.955094963572550359e-01
2.705326331215673708e+05	3.503390521617110731e-01	1.961704474842297374e-01
2.716277346896072850e+05	3.517572059969195086e-01	1.968336834827122683e-01
2.727270067355188658e+05	3.531807605910083914e-01	1.974992123307215131e-01
2.738304646745031932e+05	3.546097359066270882e-01	1.981670420343795980e-01
2.749381239778030431e+05	3.560441519789986353e-01	1.988371806280060661e-01
2.760500001728974166e+05	3.574840289161717588e-01	1.995096361742260127e-01
2.771661088437131257e+05	3.589293868992950443e-01	2.001844167640608463e-01
2.782864656308169942e+05	3.603802461828660153e-01	2.008615305170359244e-01
2.794110862316339044e+05	3.618366270950125752e-01	2.015409855812791140e-01
2.805399864006380085e+05	3.632985500377421961e-01	2.022227901336212386e-01
2.816731819495661766e+05	3.647660354872168664e-01	2.029069523797012164e-01
2.828106887476243428e+05	3.662391039940208759e-01	2.035934805540600412e-01
2.839525227216879721e+05	3.677177761834205527e-01	2.042823829202533303e-01
2.850986998565173126e+05	3.692020727556429294e-01	2.049736677709470822e-01
2.862492361949616461e+05	3.706920144861401978e-01	2.056673434280226198e-01
2.874041478381704655e+05	3.721876222258630462e-01	2.063634182426842267e-01
2.885634509458017419e+05	3.736889169015306655e-01	2.070619005955536551e-01
2.897271617362347897e+05	3.751959195159060845e-01	2.077627988967861994e-01
2.908952964867828996e+05	3.767086511480717825e-01	2.084661215861636774e-01
2.920678715339010232e+05	3.782271329536986415e-01	2.091718771332095883e-01
2.932449032734030625e+05	3.797513861653271094e-01	2.098800740372853690e-01
2.944264081606707769e+05	3.812814320926379841e-01	2.105907208277036924e-01
2.956124027108709561e+05	3.828172921227334102e-01	2.113038260638309962e-01
2.968029034991761437e+05	3.843589877204229288e-01	2.120193983351930378e-01
2.979979271609721472e+05	3.859065404284922618e-01	2.127374462615835571e-01
2.991974903920777724e+05	3.874599718679871962e-01	2.134579784931715241e-01
3.004016099489697372e+05	3.890193037385060726e-01	2.141810037106088305e-01
3.016103026489862823e+05	3.905845578184621858e-01	2.149065306251358998e-01
3.028235853705603513e+05	3.921557559653868763e-01	2.156345679786939029e-01
3.040414750534336199e+05	3.937329201162054204e-01	2.163651245440302850e-01
3.052639886988730868e+05	3.953160722875190825e-01	2.170982091248104262e-01
3.064911433699020999e+05	3.969052345759028766e-01	2.178338305557253884e-01
3.077229561915189261e+05	3.985004291581893399e-01	2.185719977026016059e-01
3.089594443509163684e+05	4.001016782917527492e-01	2.193127194625140997e-01
3.102006250977097661e+05	4.017090043148046075e-01	2.200560047638937533e-01
3.114465157441569027e+05	4.033224296466780823e-01	2.208018625666402779e-01
3.126971336653905455e+05	4.049419767881290988e-01	2.215503018622331788e-01
3.139524962996430695e+05	4.065676683216281062e-01	2.223013316738438605e-01
3.152126211484656669e+05	4.081995269116423519e-01	2.230549610564498131e-01
3.164775257769692107e+05	4.098375753049495751e-01	2.238111990969440523e-01
3.177472278140431154e+05	4.114818363309198923e-01	2.245700549142488345e-01
3.190217449525897973e+05	4.131323329018205537e-01	2.253315376594316466e-01
3.203010949497545953e+05	4.147890880131132052e-01	2.260956565158168952e-01
3.215852956271535950e+05	4.164521247437486529e-01	2.268624206991027292e-01
3.228743648711101850e+05	4.181214662564737838e-01	2.276318394574713411e-01
3.241683206328881206e+05	4.197971357981331031e-01	2.284039220717072605e-01
3.254671809289173107e+05	4.214791566999609440e-01	2.291786778553127069e-01
3.267709638410458574e+05	4.231675523779081516e-01	2.299561161546239130e-01
3.280796875167539692e+05	4.248623463329193606e-01	2.307362463489276150e-01
3.293933701694048941e+05	4.265635621512569031e-01	2.315190778505758773e-01
3.307120300784764695e+05	4.282712235048016791e-01	2.323046201051035264e-01
3.320356855898055946e+05	4.299853541513695143e-01	2.330928825913497482e-01
3.333643551158143673e+05	4.317059779350039816e-01	2.338838748215719687e-01
3.346980571357638692e+05	4.334331187863046941e-01	2.346776063415643709e-01
3.360368101959878113e+05	4.351668007227302848e-01	2.354740867307805741e-01
3.373806329101351439e+05	4.369070478489123222e-01	2.362733256024481809e-01
3.387295439594050986e+05	4.386538843569603441e-01	2.370753326036917907e-01
3.400835620928042335e+05	4.404073345267936479e-01	2.378801174156515708e-01
3.414427061273856671e+05	4.421674227264518753e-01	2.386876897536068243e-01
3.428069949484852841e+05	4.439341734124007677e-01	2.394980593670926194e-01
3.441764475099763367e+05	4.457076111298616805e-01	2.403112360400231906e-01
3.455510828345158952e+05	4.474877605131309943e-01	2.411272295908163110e-01
3.469309200137868756e+05	4.492746462858932532e-01	2.419460498725099218e-01
3.483159782087555504e+05	4.510682932615547869e-01	2.427677067728920279e-01
3.497062766499111895e+05	4.528687263435540733e-01	2.435922102146171886e-01
3.511018346375224064e+05	4.546759705256939177e-01	2.444195701553362743e-01
3.525026715418894892e+05	4.564900508924675249e-01	2.452497965878151776e-01
3.539088068035881151e+05	4.583109926193749128e-01	2.460828995400629327e-01
3.553202599337266874e+05	4.601388209732557577e-01	2.469188890754545895e-01
3.567370505142087932e+05	4.619735613126291773e-01	2.477577752928580290e-01
3.581591981979748234e+05	4.638152390880069809e-01	2.485995683267613610e-01
3.595867227092637331e+05	4.656638798422323422e-01	2.494442783473930780e-01
3.610196438438725891e+05	4.675195092108160866e-01	2.502919155608534507e-01
3.624579814694061060e+05	4.693821529222596545e-01	2.511424902092457834e-01
3.639017555255464395e+05	4.712518367984047107e-01	2.519960125707971232e-01
3.653509860242977738e+05	4.731285867547498358e-01	2.528524929599861859e-01
3.668056930502615869e+05	4.750124288008068518e-01	2.537119417276799127e-01
3.682658967608842649e+05	4.769033890404212883e-01	2.545743692612545406e-01
3.697316173867319594e+05	4.788014936721292081e-01	2.554397859847264418e-01
3.712028752317437902e+05	4.807067689894842788e-01	2.563082023588862390e-01
3.726796906735064113e+05	4.826192413814130444e-01	2.571796288814242604e-01
3.741620841635045363e+05	4.845389373325405535e-01	2.580540760870655981e-01
3.756500762273975997e+05	4.864658834235476292e-01	2.589315545476992830e-01
3.771436874652858241e+05	4.884001063315155933e-01	2.598120748725102902e-01
3.786429385519761126e+05	4.903416328302712124e-01	2.606956477081110446e-01
3.801478502372477669e+05	4.922904897907298682e-01	2.615822837386757582e-01
3.816584433461289154e+05	4.942467041812541040e-01	2.624719936860727687e-01
3.831747387791625224e+05	4.962103030679981819e-01	2.633647883099999865e-01
3.846967575126792071e+05	4.981813136152611343e-01	2.642606784081183990e-01
3.862245205990696559e+05	5.001597630858396482e-01	2.651596748161840211e-01
3.877580491670630290e+05	5.021456788413880545e-01	2.660617884081868390e-01
