0.000000000000000000e+00
2.910383045673370361e-08
5.960464477539062500e-08
9.685754776000976562e-08
1.336447894573211670e-07
1.712469384074211121e-07
2.086162567138671875e-07
2.456363290548324585e-07
2.830056473612785339e-07
3.209570422768592834e-07
3.585591912269592285e-07
3.958120942115783691e-07
4.331814125180244446e-07
4.706671461462974548e-07
5.089677870273590088e-07
5.468027666211128235e-07
5.840556696057319641e-07
6.252666935324668884e-07
6.629852578043937683e-07
7.025664672255516052e-07
7.399357855319976807e-07
7.762573659420013428e-07
8.119968697428703308e-07
8.491333574056625366e-07
8.855713531374931335e-07
9.235227480530738831e-07
9.598443284630775452e-07
9.958166629076004028e-07
1.032720319926738739e-06
1.069041900336742401e-06
1.106876879930496216e-06
1.143082045018672943e-06
1.179287210106849670e-06
1.215841621160507202e-06
1.251581124961376190e-06
1.288135536015033722e-06
1.325621269643306732e-06
1.361360773444175720e-06
1.397100277245044708e-06
1.433771103620529175e-06
1.469743438065052032e-06
1.507112756371498108e-06
1.543085090816020966e-06
1.578358933329582214e-06
1.614447683095932007e-06
1.650885678827762604e-06
1.686508767306804657e-06
1.724227331578731537e-06
1.760083250701427460e-06
1.795706339180469513e-06
1.831329427659511566e-06
1.867767423391342163e-06
1.903041265904903412e-06
1.939944922924041748e-06
1.977081410586833954e-06
2.012704499065876007e-06
2.047861926257610321e-06
2.083601430058479309e-06
2.120039425790309906e-06
2.155080437660217285e-06
2.193148247897624969e-06
2.228887751698493958e-06
2.264394424855709076e-06
2.299319021403789520e-06
2.335058525204658508e-06
2.371030859649181366e-06
2.406188286840915680e-06
2.444954589009284973e-06
2.480577677488327026e-06
2.515735104680061340e-06
2.550426870584487915e-06
2.585584297776222229e-06
2.621905878186225891e-06
2.656830474734306335e-06
2.694432623684406281e-06
2.730521373450756073e-06
2.765911631286144257e-06
2.800719812512397766e-06
2.835877239704132080e-06
2.872082404792308807e-06
2.907123416662216187e-06
2.942280843853950500e-06
2.981163561344146729e-06
3.015971742570400238e-06
3.051129169762134552e-06
3.085937350988388062e-06
3.121094778180122375e-06
3.157067112624645233e-06
3.191991709172725677e-06
3.227265551686286926e-06
3.265333361923694611e-06
3.299792297184467316e-06
3.335066139698028564e-06
3.369757905602455139e-06
3.404333256185054779e-06
3.439723514020442963e-06
3.474997356534004211e-06
3.509456291794776917e-06
3.547291271388530731e-06
3.581750206649303436e-06
3.616674803197383881e-06
3.650551661849021912e-06
3.685709089040756226e-06
3.720284439623355865e-06
3.756140358746051788e-06
3.790832124650478363e-06
3.827037289738655090e-06
3.863591700792312622e-06
3.897934220731258392e-06
3.932858817279338837e-06
3.966619260609149933e-06
4.001427441835403442e-06
4.036235623061656952e-06
4.071858711540699005e-06
4.106434062123298645e-06
4.143686965107917786e-06
4.179193638265132904e-06
4.213536158204078674e-06
4.248693585395812988e-06
4.281871952116489410e-06
4.316563718020915985e-06
4.350789822638034821e-06
4.386878572404384613e-06
4.420988261699676514e-06
4.457309842109680176e-06
4.493165761232376099e-06
4.527159035205841064e-06
4.561617970466613770e-06
4.595727659761905670e-06
4.629720933735370636e-06
4.664179868996143341e-06
4.700152203440666199e-06
4.734145477414131165e-06
4.769652150571346283e-06
4.805857315659523010e-06
4.841014742851257324e-06
4.875008016824722290e-06
4.909816198050975800e-06
4.942994564771652222e-06
4.977802745997905731e-06
5.011330358684062958e-06
5.047419108450412750e-06
5.081295967102050781e-06
5.117966793477535248e-06
5.153473466634750366e-06
5.188281647861003876e-06
5.222158506512641907e-06
5.255918949842453003e-06
5.289562977850437164e-06
5.323556251823902130e-06
5.358015187084674835e-06
5.393638275563716888e-06
5.427165888249874115e-06
5.464185960590839386e-06
5.500391125679016113e-06
5.535082891583442688e-06
5.568494088947772980e-06
5.602370947599411011e-06
5.636014975607395172e-06
5.669309757649898529e-06
5.703652277588844299e-06
5.738227628171443939e-06
5.772919394075870514e-06
5.809008143842220306e-06
5.845096893608570099e-06
5.879090167582035065e-06
5.913316272199153900e-06
5.946727469563484192e-06
5.980371497571468353e-06
6.013899110257625580e-06
6.047426722943782806e-06
6.081885658204555511e-06
6.116577424108982086e-06
6.151152774691581726e-06
6.188056431710720062e-06
6.224028766155242920e-06
6.258487701416015625e-06
6.291782483458518982e-06
6.325310096144676208e-06
6.358604878187179565e-06
6.391899660229682922e-06
6.425194442272186279e-06
6.459304131567478180e-06
6.494228728115558624e-06
6.529968231916427612e-06
6.566056981682777405e-06
6.601796485483646393e-06
6.636022590100765228e-06
6.670132279396057129e-06
6.703077815473079681e-06
6.735790520906448364e-06
6.769550964236259460e-06
6.802612915635108948e-06
6.836606189608573914e-06
6.871996447443962097e-06
6.906688213348388672e-06
6.943475455045700073e-06
6.980379112064838409e-06
7.013790309429168701e-06
7.047783583402633667e-06
7.080845534801483154e-06
7.113441824913024902e-06
7.147667929530143738e-06
7.180264219641685486e-06
7.213209755718708038e-06
7.247552275657653809e-06
7.282826118171215057e-06
7.320311851799488068e-06
7.356284186244010925e-06
7.392489351332187653e-06
7.425434887409210205e-06
7.459660992026329041e-06
7.492722943425178528e-06
7.525086402893066406e-06
7.558846846222877502e-06
7.591443136334419250e-06
7.625087164342403412e-06
7.659662514925003052e-06
7.695518434047698975e-06
7.732887752354145050e-06
7.768860086798667908e-06
7.804599590599536896e-06
7.837312296032905579e-06
7.871305570006370544e-06
7.904134690761566162e-06
7.936032488942146301e-06
7.970025762915611267e-06
8.002622053027153015e-06
8.035800419747829437e-06
8.069793693721294403e-06
8.105882443487644196e-06
8.143018931150436401e-06
8.179107680916786194e-06
8.215429261326789856e-06
8.248491212725639343e-06
8.282368071377277374e-06
8.314847946166992188e-06
8.346629329025745392e-06
8.379807695746421814e-06
8.413335308432579041e-06
8.445931598544120789e-06
8.478993549942970276e-06
8.514733053743839264e-06
8.551403880119323730e-06
8.588423952460289001e-06
8.624047040939331055e-06
8.658738806843757629e-06
8.691684342920780182e-06
8.725095540285110474e-06
8.757226169109344482e-06
8.789356797933578491e-06
8.823699317872524261e-06
8.856412023305892944e-06
8.888775482773780823e-06
8.921721018850803375e-06
8.959090337157249451e-06
8.994829840958118439e-06
9.031500667333602905e-06
9.066658094525337219e-06
9.101000614464282990e-06
9.134644642472267151e-06
9.168055839836597443e-06
9.200070053339004517e-06
9.232084266841411591e-06
9.265961125493049622e-06
9.297975338995456696e-06
9.330105967819690704e-06
9.362935088574886322e-06
9.400653652846813202e-06
9.436509571969509125e-06
9.473413228988647461e-06
9.508687071502208710e-06
9.543146006762981415e-06
9.575742296874523163e-06
9.609153494238853455e-06
9.641051292419433594e-06
9.672832675278186798e-06
9.705428965389728546e-06
9.738723747432231903e-06
9.770621545612812042e-06
9.803101420402526855e-06
9.840470738708972931e-06
9.876675903797149658e-06
9.912997484207153320e-06
9.948853403329849243e-06
9.983428753912448883e-06
1.001614145934581757e-05
1.004908699542284012e-05
1.008156687021255493e-05
1.011299900710582733e-05
1.014524605125188828e-05
1.017842441797256470e-05
1.021125353872776031e-05
1.024315133690834045e-05
1.027563121169805527e-05
1.031404826790094376e-05
1.035002060234546661e-05
1.038645859807729721e-05
1.042231451719999313e-05
1.045526005327701569e-05
1.048797275871038437e-05
1.052115112543106079e-05
1.055351458489894867e-05
1.058389898389577866e-05
1.061661168932914734e-05
1.064955722540616989e-05
1.068226993083953857e-05
1.071393489837646484e-05
1.074792817234992981e-05
1.078634522855281830e-05
1.082220114767551422e-05
1.085805706679821014e-05
1.089379657059907913e-05
1.092662569135427475e-05
1.095968764275312424e-05
1.099298242479562759e-05
1.102592796087265015e-05
1.105607952922582626e-05
1.108855940401554108e-05
1.112173777073621750e-05
1.115421764552593231e-05
1.118530053645372391e-05
1.121941022574901581e-05
1.125771086663007736e-05
1.129286829382181168e-05
1.132825855165719986e-05
1.136399805545806885e-05
1.139764208346605301e-05
1.142930705100297928e-05
1.146341674029827118e-05
1.149449963122606277e-05
1.152628101408481598e-05
1.155748032033443451e-05
1.159054227173328400e-05
1.162348780781030655e-05
1.165561843663454056e-05
1.168623566627502441e-05
1.172511838376522064e-05
1.176155637949705124e-05
1.179613173007965088e-05
1.183175481855869293e-05
1.186737790703773499e-05
1.189881004393100739e-05
1.193198841065168381e-05
1.196470111608505249e-05
1.199683174490928650e-05
1.202826388180255890e-05
1.205934677273035049e-05
1.209322363138198853e-05
1.212523784488439560e-05
1.215713564306497574e-05
1.219031400978565216e-05
1.222873106598854065e-05
1.226481981575489044e-05
1.229939516633749008e-05
1.233466900885105133e-05
1.237005926668643951e-05
1.240137498825788498e-05
1.243385486304759979e-05
1.246749889105558395e-05
1.249893102794885635e-05
1.253059599548578262e-05
1.256179530173540115e-05
1.259520649909973145e-05
1.262675505131483078e-05
1.265795435756444931e-05
1.269148197025060654e-05
1.272966619580984116e-05
1.276587136089801788e-05
1.280114520341157913e-05
1.283630263060331345e-05
1.287122722715139389e-05
1.290172804147005081e-05
1.293397508561611176e-05
1.296761911362409592e-05
1.299928408116102219e-05
1.303036697208881378e-05
1.306133344769477844e-05
1.309288199990987778e-05
1.312640961259603500e-05
1.315760891884565353e-05
1.318973954766988754e-05
1.322804018855094910e-05
1.326436176896095276e-05
1.329998485743999481e-05
1.333421096205711365e-05
1.337006688117980957e-05
1.340289600193500519e-05
1.343339681625366211e-05
1.346680801361799240e-05
1.349882222712039948e-05
1.352932304143905640e-05
1.356052234768867493e-05
1.359160523861646652e-05
1.362513285130262375e-05
1.365691423416137695e-05
1.368811354041099548e-05
1.372420229017734528e-05
1.376052387058734894e-05
1.379719469696283340e-05
1.383211929351091385e-05
1.386704389005899429e-05
1.390266697853803635e-05
1.393328420817852020e-05
1.396436709910631180e-05
1.399847678840160370e-05
1.403002534061670303e-05
1.405947841703891754e-05
1.409149263054132462e-05
1.412222627550363541e-05
1.415517181158065796e-05
1.418648753315210342e-05
1.421757042407989502e-05
1.425459049642086029e-05
1.429056283086538315e-05
1.432723365724086761e-05
1.436145976185798645e-05
1.439650077372789383e-05
1.443177461624145508e-05
1.446297392249107361e-05
1.449428964406251907e-05
1.452711876481771469e-05
1.455924939364194870e-05
1.458928454667329788e-05
1.462083309888839722e-05
1.465214882045984268e-05
1.468427944928407669e-05
1.471652649343013763e-05
1.474760938435792923e-05
1.478451304137706757e-05
1.482013612985610962e-05
1.485645771026611328e-05
1.489161513745784760e-05
1.492665614932775497e-05
1.496018376201391220e-05
1.499278005212545395e-05
1.502339728176593781e-05
1.505669206380844116e-05
1.508882269263267517e-05
1.511909067630767822e-05
1.514877658337354660e-05
1.518090721219778061e-05
1.521187368780374527e-05
1.524435356259346008e-05
1.527613494545221329e-05
1.530931331217288971e-05
1.534796319901943207e-05
1.538265496492385864e-05
1.541886013001203537e-05
1.545273698866367340e-05
1.548707950860261917e-05
1.552095636725425720e-05
1.555273775011301041e-05
1.558277290314435959e-05
1.561525277793407440e-05
1.564773265272378922e-05
1.567613799124956131e-05
1.570710446685552597e-05
1.573946792632341385e-05
1.576985232532024384e-05
1.580209936946630478e-05
1.583481207489967346e-05
1.586962025612592697e-05
1.590710598975419998e-05
1.594144850969314575e-05
1.597718801349401474e-05
1.601048279553651810e-05
1.604459248483181000e-05
1.607765443623065948e-05
1.610920298844575882e-05
1.613912172615528107e-05
1.617241650819778442e-05
1.620349939912557602e-05
1.623178832232952118e-05
1.626322045922279358e-05
1.629465259611606598e-05
1.632526982575654984e-05
1.635786611586809158e-05
1.639151014387607574e-05
1.642503775656223297e-05
1.646287273615598679e-05
1.649663317948579788e-05
1.653225626796483994e-05
1.656718086451292038e-05
1.660024281591176987e-05
1.663411967456340790e-05
1.666520256549119949e-05
1.669640187174081802e-05
1.672888174653053284e-05
1.676077954471111298e-05
1.678999979048967361e-05
1.681945286691188812e-05
1.685076858848333359e-05
1.688231714069843292e-05
1.691433135420084000e-05
1.694704405963420868e-05
1.698138657957315445e-05
1.701805740594863892e-05
1.705356407910585403e-05
1.708837226033210754e-05
1.712387893348932266e-05
1.715694088488817215e-05
1.719128340482711792e-05
1.722329761832952499e-05
1.725484617054462433e-05
1.728569623082876205e-05
1.731747761368751526e-05
1.734821125864982605e-05
1.737754791975021362e-05
1.740781590342521667e-05
1.743994653224945068e-05
1.747079659253358841e-05
1.750269439071416855e-05
1.753808464854955673e-05
1.757289282977581024e-05
1.760956365615129471e-05
1.764518674463033676e-05
1.768127549439668655e-05
1.771596726030111313e-05
1.774891279637813568e-05
1.778174191713333130e-05
1.781433820724487305e-05
1.784414052963256836e-05
1.787615474313497543e-05
1.790688838809728622e-05
1.793738920241594315e-05
1.796765718609094620e-05
1.799734309315681458e-05
1.802924089133739471e-05
1.806044019758701324e-05
1.809350214898586273e-05
1.812889240682125092e-05
1.816404983401298523e-05
1.820037141442298889e-05
1.823622733354568481e-05
1.827150117605924606e-05
1.830549445003271103e-05
1.833972055464982986e-05
1.837289892137050629e-05
1.840479671955108643e-05
1.843634527176618576e-05
1.846801023930311203e-05
1.849909313023090363e-05
1.852982677519321442e-05
1.855893060564994812e-05
1.858989708125591278e-05
1.862016506493091583e-05
1.865252852439880371e-05
1.868535764515399933e-05
1.871970016509294510e-05
1.875509042292833328e-05
1.879187766462564468e-05
1.882668584585189819e-05
1.886242534965276718e-05
1.889711711555719376e-05
1.893111038953065872e-05
1.896417234092950821e-05
1.899607013911008835e-05
1.902855001389980316e-05
1.905835233628749847e-05
1.909094862639904022e-05
1.912075094878673553e-05
1.915148459374904633e-05
1.918070483952760696e-05
1.921073999255895615e-05
1.924135722219944000e-05
1.927360426634550095e-05
1.930852886289358139e-05
1.934252213686704636e-05
1.938000787049531937e-05
1.941574737429618835e-05
1.945020630955696106e-05
1.948641147464513779e-05
1.952075399458408356e-05
1.955404877662658691e-05
1.958734355866909027e-05
1.961807720363140106e-05
1.965090632438659668e-05
1.968152355402708054e-05
1.971330493688583374e-05
1.974275801330804825e-05
1.977325882762670517e-05
1.980259548872709274e-05
1.983286347240209579e-05
1.986359711736440659e-05
1.989630982279777527e-05
1.993088517338037491e-05
1.996476203203201294e-05
2.000282984226942062e-05
2.003856934607028961e-05
2.007337752729654312e-05
2.011004835367202759e-05
2.014357596635818481e-05
2.017815131694078445e-05
2.021109685301780701e-05
2.024124842137098312e-05
2.027337905019521713e-05
2.030376344919204712e-05
2.033612690865993500e-05
2.036557998508214951e-05
2.039538230746984482e-05
2.042448613792657852e-05
2.045487053692340851e-05
2.048455644398927689e-05
2.051680348813533783e-05
2.055196091532707214e-05
2.058595418930053711e-05
2.062378916889429092e-05
2.066045999526977539e-05
2.069398760795593262e-05
2.072926145046949387e-05
2.076430246233940125e-05
2.079794649034738541e-05
2.083147410303354263e-05
2.086278982460498810e-05
2.089410554617643356e-05
2.092507202178239822e-05
2.095801755785942078e-05
2.098863478749990463e-05
2.101715654134750366e-05
2.104754094034433365e-05
2.107664477080106735e-05
2.110726200044155121e-05
2.113776281476020813e-05
2.117373514920473099e-05
2.120784483850002289e-05
2.124358434230089188e-05
2.128083724528551102e-05
2.131680957973003387e-05
2.134987153112888336e-05
2.138642594218254089e-05
2.142030280083417892e-05
2.145336475223302841e-05
2.148735802620649338e-05
2.151762600988149643e-05
2.154917456209659576e-05
2.158002462238073349e-05
2.161203883588314056e-05
2.164184115827083588e-05
2.167129423469305038e-05
2.170202787965536118e-05
2.173148095607757568e-05
2.176221460103988647e-05
2.179294824600219727e-05
2.183008473366498947e-05
2.186326310038566589e-05
2.189993392676115036e-05
2.193707041442394257e-05
2.197280991822481155e-05
2.200598828494548798e-05
2.204265911132097244e-05
2.207665238529443741e-05
2.210924867540597916e-05
2.214277628809213638e-05
2.217257861047983170e-05
2.220435999333858490e-05
2.223695628345012665e-05
2.226838842034339905e-05
2.229737583547830582e-05
2.232624683529138565e-05
2.235732972621917725e-05
2.238666638731956482e-05
2.241623587906360626e-05
2.244731876999139786e-05
2.248492091894149780e-05
2.251821570098400116e-05
2.255500294268131256e-05
2.259283792227506638e-05
2.262846101075410843e-05
2.266163937747478485e-05
2.269784454256296158e-05
2.273125573992729187e-05
2.276501618325710297e-05
2.279819454997777939e-05
2.282869536429643631e-05
2.285966183990240097e-05
2.289167605340480804e-05
2.292403951287269592e-05
2.295256126672029495e-05
2.298154868185520172e-05
2.301158383488655090e-05
2.304220106452703476e-05
2.307153772562742233e-05
2.310122363269329071e-05
2.313742879778146744e-05
2.317246980965137482e-05
2.320751082152128220e-05
2.324499655514955521e-05
2.328190021216869354e-05
2.331531140953302383e-05
2.334825694561004639e-05
2.338481135666370392e-05
2.341764047741889954e-05
2.345058601349592209e-05
2.348283305764198303e-05
2.351298462599515915e-05
2.354406751692295074e-05
2.357678022235631943e-05
2.360646612942218781e-05
2.363568637520074844e-05
2.366525586694478989e-05
2.369540743529796600e-05
2.372567541897296906e-05
2.375547774136066437e-05
2.378760837018489838e-05
2.382614184170961380e-05
2.385990228503942490e-05
2.389645669609308243e-05
2.393359318375587463e-05
2.396968193352222443e-05
2.400274388492107391e-05
2.403673715889453888e-05
2.407224383205175400e-05
2.410530578345060349e-05
2.413825131952762604e-05
2.417003270238637924e-05
2.419971860945224762e-05
2.423068508505821228e-05
2.426409628242254257e-05
2.429401502013206482e-05
2.432253677397966385e-05
2.435245551168918610e-05
2.438295632600784302e-05
2.441264223307371140e-05
2.444186247885227203e-05
2.447469159960746765e-05
2.451322507113218307e-05
2.454733476042747498e-05
2.458435483276844025e-05
2.462090924382209778e-05
2.465804573148488998e-05
2.469110768288373947e-05
2.472591586410999298e-05
2.476072404533624649e-05
2.479483373463153839e-05
2.482556737959384918e-05
2.485781442373991013e-05
2.488831523805856705e-05
2.491846680641174316e-05
2.495234366506338120e-05
2.498179674148559570e-05
2.500996924936771393e-05
2.504058647900819778e-05
2.507062163203954697e-05
2.510065678507089615e-05
2.513022627681493759e-05
2.516165841370820999e-05
2.520065754652023315e-05
2.523441798985004425e-05
2.527260221540927887e-05
2.530892379581928253e-05
2.534629311412572861e-05
2.537958789616823196e-05
2.541288267821073532e-05
2.544792369008064270e-05
2.548214979469776154e-05
2.551428042352199554e-05
2.554606180638074875e-05
2.557667903602123260e-05
2.560624852776527405e-05
2.563907764852046967e-05
2.567144110798835754e-05
2.569833304733037949e-05
2.572790253907442093e-05
2.575945109128952026e-05
2.578843850642442703e-05
2.581847365945577621e-05
2.584944013506174088e-05
2.588320057839155197e-05
2.592103555798530579e-05
2.595607656985521317e-05
2.599309664219617844e-05
2.602871973067522049e-05
2.606573980301618576e-05
2.609903458505868912e-05
2.613279502838850021e-05
2.616830170154571533e-05
2.620148006826639175e-05
2.623267937451601028e-05
2.626318018883466721e-05
2.629368100315332413e-05
2.632453106343746185e-05
2.635747659951448441e-05
2.638774458318948746e-05
2.641498576849699020e-05
2.644455526024103165e-05
2.647587098181247711e-05
2.650474198162555695e-05
2.653454430401325226e-05
2.656679134815931320e-05
2.660148311406373978e-05
2.663803752511739731e-05
2.667540684342384338e-05
2.671254333108663559e-05
2.674851566553115845e-05
2.678472083061933517e-05
2.681859768927097321e-05
2.685212530195713043e-05
2.688646782189607620e-05
2.692046109586954117e-05
2.695119474083185196e-05
2.698088064789772034e-05
2.701207995414733887e-05
2.704188227653503418e-05
2.707587555050849915e-05
2.710591070353984833e-05
2.713385038077831268e-05
2.716318704187870026e-05
2.719403710216283798e-05
2.722395583987236023e-05
2.725259400904178619e-05
2.728623803704977036e-05
2.732069697231054306e-05
2.735666930675506592e-05
2.739368937909603119e-05
2.743012737482786179e-05
2.746633253991603851e-05
2.750207204371690750e-05
2.753571607172489166e-05
2.756854519248008728e-05
2.760370261967182159e-05
2.763769589364528656e-05
2.766901161521673203e-05
2.770056016743183136e-05
2.773106098175048828e-05
2.776063047349452972e-05
2.779520582407712936e-05
2.782489173114299774e-05
2.785376273095607758e-05
2.788228448480367661e-05
2.791197039186954498e-05
2.794398460537195206e-05
2.797332126647233963e-05
2.800452057272195816e-05
2.803816460072994232e-05
2.807425335049629211e-05
2.811138983815908432e-05
2.814771141856908798e-05
2.818484790623188019e-05
2.822163514792919159e-05
2.825644332915544510e-05
2.829020377248525620e-05
2.832419704645872116e-05
2.835760824382305145e-05
2.839160151779651642e-05
2.842268440872430801e-05
2.845213748514652252e-05
2.848147414624691010e-05
2.851302269846200943e-05
2.854573540389537811e-05
2.857448998838663101e-05
2.860371023416519165e-05
2.863188274204730988e-05
2.866308204829692841e-05
2.869428135454654694e-05
2.872373443096876144e-05
2.875644713640213013e-05
2.879113890230655670e-05
2.882652916014194489e-05
2.886424772441387177e-05
2.890056930482387543e-05
2.893700730055570602e-05
2.897379454225301743e-05
2.900825347751379013e-05
2.904119901359081268e-05
2.907542511820793152e-05
2.910848706960678101e-05
2.914294600486755371e-05
2.917216625064611435e-05
2.920243423432111740e-05
2.923258580267429352e-05
2.926611341536045074e-05
2.929812762886285782e-05
2.932618372142314911e-05
2.935598604381084442e-05
2.938392572104930878e-05
2.941407728940248489e-05
2.944550942629575729e-05
2.947542816400527954e-05
2.950802445411682129e-05
2.954422961920499802e-05
2.957903780043125153e-05
2.961710561066865921e-05
2.965342719107866287e-05
2.968893386423587799e-05
2.972595393657684326e-05
2.976006362587213516e-05
2.979289274662733078e-05
2.982770092785358429e-05
2.985983155667781830e-05
2.989370841532945633e-05
2.992432564496994019e-05
2.995412796735763550e-05
2.998299896717071533e-05
3.001512959599494934e-05
3.004865720868110657e-05
3.007682971656322479e-05
3.010767977684736252e-05
3.013631794601678848e-05
3.016553819179534912e-05
3.019697032868862152e-05
3.022851888090372086e-05
3.026146441698074341e-05
3.029522486031055450e-05
3.033143002539873123e-05
3.036833368241786957e-05
3.040581941604614258e-05
3.044179175049066544e-05
3.047764766961336136e-05
3.051431849598884583e-05
3.054679837077856064e-05
3.057951107621192932e-05
3.061443567276000977e-05
3.064726479351520538e-05
3.067974466830492020e-05
3.070849925279617310e-05
3.073818515986204147e-05
3.076798748224973679e-05
3.080430906265974045e-05
3.083271440118551254e-05
3.085983917117118835e-05
3.089068923145532608e-05
3.091804683208465576e-05
3.094889689236879349e-05
3.097951412200927734e-05
3.101234324276447296e-05
3.104459028691053391e-05
3.108032979071140289e-05
3.111734986305236816e-05
3.115355502814054489e-05
3.119127359241247177e-05
3.122643101960420609e-05
3.126217052340507507e-05
3.129791002720594406e-05
3.133038990199565887e-05
3.136345185339450836e-05
3.139721229672431946e-05
3.142980858683586121e-05
3.146112430840730667e-05
3.148976247757673264e-05
3.151944838464260101e-05
3.155076410621404648e-05
3.158464096486568451e-05
3.161176573485136032e-05
3.164028748869895935e-05
3.167148679494857788e-05
3.170024137943983078e-05
3.173097502440214157e-05
3.176124300807714462e-05
3.179453779011964798e-05
3.182690124958753586e-05
3.186298999935388565e-05
3.190070856362581253e-05
3.193772863596677780e-05
3.197486512362957001e-05
3.201130311936140060e-05
3.204669337719678879e-05
3.208173438906669617e-05
3.211491275578737259e-05
3.214832395315170288e-05
3.218289930373430252e-05
3.221514634788036346e-05
3.224681131541728973e-05
3.227614797651767731e-05
3.230490256100893021e-05
3.233540337532758713e-05
3.236997872591018677e-05
3.239838406443595886e-05
3.242632374167442322e-05
3.245635889470577240e-05
3.248464781790971756e-05
3.251479938626289368e-05
3.254658076912164688e-05
3.258010838180780411e-05
3.261247184127569199e-05
3.264716360718011856e-05
3.268569707870483398e-05
3.272446338087320328e-05
3.276113420724868774e-05
3.279780503362417221e-05
3.283284604549407959e-05
3.286695573478937149e-05
3.290141467005014420e-05
3.293424379080533981e-05
3.296881914138793945e-05
3.300246316939592361e-05
3.303459379822015762e-05
3.306334838271141052e-05
3.309128805994987488e-05
3.312074113637208939e-05
3.315554931759834290e-05
3.318511880934238434e-05
3.321375697851181030e-05
3.324227873235940933e-05
3.327277954667806625e-05
3.330211620777845383e-05
3.333319909870624542e-05
3.336672671139240265e-05
3.339990507811307907e-05
3.343145363032817841e-05
