0.000000000000000000e+00
-5.820766091346740723e-10
1.164153218269348145e-10
3.725290298461914062e-09
7.450580596923828125e-09
1.105945557355880737e-08
1.466833055019378662e-08
1.862645149230957031e-08
2.223532646894454956e-08
2.619344741106033325e-08
3.015156835317611694e-08
3.399327397346496582e-08
3.841705620288848877e-08
4.237517714500427246e-08
4.610046744346618652e-08
5.075708031654357910e-08
5.459878593683242798e-08
5.878973752260208130e-08
6.321351975202560425e-08
6.752088665962219238e-08
7.159542292356491089e-08
7.601920515298843384e-08
8.090864866971969604e-08
8.509960025548934937e-08
8.929055184125900269e-08
9.406358003616333008e-08
9.941868484020233154e-08
1.037260517477989197e-07
1.084990799427032471e-07
1.128064468502998352e-07
1.182779669761657715e-07
1.228181645274162292e-07
1.277076080441474915e-07
1.321313902735710144e-07
1.364387571811676025e-07
1.423759385943412781e-07
1.469161361455917358e-07
1.518055796623229980e-07
1.558801159262657166e-07
1.612352207303047180e-07
1.670559868216514587e-07
1.717125996947288513e-07
1.770677044987678528e-07
1.816079020500183105e-07
1.862645149230957031e-07
1.926673576235771179e-07
1.973239704966545105e-07
2.017477527260780334e-07
2.071028575301170349e-07
2.122251316905021667e-07
2.188608050346374512e-07
2.236338332295417786e-07
2.282904461026191711e-07
2.334127202630043030e-07
2.387678250670433044e-07
2.442393451929092407e-07
2.509914338588714600e-07
2.559972926974296570e-07
2.607703208923339844e-07
2.664746716618537903e-07
2.718297764658927917e-07
2.773012965917587280e-07
2.840533852577209473e-07
2.892920747399330139e-07
2.941815182566642761e-07
2.991873770952224731e-07
3.050081431865692139e-07
3.101304173469543457e-07
3.174645826220512390e-07
3.237510100007057190e-07
3.288732841610908508e-07
3.337627276778221130e-07
3.391178324818611145e-07
3.452878445386886597e-07
3.505265340209007263e-07
3.591412678360939026e-07
3.647292032837867737e-07
3.698514774441719055e-07
3.748573362827301025e-07
3.804452717304229736e-07
3.863824531435966492e-07
3.915047273039817810e-07
4.002358764410018921e-07
4.062894731760025024e-07
4.115281626582145691e-07
4.166504368185997009e-07
4.224712029099464417e-07
4.287576302886009216e-07
4.343455657362937927e-07
4.428438842296600342e-07
4.493631422519683838e-07
4.551839083433151245e-07
4.605390131473541260e-07
4.664761945605278015e-07
4.732282832264900208e-07
4.785833880305290222e-07
4.844041541218757629e-07
4.939502105116844177e-07
4.994217306375503540e-07
5.051260814070701599e-07
5.104811862111091614e-07
5.163019523024559021e-07
5.232868716120719910e-07
5.291076377034187317e-07
5.353940650820732117e-07
5.438923835754394531e-07
5.495967343449592590e-07
5.555339157581329346e-07
5.611218512058258057e-07
5.667097866535186768e-07
5.736947059631347656e-07
5.799811333417892456e-07
5.858018994331359863e-07
5.948822945356369019e-07
6.009358912706375122e-07
6.072223186492919922e-07
6.123445928096771240e-07
6.182817742228507996e-07
6.249174475669860840e-07
6.322516128420829773e-07
6.379559636116027832e-07
6.463378667831420898e-07
6.535556167364120483e-07
6.591435521841049194e-07
6.654299795627593994e-07
6.706686690449714661e-07
6.768386811017990112e-07
6.837071850895881653e-07
6.905756890773773193e-07
6.960472092032432556e-07
7.054768502712249756e-07
7.123453542590141296e-07
7.180497050285339355e-07
7.243361324071884155e-07
7.295748218894004822e-07
7.357448339462280273e-07
7.431954145431518555e-07
7.501803338527679443e-07
7.558846846222877502e-07
7.653143256902694702e-07
7.717171683907508850e-07
7.775379344820976257e-07
7.842900231480598450e-07
7.897615432739257812e-07
7.963972166180610657e-07
8.025672286748886108e-07
8.104834705591201782e-07
8.166534826159477234e-07
8.251518011093139648e-07
8.322531357407569885e-07
8.385395631194114685e-07
8.445931598544120789e-07
8.512288331985473633e-07
8.571660146117210388e-07
8.642673492431640625e-07
8.719507604837417603e-07
8.783536031842231750e-07
8.860370144248008728e-07
8.954666554927825928e-07
9.032664820551872253e-07
9.093200787901878357e-07
9.154900908470153809e-07
9.218929335474967957e-07
9.285286068916320801e-07
9.353971108794212341e-07
9.436625987291336060e-07
9.508803486824035645e-07
9.591458365321159363e-07
9.682262316346168518e-07
9.759096428751945496e-07
9.828945621848106384e-07
9.890645742416381836e-07
9.953510016202926636e-07
1.001986674964427948e-06
1.008971594274044037e-06
1.016072928905487061e-06
1.024338416755199432e-06
1.033185981214046478e-06
1.043081283569335938e-06
1.050299033522605896e-06
1.058098860085010529e-06
1.064734533429145813e-06
1.071137376129627228e-06
1.077889464795589447e-06
1.084292307496070862e-06
1.091975718736648560e-06
1.099775545299053192e-06
1.107342541217803955e-06
1.117470674216747284e-06
1.126434653997421265e-06
1.134932972490787506e-06
1.141685061156749725e-06
1.148087903857231140e-06
1.155189238488674164e-06
1.162174157798290253e-06
1.169159077107906342e-06
1.176726073026657104e-06
1.184875145554542542e-06
1.193373464047908783e-06
1.203734427690505981e-06
1.212581992149353027e-06
1.220614649355411530e-06
1.228065229952335358e-06
1.234584487974643707e-06
1.241802237927913666e-06
1.249019987881183624e-06
1.255888491868972778e-06
1.263804733753204346e-06
1.271953806281089783e-06
1.281732693314552307e-06
1.291860826313495636e-06
1.302221789956092834e-06
1.309323124587535858e-06
1.317239366471767426e-06
1.323875039815902710e-06
1.330394297838211060e-06
1.338543370366096497e-06
1.345411874353885651e-06
1.353095285594463348e-06
1.361244358122348785e-06
1.370091922581195831e-06
1.381849870085716248e-06
1.392210833728313446e-06
1.400592736899852753e-06
1.408858224749565125e-06
1.415843144059181213e-06
1.422595232725143433e-06
1.429812982678413391e-06
1.437496393918991089e-06
1.444364897906780243e-06
1.452281139791011810e-06
1.461710780858993530e-06
1.470907591283321381e-06
1.482432708144187927e-06
1.493026502430438995e-06
1.500593498349189758e-06
1.508975401520729065e-06
1.516193151473999023e-06
1.523527316749095917e-06
1.530628651380538940e-06
1.538894139230251312e-06
1.545995473861694336e-06
1.554377377033233643e-06
1.564505510032176971e-06
1.574750058352947235e-06
1.586624421179294586e-06
1.596403308212757111e-06
1.605716533958911896e-06
1.613749191164970398e-06
1.621665433049201965e-06
1.629116013646125793e-06
1.635402441024780273e-06
1.644133590161800385e-06
1.651234924793243408e-06
1.659383997321128845e-06
1.668697223067283630e-06
1.679989509284496307e-06
1.691980287432670593e-06
1.702574081718921661e-06
1.713284291326999664e-06
1.721084117889404297e-06
1.729931682348251343e-06
1.736683771014213562e-06
1.743901520967483521e-06
1.752399839460849762e-06
1.759966835379600525e-06
1.767068170011043549e-06
1.774984411895275116e-06
1.786160282790660858e-06
1.797918230295181274e-06
1.809210516512393951e-06
1.819455064833164215e-06
1.829466782510280609e-06
1.837033778429031372e-06
1.845532096922397614e-06
1.852400600910186768e-06
1.859501935541629791e-06
1.868116669356822968e-06
1.875916495919227600e-06
1.883483491837978363e-06
1.891283318400382996e-06
1.904205419123172760e-06
1.915381290018558502e-06
1.927604898810386658e-06
1.937965862452983856e-06
1.947511918842792511e-06
1.955544576048851013e-06
1.964508555829524994e-06
1.971609890460968018e-06
1.979293301701545715e-06
1.987325958907604218e-06
1.996173523366451263e-06
2.004089765250682831e-06
2.011656761169433594e-06
2.024346031248569489e-06
2.035638317465782166e-06
2.047512680292129517e-06
2.058804966509342194e-06
2.068467438220977783e-06
2.076616510748863220e-06
2.085114829242229462e-06
2.093380317091941833e-06
2.100481651723384857e-06
2.108514308929443359e-06
2.116896212100982666e-06
2.124928869307041168e-06
2.132379449903964996e-06
2.141343429684638977e-06
2.155313268303871155e-06
2.166721969842910767e-06
2.179294824600219727e-06
2.190237864851951599e-06
2.198852598667144775e-06
2.207234501838684082e-06
2.215732820332050323e-06
2.223881892859935760e-06
2.230051904916763306e-06
2.238666638731956482e-06
2.247630618512630463e-06
2.255896106362342834e-06
2.264045178890228271e-06
2.275221049785614014e-06
2.288725227117538452e-06
2.300250343978404999e-06
2.313521690666675568e-06
2.324348315596580505e-06
2.332730218768119812e-06
2.342043444514274597e-06
2.350891008973121643e-06
2.359622158110141754e-06
2.366141416132450104e-06
2.374988980591297150e-06
2.384069375693798065e-06
2.392102032899856567e-06
2.400483936071395874e-06
2.411310561001300812e-06
2.425746060907840729e-06
2.437038347125053406e-06
2.448447048664093018e-06
2.460670657455921173e-06
2.469168975949287415e-06
2.478016540408134460e-06
2.487679012119770050e-06
2.496060915291309357e-06
2.503162249922752380e-06
2.510729245841503143e-06
2.520740963518619537e-06
2.529239282011985779e-06
2.536224201321601868e-06
2.546235918998718262e-06
2.561486326158046722e-06
2.573593519628047943e-06
2.585467882454395294e-06
2.597575075924396515e-06
2.607703208923339844e-06
2.615852281451225281e-06
2.626678906381130219e-06
2.634711563587188721e-06
2.643675543367862701e-06
2.650427632033824921e-06
2.659508027136325836e-06
2.669286914169788361e-06
2.677901647984981537e-06
2.685701474547386169e-06
2.699089236557483673e-06
2.712476998567581177e-06
2.724234946072101593e-06
2.736924216151237488e-06
2.748100087046623230e-06
2.757646143436431885e-06
2.766144461929798126e-06
2.777320332825183868e-06
2.785702235996723175e-06
2.794084139168262482e-06
2.801301889121532440e-06
2.809218131005764008e-06
2.820161171257495880e-06
2.829125151038169861e-06
2.836808562278747559e-06
2.851360477507114410e-06
2.864981070160865784e-06
2.876971848309040070e-06
2.888496965169906616e-06
2.901069819927215576e-06
2.911430783569812775e-06
2.919929102063179016e-06
2.930406481027603149e-06
2.938322722911834717e-06
2.946355380117893219e-06
2.954970113933086395e-06
2.963468432426452637e-06
2.973945811390876770e-06
2.982094883918762207e-06
2.990709617733955383e-06
3.003864549100399017e-06
3.018416464328765869e-06
3.030756488442420959e-06
3.042980097234249115e-06
3.054505214095115662e-06
3.066030330955982208e-06
3.074295818805694580e-06
3.083376213908195496e-06
3.093853592872619629e-06
3.101886250078678131e-06
3.110151737928390503e-06
3.118184395134449005e-06
3.127381205558776855e-06
3.138440661132335663e-06
3.146706148982048035e-06
3.157532773911952972e-06
3.172783181071281433e-06
3.186403773725032806e-06
3.198627382516860962e-06
3.210850991308689117e-06
3.223191015422344208e-06
3.233319148421287537e-06
3.241933882236480713e-06
3.252644091844558716e-06
3.261491656303405762e-06
3.269524313509464264e-06
3.278488293290138245e-06
3.287103027105331421e-06
3.296532668173313141e-06
3.306893631815910339e-06
3.315159119665622711e-06
3.328081220388412476e-06
3.342749550938606262e-06
3.356719389557838440e-06
3.369525074958801270e-06
3.381748683750629425e-06
3.393390215933322906e-06
3.403518348932266235e-06
3.412482328712940216e-06
3.423076122999191284e-06
3.432389348745346069e-06
3.441120497882366180e-06
3.449269570410251617e-06
3.458349965512752533e-06
3.467313945293426514e-06
3.477674908936023712e-06
3.486406058073043823e-06
3.499211743474006653e-06
3.514229319989681244e-06
3.528431989252567291e-06
3.540306352078914642e-06
3.553344868123531342e-06
3.564753569662570953e-06
3.576045855879783630e-06
3.584777005016803741e-06
3.595370799303054810e-06
3.605731762945652008e-06
3.614113666117191315e-06
3.621680662035942078e-06
3.631692379713058472e-06
3.640539944171905518e-06
3.650551661849021912e-06
3.660214133560657501e-06
3.670924343168735504e-06
3.686989657580852509e-06
3.699795342981815338e-06
3.713648766279220581e-06
3.725523129105567932e-06
3.738678060472011566e-06
3.750436007976531982e-06
3.759982064366340637e-06
3.768247552216053009e-06
3.779423423111438751e-06
3.789784386754035950e-06
3.796769306063652039e-06
3.805384039878845215e-06
3.815861418843269348e-06
3.824126906692981720e-06
3.834837116301059723e-06
3.845430910587310791e-06
3.858353011310100555e-06
3.874418325722217560e-06
3.887689672410488129e-06
3.902358002960681915e-06
3.914348781108856201e-06
3.926921635866165161e-06
3.938213922083377838e-06
3.948574885725975037e-06
3.957655280828475952e-06
3.968947567045688629e-06
3.978610038757324219e-06
3.985245712101459503e-06
3.994791768491268158e-06
4.004687070846557617e-06
4.013418219983577728e-06
4.024710506200790405e-06
4.035886377096176147e-06
4.048342816531658173e-06
4.065455868840217590e-06
4.078843630850315094e-06
4.093162715435028076e-06
4.106666892766952515e-06
4.118541255593299866e-06
4.131230525672435760e-06
4.141591489315032959e-06
4.151137545704841614e-06
4.162080585956573486e-06
4.172557964920997620e-06
4.180823452770709991e-06
4.188623279333114624e-06
4.198634997010231018e-06
4.208646714687347412e-06
4.219124093651771545e-06
4.231347702443599701e-06
4.244502633810043335e-06
4.260102286934852600e-06
4.273606464266777039e-06
4.286877810955047607e-06
4.300381988286972046e-06
4.313420504331588745e-06
4.325993359088897705e-06
4.336470738053321838e-06
4.346482455730438232e-06
4.356494173407554626e-06
4.366738721728324890e-06
4.376634024083614349e-06
4.384201020002365112e-06
4.393747076392173767e-06
4.403991624712944031e-06
4.414003342390060425e-06
4.424480721354484558e-06
4.438566975295543671e-06
4.452187567949295044e-06
4.467437975108623505e-06
4.481757059693336487e-06
4.495959728956222534e-06
4.510045982897281647e-06
4.522153176367282867e-06
4.534143954515457153e-06
4.545436240732669830e-06
4.555331543087959290e-06
4.565808922052383423e-06
4.576169885694980621e-06
4.584901034832000732e-06
4.593748599290847778e-06
4.603294655680656433e-06
4.614819772541522980e-06
4.625413566827774048e-06
4.636938683688640594e-06
4.651024937629699707e-06
4.664878360927104950e-06
4.681176505982875824e-06
4.695379175245761871e-06
4.710396751761436462e-06
4.723784513771533966e-06
4.736124537885189056e-06
4.748697392642498016e-06
4.760222509503364563e-06
4.769535735249519348e-06
4.781759344041347504e-06
4.791538231074810028e-06
4.801200702786445618e-06
4.809815436601638794e-06
4.819594323635101318e-06
4.829606041312217712e-06
4.840199835598468781e-06
4.853121936321258545e-06
4.866160452365875244e-06
4.881527274847030640e-06
4.898407496511936188e-06
4.912028089165687561e-06
4.927627742290496826e-06
4.941015504300594330e-06
4.954286850988864899e-06
4.966044798493385315e-06
4.977220669388771057e-06
4.988629370927810669e-06
4.999106749892234802e-06
5.010515451431274414e-06
5.020177923142910004e-06
5.030306056141853333e-06
5.038455128669738770e-06
5.048466846346855164e-06
5.059409886598587036e-06
5.070120096206665039e-06
5.084322765469551086e-06
5.098176188766956329e-06
5.114357918500900269e-06
5.130656063556671143e-06
5.144160240888595581e-06
5.159410648047924042e-06
5.173031240701675415e-06
5.186419002711772919e-06
5.198060534894466400e-06
5.208887159824371338e-06
5.220528692007064819e-06
5.231238901615142822e-06
5.242414772510528564e-06
5.250913091003894806e-06
5.261739715933799744e-06
5.271169357001781464e-06
5.281181074678897858e-06
5.291891284286975861e-06
5.304929800331592560e-06
5.319947376847267151e-06
5.333917215466499329e-06
5.350913852453231812e-06
5.366164259612560272e-06
5.380366928875446320e-06
5.396432243287563324e-06
5.409703589975833893e-06
5.424139089882373810e-06
5.436595529317855835e-06
5.446374416351318359e-06
5.458830855786800385e-06
5.470588803291320801e-06
5.482230335474014282e-06
5.490728653967380524e-06
5.500973202288150787e-06
5.510402843356132507e-06
5.520530976355075836e-06
5.529844202101230621e-06
5.543814040720462799e-06
5.558365955948829651e-06
5.572685040533542633e-06
5.590496584773063660e-06
5.605979822576045990e-06
5.619833245873451233e-06
5.635083653032779694e-06
5.649635568261146545e-06
5.663023330271244049e-06
5.676411092281341553e-06
5.687004886567592621e-06
5.699461326003074646e-06
5.709240213036537170e-06
5.721230991184711456e-06
5.732523277401924133e-06
5.741720087826251984e-06
5.752197466790676117e-06
5.761859938502311707e-06
5.772337317466735840e-06
5.783280357718467712e-06
5.800160579383373260e-06
5.813431926071643829e-06
5.830195732414722443e-06
5.847774446010589600e-06
5.862792022526264191e-06
5.876645445823669434e-06
5.892710760235786438e-06
5.906797014176845551e-06
5.920417606830596924e-06
5.932757630944252014e-06
5.942420102655887604e-06
5.954410880804061890e-06
5.965703167021274567e-06
5.976995453238487244e-06
5.986192263662815094e-06
5.996669642627239227e-06
6.006681360304355621e-06
6.016460247337818146e-06
6.026937626302242279e-06
6.039626896381378174e-06
6.056623533368110657e-06
6.070127710700035095e-06
6.088172085583209991e-06
6.105052307248115540e-06
6.119720637798309326e-06
6.133690476417541504e-06
6.150454282760620117e-06
6.164424121379852295e-06
6.177462637424468994e-06
6.190501153469085693e-06
6.201560609042644501e-06
6.213784217834472656e-06
6.226357072591781616e-06
6.237416528165340424e-06
6.246846169233322144e-06
6.257090717554092407e-06
6.267102435231208801e-06
6.277346983551979065e-06
6.288057193160057068e-06
6.300979293882846832e-06
6.318325176835060120e-06
6.331480108201503754e-06
6.349640898406505585e-06
6.367452442646026611e-06
6.382819265127182007e-06
6.396323442459106445e-06
6.413087248802185059e-06
6.426242180168628693e-06
6.439979188144207001e-06
6.453832611441612244e-06
6.464193575084209442e-06
6.476533599197864532e-06
6.489455699920654297e-06
6.500631570816040039e-06
6.510759703814983368e-06
6.520422175526618958e-06
6.530666723847389221e-06
6.541609764099121094e-06
6.552087143063545227e-06
6.563845090568065643e-06
6.581889465451240540e-06
6.596674211323261261e-06
6.612972356379032135e-06
6.631715223193168640e-06
6.648362614214420319e-06
6.662798114120960236e-06
6.677815690636634827e-06
6.693764589726924896e-06
6.706919521093368530e-06
6.719841621816158295e-06
6.732181645929813385e-06
6.741960532963275909e-06
6.754533387720584869e-06
6.769434548914432526e-06
6.778631359338760376e-06
6.788410246372222900e-06
6.799586117267608643e-06
6.809830665588378906e-06
6.820657290518283844e-06
6.831367500126361847e-06
6.846035830676555634e-06
6.863032467663288116e-06
6.878282874822616577e-06
6.895978003740310669e-06
6.914837285876274109e-06
6.930087693035602570e-06
6.944290362298488617e-06
6.960472092032432556e-06
6.975838914513587952e-06
6.989343091845512390e-06
7.002730853855609894e-06
7.013906724750995636e-06
7.024616934359073639e-06
7.038004696369171143e-06
7.051392458379268646e-06
7.061287760734558105e-06
7.071532309055328369e-06
7.082475349307060242e-06
7.093418389558792114e-06
7.104827091097831726e-06
7.115304470062255859e-06
7.130904123187065125e-06
7.149297744035720825e-06
7.165595889091491699e-06
7.183174602687358856e-06
7.201218977570533752e-06
7.217167876660823822e-06
7.231370545923709869e-06
7.247785106301307678e-06
7.263384759426116943e-06
7.277587428689002991e-06
7.290975190699100494e-06
7.303198799490928650e-06
7.314025424420833588e-06
7.326016202569007874e-06
7.340917363762855530e-06
7.351278327405452728e-06
7.360475137829780579e-06
7.372233085334300995e-06
7.383292540907859802e-06
7.394701242446899414e-06
7.404945790767669678e-06
7.419846951961517334e-06
7.439521141350269318e-06
7.454538717865943909e-06
7.473863661289215088e-06
7.491675205528736115e-06
7.510185241699218750e-06
7.524620741605758667e-06
7.539521902799606323e-06
7.555703632533550262e-06
7.570837624371051788e-06
7.582944817841053009e-06
7.595983333885669708e-06
7.607508450746536255e-06
7.619149982929229736e-06
7.632886990904808044e-06
7.644644938409328461e-06
7.653841748833656311e-06
7.664784789085388184e-06
7.676891982555389404e-06
7.686787284910678864e-06
7.698079571127891541e-06
7.710419595241546631e-06
7.726834155619144440e-06
7.745577022433280945e-06
7.762457244098186493e-06
7.781432941555976868e-06
7.798545993864536285e-06
7.815542630851268768e-06
7.829396054148674011e-06
7.846276275813579559e-06
7.861643098294734955e-06
7.876311428844928741e-06
7.889000698924064636e-06
7.901340723037719727e-06
7.912633009254932404e-06
7.925205864012241364e-06
7.939292117953300476e-06
7.950933650135993958e-06
7.960246875882148743e-06
7.970840670168399811e-06
7.984344847500324249e-06
7.994705811142921448e-06
8.006580173969268799e-06
8.020899258553981781e-06
8.037895895540714264e-06
8.056405931711196899e-06
8.074566721916198730e-06
8.092960342764854431e-06
8.110306225717067719e-06
8.126953616738319397e-06
8.140923455357551575e-06
8.156057447195053101e-06
8.172704838216304779e-06
8.187605999410152435e-06
8.200411684811115265e-06
8.211471140384674072e-06
8.223811164498329163e-06
8.236151188611984253e-06
8.250353857874870300e-06
8.261646144092082977e-06
8.271425031125545502e-06
8.282484486699104309e-06
8.295988664031028748e-06
8.306815288960933685e-06
8.317641913890838623e-06
8.333008736371994019e-06
8.349656127393245697e-06
8.367467671632766724e-06
8.385628461837768555e-06
8.403789252042770386e-06
8.421833626925945282e-06
8.438946679234504700e-06
8.455128408968448639e-06
8.470378816127777100e-06
8.486094884574413300e-06
8.501345291733741760e-06
8.513801731169223785e-06
8.525443263351917267e-06
8.538481779396533966e-06
8.550239726901054382e-06
8.566770702600479126e-06
8.577830158174037933e-06
8.587958291172981262e-06
8.598784916102886200e-06
8.610542863607406616e-06
8.622882887721061707e-06
8.634524419903755188e-06
8.648727089166641235e-06
8.664443157613277435e-06
8.682254701852798462e-06
8.701463229954242706e-06
8.719856850802898407e-06
8.739065378904342651e-06
8.758157491683959961e-06
8.773873560130596161e-06
8.789356797933578491e-06
8.805422112345695496e-06
8.820905350148677826e-06
8.835690096020698547e-06
8.848262950778007507e-06
8.858856745064258575e-06
8.871080353856086731e-06
8.885748684406280518e-06
8.899951353669166565e-06
8.909730240702629089e-06
8.921138942241668701e-06
8.931150659918785095e-06
8.944189175963401794e-06
8.956063538789749146e-06
8.968054316937923431e-06
8.983304724097251892e-06
9.000301361083984375e-06
9.018694981932640076e-06
9.038252755999565125e-06
9.056180715560913086e-06
9.073875844478607178e-06
9.093550033867359161e-06
9.109266102313995361e-06
9.124632924795150757e-06
9.140814654529094696e-06
9.156414307653903961e-06
9.171199053525924683e-06
9.182724170386791229e-06
9.194947779178619385e-06
9.207287803292274475e-06
9.223003871738910675e-06
9.235809557139873505e-06
9.245472028851509094e-06
9.257579222321510315e-06
9.268871508538722992e-06
9.281793609261512756e-06
9.294715709984302521e-06
9.307288564741611481e-06
9.322073310613632202e-06
9.339768439531326294e-06
9.357347153127193451e-06
9.377487003803253174e-06
9.395647794008255005e-06
9.413924999535083771e-06
9.432784281671047211e-06
9.449315257370471954e-06
9.464216418564319611e-06
9.481213055551052094e-06
9.495764970779418945e-06
9.511597454547882080e-06
9.523937478661537170e-06
9.536277502775192261e-06
9.547336958348751068e-06
9.562238119542598724e-06
9.577022865414619446e-06
9.587150998413562775e-06
9.598908945918083191e-06
9.609386324882507324e-06
9.621144272387027740e-06
9.634532034397125244e-06
9.647803381085395813e-06
9.662355296313762665e-06
9.679002687335014343e-06
9.697629138827323914e-06
9.716721251606941223e-06
9.736395440995693207e-06
9.754090569913387299e-06
9.772018529474735260e-06
9.790994226932525635e-06
9.805778972804546356e-06
9.821844287216663361e-06
9.838957339525222778e-06
9.854440577328205109e-06
9.868061169981956482e-06
9.879237040877342224e-06
9.890878573060035706e-06
9.903335012495517731e-06
9.922310709953308105e-06
9.932788088917732239e-06
9.942916221916675568e-06
9.956653229892253876e-06
9.967596270143985748e-06
9.981449693441390991e-06
9.993556886911392212e-06
1.000938937067985535e-05
1.002359203994274139e-05
1.004221849143505096e-05
1.006165985018014908e-05
1.008028630167245865e-05
1.010100822895765305e-05
1.011905260384082794e-05
1.013779547065496445e-05
1.015560701489448547e-05
1.017109025269746780e-05
1.018738839775323868e-05
1.020333729684352875e-05
1.021882053464651108e-05
1.023267395794391632e-05
1.024303492158651352e-05
1.025502569973468781e-05
1.026852987706661224e-05
1.028482802212238312e-05
1.029530540108680725e-05
1.030624844133853912e-05
1.032021827995777130e-05
1.033034641295671463e-05
1.034443266689777374e-05
1.035793684422969818e-05
1.037400215864181519e-05
1.038878690451383591e-05
1.040776260197162628e-05
1.042697113007307053e-05
1.044746022671461105e-05
1.046678517013788223e-05
1.048622652888298035e-05
1.050427090376615524e-05
1.052161678671836853e-05
1.053744927048683167e-05
1.055293250828981400e-05
1.056969631463289261e-05
1.058459747582674026e-05
1.059856731444597244e-05
1.061009243130683899e-05
1.062150113284587860e-05
1.063477247953414917e-05
1.065200194716453552e-05
1.066282857209444046e-05
1.067365519702434540e-05
1.068681012839078903e-05
1.069821882992982864e-05
1.071020960807800293e-05
1.072511076927185059e-05
1.074152532964944839e-05
1.075665932148694992e-05
1.077353954315185547e-05
1.079495996236801147e-05
1.081440132111310959e-05
1.083372626453638077e-05
1.085398253053426743e-05
1.087156124413013458e-05
1.088960561901330948e-05
1.090706791728734970e-05
1.092313323169946671e-05
1.094001345336437225e-05
1.095701009035110474e-05
1.097226049751043320e-05
1.098436769098043442e-05
