0.000000000000000000e+00	0.000000000000000000e+00	0.000000000000000000e+00
5.089128590498016536e+01	0.000000000000000000e+00	2.538168804687434069e-02
1.015287486804834458e+02	0.000000000000000000e+00	2.525635736099643772e-02
1.519186291787332266e+02	0.000000000000000000e+00	2.513408333523033458e-02
2.020669173098916360e+02	0.000000000000000000e+00	2.501474365270374769e-02
2.519793644305385101e+02	0.000000000000000000e+00	2.489822201687271266e-02
3.016614950499951533e+02	0.000000000000000000e+00	2.478440782069614434e-02
3.511186178946589962e+02	0.000000000000000000e+00	2.467319583526814131e-02
4.003558363680804746e+02	0.000000000000000000e+00	2.456448591671336196e-02
4.493780584421488129e+02	0.000000000000000000e+00	2.445818273021876585e-02
4.981900060126079097e+02	0.000000000000000000e+00	2.435419549015489446e-02
5.467962237500926221e+02	0.000000000000000000e+00	2.425243771529880105e-02
5.952010874759330363e+02	0.000000000000000000e+00	2.415282699823916718e-02
6.434088120902503078e+02	0.000000000000000000e+00	2.405528478809949855e-02
6.914234590781309180e+02	0.000000000000000000e+00	2.395973618576771949e-02
7.392489436181363089e+02	0.000000000000000000e+00	2.386610975087908107e-02
7.868890413159584796e+02	0.000000000000000000e+00	2.377433731983679549e-02
8.343473945845720436e+02	0.000000000000000000e+00	2.368435383420677484e-02
8.816275186910613684e+02	0.000000000000000000e+00	2.359609717886359398e-02
9.287328074889907157e+02	0.000000000000000000e+00	2.350950802929984568e-02
9.756665388541025550e+02	0.000000000000000000e+00	2.342452970755248831e-02
1.022431879840041233e+03	0.000000000000000000e+00	2.334110804623019952e-02
1.069031891569866048e+03	0.000000000000000000e+00	2.325919126016047500e-02
1.115469533878083212e+03	0.000000000000000000e+00	2.317872982520360892e-02
1.161747669717109375e+03	0.000000000000000000e+00	2.309967636380796246e-02
1.207869069341269778e+03	0.000000000000000000e+00	2.302198553691030269e-02
1.253836414280638337e+03	0.000000000000000000e+00	2.294561394180607075e-02
1.299652301116284207e+03	0.000000000000000000e+00	2.287052001563836395e-02
1.345319245067839120e+03	0.000000000000000000e+00	2.279666394417769956e-02
1.390839683403663912e+03	0.000000000000000000e+00	2.272400757558296763e-02
1.436215978683299454e+03	0.000000000000000000e+00	2.265251433885433208e-02
1.481450421841236221e+03	0.000000000000000000e+00	2.258214916670270300e-02
1.526545235120678853e+03	0.000000000000000000e+00	2.251287842258365562e-02
1.571502574865320867e+03	0.000000000000000000e+00	2.244466983165335078e-02
1.616324534176749921e+03	0.000000000000000000e+00	2.237749241542041564e-02
1.661013145444726433e+03	0.000000000000000000e+00	2.231131642988264455e-02
1.705570382756992785e+03	0.000000000000000000e+00	2.224611330694923478e-02
1.749998164195097388e+03	0.000000000000000000e+00	2.218185559895990283e-02
1.794298354022206240e+03	0.000000000000000000e+00	2.211851692612640252e-02
1.838472764768561092e+03	0.000000000000000000e+00	2.205607192672897829e-02
1.882523159219985246e+03	0.000000000000000000e+00	2.199449620991433124e-02
1.926451252314419662e+03	0.000000000000000000e+00	2.193376631094645646e-02
1.970258712951351981e+03	0.000000000000000000e+00	2.187385964877439082e-02
2.013947165718567703e+03	0.000000000000000000e+00	2.181475448578579571e-02
2.057518192540482232e+03	0.000000000000000000e+00	2.175642988962578697e-02
2.100973334252078985e+03	0.000000000000000000e+00	2.169886569696565307e-02
2.144314092102300947e+03	0.000000000000000000e+00	2.164204247911263174e-02
2.187541929190311748e+03	0.000000000000000000e+00	2.158594150936156419e-02
2.230658271838260589e+03	0.000000000000000000e+00	2.153054473198982854e-02
2.273664510903439350e+03	0.000000000000000000e+00	2.147583473280756036e-02
2.316562003033186102e+03	0.000000000000000000e+00	2.142179471117672263e-02
2.359352071865150265e+03	0.000000000000000000e+00	2.136840845342057732e-02
2.402036009175697927e+03	0.000000000000000000e+00	2.131566030754719621e-02
2.444615075979008452e+03	0.000000000000000000e+00	2.126353515921585932e-02
2.487090503579369852e+03	0.000000000000000000e+00	2.121201840888074439e-02
2.529463494578813425e+03	0.000000000000000000e+00	2.116109595004733376e-02
2.571735223842332289e+03	0.000000000000000000e+00	2.111075414858276308e-02
2.613906839422758821e+03	0.000000000000000000e+00	2.106097982302429505e-02
2.655979463447185026e+03	0.000000000000000000e+00	2.101176022583224265e-02
2.697954192966814389e+03	0.000000000000000000e+00	2.096308302553878330e-02
2.739832100771921887e+03	0.000000000000000000e+00	2.091493628974342225e-02
2.781614236173704285e+03	0.000000000000000000e+00	2.086730846891375266e-02
2.823301625754393172e+03	0.000000000000000000e+00	2.082018838094568114e-02
2.864895274087333746e+03	0.000000000000000000e+00	2.077356519644809815e-02
2.906396164428188513e+03	0.000000000000000000e+00	2.072742842471026609e-02
2.947805259378853407e+03	0.000000000000000000e+00	2.068176790031975645e-02
2.989123501525140910e+03	0.000000000000000000e+00	2.063657377039580798e-02
3.030351814049625773e+03	0.000000000000000000e+00	2.059183648240798387e-02
3.071491101320554662e+03	0.000000000000000000e+00	2.054754677254853543e-02
3.112542249458133483e+03	0.000000000000000000e+00	2.050369565463258659e-02
3.153506126879090516e+03	0.000000000000000000e+00	2.046027440949760648e-02
3.194383584820486703e+03	0.000000000000000000e+00	2.041727457487844954e-02
3.235175457843763525e+03	0.000000000000000000e+00	2.037468793573299700e-02
3.275882564319932499e+03	0.000000000000000000e+00	2.033250651499697581e-02
3.316505706896522042e+03	0.000000000000000000e+00	2.029072256474623651e-02
3.357045672947409457e+03	0.000000000000000000e+00	2.024932855774600610e-02
3.397503235006040086e+03	0.000000000000000000e+00	2.020831717936829447e-02
3.437879151182828991e+03	0.000000000000000000e+00	2.016768131986053716e-02
3.478174165567465025e+03	0.000000000000000000e+00	2.012741406694612892e-02
3.518389008616731189e+03	0.000000000000000000e+00	2.008750869874287998e-02
3.558524397528462487e+03	0.000000000000000000e+00	2.004795867698290837e-02
3.598581036602236054e+03	0.000000000000000000e+00	2.000875764051943811e-02
3.638559617587303364e+03	0.000000000000000000e+00	1.996989939910785716e-02
3.678460820018461618e+03	0.000000000000000000e+00	1.993137792744587369e-02
3.718285311540125804e+03	0.000000000000000000e+00	1.989318735946346908e-02
3.758033748219309473e+03	0.000000000000000000e+00	1.985532198284772204e-02
3.797706774847830275e+03	0.000000000000000000e+00	1.981777623379375047e-02
3.837305025234274581e+03	0.000000000000000000e+00	1.978054469197023518e-02
3.876829122486047709e+03	0.000000000000000000e+00	1.974362207568964786e-02
3.916279679282021334e+03	0.000000000000000000e+00	1.970700323727362854e-02
3.955657298136077316e+03	0.000000000000000000e+00	1.967068315860516503e-02
3.994962571651912185e+03	0.000000000000000000e+00	1.963465694685763777e-02
4.034196082769457007e+03	0.000000000000000000e+00	1.959891983039467600e-02
4.073358405003358712e+03	0.000000000000000000e+00	1.956346715483066670e-02
4.112450102673633410e+03	0.000000000000000000e+00	1.952829437924698264e-02
4.151471731128917781e+03	0.000000000000000000e+00	1.949339707255521789e-02
4.190423836962631867e+03	0.000000000000000000e+00	1.945877091000162637e-02
4.229306958222279718e+03	0.000000000000000000e+00	1.942441166980644202e-02
4.268121624612113919e+03	0.000000000000000000e+00	1.939031522993215489e-02
4.306868357689501863e+03	0.000000000000000000e+00	1.935647756497450855e-02
4.345547671055192950e+03	0.000000000000000000e+00	1.932289474317138225e-02
4.384160070537708634e+03	0.000000000000000000e+00	1.928956292352458288e-02
4.422706054372003564e+03	0.000000000000000000e+00	1.925647835302902317e-02
4.461186113372865293e+03	0.000000000000000000e+00	1.922363736400514722e-02
4.499600731102969803e+03	0.000000000000000000e+00	1.919103637152959341e-02
4.537950384035812021e+03	0.000000000000000000e+00	1.915867187096074314e-02
4.576235541713976090e+03	0.000000000000000000e+00	1.912654043555481534e-02
4.614456666902535289e+03	0.000000000000000000e+00	1.909463871416735778e-02
4.652614215738077291e+03	0.000000000000000000e+00	1.906296342903960120e-02
4.690708637873337466e+03	0.000000000000000000e+00	1.903151137366235895e-02
4.728740376617545735e+03	0.000000000000000000e+00	1.900027941071723986e-02
4.766709869072881702e+03	0.000000000000000000e+00	1.896926447009054592e-02
4.804617546266937097e+03	0.000000000000000000e+00	1.893846354695704823e-02
4.842463833281393818e+03	0.000000000000000000e+00	1.890787369993071274e-02
4.880249149377168578e+03	0.000000000000000000e+00	1.887749204928072452e-02
4.917973908115997801e+03	0.000000000000000000e+00	1.884731577520779022e-02
4.955638517478521862e+03	0.000000000000000000e+00	1.881734211618080882e-02
4.993243379979266138e+03	0.000000000000000000e+00	1.878756836733020547e-02
5.030788892778479749e+03	0.000000000000000000e+00	1.875799187889571132e-02
5.068275447790720136e+03	0.000000000000000000e+00	1.872861005472665694e-02
5.105703431790676404e+03	0.000000000000000000e+00	1.869942035083250326e-02
5.143073226516082286e+03	0.000000000000000000e+00	1.867042027398203852e-02
5.180385208767859694e+03	0.000000000000000000e+00	1.864160738034882289e-02
5.217639750507598364e+03	0.000000000000000000e+00	1.861297927420166309e-02
5.254837218952498915e+03	0.000000000000000000e+00	1.858453360663745932e-02
5.291977976667761141e+03	0.000000000000000000e+00	1.855626807435564046e-02
5.329062381656646721e+03	0.000000000000000000e+00	1.852818041847279287e-02
5.366090787448104493e+03	0.000000000000000000e+00	1.850026842337454749e-02
5.403063543182220201e+03	0.000000000000000000e+00	1.847252991560511745e-02
5.439980993693472556e+03	0.000000000000000000e+00	1.844496276279166194e-02
5.476843479591752839e+03	0.000000000000000000e+00	1.841756487260255704e-02
5.513651337341634644e+03	0.000000000000000000e+00	1.839033419173950051e-02
5.550404899339216172e+03	0.000000000000000000e+00	1.836326870495947131e-02
5.587104493987440947e+03	0.000000000000000000e+00	1.833636643412889927e-02
5.623750445769321232e+03	0.000000000000000000e+00	1.830962543730555933e-02
5.660343075319505260e+03	0.000000000000000000e+00	1.828304380784962629e-02
5.696882699493888140e+03	0.000000000000000000e+00	1.825661967356163873e-02
5.733369631437765747e+03	0.000000000000000000e+00	1.823035119584652877e-02
5.769804180652206924e+03	0.000000000000000000e+00	1.820423656890313852e-02
5.806186653058780394e+03	0.000000000000000000e+00	1.817827401893799127e-02
5.842517351062900161e+03	0.000000000000000000e+00	1.815246180340236715e-02
5.878796573615448324e+03	0.000000000000000000e+00	1.812679821025247467e-02
5.915024616273241918e+03	0.000000000000000000e+00	1.810128155723101165e-02
5.951201771257748078e+03	0.000000000000000000e+00	1.807591019117013934e-02
5.987328327512599571e+03	0.000000000000000000e+00	1.805068248731449970e-02
6.023404570759872513e+03	0.000000000000000000e+00	1.802559684866435891e-02
6.059430783554823392e+03	0.000000000000000000e+00	1.800065170533725681e-02
6.095407245339614747e+03	0.000000000000000000e+00	1.797584551394817640e-02
6.131334232495544711e+03	0.000000000000000000e+00	1.795117675700767107e-02
6.167212018394467123e+03	0.000000000000000000e+00	1.792664394233643016e-02
6.203040873448656384e+03	0.000000000000000000e+00	1.790224560249684474e-02
6.238821065159815589e+03	0.000000000000000000e+00	1.787798029424076882e-02
6.274552858166938677e+03	0.000000000000000000e+00	1.785384659797203608e-02
6.310236514292996617e+03	0.000000000000000000e+00	1.782984311722455098e-02
6.345872292590766847e+03	0.000000000000000000e+00	1.780596847815424724e-02
6.381460449387552217e+03	0.000000000000000000e+00	1.778222132904548961e-02
6.417001238328983163e+03	0.000000000000000000e+00	1.775860033983055197e-02
6.452494910421857639e+03	0.000000000000000000e+00	1.773510420162237311e-02
6.487941714075911477e+03	0.000000000000000000e+00	1.771173162625996542e-02
6.523341895144994851e+03	0.000000000000000000e+00	1.768848134586611248e-02
6.558695696967138247e+03	0.000000000000000000e+00	1.766535211241671705e-02
6.594003360403831721e+03	0.000000000000000000e+00	1.764234269732128588e-02
6.629265123878461964e+03	0.000000000000000000e+00	1.761945189101550568e-02
6.664481223413978114e+03	0.000000000000000000e+00	1.759667850256330449e-02
6.699651892669833614e+03	0.000000000000000000e+00	1.757402135927052869e-02
6.734777362977987650e+03	0.000000000000000000e+00	1.755147930630786973e-02
6.769857863378317234e+03	0.000000000000000000e+00	1.752905120634341840e-02
6.804893620653205289e+03	0.000000000000000000e+00	1.750673593918583917e-02
6.839884859361568488e+03	0.000000000000000000e+00	1.748453240143523629e-02
6.874831801872015603e+03	0.000000000000000000e+00	1.746243950614407431e-02
6.909734668395444714e+03	0.000000000000000000e+00	1.744045618248594304e-02
6.944593677016963738e+03	0.000000000000000000e+00	1.741858137543312798e-02
6.979409043727145217e+03	0.000000000000000000e+00	1.739681404544201476e-02
7.014180982452763601e+03	0.000000000000000000e+00	1.737515316814673347e-02
7.048909705086746726e+03	0.000000000000000000e+00	1.735359773405976275e-02
7.083595421517701652e+03	0.000000000000000000e+00	1.733214674828066973e-02
7.118238339658799305e+03	0.000000000000000000e+00	1.731079923021156680e-02
7.152838665476086135e+03	0.000000000000000000e+00	1.728955421327975361e-02
7.187396603016291010e+03	0.000000000000000000e+00	1.726841074466694409e-02
7.221912354433968176e+03	0.000000000000000000e+00	1.724736788504497784e-02
7.256386120018418296e+03	0.000000000000000000e+00	1.722642470831832820e-02
7.290818098219711828e+03	0.000000000000000000e+00	1.720558030137250144e-02
7.325208485674443182e+03	0.000000000000000000e+00	1.718483376382838948e-02
7.359557477231073790e+03	0.000000000000000000e+00	1.716418420780254500e-02
7.393865265974495742e+03	0.000000000000000000e+00	1.714363075767325398e-02
7.428132043250546303e+03	0.000000000000000000e+00	1.712317254985168749e-02
7.462357998689633860e+03	0.000000000000000000e+00	1.710280873255924650e-02
7.496543320230355675e+03	0.000000000000000000e+00	1.708253846560923994e-02
7.530688194142283464e+03	0.000000000000000000e+00	1.706236092019395093e-02
7.564792805048573427e+03	0.000000000000000000e+00	1.704227527867674397e-02
7.598857335948140644e+03	0.000000000000000000e+00	1.702228073438876929e-02
7.632881968237385991e+03	0.000000000000000000e+00	1.700237649143065966e-02
7.666866881731496505e+03	0.000000000000000000e+00	1.698256176447808519e-02
7.700812254685431071e+03	0.000000000000000000e+00	1.696283577859225219e-02
7.734718263814534112e+03	0.000000000000000000e+00	1.694319776903477001e-02
7.768585084314696360e+03	0.000000000000000000e+00	1.692364698108620932e-02
7.802412889882274612e+03	0.000000000000000000e+00	1.690418266986896262e-02
7.836201852733544911e+03	0.000000000000000000e+00	1.688480410017390368e-02
7.869952143623896518e+03	0.000000000000000000e+00	1.686551054629139429e-02
7.903663931866706662e+03	0.000000000000000000e+00	1.684630129184543426e-02
7.937337385351779631e+03	0.000000000000000000e+00	1.682717562963136418e-02
7.970972670563545762e+03	0.000000000000000000e+00	1.680813286145805413e-02
8.004569952598914824e+03	0.000000000000000000e+00	1.678917229799218452e-02
8.038129395184895657e+03	0.000000000000000000e+00	1.677029325860700942e-02
8.071651160695865656e+03	0.000000000000000000e+00	1.675149507123380524e-02
8.105135410170476462e+03	0.000000000000000000e+00	1.673277707221663274e-02
8.138582303328336820e+03	0.000000000000000000e+00	1.671413860617039504e-02
8.171991998586461705e+03	0.000000000000000000e+00	1.669557902584155318e-02
8.205364653075395836e+03	0.000000000000000000e+00	1.667709769197205788e-02
8.238700422655025250e+03	0.000000000000000000e+00	1.665869397316599443e-02
8.271999461930243342e+03	0.000000000000000000e+00	1.664036724575935697e-02
8.305261924266193091e+03	0.000000000000000000e+00	1.662211689369197734e-02
8.338487961803519283e+03	0.000000000000000000e+00	1.660394230838254520e-02
8.371677725472933162e+03	0.000000000000000000e+00	1.658584288860618164e-02
8.404831365010044465e+03	0.000000000000000000e+00	1.656781804037435468e-02
8.437949028969595020e+03	0.000000000000000000e+00	1.654986717681753913e-02
8.471030864739623212e+03	0.000000000000000000e+00	1.653198971806997195e-02
8.504077018555286486e+03	0.000000000000000000e+00	1.651418509115683622e-02
8.537087635512738416e+03	0.000000000000000000e+00	1.649645272988376973e-02
8.570062859582292731e+03	0.000000000000000000e+00	1.647879207472894778e-02
8.603002833621905665e+03	0.000000000000000000e+00	1.646120257273646012e-02
8.635907699390021662e+03	0.000000000000000000e+00	1.644368367741286946e-02
8.668777597558579146e+03	0.000000000000000000e+00	1.642623484862507782e-02
8.701612667725408755e+03	0.000000000000000000e+00	1.640885555250034752e-02
8.734413048426920795e+03	0.000000000000000000e+00	1.639154526132905257e-02
8.767178877150081462e+03	0.000000000000000000e+00	1.637430345346780822e-02
8.799910290344598252e+03	0.000000000000000000e+00	1.635712961324610817e-02
8.832607423434708835e+03	0.000000000000000000e+00	1.634002323087376668e-02
8.865270410830957189e+03	0.000000000000000000e+00	1.632298380235054289e-02
8.897899385941445871e+03	0.000000000000000000e+00	1.630601082937772894e-02
8.930494481183512107e+03	0.000000000000000000e+00	1.628910381927068524e-02
8.963055827994567153e+03	0.000000000000000000e+00	1.627226228487378690e-02
8.995583556843183032e+03	0.000000000000000000e+00	1.625548574447691769e-02
9.028077797239880965e+03	0.000000000000000000e+00	1.623877372173312961e-02
9.060538677747768816e+03	0.000000000000000000e+00	1.622212574557818990e-02
9.092966325993034843e+03	0.000000000000000000e+00	1.620554135015176561e-02
9.125360868675392339e+03	0.000000000000000000e+00	1.618902007471962126e-02
9.157722431578065880e+03	0.000000000000000000e+00	1.617256146359782876e-02
9.190051139577924914e+03	0.000000000000000000e+00	1.615616506607800429e-02
9.222347116655309947e+03	0.000000000000000000e+00	1.613983043635418974e-02
9.254610485903842346e+03	0.000000000000000000e+00	1.612355713345085817e-02
9.286841369539917650e+03	0.000000000000000000e+00	1.610734472115219265e-02
9.319039888912213428e+03	0.000000000000000000e+00	1.609119276793326628e-02
9.351206164511049792e+03	0.000000000000000000e+00	1.607510084689166632e-02
9.383340315977435239e+03	0.000000000000000000e+00	1.605906853568113760e-02
9.415442462112274370e+03	0.000000000000000000e+00	1.604309541644549642e-02
9.447512720885106319e+03	0.000000000000000000e+00	1.602718107575492115e-02
9.479551209443034168e+03	0.000000000000000000e+00	1.601132510454235033e-02
9.511558044119306942e+03	0.000000000000000000e+00	1.599552709804142811e-02
9.543533340441985274e+03	0.000000000000000000e+00	1.597978665572596588e-02
9.575477213142168694e+03	0.000000000000000000e+00	1.596410338124954614e-02
9.607389776162382987e+03	0.000000000000000000e+00	1.594847688238724970e-02
9.639271142664954823e+03	0.000000000000000000e+00	1.593290677097762564e-02
9.671121425039653332e+03	0.000000000000000000e+00	1.591739266286601451e-02
9.702940734912135667e+03	0.000000000000000000e+00	1.590193417784882893e-02
9.734729183151357574e+03	0.000000000000000000e+00	1.588653093961901394e-02
9.766486879877620595e+03	0.000000000000000000e+00	1.587118257571194443e-02
9.798213934470131790e+03	0.000000000000000000e+00	1.585588871745274853e-02
9.829910455574412481e+03	0.000000000000000000e+00	1.584064899990441505e-02
9.861576551109797947e+03	0.000000000000000000e+00	1.582546306181675105e-02
9.893212328276942571e+03	0.000000000000000000e+00	1.581033054557579726e-02
9.924817893564617407e+03	0.000000000000000000e+00	1.579525109715530090e-02
9.956393352757246248e+03	0.000000000000000000e+00	1.578022436606749124e-02
9.987938810941815973e+03	0.000000000000000000e+00	1.576525000531596790e-02
1.001945437251462863e+04	0.000000000000000000e+00	1.575032767134875930e-02
1.005094014118842097e+04	0.000000000000000000e+00	1.573545702401207141e-02
1.008239621999883275e+04	0.000000000000000000e+00	1.572063772650529601e-02
1.011382271131143352e+04	0.000000000000000000e+00	1.570586944533647680e-02
1.014521971682793628e+04	0.000000000000000000e+00	1.569115185027831691e-02
1.017658733759282040e+04	0.000000000000000000e+00	1.567648461432541093e-02
1.020792567399984000e+04	0.000000000000000000e+00	1.566186741365179630e-02
1.023923482579809206e+04	0.000000000000000000e+00	1.564729992756952806e-02
1.027051489209856845e+04	0.000000000000000000e+00	1.563278183848740982e-02
1.030176597138005491e+04	0.000000000000000000e+00	1.561831283187117142e-02
1.033298816149532104e+04	0.000000000000000000e+00	1.560389259620358592e-02
1.036418155967705570e+04	0.000000000000000000e+00	1.558952082294547126e-02
1.039534626254386421e+04	0.000000000000000000e+00	1.557519720649761658e-02
1.042648236610604363e+04	0.000000000000000000e+00	1.556092144416318379e-02
1.045758996577134894e+04	0.000000000000000000e+00	1.554669323611003809e-02
1.048866915635073565e+04	0.000000000000000000e+00	1.553251228533481139e-02
1.051972003206390582e+04	0.000000000000000000e+00	1.551837829762696061e-02
1.055074268654495427e+04	0.000000000000000000e+00	1.550429098153321451e-02
1.058173721284779640e+04	0.000000000000000000e+00	1.549025004832299199e-02
1.061270370345154697e+04	0.000000000000000000e+00	1.547625521195400075e-02
1.064364225026593340e+04	0.000000000000000000e+00	1.546230618903881616e-02
1.067455294463657992e+04	0.000000000000000000e+00	1.544840269881160057e-02
1.070543587735001529e+04	0.000000000000000000e+00	1.543454446309549741e-02
1.073629113863907332e+04	0.000000000000000000e+00	1.542073120627060652e-02
1.076711881818801339e+04	0.000000000000000000e+00	1.540696265524227337e-02
1.079791900513711516e+04	0.000000000000000000e+00	1.539323853941004447e-02
1.082869178808823199e+04	0.000000000000000000e+00	1.537955859063704946e-02
1.085943725510917830e+04	0.000000000000000000e+00	1.536592254321980829e-02
1.089015549373883186e+04	0.000000000000000000e+00	1.535233013385854661e-02
1.092084659099189230e+04	0.000000000000000000e+00	1.533878110162812704e-02
1.095151063336353400e+04	0.000000000000000000e+00	1.532527518794899075e-02
1.098214770683405186e+04	0.000000000000000000e+00	1.531181213655887982e-02
1.101275789687356155e+04	0.000000000000000000e+00	1.529839169348530710e-02
1.104334128844641236e+04	0.000000000000000000e+00	1.528501360701740169e-02
1.107389796601593480e+04	0.000000000000000000e+00	1.527167762767955156e-02
1.110442801354859330e+04	0.000000000000000000e+00	1.525838350820414406e-02
1.113493151451857739e+04	0.000000000000000000e+00	1.524513100350554685e-02
1.116540855191197079e+04	0.000000000000000000e+00	1.523191987065450857e-02
1.119585920823123888e+04	0.000000000000000000e+00	1.521874986885227848e-02
1.122628356549929049e+04	0.000000000000000000e+00	1.520562075940560393e-02
1.125668170526379436e+04	0.000000000000000000e+00	1.519253230570196539e-02
1.128705370860123730e+04	0.000000000000000000e+00	1.517948427318554540e-02
1.131739965612098058e+04	0.000000000000000000e+00	1.516647642933281227e-02
1.134771962796940898e+04	0.000000000000000000e+00	1.515350854362893310e-02
1.137801370383382709e+04	0.000000000000000000e+00	1.514058038754480598e-02
1.140828196294648478e+04	0.000000000000000000e+00	1.512769173451382516e-02
1.143852448408840974e+04	0.000000000000000000e+00	1.511484235990913014e-02
1.146874134559335471e+04	0.000000000000000000e+00	1.510203204102167351e-02
1.149893262535152462e+04	0.000000000000000000e+00	1.508926055703797668e-02
1.152909840081328366e+04	0.000000000000000000e+00	1.507652768901844575e-02
1.155923874899314069e+04	0.000000000000000000e+00	1.506383321987632244e-02
1.158935374647310346e+04	0.000000000000000000e+00	1.505117693435634695e-02
1.161944346940665491e+04	0.000000000000000000e+00	1.503855861901408873e-02
1.164950799352205104e+04	0.000000000000000000e+00	1.502597806219557741e-02
1.167954739412606068e+04	0.000000000000000000e+00	1.501343505401712269e-02
1.170956174610745074e+04	0.000000000000000000e+00	1.500092938634548130e-02
1.173955112394043681e+04	0.000000000000000000e+00	1.498846085277811581e-02
1.176951560168807191e+04	0.000000000000000000e+00	1.497602924862417861e-02
1.179945525300591180e+04	0.000000000000000000e+00	1.496363437088527384e-02
1.182937015114502719e+04	0.000000000000000000e+00	1.495127601823662347e-02
1.185926036895559810e+04	0.000000000000000000e+00	1.493895399100858903e-02
1.188912597889001518e+04	0.000000000000000000e+00	1.492666809116871725e-02
1.191896705300627764e+04	0.000000000000000000e+00	1.491441812230343694e-02
1.194878366297124740e+04	0.000000000000000000e+00	1.490220388960049151e-02
1.197857588006355400e+04	0.000000000000000000e+00	1.489002519983113199e-02
1.200834377517704706e+04	0.000000000000000000e+00	1.487788186133316877e-02
1.203808741882389404e+04	0.000000000000000000e+00	1.486577368399389504e-02
1.206780688113735778e+04	0.000000000000000000e+00	1.485370047923325644e-02
1.209750223187529991e+04	0.000000000000000000e+00	1.484166205998741286e-02
1.212717354042279476e+04	0.000000000000000000e+00	1.482965824069202264e-02
1.215682087579531799e+04	0.000000000000000000e+00	1.481768883726651380e-02
1.218644430664171341e+04	0.000000000000000000e+00	1.480575366709824085e-02
1.221604390124694874e+04	0.000000000000000000e+00	1.479385254902645247e-02
1.224561972753519694e+04	0.000000000000000000e+00	1.478198530332709357e-02
1.227517185307253203e+04	0.000000000000000000e+00	1.477015175169742872e-02
1.230470034506992306e+04	0.000000000000000000e+00	1.475835171724108018e-02
1.233420527038590080e+04	0.000000000000000000e+00	1.474658502445305719e-02
1.236368669552930442e+04	0.000000000000000000e+00	1.473485149920512709e-02
1.239314468666220819e+04	0.000000000000000000e+00	1.472315096873158188e-02
1.242257930960238082e+04	0.000000000000000000e+00	1.471148326161453301e-02
1.245199062982611576e+04	0.000000000000000000e+00	1.469984820777026947e-02
1.248137871247093062e+04	0.000000000000000000e+00	1.468824563843511115e-02
1.251074362233811917e+04	0.000000000000000000e+00	1.467667538615160736e-02
1.254008542389528520e+04	0.000000000000000000e+00	1.466513728475526794e-02
1.256940418127901103e+04	0.000000000000000000e+00	1.465363116936113999e-02
1.259869995829740037e+04	0.000000000000000000e+00	1.464215687635051812e-02
1.262797281843260680e+04	0.000000000000000000e+00	1.463071424335797392e-02
1.265722282484316747e+04	0.000000000000000000e+00	1.461930310925846181e-02
1.268645004036676619e+04	0.000000000000000000e+00	1.460792331415478561e-02
1.271565452752243436e+04	0.000000000000000000e+00	1.459657469936506517e-02
1.274483634851300849e+04	0.000000000000000000e+00	1.458525710741029498e-02
1.277399556522758394e+04	0.000000000000000000e+00	1.457397038200205358e-02
1.280313223924390149e+04	0.000000000000000000e+00	1.456271436803051843e-02
1.283224643183061198e+04	0.000000000000000000e+00	1.455148891155292820e-02
1.286133820394970826e+04	0.000000000000000000e+00	1.454029385978149701e-02
1.289040761625860432e+04	0.000000000000000000e+00	1.452912906107172754e-02
1.291945472911263278e+04	0.000000000000000000e+00	1.451799436491145456e-02
1.294847960256724946e+04	0.000000000000000000e+00	1.450688962190890482e-02
1.297748229638030534e+04	0.000000000000000000e+00	1.449581468378211002e-02
1.300646287001408018e+04	0.000000000000000000e+00	1.448476940334745763e-02
1.303542138263757806e+04	0.000000000000000000e+00	1.447375363450936585e-02
1.306435789312874658e+04	0.000000000000000000e+00	1.446276723224899745e-02
1.309327246007651593e+04	0.000000000000000000e+00	1.445181005261391566e-02
1.312216514178300167e+04	0.000000000000000000e+00	1.444088195270739478e-02
1.315103599626558207e+04	0.000000000000000000e+00	1.442998279067846459e-02
1.317988508125897351e+04	0.000000000000000000e+00	1.441911242571137890e-02
1.320871245421725143e+04	0.000000000000000000e+00	1.440827071801555059e-02
1.323751817231598034e+04	0.000000000000000000e+00	1.439745752881585981e-02
1.326630229245402734e+04	0.000000000000000000e+00	1.438667272034241038e-02
1.329506487125594504e+04	0.000000000000000000e+00	1.437591615582096971e-02
1.332380596507360133e+04	0.000000000000000000e+00	1.436518769946375056e-02
1.335252562998822395e+04	0.000000000000000000e+00	1.435448721645908240e-02
1.338122392181250325e+04	0.000000000000000000e+00	1.434381457296297208e-02
1.340990089609235110e+04	0.000000000000000000e+00	1.433316963608903365e-02
1.343855660810884910e+04	0.000000000000000000e+00	1.432255227389978708e-02
1.346719111288010208e+04	0.000000000000000000e+00	1.431196235539775909e-02
1.349580446516323900e+04	0.000000000000000000e+00	1.430139975051600634e-02
1.352439671945615009e+04	0.000000000000000000e+00	1.429086433010987901e-02
1.355296792999928584e+04	0.000000000000000000e+00	1.428035596594801754e-02
1.358151815077763058e+04	0.000000000000000000e+00	1.426987453070359575e-02
1.361004743552236323e+04	0.000000000000000000e+00	1.425941989794607748e-02
1.363855583771275633e+04	0.000000000000000000e+00	1.424899194213273199e-02
1.366704341057772945e+04	0.000000000000000000e+00	1.423859053860032642e-02
1.369551020709791192e+04	0.000000000000000000e+00	1.422821556355680778e-02
1.372395628000714532e+04	0.000000000000000000e+00	1.421786689407328851e-02
1.375238168179427885e+04	0.000000000000000000e+00	1.420754440807607370e-02
1.378078646470483000e+04	0.000000000000000000e+00	1.419724798433859465e-02
1.380917068074273084e+04	0.000000000000000000e+00	1.418697750247369799e-02
1.383753438167197601e+04	0.000000000000000000e+00	1.417673284292583422e-02
1.386587761901831254e+04	0.000000000000000000e+00	1.416651388696338332e-02
1.389420044407079695e+04	0.000000000000000000e+00	1.415632051667112777e-02
1.392250290788345956e+04	0.000000000000000000e+00	1.414615261494299274e-02
1.395078506127685614e+04	0.000000000000000000e+00	1.413601006547428492e-02
1.397904695483986507e+04	0.000000000000000000e+00	1.412589275275439281e-02
1.400728863893116068e+04	0.000000000000000000e+00	1.411580056205996754e-02
1.403551016368050477e+04	0.000000000000000000e+00	1.410573337944744966e-02
1.406371157899078389e+04	0.000000000000000000e+00	1.409569109174604352e-02
1.409189293453925347e+04	0.000000000000000000e+00	1.408567358655099175e-02
1.412005427977906402e+04	0.000000000000000000e+00	1.407568075221630501e-02
1.414819566394088724e+04	0.000000000000000000e+00	1.406571247784817527e-02
1.417631713603433855e+04	0.000000000000000000e+00	1.405576865329815489e-02
1.420441874484937580e+04	0.000000000000000000e+00	1.404584916915669647e-02
1.423250053895800920e+04	0.000000000000000000e+00	1.403595391674621051e-02
1.426056256671565643e+04	0.000000000000000000e+00	1.402608278811474235e-02
1.428860487626238501e+04	0.000000000000000000e+00	1.401623567602959877e-02
1.431662751552462214e+04	0.000000000000000000e+00	1.400641247397076648e-02
1.434463053221644623e+04	0.000000000000000000e+00	1.399661307612483363e-02
1.437261397384098746e+04	0.000000000000000000e+00	1.398683737737868582e-02
1.440057788769183389e+04	0.000000000000000000e+00	1.397708527331325071e-02
1.442852232085452670e+04	0.000000000000000000e+00	1.396735666019768493e-02
1.445644732020766423e+04	0.000000000000000000e+00	1.395765143498281340e-02
1.448435293242453372e+04	0.000000000000000000e+00	1.394796949529572561e-02
1.451223920397438087e+04	0.000000000000000000e+00	1.393831073943357576e-02
1.454010618112356678e+04	0.000000000000000000e+00	1.392867506635796400e-02
1.456795390993722140e+04	0.000000000000000000e+00	1.391906237568893770e-02
1.459578243628019300e+04	0.000000000000000000e+00	1.390947256769944386e-02
1.462359180581861801e+04	0.000000000000000000e+00	1.389990554330962011e-02
1.465138206402115429e+04	0.000000000000000000e+00	1.389036120408114819e-02
1.467915325616015070e+04	0.000000000000000000e+00	1.388083945221206712e-02
1.470690542731295864e+04	0.000000000000000000e+00	1.387134019053088731e-02
1.473463862236329805e+04	0.000000000000000000e+00	1.386186332249149562e-02
1.476235288600234708e+04	0.000000000000000000e+00	1.385240875216766504e-02
1.479004826273012259e+04	0.000000000000000000e+00	1.384297638424784004e-02
1.481772479685649887e+04	0.000000000000000000e+00	1.383356612402980058e-02
1.484538253250270645e+04	0.000000000000000000e+00	1.382417787741567310e-02
1.487302151360226890e+04	0.000000000000000000e+00	1.381481155090660655e-02
1.490064178390237248e+04	0.000000000000000000e+00	1.380546705159787189e-02
1.492824338696496307e+04	0.000000000000000000e+00	1.379614428717383309e-02
1.495582636616787931e+04	0.000000000000000000e+00	1.378684316590299101e-02
1.498339076470616601e+04	0.000000000000000000e+00	1.377756359663306375e-02
1.501093662559312543e+04	0.000000000000000000e+00	1.376830548878601145e-02
1.503846399166147603e+04	0.000000000000000000e+00	1.375906875235339590e-02
1.506597290556443841e+04	0.000000000000000000e+00	1.374985329789168639e-02
1.509346340977689579e+04	0.000000000000000000e+00	1.374065903651725679e-02
1.512093554659657093e+04	0.000000000000000000e+00	1.373148587990218397e-02
1.514838935814512115e+04	0.000000000000000000e+00	1.372233374026936639e-02
1.517582488636913877e+04	0.000000000000000000e+00	1.371320253038788711e-02
1.520324217304125341e+04	0.000000000000000000e+00	1.370409216356877763e-02
1.523064125976132345e+04	0.000000000000000000e+00	1.369500255366034626e-02
1.525802218795744375e+04	0.000000000000000000e+00	1.368593361504360541e-02
1.528538499888697879e+04	0.000000000000000000e+00	1.367688526262861304e-02
1.531272973363761594e+04	0.000000000000000000e+00	1.366785741184949401e-02
1.534005643312845496e+04	0.000000000000000000e+00	1.365884997866014666e-02
1.536736513811103941e+04	0.000000000000000000e+00	1.364986287953028760e-02
1.539465588917029163e+04	0.000000000000000000e+00	1.364089603144130226e-02
1.542192872672572776e+04	0.000000000000000000e+00	1.363194935188199314e-02
1.544918369103220175e+04	0.000000000000000000e+00	1.362302275884419780e-02
1.547642082218112955e+04	0.000000000000000000e+00	1.361411617081924319e-02
1.550364016010148589e+04	0.000000000000000000e+00	1.360522950679364171e-02
1.553084174456054461e+04	0.000000000000000000e+00	1.359636268624491579e-02
1.555802561516513379e+04	0.000000000000000000e+00	1.358751562913809371e-02
1.558519181136243242e+04	0.000000000000000000e+00	1.357868825592150816e-02
1.561234037244109277e+04	0.000000000000000000e+00	1.356988048752298670e-02
1.563947133753198614e+04	0.000000000000000000e+00	1.356109224534611697e-02
1.566658474560932336e+04	0.000000000000000000e+00	1.355232345126624292e-02
1.569368063549157159e+04	0.000000000000000000e+00	1.354357402762700925e-02
1.572075904584224008e+04	0.000000000000000000e+00	1.353484389723658664e-02
1.574782001517103890e+04	0.000000000000000000e+00	1.352613298336376516e-02
1.577486358183453194e+04	0.000000000000000000e+00	1.351744120973452819e-02
1.580188978403733017e+04	0.000000000000000000e+00	1.350876850052837655e-02
1.582889865983281015e+04	0.000000000000000000e+00	1.350011478037476363e-02
1.585589024712402352e+04	0.000000000000000000e+00	1.349147997434980810e-02
1.588286458366462830e+04	0.000000000000000000e+00	1.348286400797229535e-02
1.590982170705972021e+04	0.000000000000000000e+00	1.347426680720062442e-02
1.593676165476684764e+04	0.000000000000000000e+00	1.346568829842939748e-02
1.596368446409674834e+04	0.000000000000000000e+00	1.345712840848563643e-02
1.599059017221422255e+04	0.000000000000000000e+00	1.344858706462571420e-02
1.601747881613900972e+04	0.000000000000000000e+00	1.344006419453223217e-02
1.604435043274660893e+04	0.000000000000000000e+00	1.343155972631009630e-02
1.607120505876920834e+04	0.000000000000000000e+00	1.342307358848403992e-02
1.609804273079643099e+04	0.000000000000000000e+00	1.341460570999457487e-02
1.612486348527622977e+04	0.000000000000000000e+00	1.340615602019551086e-02
1.615166735851555313e+04	0.000000000000000000e+00	1.339772444885055890e-02
1.617845438668144743e+04	0.000000000000000000e+00	1.338931092612966577e-02
1.620522460580163533e+04	0.000000000000000000e+00	1.338091538260676415e-02
1.623197805176535803e+04	0.000000000000000000e+00	1.337253774925608804e-02
1.625871476032426835e+04	0.000000000000000000e+00	1.336417795744942322e-02
1.628543476709311290e+04	0.000000000000000000e+00	1.335583593895292055e-02
1.631213810755059785e+04	0.000000000000000000e+00	1.334751162592409841e-02
1.633882481704006750e+04	0.000000000000000000e+00	1.333920495090894220e-02
1.636549493077035913e+04	0.000000000000000000e+00	1.333091584683918085e-02
1.639214848381667252e+04	0.000000000000000000e+00	1.332264424702900990e-02
1.641878551112100104e+04	0.000000000000000000e+00	1.331439008517239751e-02
1.644540604749325576e+04	0.000000000000000000e+00	1.330615329534013541e-02
1.647201012761195670e+04	0.000000000000000000e+00	1.329793381197725416e-02
1.649859778602452570e+04	0.000000000000000000e+00	1.328973156989982259e-02
1.652516905714882523e+04	0.000000000000000000e+00	1.328154650429251918e-02
1.655172397527323119e+04	0.000000000000000000e+00	1.327337855070578020e-02
1.657826257455748419e+04	0.000000000000000000e+00	1.326522764505307789e-02
1.660478488903371544e+04	0.000000000000000000e+00	1.325709372360809983e-02
1.663129095260694885e+04	0.000000000000000000e+00	1.324897672300230297e-02
1.665778079905569757e+04	0.000000000000000000e+00	1.324087658022224390e-02
1.668425446203281899e+04	0.000000000000000000e+00	1.323279323260664712e-02
1.671071197506634780e+04	0.000000000000000000e+00	1.322472661784406152e-02
1.673715337155990346e+04	0.000000000000000000e+00	1.321667667397039871e-02
1.676357868479340686e+04	0.000000000000000000e+00	1.320864333936604476e-02
1.678998794792417175e+04	0.000000000000000000e+00	1.320062655275374905e-02
1.681638119398714116e+04	0.000000000000000000e+00	1.319262625319567346e-02
1.684275845589578967e+04	0.000000000000000000e+00	1.318464238009133156e-02
1.686911976644263996e+04	0.000000000000000000e+00	1.317667487317482691e-02
1.689546515830002318e+04	0.000000000000000000e+00	1.316872367251248170e-02
1.692179466402075923e+04	0.000000000000000000e+00	1.316078871850037517e-02
1.694810831603873885e+04	0.000000000000000000e+00	1.315286995186243889e-02
1.697440614666975307e+04	0.000000000000000000e+00	1.314496731364722670e-02
1.700068818811189703e+04	0.000000000000000000e+00	1.313708074522634828e-02
1.702695447244642128e+04	0.000000000000000000e+00	1.312921018829148363e-02
1.705320503163812100e+04	0.000000000000000000e+00	1.312135558485280629e-02
1.707943989753630740e+04	0.000000000000000000e+00	1.311351687723619382e-02
1.710565910187517511e+04	0.000000000000000000e+00	1.310569400808084088e-02
1.713186267627454799e+04	0.000000000000000000e+00	1.309788692033741694e-02
1.715805065224045757e+04	0.000000000000000000e+00	1.309009555726564807e-02
1.718422306116565960e+04	0.000000000000000000e+00	1.308231986243224912e-02
1.721037993433047814e+04	0.000000000000000000e+00	1.307455977970846742e-02
1.723652130290314381e+04	0.000000000000000000e+00	1.306681525326808431e-02
1.726264719794057237e+04	0.000000000000000000e+00	1.305908622758523464e-02
1.728875765038922691e+04	0.000000000000000000e+00	1.305137264743247080e-02
1.731485269108499779e+04	0.000000000000000000e+00	1.304367445787833757e-02
1.734093235075427583e+04	0.000000000000000000e+00	1.303599160428550383e-02
1.736699666001463629e+04	0.000000000000000000e+00	1.302832403230851435e-02
1.739304564937525720e+04	0.000000000000000000e+00	1.302067168789200480e-02
1.741907934923737048e+04	0.000000000000000000e+00	1.301303451726822449e-02
1.744509778989487677e+04	0.000000000000000000e+00	1.300541246695548561e-02
1.747110100153532767e+04	0.000000000000000000e+00	1.299780548375601211e-02
1.749708901423985662e+04	0.000000000000000000e+00	1.299021351475378692e-02
1.752306185798425940e+04	0.000000000000000000e+00	1.298263650731273922e-02
1.754901956263902684e+04	0.000000000000000000e+00	1.297507440907482400e-02
1.757496215797062177e+04	0.000000000000000000e+00	1.296752716795791099e-02
1.760088967364129712e+04	0.000000000000000000e+00	1.295999473215422165e-02
1.762680213921004542e+04	0.000000000000000000e+00	1.295247705012797339e-02
1.765269958413308632e+04	0.000000000000000000e+00	1.294497407061376282e-02
1.767858203776444861e+04	0.000000000000000000e+00	1.293748574261476859e-02
1.770444952935635956e+04	0.000000000000000000e+00	1.293001201540060208e-02
1.773030208805981965e+04	0.000000000000000000e+00	1.292255283850600109e-02
1.775613974292519561e+04	0.000000000000000000e+00	1.291510816172838916e-02
1.778196252290279517e+04	0.000000000000000000e+00	1.290767793512630907e-02
1.780777045684312179e+04	0.000000000000000000e+00	1.290026210901797088e-02
1.783356357349758036e+04	0.000000000000000000e+00	1.289286063397898467e-02
1.785934190151921575e+04	0.000000000000000000e+00	1.288547346084084090e-02
1.788510546946284012e+04	0.000000000000000000e+00	1.287810054068923987e-02
1.791085430578578598e+04	0.000000000000000000e+00	1.287074182486214018e-02
1.793658843884794624e+04	0.000000000000000000e+00	1.286339726494823386e-02
1.796230789691314567e+04	0.000000000000000000e+00	1.285606681278524642e-02
1.798801270814892632e+04	0.000000000000000000e+00	1.284875042045788285e-02
1.801370290062708227e+04	0.000000000000000000e+00	1.284144804029683541e-02
1.803937850232451092e+04	0.000000000000000000e+00	1.283415962487657186e-02
1.806503954112346764e+04	0.000000000000000000e+00	1.282688512701401010e-02
1.809068604481214788e+04	0.000000000000000000e+00	1.281962449976656142e-02
1.811631804108479628e+04	0.000000000000000000e+00	1.281237769643082253e-02
1.814193555754288172e+04	0.000000000000000000e+00	1.280514467054081305e-02
1.816753862169495915e+04	0.000000000000000000e+00	1.279792537586651492e-02
1.819312726095742619e+04	0.000000000000000000e+00	1.279071976641220874e-02
1.821870150265486518e+04	0.000000000000000000e+00	1.278352779641482410e-02
1.824426137402055974e+04	0.000000000000000000e+00	1.277634942034257780e-02
1.826980690219705139e+04	0.000000000000000000e+00	1.276918459289332758e-02
1.829533811423656880e+04	0.000000000000000000e+00	1.276203326899294152e-02
1.832085503710103876e+04	0.000000000000000000e+00	1.275489540379410973e-02
1.834635769766341764e+04	0.000000000000000000e+00	1.274777095267466513e-02
1.837184612270722573e+04	0.000000000000000000e+00	1.274065987123579498e-02
1.839732033892757318e+04	0.000000000000000000e+00	1.273356211530112490e-02
1.842278037293163652e+04	0.000000000000000000e+00	1.272647764091496166e-02
1.844822625123860780e+04	0.000000000000000000e+00	1.271940640434080991e-02
1.847365800028050944e+04	0.000000000000000000e+00	1.271234836205984396e-02
1.849907564640267447e+04	0.000000000000000000e+00	1.270530347076981141e-02
1.852447921586395023e+04	0.000000000000000000e+00	1.269827168738348576e-02
1.854986873483716408e+04	0.000000000000000000e+00	1.269125296902689354e-02
1.857524422940956356e+04	0.000000000000000000e+00	1.268424727303862215e-02
1.860060572558341300e+04	0.000000000000000000e+00	1.267725455696778157e-02
1.862595324927633555e+04	0.000000000000000000e+00	1.267027477857306239e-02
1.865128682632152049e+04	0.000000000000000000e+00	1.266330789582113293e-02
1.867660648246835990e+04	0.000000000000000000e+00	1.265635386688542495e-02
1.870191224338285610e+04	0.000000000000000000e+00	1.264941265014462961e-02
1.872720413464797457e+04	0.000000000000000000e+00	1.264248420418176248e-02
1.875248218176392766e+04	0.000000000000000000e+00	1.263556848778227097e-02
1.877774641014874942e+04	0.000000000000000000e+00	1.262866545993318948e-02
1.880299684513876127e+04	0.000000000000000000e+00	1.262177507982165450e-02
1.882823351198869932e+04	0.000000000000000000e+00	1.261489730683369205e-02
1.885345643587233644e+04	0.000000000000000000e+00	1.260803210055278130e-02
1.887866564188298435e+04	0.000000000000000000e+00	1.260117942075885886e-02
1.890386115503329711e+04	0.000000000000000000e+00	1.259433922742688762e-02
1.892904300025642442e+04	0.000000000000000000e+00	1.258751148072554532e-02
1.895421120240597520e+04	0.000000000000000000e+00	1.258069614101608655e-02
1.897936578625639959e+04	0.000000000000000000e+00	1.257389316885131406e-02
1.900450677650348371e+04	0.000000000000000000e+00	1.256710252497401058e-02
1.902963419776468072e+04	0.000000000000000000e+00	1.256032417031589625e-02
1.905474807457950010e+04	0.000000000000000000e+00	1.255355806599634319e-02
1.907984843140982048e+04	0.000000000000000000e+00	1.254680417332148037e-02
1.910493529264038079e+04	0.000000000000000000e+00	1.254006245378259249e-02
1.913000868257916954e+04	0.000000000000000000e+00	1.253333286905537573e-02
1.915506862545760305e+04	0.000000000000000000e+00	1.252661538099827596e-02
1.918011514543089652e+04	0.000000000000000000e+00	1.251990995165184854e-02
1.920514826657882440e+04	0.000000000000000000e+00	1.251321654323744002e-02
1.923016801290540025e+04	0.000000000000000000e+00	1.250653511815570836e-02
1.925517440833992805e+04	0.000000000000000000e+00	1.249986563898614761e-02
1.928016747673694044e+04	0.000000000000000000e+00	1.249320806848539141e-02
1.930514724187659886e+04	0.000000000000000000e+00	1.248656236958645312e-02
1.933011372746529014e+04	0.000000000000000000e+00	1.247992850539741787e-02
1.935506695713555746e+04	0.000000000000000000e+00	1.247330643920057693e-02
1.938000695444689700e+04	0.000000000000000000e+00	1.246669613445112665e-02
1.940493374288568884e+04	0.000000000000000000e+00	1.246009755477609990e-02
1.942984734586582636e+04	0.000000000000000000e+00	1.245351066397356980e-02
1.945474778672901084e+04	0.000000000000000000e+00	1.244693542601140596e-02
1.947963508874501713e+04	0.000000000000000000e+00	1.244037180502599593e-02
1.950450927511217378e+04	0.000000000000000000e+00	1.243381976532165895e-02
1.952937036895732308e+04	0.000000000000000000e+00	1.242727927136928062e-02
1.955421839333656317e+04	0.000000000000000000e+00	1.242075028780538146e-02
1.957905337123538266e+04	0.000000000000000000e+00	1.241423277943133792e-02
1.960387532556924634e+04	0.000000000000000000e+00	1.240772671121172926e-02
1.962868427918338421e+04	0.000000000000000000e+00	1.240123204827413284e-02
1.965348025485370090e+04	0.000000000000000000e+00	1.239474875590760444e-02
1.967826327528671754e+04	0.000000000000000000e+00	1.238827679956181274e-02
1.970303336312005194e+04	0.000000000000000000e+00	1.238181614484609554e-02
1.972779054092271326e+04	0.000000000000000000e+00	1.237536675752860110e-02
1.975253483119531302e+04	0.000000000000000000e+00	1.236892860353496458e-02
1.977726625637058169e+04	0.000000000000000000e+00	1.236250164894773206e-02
1.980198483881353968e+04	0.000000000000000000e+00	1.235608586000530411e-02
1.982669060082168653e+04	0.000000000000000000e+00	1.234968120310081865e-02
1.985138356462585216e+04	0.000000000000000000e+00	1.234328764478140328e-02
1.987606375238969122e+04	0.000000000000000000e+00	1.233690515174714654e-02
1.990073118621056710e+04	0.000000000000000000e+00	1.233053369085023582e-02
1.992538588811984664e+04	0.000000000000000000e+00	1.232417322909416281e-02
1.995002788008285279e+04	0.000000000000000000e+00	1.231782373363245718e-02
1.997465718399939942e+04	0.000000000000000000e+00	1.231148517176814013e-02
1.999927382170412966e+04	0.000000000000000000e+00	1.230515751095252915e-02
2.002387781496672687e+04	0.000000000000000000e+00	1.229884071878475753e-02
2.004846918549219117e+04	0.000000000000000000e+00	1.229253476301039351e-02
2.007304795492101039e+04	0.000000000000000000e+00	1.228623961152098577e-02
2.009761414482989494e+04	0.000000000000000000e+00	1.227995523235260976e-02
2.012216777673167235e+04	0.000000000000000000e+00	1.227368159368603245e-02
2.014670887207549458e+04	0.000000000000000000e+00	1.226741866384493430e-02
2.017123745224756567e+04	0.000000000000000000e+00	1.226116641129524482e-02
2.019575353857099253e+04	0.000000000000000000e+00	1.225492480464459959e-02
2.022025715230626520e+04	0.000000000000000000e+00	1.224869381264133590e-02
2.024474831465154057e+04	0.000000000000000000e+00	1.224247340417329404e-02
2.026922704674295164e+04	0.000000000000000000e+00	1.223626354826774267e-02
2.029369336965459661e+04	0.000000000000000000e+00	1.223006421409000150e-02
2.031814730439928462e+04	0.000000000000000000e+00	1.222387537094267104e-02
2.034258887192844486e+04	0.000000000000000000e+00	1.221769698826498211e-02
2.036701809313257399e+04	0.000000000000000000e+00	1.221152903563207590e-02
2.039143498884143992e+04	0.000000000000000000e+00	1.220537148275386945e-02
2.041583957982430366e+04	0.000000000000000000e+00	1.219922429947466885e-02
2.044023188679038140e+04	0.000000000000000000e+00	1.219308745577193411e-02
2.046461193038886631e+04	0.000000000000000000e+00	1.218696092175594256e-02
2.048897973120932147e+04	0.000000000000000000e+00	1.218084466766878975e-02
2.051333530978195267e+04	0.000000000000000000e+00	1.217473866388355148e-02
2.053767868657790314e+04	0.000000000000000000e+00	1.216864288090370450e-02
2.056200988200928259e+04	0.000000000000000000e+00	1.216255728936225904e-02
2.058632891642968389e+04	0.000000000000000000e+00	1.215648186002090368e-02
2.061063581013433213e+04	0.000000000000000000e+00	1.215041656376955430e-02
2.063493058336049944e+04	0.000000000000000000e+00	1.214436137162523861e-02
2.065921325628747582e+04	0.000000000000000000e+00	1.213831625473186029e-02
2.068348384903692931e+04	0.000000000000000000e+00	1.213228118435890485e-02
2.070774238167346994e+04	0.000000000000000000e+00	1.212625613190108746e-02
2.073198887420418760e+04	0.000000000000000000e+00	1.212024106887747699e-02
2.075622334657960528e+04	0.000000000000000000e+00	1.211423596693085927e-02
2.078044581869369722e+04	0.000000000000000000e+00	1.210824079782686635e-02
2.080465631038389620e+04	0.000000000000000000e+00	1.210225553345359827e-02
2.082885484143165013e+04	0.000000000000000000e+00	1.209628014582054926e-02
2.085304143156249847e+04	0.000000000000000000e+00	1.209031460705818975e-02
2.087721610044657427e+04	0.000000000000000000e+00	1.208435888941707288e-02
2.090137886769835677e+04	0.000000000000000000e+00	1.207841296526722223e-02
2.092552975287722802e+04	0.000000000000000000e+00	1.207247680709761656e-02
2.094966877548785851e+04	0.000000000000000000e+00	1.206655038751514031e-02
2.097379595497994160e+04	0.000000000000000000e+00	1.206063367924423667e-02
2.099791131074899386e+04	0.000000000000000000e+00	1.205472665512622756e-02
2.102201486213623502e+04	0.000000000000000000e+00	1.204882928811855901e-02
2.104610662842897727e+04	0.000000000000000000e+00	1.204294155129403618e-02
2.107018662886067250e+04	0.000000000000000000e+00	1.203706341784010862e-02
2.109425488261138526e+04	0.000000000000000000e+00	1.203119486105880959e-02
2.111831140880779276e+04	0.000000000000000000e+00	1.202533585436529710e-02
2.114235622652357779e+04	0.000000000000000000e+00	1.201948637128789736e-02
2.116638935477958876e+04	0.000000000000000000e+00	1.201364638546704132e-02
2.119041081254416713e+04	0.000000000000000000e+00	1.200781587065474602e-02
2.121442061873298007e+04	0.000000000000000000e+00	1.200199480071410633e-02
2.123841879220980991e+04	0.000000000000000000e+00	1.199618314961847787e-02
2.126240535178648133e+04	0.000000000000000000e+00	1.199038089145101731e-02
2.128638031622286144e+04	0.000000000000000000e+00	1.198458800040396420e-02
2.131034370422749635e+04	0.000000000000000000e+00	1.197880445077811710e-02
2.133429553445769488e+04	0.000000000000000000e+00	1.197303021698224723e-02
2.135823582551943400e+04	0.000000000000000000e+00	1.196726527353214609e-02
2.138216459596815184e+04	0.000000000000000000e+00	1.196150959505071915e-02
2.140608186430837304e+04	0.000000000000000000e+00	1.195576315626665706e-02
2.142998764899435264e+04	0.000000000000000000e+00	1.195002593201439749e-02
2.145388196843007245e+04	0.000000000000000000e+00	1.194429789723313630e-02
2.147776484096949935e+04	0.000000000000000000e+00	1.193857902696662115e-02
2.150163628491678901e+04	0.000000000000000000e+00	1.193286929636232577e-02
2.152549631852636958e+04	0.000000000000000000e+00	1.192716868067078204e-02
2.154934496000351646e+04	0.000000000000000000e+00	1.192147715524535453e-02
2.157318222750418136e+04	0.000000000000000000e+00	1.191579469554127080e-02
2.159700813913533420e+04	0.000000000000000000e+00	1.191012127711551898e-02
2.162082271295509418e+04	0.000000000000000000e+00	1.190445687562585037e-02
2.164462596697312256e+04	0.000000000000000000e+00	1.189880146683046369e-02
2.166841791915058639e+04	0.000000000000000000e+00	1.189315502658732163e-02
2.169219858740046038e+04	0.000000000000000000e+00	1.188751753085390446e-02
2.171596798958797444e+04	0.000000000000000000e+00	1.188188895568609293e-02
2.173972614353022800e+04	0.000000000000000000e+00	1.187626927723837295e-02
2.176347306699703768e+04	0.000000000000000000e+00	1.187065847176255358e-02
2.178720877771053347e+04	0.000000000000000000e+00	1.186505651560786599e-02
2.181093329334578448e+04	0.000000000000000000e+00	1.185946338522009431e-02
2.183464663153083166e+04	0.000000000000000000e+00	1.185387905714094421e-02
2.185834880984694973e+04	0.000000000000000000e+00	1.184830350800771155e-02
2.188203984582871999e+04	0.000000000000000000e+00	1.184273671455294413e-02
2.190571975696440131e+04	0.000000000000000000e+00	1.183717865360351708e-02
2.192938856069579924e+04	0.000000000000000000e+00	1.183162930208055651e-02
2.195304627441884077e+04	0.000000000000000000e+00	1.182608863699831543e-02
2.197669291548323599e+04	0.000000000000000000e+00	1.182055663546427611e-02
2.200032850119340583e+04	0.000000000000000000e+00	1.181503327467859667e-02
2.202395304880818367e+04	0.000000000000000000e+00	1.180951853193307893e-02
2.204756657554097183e+04	0.000000000000000000e+00	1.180401238461131416e-02
2.207116909856004349e+04	0.000000000000000000e+00	1.179851481018768557e-02
2.209476063498873918e+04	0.000000000000000000e+00	1.179302578622728678e-02
2.211834120190560861e+04	0.000000000000000000e+00	1.178754529038518115e-02
2.214191081634460352e+04	0.000000000000000000e+00	1.178207330040582750e-02
2.216546949529527774e+04	0.000000000000000000e+00	1.177660979412302987e-02
2.218901725570286726e+04	0.000000000000000000e+00	1.177115474945910310e-02
2.221255411446865037e+04	0.000000000000000000e+00	1.176570814442431251e-02
2.223608008844996948e+04	0.000000000000000000e+00	1.176026995711685480e-02
2.225959519446036575e+04	0.000000000000000000e+00	1.175484016572190399e-02
2.228309944927004108e+04	0.000000000000000000e+00	1.174941874851150210e-02
2.230659286960561076e+04	0.000000000000000000e+00	1.174400568384379590e-02
2.233007547215058003e+04	0.000000000000000000e+00	1.173860095016285819e-02
2.235354727354535135e+04	0.000000000000000000e+00	1.173320452599801826e-02
2.237700829038774464e+04	0.000000000000000000e+00	1.172781638996365713e-02
2.240045853923255345e+04	0.000000000000000000e+00	1.172243652075846687e-02
2.242389803659212703e+04	0.000000000000000000e+00	1.171706489716513311e-02
2.244732679893662134e+04	0.000000000000000000e+00	1.171170149805004189e-02
2.247074484269388995e+04	0.000000000000000000e+00	1.170634630236247475e-02
2.249415218424992781e+04	0.000000000000000000e+00	1.170099928913455323e-02
2.251754883994862030e+04	0.000000000000000000e+00	1.169566043748060565e-02
2.254093482609226339e+04	0.000000000000000000e+00	1.169032972659675776e-02
2.256431015894187294e+04	0.000000000000000000e+00	1.168500713576066906e-02
2.258767485471654436e+04	0.000000000000000000e+00	1.167969264433067755e-02
2.261102892959468954e+04	0.000000000000000000e+00	1.167438623174580845e-02
2.263437239971333474e+04	0.000000000000000000e+00	1.166908787752520167e-02
2.265770528116898276e+04	0.000000000000000000e+00	1.166379756126762965e-02
2.268102759001715094e+04	0.000000000000000000e+00	1.165851526265095084e-02
2.270433934227282953e+04	0.000000000000000000e+00	1.165324096143247057e-02
2.272764055391075453e+04	0.000000000000000000e+00	1.164797463744733988e-02
2.275093124086507669e+04	0.000000000000000000e+00	1.164271627060909677e-02
2.277421141903022726e+04	0.000000000000000000e+00	1.163746584090877452e-02
2.279748110426031417e+04	0.000000000000000000e+00	1.163222332841464673e-02
2.282074031237008603e+04	0.000000000000000000e+00	1.162698871327183872e-02
2.284398905913441922e+04	0.000000000000000000e+00	1.162176197570185913e-02
2.286722736028875806e+04	0.000000000000000000e+00	1.161654309600236232e-02
2.289045523152903479e+04	0.000000000000000000e+00	1.161133205454662094e-02
2.291367268851235349e+04	0.000000000000000000e+00	1.160612883178302815e-02
2.293687974685637528e+04	0.000000000000000000e+00	1.160093340823503683e-02
2.296007642214023872e+04	0.000000000000000000e+00	1.159574576450054552e-02
2.298326272990423604e+04	0.000000000000000000e+00	1.159056588125137802e-02
2.300643868565002049e+04	0.000000000000000000e+00	1.158539373923335621e-02
2.302960430484089738e+04	0.000000000000000000e+00	1.158022931926538761e-02
2.305275960290181320e+04	0.000000000000000000e+00	1.157507260223932313e-02
2.307590459521962111e+04	0.000000000000000000e+00	1.156992356911980269e-02
2.309903929714315382e+04	0.000000000000000000e+00	1.156478220094362894e-02
2.312216372398328167e+04	0.000000000000000000e+00	1.155964847881941690e-02
2.314527789101344024e+04	0.000000000000000000e+00	1.155452238392724179e-02
2.316838181346916463e+04	0.000000000000000000e+00	1.154940389751838749e-02
2.319147550654872248e+04	0.000000000000000000e+00	1.154429300091481224e-02
2.321455898541310671e+04	0.000000000000000000e+00	1.153918967550885723e-02
2.323763226518629017e+04	0.000000000000000000e+00	1.153409390276290310e-02
2.326069536095497824e+04	0.000000000000000000e+00	1.152900566420905076e-02
2.328374828776914364e+04	0.000000000000000000e+00	1.152392494144874324e-02
2.330679106064216830e+04	0.000000000000000000e+00	1.151885171615233718e-02
2.332982369455052321e+04	0.000000000000000000e+00	1.151378597005891548e-02
2.335284620443443782e+04	0.000000000000000000e+00	1.150872768497582417e-02
2.337585860519780908e+04	0.000000000000000000e+00	1.150367684277825604e-02
2.339886091170826330e+04	0.000000000000000000e+00	1.149863342540894187e-02
2.342185313879750174e+04	0.000000000000000000e+00	1.149359741487817124e-02
2.344483530126133337e+04	0.000000000000000000e+00	1.148856879326277426e-02
2.346780741385959118e+04	0.000000000000000000e+00	1.148354754270638871e-02
2.349076949131675428e+04	0.000000000000000000e+00	1.147853364541883726e-02
2.351372154832148590e+04	0.000000000000000000e+00	1.147352708367582914e-02
2.353666359952717539e+04	0.000000000000000000e+00	1.146852783981875019e-02
2.355959565955207654e+04	0.000000000000000000e+00	1.146353589625413380e-02
2.358251774297910015e+04	0.000000000000000000e+00	1.145855123545350650e-02
2.360542986435636340e+04	0.000000000000000000e+00	1.145357383995304970e-02
2.362833203819703340e+04	0.000000000000000000e+00	1.144860369235295092e-02
2.365122427897958914e+04	0.000000000000000000e+00	1.144364077531783049e-02
2.367410660114785060e+04	0.000000000000000000e+00	1.143868507157544574e-02
2.369697901911117151e+04	0.000000000000000000e+00	1.143373656391714205e-02
2.371984154724455220e+04	0.000000000000000000e+00	1.142879523519728206e-02
2.374269419988883965e+04	0.000000000000000000e+00	1.142386106833298900e-02
2.376553699135055649e+04	0.000000000000000000e+00	1.141893404630356379e-02
2.378836993590254497e+04	0.000000000000000000e+00	1.141401415215049543e-02
2.381119304778347578e+04	0.000000000000000000e+00	1.140910136897711410e-02
2.383400634119865936e+04	0.000000000000000000e+00	1.140419567994818868e-02
2.385680983031938740e+04	0.000000000000000000e+00	1.139929706828944969e-02
2.387960352928375141e+04	0.000000000000000000e+00	1.139440551728775411e-02
2.390238745219639532e+04	0.000000000000000000e+00	1.138952101029041403e-02
2.392516161312877375e+04	0.000000000000000000e+00	1.138464353070503879e-02
2.394792602611920665e+04	0.000000000000000000e+00	1.137977306199916550e-02
2.397068070517285378e+04	0.000000000000000000e+00	1.137490958770009594e-02
2.399342566426216581e+04	0.000000000000000000e+00	1.137005309139445773e-02
2.401616091732664427e+04	0.000000000000000000e+00	1.136520355672778274e-02
2.403888647827325258e+04	0.000000000000000000e+00	1.136036096740469098e-02
2.406160236097652887e+04	0.000000000000000000e+00	1.135552530718811348e-02
2.408430857927836769e+04	0.000000000000000000e+00	1.135069655989945359e-02
2.410700514698854749e+04	0.000000000000000000e+00	1.134587470941777511e-02
2.412969207788468702e+04	0.000000000000000000e+00	1.134105973967998622e-02
2.415236938571219798e+04	0.000000000000000000e+00	1.133625163468038842e-02
2.417503708418460155e+04	0.000000000000000000e+00	1.133145037847020642e-02
2.419769518698347747e+04	0.000000000000000000e+00	1.132665595515771825e-02
2.422034370775883872e+04	0.000000000000000000e+00	1.132186834890762557e-02
2.424298266012904060e+04	0.000000000000000000e+00	1.131708754394083680e-02
2.426561205768094806e+04	0.000000000000000000e+00	1.131231352453450009e-02
2.428823191396992115e+04	0.000000000000000000e+00	1.130754627502118630e-02
2.431084224252011336e+04	0.000000000000000000e+00	1.130278577978921332e-02
2.433344305682449340e+04	0.000000000000000000e+00	1.129803202328184646e-02
2.435603437034496892e+04	0.000000000000000000e+00	1.129328498999753599e-02
2.437861619651261935e+04	0.000000000000000000e+00	1.128854466448927195e-02
2.440118854872762313e+04	0.000000000000000000e+00	1.128381103136446607e-02
2.442375144035919584e+04	0.000000000000000000e+00	1.127908407528459105e-02
2.444630488474628146e+04	0.000000000000000000e+00	1.127436378096507638e-02
2.446884889519717399e+04	0.000000000000000000e+00	1.126965013317507772e-02
2.449138348498963023e+04	0.000000000000000000e+00	1.126494311673689394e-02
2.451390866737118267e+04	0.000000000000000000e+00	1.126024271652601924e-02
2.453642445555941958e+04	0.000000000000000000e+00	1.125554891747096442e-02
2.455893086274147572e+04	0.000000000000000000e+00	1.125086170455256301e-02
2.458142790207451253e+04	0.000000000000000000e+00	1.124618106280439282e-02
2.460391558668606012e+04	0.000000000000000000e+00	1.124150697731167957e-02
2.462639392967380263e+04	0.000000000000000000e+00	1.123683943321198732e-02
2.464886294410567280e+04	0.000000000000000000e+00	1.123217841569403019e-02
2.467132264302009207e+04	0.000000000000000000e+00	1.122752390999816503e-02
2.469377303942591971e+04	0.000000000000000000e+00	1.122287590141576342e-02
2.471621414630274376e+04	0.000000000000000000e+00	1.121823437528910589e-02
2.473864597660086656e+04	0.000000000000000000e+00	1.121359931701117717e-02
2.476106854324126834e+04	0.000000000000000000e+00	1.120897071202529502e-02
2.478348185911612745e+04	0.000000000000000000e+00	1.120434854582502346e-02
2.480588593708860208e+04	0.000000000000000000e+00	1.119973280395373041e-02
2.482828078999276840e+04	0.000000000000000000e+00	1.119512347200457905e-02
2.485066643063430092e+04	0.000000000000000000e+00	1.119052053562004205e-02
2.487304287178978484e+04	0.000000000000000000e+00	1.118592398049199355e-02
2.489541012620760739e+04	0.000000000000000000e+00	1.118133379236112800e-02
2.491776820660739759e+04	0.000000000000000000e+00	1.117674995701707814e-02
2.494011712568067742e+04	0.000000000000000000e+00	1.117217246029793103e-02
2.496245689609061446e+04	0.000000000000000000e+00	1.116760128809018981e-02
2.498478753047201462e+04	0.000000000000000000e+00	1.116303642632800533e-02
2.500710904143178050e+04	0.000000000000000000e+00	1.115847786099397228e-02
2.502942144154877678e+04	0.000000000000000000e+00	1.115392557811796179e-02
2.505172474337407402e+04	0.000000000000000000e+00	1.114937956377740937e-02
2.507401895943087220e+04	0.000000000000000000e+00	1.114483980409684653e-02
2.509630410221446073e+04	0.000000000000000000e+00	1.114030628524774642e-02
2.511858018419288419e+04	0.000000000000000000e+00	1.113577899344857930e-02
2.514084721780631662e+04	0.000000000000000000e+00	1.113125791496390703e-02
2.516310521546781092e+04	0.000000000000000000e+00	1.112674303610512207e-02
2.518535418956293870e+04	0.000000000000000000e+00	1.112223434322936154e-02
2.520759415245011041e+04	0.000000000000000000e+00	1.111773182273972232e-02
2.522982511646036801e+04	0.000000000000000000e+00	1.111323546108506158e-02
2.525204709389794516e+04	0.000000000000000000e+00	1.110874524475964284e-02
2.527426009704009266e+04	0.000000000000000000e+00	1.110426116030305450e-02
2.529646413813709660e+04	0.000000000000000000e+00	1.109978319429984206e-02
2.531865922941239114e+04	0.000000000000000000e+00	1.109531133337954105e-02
2.534084538306299146e+04	0.000000000000000000e+00	1.109084556421610981e-02
2.536302261125891164e+04	0.000000000000000000e+00	1.108638587352814286e-02
2.538519092614393958e+04	0.000000000000000000e+00	1.108193224807826199e-02
2.540735033983527683e+04	0.000000000000000000e+00	1.107748467467323597e-02
2.542950086442397514e+04	0.000000000000000000e+00	1.107304314016364401e-02
2.545164251197452904e+04	0.000000000000000000e+00	1.106860763144372484e-02
2.547377529452559247e+04	0.000000000000000000e+00	1.106417813545106966e-02
2.549589922408955681e+04	0.000000000000000000e+00	1.105975463916653891e-02
2.551801431265282008e+04	0.000000000000000000e+00	1.105533712961396207e-02
2.554012057217599795e+04	0.000000000000000000e+00	1.105092559386019850e-02
2.556221801459364724e+04	0.000000000000000000e+00	1.104652001901435844e-02
2.558430665181473159e+04	0.000000000000000000e+00	1.104212039222826451e-02
2.560638649572265422e+04	0.000000000000000000e+00	1.103772670069604403e-02
2.562845755817508689e+04	0.000000000000000000e+00	1.103333893165369707e-02
2.565051985100427555e+04	0.000000000000000000e+00	1.102895707237929422e-02
2.567257338601707670e+04	0.000000000000000000e+00	1.102458111019235035e-02
2.569461817499496101e+04	0.000000000000000000e+00	1.102021103245399980e-02
2.571665422969424981e+04	0.000000000000000000e+00	1.101584682656665815e-02
2.573868156184606778e+04	0.000000000000000000e+00	1.101148847997398574e-02
2.576070018315661218e+04	0.000000000000000000e+00	1.100713598016027535e-02
2.578271010530677086e+04	0.000000000000000000e+00	1.100278931465085985e-02
2.580471133995268974e+04	0.000000000000000000e+00	1.099844847101140097e-02
2.582670389872587111e+04	0.000000000000000000e+00	1.099411343684808008e-02
2.584868779323273338e+04	0.000000000000000000e+00	1.098978419980723049e-02
2.587066303505526230e+04	0.000000000000000000e+00	1.098546074757528017e-02
2.589262963575079993e+04	0.000000000000000000e+00	1.098114306787833193e-02
2.591458760685221932e+04	0.000000000000000000e+00	1.097683114848228489e-02
2.593653695986781531e+04	0.000000000000000000e+00	1.097252497719247710e-02
2.595847770628174112e+04	0.000000000000000000e+00	1.096822454185361270e-02
2.598040985755358270e+04	0.000000000000000000e+00	1.096392983034943230e-02
2.600233342511907176e+04	0.000000000000000000e+00	1.095964083060267137e-02
2.602424842038964925e+04	0.000000000000000000e+00	1.095535753057500644e-02
2.604615485475276728e+04	0.000000000000000000e+00	1.095107991826635777e-02
2.606805273957188911e+04	0.000000000000000000e+00	1.094680798171536636e-02
2.608994208618651464e+04	0.000000000000000000e+00	1.094254170899887704e-02
2.611182290591244964e+04	0.000000000000000000e+00	1.093828108823183091e-02
2.613369521004173293e+04	0.000000000000000000e+00	1.093402610756702940e-02
2.615555900984273103e+04	0.000000000000000000e+00	1.092977675519518806e-02
2.617741431656022542e+04	0.000000000000000000e+00	1.092553301934449418e-02
2.619926114141564540e+04	0.000000000000000000e+00	1.092129488828059297e-02
2.622109949560671521e+04	0.000000000000000000e+00	1.091706235030637934e-02
2.624292939030798516e+04	0.000000000000000000e+00	1.091283539376177759e-02
2.626475083667072249e+04	0.000000000000000000e+00	1.090861400702388025e-02
2.628656384582291139e+04	0.000000000000000000e+00	1.090439817850637032e-02
2.630836842886943123e+04	0.000000000000000000e+00	1.090018789665957513e-02
2.633016459689210387e+04	0.000000000000000000e+00	1.089598314997031366e-02
2.635195236094975189e+04	0.000000000000000000e+00	1.089178392696154782e-02
2.637373173207834407e+04	0.000000000000000000e+00	1.088759021619265487e-02
2.639550272129079167e+04	0.000000000000000000e+00	1.088340200625874041e-02
2.641726533957747597e+04	0.000000000000000000e+00	1.087921928579069393e-02
2.643901959790603360e+04	0.000000000000000000e+00	1.087504204345519747e-02
2.646076550722136381e+04	0.000000000000000000e+00	1.087087026795453305e-02
2.648250307844584313e+04	0.000000000000000000e+00	1.086670394802614036e-02
2.650423232247943088e+04	0.000000000000000000e+00	1.086254307244274853e-02
2.652595325019968732e+04	0.000000000000000000e+00	1.085838763001205527e-02
2.654766587246154086e+04	0.000000000000000000e+00	1.085423760957678931e-02
2.656937020009801563e+04	0.000000000000000000e+00	1.085009300001430789e-02
2.659106624391961304e+04	0.000000000000000000e+00	1.084595379023657082e-02
2.661275401471487203e+04	0.000000000000000000e+00	1.084181996919004153e-02
2.663443352325029628e+04	0.000000000000000000e+00	1.083769152585533843e-02
2.665610478027040881e+04	0.000000000000000000e+00	1.083356844924738410e-02
2.667776779649746459e+04	0.000000000000000000e+00	1.082945072841493342e-02
2.669942258263226540e+04	0.000000000000000000e+00	1.082533835244070194e-02
2.672106914935353052e+04	0.000000000000000000e+00	1.082123131044114735e-02
2.674270750731831504e+04	0.000000000000000000e+00	1.081712959156612246e-02
2.676433766716211176e+04	0.000000000000000000e+00	1.081303318499901404e-02
2.678595963949881479e+04	0.000000000000000000e+00	1.080894207995649128e-02
2.680757343492066138e+04	0.000000000000000000e+00	1.080485626568830279e-02
2.682917906399838103e+04	0.000000000000000000e+00	1.080077573147704417e-02
2.685077653728159567e+04	0.000000000000000000e+00	1.079670046663850323e-02
2.687236586529819033e+04	0.000000000000000000e+00	1.079263046052091751e-02
2.689394705855496795e+04	0.000000000000000000e+00	1.078856570250505235e-02
2.691552012753782037e+04	0.000000000000000000e+00	1.078450618200421478e-02
2.693708508271085884e+04	0.000000000000000000e+00	1.078045188846400368e-02
2.695864193451762549e+04	0.000000000000000000e+00	1.077640281136218146e-02
2.698019069338055124e+04	0.000000000000000000e+00	1.077235894020836179e-02
2.700173136970098858e+04	0.000000000000000000e+00	1.076832026454410500e-02
2.702326397385936434e+04	0.000000000000000000e+00	1.076428677394289032e-02
2.704478851621550712e+04	0.000000000000000000e+00	1.076025845800945673e-02
2.706630500710851993e+04	0.000000000000000000e+00	1.075623530638027125e-02
2.708781345685641281e+04	0.000000000000000000e+00	1.075221730872318732e-02
2.710931387575703411e+04	0.000000000000000000e+00	1.074820445473708211e-02
2.713080627408726286e+04	0.000000000000000000e+00	1.074419673415204397e-02
2.715229066210379824e+04	0.000000000000000000e+00	1.074019413672902025e-02
2.717376705004274845e+04	0.000000000000000000e+00	1.073619665225987799e-02
2.719523544811977263e+04	0.000000000000000000e+00	1.073220427056691822e-02
2.721669586653022634e+04	0.000000000000000000e+00	1.072821698150324028e-02
2.723814831544929257e+04	0.000000000000000000e+00	1.072423477495231675e-02
2.725959280503191985e+04	0.000000000000000000e+00	1.072025764082789288e-02
2.728102934541283321e+04	0.000000000000000000e+00	1.071628556907378016e-02
2.730245794670676332e+04	0.000000000000000000e+00	1.071231854966414251e-02
2.732387861900848657e+04	0.000000000000000000e+00	1.070835657260267408e-02
2.734529137239269403e+04	0.000000000000000000e+00	1.070439962792306236e-02
2.736669621691421708e+04	0.000000000000000000e+00	1.070044770568871588e-02
2.738809316260787455e+04	0.000000000000000000e+00	1.069650079599250396e-02
2.740948221948885111e+04	0.000000000000000000e+00	1.069255888895671684e-02
2.743086339755275912e+04	0.000000000000000000e+00	1.068862197473296853e-02
2.745223670677533300e+04	0.000000000000000000e+00	1.068469004350205628e-02
2.747360215711280034e+04	0.000000000000000000e+00	1.068076308547383398e-02
2.749495975850186733e+04	0.000000000000000000e+00	1.067684109088706812e-02
2.751630952085942772e+04	0.000000000000000000e+00	1.067292405000932684e-02
2.753765145408340322e+04	0.000000000000000000e+00	1.066901195313694345e-02
2.755898556805190674e+04	0.000000000000000000e+00	1.066510479059462439e-02
2.758031187262415551e+04	0.000000000000000000e+00	1.066120255273572681e-02
2.760163037763976536e+04	0.000000000000000000e+00	1.065730522994211629e-02
2.762294109291936547e+04	0.000000000000000000e+00	1.065341281262354063e-02
2.764424402826430378e+04	0.000000000000000000e+00	1.064952529121801841e-02
2.766553919345680333e+04	0.000000000000000000e+00	1.064564265619155625e-02
2.768682659826010422e+04	0.000000000000000000e+00	1.064176489803806032e-02
2.770810625241856542e+04	0.000000000000000000e+00	1.063789200727906052e-02
2.772937816565741014e+04	0.000000000000000000e+00	1.063402397446396204e-02
2.775064234768321330e+04	0.000000000000000000e+00	1.063016079016943817e-02
2.777189880818362144e+04	0.000000000000000000e+00	1.062630244499983452e-02
2.779314755682726172e+04	0.000000000000000000e+00	1.062244892958668849e-02
2.781438860326445865e+04	0.000000000000000000e+00	1.061860023458874834e-02
2.783562195712669563e+04	0.000000000000000000e+00	1.061475635069183618e-02
2.785684762802689875e+04	0.000000000000000000e+00	1.061091726860885140e-02
2.787806562555946948e+04	0.000000000000000000e+00	1.060708297907940641e-02
2.789927595930021926e+04	0.000000000000000000e+00	1.060325347286993763e-02
2.792047863880654040e+04	0.000000000000000000e+00	1.059942874077352860e-02
2.794167367361751531e+04	0.000000000000000000e+00	1.059560877360981104e-02
2.796286107325388730e+04	0.000000000000000000e+00	1.059179356222494407e-02
2.798404084721811159e+04	0.000000000000000000e+00	1.058798309749132277e-02
2.800521300499418066e+04	0.000000000000000000e+00	1.058417737030750531e-02
2.802637755604822451e+04	0.000000000000000000e+00	1.058037637159827023e-02
2.804753450982821596e+04	0.000000000000000000e+00	1.057658009231433535e-02
2.806868387576383248e+04	0.000000000000000000e+00	1.057278852343229887e-02
2.808982566326696542e+04	0.000000000000000000e+00	1.056900165595468961e-02
2.811095988173136357e+04	0.000000000000000000e+00	1.056521948090950562e-02
2.813208654053307328e+04	0.000000000000000000e+00	1.056144198935060619e-02
2.815320564903000923e+04	0.000000000000000000e+00	1.055766917235727818e-02
2.817431721656247464e+04	0.000000000000000000e+00	1.055390102103398973e-02
2.819542125245287752e+04	0.000000000000000000e+00	1.055013752651066603e-02
2.821651776600597077e+04	0.000000000000000000e+00	1.054637867994235451e-02
2.823760676650890673e+04	0.000000000000000000e+00	1.054262447250931163e-02
2.825868826323107351e+04	0.000000000000000000e+00	1.053887489541664203e-02
2.827976226542435688e+04	0.000000000000000000e+00	1.053512993989433669e-02
2.830082878232327494e+04	0.000000000000000000e+00	1.053138959719717577e-02
2.832188782314456694e+04	0.000000000000000000e+00	1.052765385860471303e-02
2.834293939708786274e+04	0.000000000000000000e+00	1.052392271542104858e-02
2.836398351333518440e+04	0.000000000000000000e+00	1.052019615897470395e-02
2.838502018105151001e+04	0.000000000000000000e+00	1.051647418061864986e-02
2.840604940938443178e+04	0.000000000000000000e+00	1.051275677173011715e-02
2.842707120746398869e+04	0.000000000000000000e+00	1.050904392371058808e-02
2.844808558440358684e+04	0.000000000000000000e+00	1.050533562798552922e-02
