1.000000000000000000e+06
9.999745222128846217e+05
9.999491086823741207e+05
9.999237586039151065e+05
9.998984711894468637e+05
9.998732456669948297e+05
9.998480812802631408e+05
9.998229772882431280e+05
9.997979329648272833e+05
9.997729475984446472e+05
9.997480204916970106e+05
9.997231509610090870e+05
9.996983383362878812e+05
9.996735819605920697e+05
9.996488811898031272e+05
9.996242353923256742e+05
9.995996439487696625e+05
9.995751062516616657e+05
9.995506217051529093e+05
9.995261897247416200e+05
9.995018097369987518e+05
9.994774811793047702e+05
9.994532034995865542e+05
9.994289761560680345e+05
9.994047986170339864e+05
9.993806703605835792e+05
9.993565908743994078e+05
9.993325596555259544e+05
9.993085762101495638e+05
9.992846400533840060e+05
9.992607507090648869e+05
9.992369077095447574e+05
9.992131105955014937e+05
9.991893589157416718e+05
9.991656522270124406e+05
9.991419900938266655e+05
9.991183720882853959e+05
9.990947977899048710e+05
9.990712667854429455e+05
9.990477786687423941e+05
9.990243330405740999e+05
9.990009295084743062e+05
9.989775676865985151e+05
9.989542471955766669e+05
9.989309676623671548e+05
9.989077287201160798e+05
9.988845300080252346e+05
9.988613711712113582e+05
9.988382518605875084e+05
9.988151717327358201e+05
9.987921304497788660e+05
9.987691276792688295e+05
9.987461630940525793e+05
9.987232363721852889e+05
9.987003471968045924e+05
9.986774952560137026e+05
9.986546802427939838e+05
9.986319018548961030e+05
9.986091597947380506e+05
9.985864537693051388e+05
9.985637834900605958e+05
9.985411486728515010e+05
9.985185490378144896e+05
9.984959843092884403e+05
9.984734542157356627e+05
9.984509584896471351e+05
9.984284968674690463e+05
9.984060690895179287e+05
9.983836748999025440e+05
9.983613140464507742e+05
9.983389862806344172e+05
9.983166913574899081e+05
9.982944290355608100e+05
9.982721990768159740e+05
9.982500012465908658e+05
9.982278353135158541e+05
9.982057010494546266e+05
9.981835982294373680e+05
9.981615266316107009e+05
9.981394860371584073e+05
9.981174762302614981e+05
9.980954969980331371e+05
9.980735481304607820e+05
9.980516294203579891e+05
9.980297406633038772e+05
9.980078816575953970e+05
9.979860522041931981e+05
9.979642521066815825e+05
9.979424811712007504e+05
9.979207392064189771e+05
9.978990260234776651e+05
9.978773414359433809e+05
9.978556852597711841e+05
9.978340573132518912e+05
9.978124574169787811e+05
9.977908853937959066e+05
9.977693410687703872e+05
9.977478242691397900e+05
9.977263348242824432e+05
9.977048725656755269e+05
9.976834373268608470e+05
9.976620289434047882e+05
9.976406472528657177e+05
9.976192920947571984e+05
9.975979633105164394e+05
9.975766607434678590e+05
9.975553842387953773e+05
9.975341336435016710e+05
9.975129088063880336e+05
9.974917095780187519e+05
9.974705358106906060e+05
9.974493873584036482e+05
9.974282640768354759e+05
9.974071658233082853e+05
9.973860924567675684e+05
9.973650438377484679e+05
9.973440198283565696e+05
9.973230202922332101e+05
9.973020450945427874e+05
9.972810941019358579e+05
9.972601671825341182e+05
9.972392642059001373e+05
9.972183850430180319e+05
9.971975295662696008e+05
9.971766976494115079e+05
9.971558891675524646e+05
9.971351039971382124e+05
9.971143420159179950e+05
9.970936031029362930e+05
9.970728871385081438e+05
9.970521940041998168e+05
9.970315235828085570e+05
9.970108757583431434e+05
9.969902504160081735e+05
9.969696474421819439e+05
9.969490667244034121e+05
9.969285081513490295e+05
9.969079716128194705e+05
9.968874569997189101e+05
9.968669642040458275e+05
9.968464931188690243e+05
9.968260436383177293e+05
9.968056156575622736e+05
9.967852090727989562e+05
9.967648237812363077e+05
9.967444596810808871e+05
9.967241166715207510e+05
9.967037946527135791e+05
9.966834935257681645e+05
9.966632131927364971e+05
9.966429535565970000e+05
9.966227145212428877e+05
9.966024959914700594e+05
9.965822978729620809e+05
9.965621200722797075e+05
9.965419624968451681e+05
9.965218250549355289e+05
9.965017076556658139e+05
9.964816102089810884e+05
9.964615326256433036e+05
9.964414748172183754e+05
9.964214366960661719e+05
9.964014181753376033e+05
9.963814191689508734e+05
9.963614395915906643e+05
9.963414793586955639e+05
9.963215383864449104e+05
9.963016165917521575e+05
9.962817138922548620e+05
9.962618302063045558e+05
9.962419654529559193e+05
9.962221195519596804e+05
9.962022924237528350e+05
9.961824839894460747e+05
9.961626941708282102e+05
9.961429228903395124e+05
9.961231700710774167e+05
9.961034356367805740e+05
9.960837195118236123e+05
9.960640216212060768e+05
9.960443418905503349e+05
9.960246802460900508e+05
9.960050366146595916e+05
9.959854109236918157e+05
9.959658031012052670e+05
9.959462130758044077e+05
9.959266407766664634e+05
9.959070861335381633e+05
9.958875490767250303e+05
9.958680295370866079e+05
9.958485274460333167e+05
9.958290427355089923e+05
9.958095753379970556e+05
9.957901251865080558e+05
9.957706922145736171e+05
9.957512763562374748e+05
9.957318775460557081e+05
9.957124957190840505e+05
9.956931308108769590e+05
9.956737827574845869e+05
9.956544514954391634e+05
9.956351369617528981e+05
9.956158390939130913e+05
9.955965578298787586e+05
9.955772931080673588e+05
9.955580448673582869e+05
9.955388130470855394e+05
9.955195975870288676e+05
9.955003984274087707e+05
9.954812155088874279e+05
9.954620487725564744e+05
9.954428981599382823e+05
9.954237636129814200e+05
9.954046450740494765e+05
9.953855424859210616e+05
9.953664557917864295e+05
9.953473849352411926e+05
9.953283298602764262e+05
9.953092905112861190e+05
9.952902668330557644e+05
9.952712587707559578e+05
9.952522662699384382e+05
9.952332892765399301e+05
9.952143277368682902e+05
9.951953815976053011e+05
9.951764508058018982e+05
9.951575353088721167e+05
9.951386350545876194e+05
9.951197499910793267e+05
9.951008800668301992e+05
9.950820252306682523e+05
9.950631854317708639e+05
9.950443606196551118e+05
9.950255507441834779e+05
9.950067557555367239e+05
9.949879756042386871e+05
9.949692102411391679e+05
9.949504596174089238e+05
9.949317236845445586e+05
9.949130023943606066e+05
9.948942956989832455e+05
9.948756035508502973e+05
9.948569259027137887e+05
9.948382627076257486e+05
9.948196139189410023e+05
9.948009794903144939e+05
9.947823593757000053e+05
9.947637535293475958e+05
9.947451619057835778e+05
9.947265844598362455e+05
9.947080211466130568e+05
9.946894719215035439e+05
9.946709367401816417e+05
9.946524155585957924e+05
9.946339083329669666e+05
9.946154150197876152e+05
9.945969355758253951e+05
9.945784699581076857e+05
9.945600181239269441e+05
9.945415800308382604e+05
9.945231556366588920e+05
9.945047448994632578e+05
9.944863477775662905e+05
9.944679642295500962e+05
9.944495942142405547e+05
9.944312376907089492e+05
9.944128946182751097e+05
9.943945649565039203e+05
9.943762486651925137e+05
9.943579457043843577e+05
9.943396560343552846e+05
9.943213796156182652e+05
9.943031164089131635e+05
9.942848663752119755e+05
9.942666294757154537e+05
9.942484056718555512e+05
9.942301949252737686e+05
9.942119971978417598e+05
9.941938124516517855e+05
9.941756406490117079e+05
9.941574817524431273e+05
9.941393357246896485e+05
9.941212025287001161e+05
9.941030821276350180e+05
9.940849744848638074e+05
9.940668795639636228e+05
9.940487973287176574e+05
9.940307277431049151e+05
9.940126707713134820e+05
9.939946263777300483e+05
9.939765945269394433e+05
9.939585751837149728e+05
9.939405683130306425e+05
9.939225738800547551e+05
9.939045918501449050e+05
9.938866221888449509e+05
9.938686648618960753e+05
9.938507198352174601e+05
9.938327870749161812e+05
9.938148665472837165e+05
9.937969582187933847e+05
9.937790620560994139e+05
9.937611780260291416e+05
9.937433060955943074e+05
9.937254462319824379e+05
9.937075984025545185e+05
9.936897625748371938e+05
9.936719387165366206e+05
9.936541267955289222e+05
9.936363267798571615e+05
9.936185386377294781e+05
9.936007623375284020e+05
9.935829978477972327e+05
9.935652451372375945e+05
9.935475041747215437e+05
9.935297749292781809e+05
9.935120573700976092e+05
9.934943514665283728e+05
9.934766571880717529e+05
9.934589745043924777e+05
9.934413033853099914e+05
9.934236438007870456e+05
9.934059957209465792e+05
9.933883591160605429e+05
9.933707339565542061e+05
9.933531202129950980e+05
9.933355178561045323e+05
9.933179268567528343e+05
9.933003471859473502e+05
9.932827788148437394e+05
9.932652217147451593e+05
9.932476758570902748e+05
9.932301412134642014e+05
9.932126177555850009e+05
9.931951054553162539e+05
9.931776042846625205e+05
9.931601142157553695e+05
9.931426352208663011e+05
9.931251672724009259e+05
9.931077103429012932e+05
9.930902644050426316e+05
9.930728294316241518e+05
9.930554053955873242e+05
9.930379922700014431e+05
9.930205900280568749e+05
9.930031986430769321e+05
9.929858180885164766e+05
9.929684483379493468e+05
9.929510893650796497e+05
9.929337411437311675e+05
9.929164036478537600e+05
9.928990768515270902e+05
9.928817607289373409e+05
9.928644552544014296e+05
9.928471604023511754e+05
9.928298761473441264e+05
9.928126024640502874e+05
9.927953393272577086e+05
9.927780867118736496e+05
9.927608445929232985e+05
9.927436129455409246e+05
9.927263917449755827e+05
9.927091809665955370e+05
9.926919805858768523e+05
9.926747905784078175e+05
9.926576109198884806e+05
9.926404415861262241e+05
9.926232825530472910e+05
9.926061337966752471e+05
9.925889952931437874e+05
9.925718670186974341e+05
9.925547489496854832e+05
9.925376410625631688e+05
9.925205433338908479e+05
9.925034557403306244e+05
9.924863782586550806e+05
9.924693108657341218e+05
9.924522535385404481e+05
9.924352062541472260e+05
9.924181689897351898e+05
9.924011417225768091e+05
9.923841244300499093e+05
9.923671170896261465e+05
9.923501196788795060e+05
9.923331321754831588e+05
9.923161545571977040e+05
9.922991868018885143e+05
9.922822288875123486e+05
9.922652807921239873e+05
9.922483424938701792e+05
9.922314139709919691e+05
9.922144952018236509e+05
9.921975861647962593e+05
9.921806868384260451e+05
9.921637972013226245e+05
9.921469172321882797e+05
9.921300469098160975e+05
9.921131862130846130e+05
9.920963351209656103e+05
9.920794936125148088e+05
9.920626616668818751e+05
9.920458392633006442e+05
9.920290263810849283e+05
9.920122229996436508e+05
9.919954290984681575e+05
9.919786446571340784e+05
9.919618696553035406e+05
9.919451040727208601e+05
9.919283478892155690e+05
9.919116010847006692e+05
9.918948636391699547e+05
9.918781355326992925e+05
9.918614167454444105e+05
9.918447072576475330e+05
9.918280070496270200e+05
9.918113161017800448e+05
9.917946343945852714e+05
9.917779619086021557e+05
9.917612986244638450e+05
9.917446445228852099e+05
9.917279995846542297e+05
9.917113637906407239e+05
9.916947371217869222e+05
9.916781195591153810e+05
9.916615110837202519e+05
9.916449116767739179e+05
9.916283213195225690e+05
9.916117399932887638e+05
9.915951676794637460e+05
9.915786043595136143e+05
9.915620500149818836e+05
9.915455046274833148e+05
9.915289681786984438e+05
9.915124406503872015e+05
9.914959220243776217e+05
9.914794122825658415e+05
9.914629114069236675e+05
9.914464193794851890e+05
9.914299361823613290e+05
9.914134617977284361e+05
9.913969962078315439e+05
9.913805393949858844e+05
9.913640913415739778e+05
9.913476520300444681e+05
9.913312214429168962e+05
9.913147995627733180e+05
9.912983863722640090e+05
9.912819818541050190e+05
9.912655859910787549e+05
9.912491987660340965e+05
9.912328201618787134e+05
9.912164501615922200e+05
9.912000887482152320e+05
9.911837359048494836e+05
9.911673916146639967e+05
9.911510558608850697e+05
9.911347286268074531e+05
9.911184098957858514e+05
9.911020996512374841e+05
9.910857978766405722e+05
9.910695045555359684e+05
9.910532196715226164e+05
9.910369432082648855e+05
9.910206751494820928e+05
9.910044154789574677e+05
9.909881641805298859e+05
9.909719212381028337e+05
9.909556866356336977e+05
9.909394603571416810e+05
9.909232423867033795e+05
9.909070327084504534e+05
9.908908313065769617e+05
9.908746381653294666e+05
9.908584532690106425e+05
9.908422766019864939e+05
9.908261081486730836e+05
9.908099478935457300e+05
9.907937958211349323e+05
9.907776519160254393e+05
9.907615161628602073e+05
9.907453885463324841e+05
9.907292690511966357e+05
9.907131576622523135e+05
9.906970543643612182e+05
9.906809591424337123e+05
9.906648719814375509e+05
9.906487928663910134e+05
9.906327217823651154e+05
9.906166587144855876e+05
9.906006036479250761e+05
9.905845565679155989e+05
9.905685174597325968e+05
9.905524863087065751e+05
9.905364631002233364e+05
9.905204478197115241e+05
9.905044404526570579e+05
9.904884409845937043e+05
9.904724494011037750e+05
9.904564656878244132e+05
9.904404898304374656e+05
9.904245218146763509e+05
9.904085616263198899e+05
9.903926092512031319e+05
9.903766646752025699e+05
9.903607278842461528e+05
9.903447988643100252e+05
9.903288776014177129e+05
9.903129640816414030e+05
9.902970582910947269e+05
9.902811602159476606e+05
9.902652698424063856e+05
9.902493871567294700e+05
9.902335121452247258e+05
9.902176447942375671e+05
9.902017850901691709e+05
9.901859330194595968e+05
9.901700885685941903e+05
9.901542517241109163e+05
9.901384224725838285e+05
9.901226008006377378e+05
9.901067866949350573e+05
9.900909801421911689e+05
9.900751811291587073e+05
9.900593896426383872e+05
9.900436056694720173e+05
9.900278291965489043e+05
9.900120602107959567e+05
9.899962986991829239e+05
9.899805446487289155e+05
9.899647980464854045e+05
9.899490588795518270e+05
9.899333271350740688e+05
9.899176028002313105e+05
9.899018858622501139e+05
9.898861763083975529e+05
9.898704741259794682e+05
9.898547793023487320e+05
9.898390918248903472e+05
9.898234116810413543e+05
9.898077388582675485e+05
9.897920733440802433e+05
9.897764151260339422e+05
9.897607641917173751e+05
9.897451205287646735e+05
9.897294841248445446e+05
9.897138549676716793e+05
9.896982330449871952e+05
9.896826183445851784e+05
9.896670108542895177e+05
9.896514105619629845e+05
9.896358174555096775e+05
9.896202315228740918e+05
9.896046527520322707e+05
9.895890811310033314e+05
9.895735166478429455e+05
9.895579592906403122e+05
9.895424090475322446e+05
9.895268659066818655e+05
9.895113298562940909e+05
9.894958008846084122e+05
9.894802789799048332e+05
9.894647641304950230e+05
9.894492563247301150e+05
9.894337555509979138e+05
9.894182617977205664e+05
9.894027750533600338e+05
9.893872953064010944e+05
9.893718225453799823e+05
9.893563567588576116e+05
9.893408979354301700e+05
9.893254460637327284e+05
9.893100011324394727e+05
9.892945631302477559e+05
9.892791320458973059e+05
9.892637078681626590e+05
9.892482905858454760e+05
9.892328801877916558e+05
9.892174766628746875e+05
9.892020800000005402e+05
9.891866901881095255e+05
9.891713072161801392e+05
9.891559310732192826e+05
9.891405617482666858e+05
9.891251992303979350e+05
9.891098435087216785e+05
9.890944945723803248e+05
9.890791524105371209e+05
9.890638170124028111e+05
9.890484883672114229e+05
9.890331664642276010e+05
9.890178512927526608e+05
9.890025428421242395e+05
9.889872411016984843e+05
9.889719460608739173e+05
9.889566577090772334e+05
9.889413760357620195e+05
9.889261010304221418e+05
9.889108326825766126e+05
9.888955709817750612e+05
9.888803159175962210e+05
9.888650674796535168e+05
9.888498256575887790e+05
9.888345904410752701e+05
9.888193618198125623e+05
9.888041397835346870e+05
9.887889243220101343e+05
9.887737154250207823e+05
9.887585130823908839e+05
9.887433172839740291e+05
9.887281280196453445e+05
9.887129452793120872e+05
9.886977690529157408e+05
9.886825993304261938e+05
9.886674361018333584e+05
9.886522793571654474e+05
9.886371290864752373e+05
9.886219852798418142e+05
9.886068479273801204e+05
9.885917170192268677e+05
9.885765925455451943e+05
9.885614744965306018e+05
9.885463628624069970e+05
9.885312576334251789e+05
9.885161587998595787e+05
9.885010663520155940e+05
9.884859802802288905e+05
9.884709005748626078e+05
9.884558272262916435e+05
9.884407602249383926e+05
9.884256995612399187e+05
9.884106452256635530e+05
9.883955972086992115e+05
9.883805555008724332e+05
9.883655200927298283e+05
9.883504909748417558e+05
9.883354681378102396e+05
9.883204515722594224e+05
9.883054412688406883e+05
9.882904372182347579e+05
9.882754394111462170e+05
9.882604478382972302e+05
9.882454624904448865e+05
9.882304833583738655e+05
9.882155104328880552e+05
9.882005437048159074e+05
9.881855831650136970e+05
9.881706288043671520e+05
9.881556806137852836e+05
9.881407385841866489e+05
9.881258027065360220e+05
9.881108729718099348e+05
9.880959493710143724e+05
9.880810318951718509e+05
9.880661205353426049e+05
9.880512152826054953e+05
9.880363161280589411e+05
9.880214230628277874e+05
9.880065360780663323e+05
9.879916551649441244e+05
9.879767803146617953e+05
9.879619115184430266e+05
9.879470487675272161e+05
9.879321920531823998e+05
9.879173413667051354e+05
9.879024966994087445e+05
9.878876580426308792e+05
9.878728253877323586e+05
9.878579987261001952e+05
9.878431780491446843e+05
9.878283633482883452e+05
9.878135546149873408e+05
9.877987518407179741e+05
9.877839550169747090e+05
9.877691641352771549e+05
9.877543791871682042e+05
9.877396001642175252e+05
9.877248270580087556e+05
9.877100598601510283e+05
9.876952985622750130e+05
9.876805431560357101e+05
9.876657936331068631e+05
9.876510499851891072e+05
9.876363122039998416e+05
9.876215802812733455e+05
9.876068542087773094e+05
9.875921339782949071e+05
9.875774195816301508e+05
9.875627110106071923e+05
9.875480082570734667e+05
9.875333113129003905e+05
9.875186201699795201e+05
9.875039348202111432e+05
9.874892552555319853e+05
9.874745814678920433e+05
9.874599134492620360e+05
9.874452511916325893e+05
9.874305946870193584e+05
9.874159439274601173e+05
9.874012989050041651e+05
9.873866596117253648e+05
9.873720260397195816e+05
9.873573981811023550e+05
9.873427760280075017e+05
9.873281595725954976e+05
9.873135488070346182e+05
9.872989437235175865e+05
9.872843443142650649e+05
9.872697505715088919e+05
9.872551624875031412e+05
9.872405800545186503e+05
9.872260032648521010e+05
9.872114321108156582e+05
9.871968665847409284e+05
9.871823066789755831e+05
9.871677523858890636e+05
9.871532036978709511e+05
9.871386606073279399e+05
9.871241231066848850e+05
9.871095911883886438e+05
9.870950648449065629e+05
9.870805440687198425e+05
9.870660288523286581e+05
9.870515191882543731e+05
9.870370150690354640e+05
9.870225164872325258e+05
9.870080234354209388e+05
9.869935359061926138e+05
9.869790538921586704e+05
9.869645773859528126e+05
9.869501063802230638e+05
9.869356408676385181e+05
9.869211808408802608e+05
9.869067262926525436e+05
9.868922772156795254e+05
9.868778336026981706e+05
9.868633954464630224e+05
9.868489627397464355e+05
9.868345354753409047e+05
9.868201136460540583e+05
9.868056972447115695e+05
9.867912862641569227e+05
9.867768806972522289e+05
9.867624805368770612e+05
9.867480857759261271e+05
9.867336964073089184e+05
9.867193124239566969e+05
9.867049338188199326e+05
9.866905605848601554e+05
9.866761927150619449e+05
9.866618302024139557e+05
9.866474730399367400e+05
9.866331212206596974e+05
9.866187747376339976e+05
9.866044335839210544e+05
9.865900977526013739e+05
9.865757672367758350e+05
9.865614420295573073e+05
9.865471221240755403e+05
9.865328075134768151e+05
9.865184981909213820e+05
9.865041941495902138e+05
9.864898953826767392e+05
9.864756018833902199e+05
9.864613136449594749e+05
9.864470306606295053e+05
9.864327529236581177e+05
9.864184804273196496e+05
9.864042131649018265e+05
9.863899511297148420e+05
9.863756943150811130e+05
9.863614427143404027e+05
9.863471963208423695e+05
9.863329551279540174e+05
9.863187191290630726e+05
9.863044883175677387e+05
9.862902626868853113e+05
9.862760422304456588e+05
9.862618269416932017e+05
9.862476168140915688e+05
9.862334118411166128e+05
9.862192120162576903e+05
9.862050173330225516e+05
9.861908277849283768e+05
9.861766433655129513e+05
9.861624640683272155e+05
9.861482898869345663e+05
9.861341208149165614e+05
9.861199568458705908e+05
9.861057979734033579e+05
9.860916441911419388e+05
9.860774954927216750e+05
9.860633518718004925e+05
9.860492133220449323e+05
9.860350798371416749e+05
9.860209514107831055e+05
9.860068280366782565e+05
9.859927097085578134e+05
9.859785964201581664e+05
9.859644881652361946e+05
9.859503849375618156e+05
9.859362867309118155e+05
9.859221935390883591e+05
9.859081053558993153e+05
9.858940221751696663e+05
9.858799439907369670e+05
9.858658707964521600e+05
9.858518025861791102e+05
9.858377393537984462e+05
9.858236810932047665e+05
9.858096277983004693e+05
9.857955794630101882e+05
9.857815360812681029e+05
9.857674976470215479e+05
9.857534641542283352e+05
9.857394355968643213e+05
9.857254119689206127e+05
9.857113932643975131e+05
9.856973794773133704e+05
9.856833706016846700e+05
9.856693666315623559e+05
9.856553675609976053e+05
9.856413733840567293e+05
9.856273840948243160e+05
9.856133996873907745e+05
9.855994201558657223e+05
9.855854454943658784e+05
9.855714756970275193e+05
9.855575107579923933e+05
9.855435506714179646e+05
9.855295954314761329e+05
9.855156450323481113e+05
9.855016994682323420e+05
9.854877587333376287e+05
9.854738228218823206e+05
9.854598917281056056e+05
9.854459654462501640e+05
9.854320439705764875e+05
9.854181272953554289e+05
9.854042154148711124e+05
9.853903083234225633e+05
9.853764060153198661e+05
9.853625084848826518e+05
9.853486157264376525e+05
9.853347277343377937e+05
9.853208445029389113e+05
9.853069660266115097e+05
9.852930922997393645e+05
9.852792233167154482e+05
9.852653590719441418e+05
9.852514995598448440e+05
9.852376447748510400e+05
9.852237947114004055e+05
9.852099493639451684e+05
9.851961087269529235e+05
9.851822727948979009e+05
9.851684415622715605e+05
9.851546150235753739e+05
9.851407931733175647e+05
9.851269760060291737e+05
9.851131635162396124e+05
9.850993556984988973e+05
9.850855525473637972e+05
9.850717540574050508e+05
9.850579602232075995e+05
9.850441710393666290e+05
9.850303865004822146e+05
9.850166066011675866e+05
9.850028313360543689e+05
9.849890606997812865e+05
9.849752946869956795e+05
9.849615332923630485e+05
9.849477765105537837e+05
9.849340243362511974e+05
9.849202767641460523e+05
9.849065337889520451e+05
9.848927954053786816e+05
9.848790616081546759e+05
9.848653323920179391e+05
9.848516077517168596e+05
9.848378876820111182e+05
9.848241721776735503e+05
9.848104612334835110e+05
9.847967548442363041e+05
9.847830530047356151e+05
9.847693557097912999e+05
9.847556629542325391e+05
9.847419747328924714e+05
9.847282910406177398e+05
9.847146118722694227e+05
9.847009372227138374e+05
9.846872670868196292e+05
9.846736014594826847e+05
9.846599403356033145e+05
9.846462837100868346e+05
9.846326315778539283e+05
9.846189839338394813e+05
9.846053407729796600e+05
9.845917020902233198e+05
9.845780678805341013e+05
9.845644381388874026e+05
9.845508128602562938e+05
9.845371920396342175e+05
9.845235756720232312e+05
9.845099637524341233e+05
9.844963562758864136e+05
9.844827532374184811e+05
9.844691546320656780e+05
9.844555604548844276e+05
9.844419707009351114e+05
9.844283853652868420e+05
9.844148044430207228e+05
9.844012279292327585e+05
9.843876558190220967e+05
9.843740881075059297e+05
9.843605247897984227e+05
9.843469658610280603e+05
9.843334113163412549e+05
9.843198611508863978e+05
9.843063153598225908e+05
9.842927739383201115e+05
9.842792368815619266e+05
9.842657041847313521e+05
9.842521758430260234e+05
9.842386518516590586e+05
9.842251322058470687e+05
9.842116169008115539e+05
9.841981059317887994e+05
9.841845992940256838e+05
9.841710969827771187e+05
9.841575989933038363e+05
9.841441053208854282e+05
9.841306159608002054e+05
9.841171309083435917e+05
9.841036501588135725e+05
9.840901737075211713e+05
9.840767015497854445e+05
9.840632336809369735e+05
9.840497700963150710e+05
9.840363107912687119e+05
9.840228557611505967e+05
9.840094050013230881e+05
9.839959585071646143e+05
9.839825162740575615e+05
9.839690782973968890e+05
9.839556445725804660e+05
9.839422150950240903e+05
9.839287898601427441e+05
9.839153688633603742e+05
9.839019521001215326e+05
9.838885395658678608e+05
9.838751312560557853e+05
9.838617271661417326e+05
9.838483272916011047e+05
9.838349316279151244e+05
9.838215401705702534e+05
9.838081529150670394e+05
9.837947698569122003e+05
9.837813909916208358e+05
9.837680163147138664e+05
9.837546458217249019e+05
9.837412795081927907e+05
9.837279173696710495e+05
9.837145594017140102e+05
9.837012055998941651e+05
9.836878559597817948e+05
9.836745104769575410e+05
9.836611691470162477e+05
9.836478319655572996e+05
9.836344989281896269e+05
9.836211700305303093e+05
9.836078452682064380e+05
9.835945246368475491e+05
9.835812081320962170e+05
9.835678957495994400e+05
9.835545874850228429e+05
9.835412833340250654e+05
9.835279832922822097e+05
9.835146873554730555e+05
9.835013955192912836e+05
9.834881077794344164e+05
9.834748241316068452e+05
9.834615445715265814e+05
9.834482690949167591e+05
9.834349976975040045e+05
9.834217303750280989e+05
9.834084671232355759e+05
9.833952079378807684e+05
9.833819528147276724e+05
9.833687017495456384e+05
9.833554547381156590e+05
9.833422117762189591e+05
9.833289728596498026e+05
9.833157379842115333e+05
9.833025071457140148e+05
9.832892803399744444e+05
9.832760575628187507e+05
9.832628388100781012e+05
9.832496240775911137e+05
9.832364133612079313e+05
9.832232066567838192e+05
