1.000000000000000000e+06
9.998984747983211419e+05
9.997979597440600628e+05
9.996984249883046141e+05
9.995998419521308970e+05
9.995021832624251256e+05
9.994054226912532467e+05
9.993095350986097474e+05
9.992144963783321436e+05
9.991202834069959354e+05
9.990268739956099307e+05
9.989342468439664226e+05
9.988423814974569250e+05
9.987512583062470658e+05
9.986608583866464905e+05
9.985711635845602723e+05
9.984821564408896957e+05
9.983938201587909134e+05
9.983061385726620210e+05
9.982190961187636713e+05
9.981326778074016329e+05
9.980468691965511534e+05
9.979616563668642193e+05
9.978770258979777573e+05
9.977929648460253375e+05
9.977094607223331695e+05
9.976265014731843257e+05
9.975440754606239498e+05
9.974621714442276862e+05
9.973807785638067871e+05
9.972998863229620038e+05
9.972194845734674018e+05
9.971395635004305514e+05
9.970601136081785662e+05
9.969811257068518316e+05
9.969025908996389480e+05
9.968245005706379889e+05
9.967468463733103126e+05
9.966696202194815269e+05
9.965928142688702792e+05
9.965164209191254340e+05
9.964404327963243704e+05
9.963648427459170343e+05
9.962896438241078286e+05
9.962148292896220228e+05
9.961403925958633190e+05
9.960663273834339343e+05
9.959926274729904253e+05
9.959192868584248936e+05
9.958462997003644705e+05
9.957736603199498495e+05
9.957013631928969407e+05
9.956294029438314028e+05
9.955577743408608949e+05
9.954864722903908696e+05
9.954154918321642326e+05
9.953448281345262658e+05
9.952744764898715075e+05
9.952044323103150818e+05
9.951346911235263105e+05
9.950652485687470762e+05
9.949961003929749131e+05
9.949272424473066349e+05
9.948586706834420329e+05
9.947903811503067845e+05
9.947223699908506824e+05
9.946546334389467956e+05
9.945871678164288169e+05
9.945199695302434266e+05
9.944530350697176764e+05
9.943863610039424384e+05
9.943199439792380435e+05
9.942537807167484425e+05
9.941878680101053324e+05
9.941222027231944958e+05
9.940567817880047951e+05
9.939916022025544662e+05
9.939266610289096134e+05
9.938619553912651027e+05
9.937974824740908807e+05
9.937332395203778287e+05
9.936692238299120218e+05
9.936054327576347860e+05
9.935418637120546773e+05
9.934785141537167365e+05
9.934153815937340260e+05
9.933524635923602618e+05
9.932897577576175099e+05
9.932272617439854657e+05
9.931649732511126203e+05
9.931028900225920370e+05
9.930410098447686760e+05
9.929793305455914233e+05
9.929178499935065629e+05
9.928565660963867558e+05
9.927954768004858634e+05
9.927345800894547720e+05
9.926738739833604777e+05
9.926133565377593040e+05
9.925530258427852532e+05
9.924928800222793361e+05
9.924329172329377616e+05
9.923731356635027332e+05
9.923135335339510348e+05
9.922541090947425691e+05
9.921948606260719243e+05
9.921357864371405449e+05
9.920768848654669710e+05
9.920181542762059253e+05
9.919595930614899844e+05
9.919011996397983748e+05
9.918429724553418346e+05
9.917849099774530623e+05
9.917270107000204735e+05
9.916692731409193948e+05
9.916116958414633991e+05
9.915542773658797378e+05
9.914970163007891970e+05
9.914399112547073746e+05
9.913829608575605089e+05
9.913261637602199335e+05
9.912695186340279179e+05
9.912130241703677457e+05
9.911566790802283213e+05
9.911004820937769255e+05
9.910444319599587470e+05
9.909885274460909422e+05
9.909327673374856822e+05
9.908771504370614421e+05
9.908216755649932893e+05
9.907663415583388414e+05
9.907111472707062494e+05
9.906560915719098412e+05
9.906011733476448571e+05
9.905463914991652127e+05
9.904917449429731350e+05
9.904372326105157845e+05
9.903828534478896763e+05
9.903286064155531349e+05
9.902744904880467802e+05
9.902205046537130838e+05
9.901666479144417681e+05
9.901129192854032153e+05
9.900593177947946824e+05
9.900058424835947808e+05
9.899524924053233117e+05
9.898992666258019162e+05
9.898461642229307909e+05
9.897931842864606297e+05
9.897403259177764412e+05
9.896875882296786876e+05
9.896349703461875906e+05
9.895824714023281122e+05
9.895300905439381022e+05
9.894778269274717895e+05
9.894256797198122367e+05
9.893736480980829801e+05
9.893217312494759681e+05
9.892699283710622694e+05
9.892182386696343310e+05
9.891666613615216920e+05
9.891151956724404590e+05
9.890638408373267157e+05
9.890125961001798278e+05
9.889614607139062136e+05
9.889104339401721954e+05
9.888595150492553366e+05
9.888087033198990393e+05
9.887579980391769204e+05
9.887073985023484565e+05
9.886569040127287153e+05
9.886065138815515675e+05
9.885562274278498953e+05
9.885060439783207839e+05
9.884559628672058461e+05
9.884059834361702669e+05
9.883561050341799855e+05
9.883063270173913334e+05
9.882566487490338041e+05
9.882070695993005065e+05
9.881575889452405972e+05
9.881082061706454260e+05
9.880589206659481861e+05
9.880097318281295011e+05
9.879606390606034547e+05
9.879116417731292313e+05
9.878627393817096017e+05
9.878139313084949972e+05
9.877652169816975947e+05
9.877165958354936447e+05
9.876680673099382548e+05
9.876196308508762158e+05
9.875712859098545741e+05
9.875230319440421881e+05
9.874748684161468409e+05
9.874267947943335166e+05
9.873788105521460529e+05
9.873309151684280951e+05
9.872831081272484735e+05
9.872353889178212266e+05
9.871877570344406413e+05
9.871402119764017407e+05
9.870927532479326474e+05
9.870453803581261309e+05
9.869980928208664991e+05
9.869508901547656860e+05
9.869037718831049278e+05
9.868567375337562989e+05
9.868097866391300922e+05
9.867629187361089280e+05
9.867161333659844240e+05
9.866694300743998028e+05
9.866228084112923825e+05
9.865762679308316438e+05
9.865298081913648639e+05
9.864834287553596077e+05
9.864371291893495945e+05
9.863909090638792841e+05
9.863447679534590570e+05
9.862987054364999058e+05
9.862527210952735040e+05
9.862068145158546977e+05
9.861609852880762191e+05
9.861152330054738559e+05
9.860695572652490810e+05
9.860239576682137558e+05
9.859784338187436806e+05
9.859329853247376159e+05
9.858876117975668749e+05
9.858423128520383034e+05
9.857970881063459674e+05
9.857519371820343658e+05
9.857068597039469751e+05
9.856618553001941182e+05
9.856169236021102406e+05
9.855720642442068784e+05
9.855272768641434377e+05
9.854825611026857514e+05
9.854379166036652168e+05
9.853933430139403790e+05
9.853488399833658477e+05
9.853044071647500386e+05
9.852600442138242070e+05
9.852157507892089197e+05
9.851715265523731941e+05
9.851273711676052772e+05
9.850832843019763241e+05
9.850392656253123423e+05
9.849953148101526313e+05
9.849514315317278961e+05
9.849076154679243919e+05
9.848638662992519094e+05
9.848201837088115280e+05
9.847765673822724493e+05
9.847330170078340452e+05
9.846895322762045544e+05
9.846461128805698827e+05
9.846027585165626369e+05
9.845594688822365133e+05
9.845162436780387070e+05
9.844730826067848830e+05
9.844299853736235527e+05
9.843869516860226868e+05
9.843439812537379330e+05
9.843010737887840951e+05
9.842582290054105688e+05
9.842154466200822499e+05
9.841727263514500810e+05
9.841300679203288164e+05
9.840874710496765329e+05
9.840449354645650601e+05
9.840024608921597246e+05
9.839600470616978128e+05
9.839176937044662191e+05
9.838754005537750199e+05
9.838331673449402442e+05
9.837909938152635004e+05
9.837488797040098580e+05
9.837068247523751343e+05
9.836648287034864770e+05
9.836228913023652276e+05
9.835810122959148139e+05
9.835391914329016581e+05
9.834974284639322432e+05
9.834557231414340204e+05
9.834140752196362009e+05
9.833724844545578817e+05
9.833309506039785920e+05
9.832894734274245566e+05
9.832480526861567050e+05
9.832066881431477377e+05
9.831653795630605891e+05
9.831241267122349236e+05
9.830829293586753774e+05
9.830417872720258310e+05
9.830007002235585824e+05
9.829596679861603770e+05
9.829186903343072627e+05
9.828777670440562069e+05
9.828368978930268204e+05
9.827960826603879686e+05
9.827553211268378654e+05
9.827146130745895207e+05
9.826739582873629406e+05
9.826333565503666177e+05
9.825928076502747135e+05
9.825523113752205390e+05
9.825118675147875911e+05
9.824714758599827765e+05
9.824311362032305915e+05
9.823908483383656712e+05
9.823506120606040349e+05
9.823104271665398264e+05
9.822702934541295981e+05
9.822302107226833468e+05
9.821901787728428608e+05
9.821501974065752001e+05
9.821102664271596586e+05
9.820703856391818263e+05
9.820305548485042527e+05
9.819907738622648176e+05
9.819510424888706766e+05
9.819113605379783548e+05
9.818717278204816394e+05
9.818321441485057585e+05
9.817926093353952747e+05
9.817531231956934789e+05
9.817136855451446027e+05
9.816742962006754242e+05
9.816349549803859554e+05
9.815956617035351228e+05
9.815564161905357614e+05
9.815172182629446033e+05
9.814780677434519166e+05
9.814389644558549626e+05
9.813999082250724314e+05
9.813608988771234872e+05
9.813219362391158938e+05
9.812830201392374001e+05
9.812441504067544593e+05
9.812053268719876651e+05
9.811665493663146626e+05
9.811278177221547812e+05
9.810891317729636794e+05
9.810504913532229839e+05
9.810118962984231766e+05
9.809733464450699976e+05
9.809348416306674480e+05
9.808963816937088268e+05
9.808579664736603154e+05
9.808195958109695930e+05
9.807812695470487233e+05
9.807429875242627459e+05
9.807047495859231567e+05
9.806665555762910517e+05
9.806284053405487211e+05
9.805902987248065183e+05
9.805522355760920327e+05
9.805142157423414756e+05
9.804762390723922290e+05
9.804383054159679450e+05
9.804004146236855304e+05
9.803625665470407112e+05
9.803247610383977881e+05
9.802869979509776458e+05
9.802492771388660185e+05
9.802115984569961438e+05
9.801739617611431750e+05
9.801363669079137035e+05
9.800988137547519291e+05
9.800613021599189378e+05
9.800238319824864157e+05
9.799864030823414214e+05
9.799490153201689245e+05
9.799116685574500589e+05
9.798743626564565348e+05
9.798370974802357377e+05
9.797998728926186450e+05
9.797626887582074851e+05
9.797255449423560640e+05
9.796884413111837348e+05
9.796513777315604966e+05
9.796143540711032692e+05
9.795773701981632039e+05
9.795404259818311548e+05
9.795035212919260375e+05
9.794666559989834204e+05
9.794298299742559902e+05
9.793930430897122715e+05
9.793562952180221910e+05
9.793195862325569615e+05
9.792829160073774401e+05
9.792462844172376208e+05
9.792096913375778822e+05
9.791731366445091553e+05
9.791366202148171142e+05
9.791001419259546092e+05
9.790637016560403863e+05
9.790272992838494247e+05
9.789909346888026921e+05
9.789546077509791357e+05
9.789183183510970557e+05
9.788820663705050247e+05
9.788458516911906190e+05
9.788096741957721533e+05
9.787735337674830807e+05
9.787374302901814226e+05
9.787013636483347509e+05
9.786653337270205375e+05
9.786293404119284824e+05
9.785933835893346695e+05
9.785574631461187964e+05
9.785215789697477594e+05
9.784857309482812416e+05
9.784499189703544835e+05
9.784141429251830559e+05
9.783784027025583200e+05
9.783426981928423047e+05
9.783070292869578116e+05
9.782713958763892297e+05
9.782357978531824192e+05
9.782002351099336520e+05
9.781647075397867011e+05
9.781292150364328409e+05
9.780937574940994382e+05
9.780583348075614776e+05
9.780229468721164158e+05
9.779875935835916316e+05
9.779522748383438447e+05
9.779169905332506169e+05
9.778817405657072086e+05
9.778465248336241348e+05
9.778113432354185497e+05
9.777761956700227456e+05
9.777410820368650602e+05
9.777060022358761635e+05
9.776709561674804427e+05
9.776359437326026382e+05
9.776009648326478200e+05
9.775660193695125636e+05
9.775311072455715621e+05
9.774962283636825159e+05
9.774613826271799626e+05
9.774265699398604920e+05
9.773917902060011402e+05
9.773570433303377358e+05
9.773223292180721182e+05
9.772876477748639882e+05
9.772529989068300929e+05
9.772183825205387548e+05
9.771837985230140621e+05
9.771492468217177084e+05
9.771147273245605174e+05
9.770802399398937123e+05
9.770457845765077509e+05
9.770113611436225474e+05
9.769769695508959703e+05
9.769426097084084759e+05
9.769082815266721882e+05
9.768739849166226340e+05
9.768397197896029102e+05
9.768054860573885962e+05
9.767712836321617942e+05
9.767371124265183462e+05
9.767029723534636432e+05
9.766688633264078526e+05
9.766347852591666160e+05
9.766007380659579067e+05
9.765667216613922501e+05
9.765327359604788944e+05
9.764987808786209207e+05
9.764648563316132640e+05
9.764309622356338659e+05
9.763970985072482144e+05
9.763632650634049205e+05
9.763294618214331567e+05
9.762956886990395142e+05
9.762619456143004354e+05
9.762282324856712949e+05
9.761945492319756886e+05
9.761608957724041538e+05
9.761272720265151002e+05
9.760936779142268933e+05
9.760601133558225119e+05
9.760265782719418639e+05
9.759930725835803896e+05
9.759595962120875483e+05
9.759261490791627439e+05
9.758927311068602139e+05
9.758593422175763408e+05
9.758259823340529110e+05
9.757926513793757185e+05
9.757593492769718869e+05
9.757260759506038157e+05
9.756928313243729062e+05
9.756596153227097820e+05
9.756264278703822056e+05
9.755932688924856484e+05
9.755601383144429419e+05
9.755270360620056745e+05
9.754939620612452272e+05
9.754609162385573145e+05
9.754278985206575599e+05
9.753949088345774217e+05
9.753619471076636110e+05
9.753290132675796049e+05
9.752961072422986617e+05
9.752632289601054508e+05
9.752303783495902317e+05
9.751975553396501346e+05
9.751647598594879964e+05
9.751319918386068894e+05
9.750992512068097712e+05
9.750665378941979725e+05
9.750338518311725929e+05
9.750011929484267021e+05
9.749685611769469688e+05
9.749359564480136614e+05
9.749033786931947106e+05
9.748708278443465242e+05
9.748383038336123573e+05
9.748058065934190527e+05
9.747733360564747127e+05
9.747408921557710273e+05
9.747084748245781520e+05
9.746760839964449406e+05
9.746437196051925421e+05
9.746113815849194070e+05
9.745790698699968634e+05
9.745467843950643437e+05
9.745145250950331101e+05
9.744822919050792698e+05
9.744500847606485477e+05
9.744179035974494182e+05
9.743857483514522901e+05
9.743536189588949783e+05
9.743215153562690830e+05
9.742894374803255778e+05
9.742573852680785349e+05
9.742253586567871971e+05
9.741933575839732075e+05
9.741613819874066394e+05
9.741294318051113514e+05
9.740975069753567223e+05
9.740656074366656831e+05
9.740337331278048223e+05
9.740018839877820574e+05
9.739700599558571121e+05
9.739382609715239378e+05
9.739064869745190954e+05
9.738747379048259463e+05
9.738430137026553275e+05
9.738113143084630137e+05
9.737796396629383089e+05
9.737479897070017178e+05
9.737163643818136770e+05
9.736847636287565110e+05
9.736531873894525925e+05
9.736216356057446683e+05
9.735901082197081996e+05
9.735586051736428635e+05
9.735271264100761618e+05
9.734956718717556214e+05
9.734642415016543819e+05
9.734328352429661900e+05
9.734014530390994623e+05
9.733700948336911388e+05
9.733387605705842143e+05
9.733074501938441535e+05
9.732761636477557477e+05
9.732449008768075146e+05
9.732136618257107912e+05
9.731824464393815724e+05
9.731512546629477292e+05
9.731200864417515695e+05
9.730889417213367997e+05
9.730578204474585364e+05
9.730267225660713157e+05
9.729956480233428301e+05
9.729645967656377470e+05
9.729335687395271380e+05
9.729025638917806791e+05
9.728715821693727048e+05
9.728406235194714973e+05
9.728096878894434776e+05
9.727787752268570475e+05
9.727478854794676881e+05
9.727170185952305328e+05
9.726861745222989703e+05
9.726553532090109074e+05
9.726245546039022738e+05
9.725937786556960782e+05
9.725630253133050865e+05
9.725322945258360123e+05
9.725015862425744999e+05
9.724709004130014218e+05
9.724402369867741363e+05
9.724095959137418540e+05
9.723789771439352771e+05
9.723483806275675306e+05
9.723178063150334638e+05
9.722872541569082532e+05
9.722567241039521759e+05
9.722262161070904694e+05
9.721957301174405729e+05
9.721652660862886114e+05
9.721348239650951000e+05
9.721044037055036752e+05
9.720740052593288710e+05
9.720436285785532091e+05
9.720132736153395381e+05
9.719829403220163658e+05
9.719526286510836799e+05
9.719223385552167892e+05
9.718920699872539844e+05
9.718618229001990985e+05
9.718315972472259309e+05
9.718013929816813907e+05
9.717712100570665207e+05
9.717410484270537272e+05
9.717109080454754876e+05
9.716807888663323829e+05
9.716506908437795937e+05
9.716206139321362134e+05
9.715905580858851317e+05
9.715605232596597634e+05
9.715305094082569703e+05
9.715005164866390405e+05
9.714705444499123842e+05
9.714405932533472078e+05
9.714106628523690160e+05
9.713807532025529072e+05
9.713508642596348654e+05
9.713209959795004688e+05
9.712911483181891963e+05
9.712613212318853475e+05
9.712315146769311978e+05
9.712017286098204786e+05
9.711719629871892976e+05
9.711422177658264991e+05
9.711124929026687751e+05
9.710827883548031095e+05
9.710531040794523433e+05
9.710234400339922868e+05
9.709937961759456666e+05
9.709641724629704840e+05
9.709345688528722385e+05
9.709049853036067216e+05
9.708754217732616235e+05
9.708458782200699206e+05
9.708163546024056850e+05
9.707868508787811734e+05
9.707573670078497380e+05
9.707279029484047787e+05
9.706984586593754357e+05
9.706690340998229804e+05
9.706396292289530393e+05
9.706102440061053494e+05
9.705808783907535253e+05
9.705515323425043607e+05
9.705222058211017866e+05
9.704928987864250084e+05
9.704636111984767485e+05
9.704343430173968663e+05
9.704050942034604959e+05
9.703758647170648910e+05
9.703466545187395532e+05
9.703174635691484436e+05
9.702882918290857924e+05
9.702591392594620120e+05
9.702300058213275624e+05
9.702008914758552564e+05
9.701717961843403755e+05
9.701427199082135921e+05
9.701136626090245554e+05
9.700846242484417744e+05
9.700556047882672865e+05
9.700266041904245503e+05
9.699976224169577472e+05
9.699686594300336437e+05
9.699397151919394964e+05
9.699107896650892217e+05
9.698818828120150138e+05
9.698529945953573333e+05
9.698241249778931960e+05
9.697952739225085825e+05
9.697664413922070526e+05
9.697376273501130054e+05
9.697088317594700493e+05
9.696800545836355304e+05
9.696512957860816969e+05
9.696225553303994238e+05
9.695938331802935572e+05
9.695651292995805852e+05
9.695364436521992320e+05
9.695077762021931121e+05
9.694791269137175987e+05
9.694504957510477398e+05
9.694218826785677811e+05
9.693932876607711660e+05
9.693647106622642605e+05
9.693361516477622790e+05
9.693076105820967350e+05
9.692790874301989097e+05
9.692505821571090491e+05
9.692220947279839311e+05
9.691936251080810325e+05
9.691651732627645833e+05
9.691367391575101065e+05
9.691083227579020895e+05
9.690799240296235075e+05
9.690515429384654853e+05
9.690231794503268320e+05
9.689948335312057752e+05
9.689665051472097402e+05
9.689381942645517411e+05
9.689099008495395537e+05
9.688816248685837490e+05
9.688533662882061908e+05
9.688251250750251347e+05
9.687969011957582552e+05
9.687686946172266034e+05
9.687405053063500673e+05
9.687123332301561022e+05
9.686841783557601739e+05
9.686560406503771665e+05
9.686279200813302305e+05
9.685998166160308756e+05
9.685717302219924750e+05
9.685436608668245608e+05
9.685156085182381794e+05
9.684875731440357631e+05
9.684595547121163690e+05
9.684315531904746313e+05
9.684035685472034384e+05
9.683756007504865993e+05
9.683476497686059447e+05
9.683197155699376017e+05
9.682917981229405850e+05
9.682638973961805459e+05
9.682360133583123097e+05
9.682081459780795267e+05
9.681802952243192121e+05
9.681524610659603495e+05
9.681246434720244724e+05
9.680968424116283422e+05
9.680690578539608978e+05
9.680412897683206247e+05
9.680135381240835413e+05
9.679858028907215921e+05
9.679580840377893765e+05
9.679303815349355573e+05
9.679026953518998343e+05
9.678750254584987415e+05
9.678473718246440403e+05
9.678197344203336397e+05
9.677921132156498497e+05
9.677645081807618262e+05
9.677369192859299947e+05
9.677093465014911490e+05
9.676817897978667170e+05
9.676542491455760319e+05
9.676267245152130490e+05
9.675992158774525160e+05
9.675717232030609157e+05
9.675442464628849411e+05
9.675167856278555701e+05
9.674893406689855037e+05
9.674619115573629970e+05
9.674344982641681563e+05
9.674071007606561761e+05
9.673797190181674669e+05
9.673523530081195058e+05
9.673250027020130074e+05
9.672976680714340182e+05
9.672703490880388999e+05
9.672430457235678332e+05
9.672157579498406267e+05
9.671884857387586962e+05
9.671612290622961009e+05
9.671339878925157245e+05
9.671067622015429661e+05
9.670795519615889061e+05
9.670523571449487936e+05
9.670251777239867952e+05
9.669980136711426312e+05
9.669708649589361157e+05
9.669437315599659923e+05
9.669166134469022509e+05
9.668895105924902018e+05
9.668624229695491958e+05
9.668353505509772804e+05
9.668082933097444475e+05
9.667812512188956607e+05
9.667542242515480611e+05
9.667272123808956239e+05
9.667002155802086927e+05
9.666732338228223380e+05
9.666462670821478823e+05
9.666193153316711541e+05
9.665923785449516727e+05
9.665654566956144990e+05
9.665385497573682806e+05
9.665116577039752156e+05
9.664847805092801573e+05
9.664579181471997872e+05
9.664310705917190062e+05
9.664042378168916330e+05
9.663774197968398221e+05
9.663506165057631442e+05
9.663238279179225210e+05
9.662970540076524485e+05
9.662702947493527317e+05
9.662435501174910460e+05
9.662168200866093393e+05
9.661901046313118422e+05
9.661634037262699567e+05
9.661367173462299397e+05
9.661100454660018440e+05
9.660833880604603328e+05
9.660567451045452617e+05
9.660301165732686641e+05
9.660035024417050881e+05
9.659769026850011433e+05
9.659503172783626942e+05
9.659237461970602162e+05
9.658971894164284458e+05
9.658706469118766254e+05
9.658441186588699929e+05
9.658176046329454985e+05
9.657911048096923623e+05
9.657646191647757078e+05
9.657381476739221253e+05
9.657116903129168786e+05
9.656852470576107735e+05
9.656588178839180619e+05
9.656324027678122511e+05
9.656060016853359994e+05
9.655796146125887753e+05
9.655532415257312823e+05
9.655268824009924429e+05
9.655005372146604350e+05
9.654742059430821100e+05
9.654478885626642732e+05
9.654215850498793880e+05
9.653952953812582418e+05
9.653690195333946031e+05
9.653427574829435907e+05
9.653165092066075886e+05
9.652902746811605757e+05
9.652640538834374165e+05
9.652378467903248966e+05
9.652116533787790686e+05
9.651854736258001067e+05
9.651593075084603624e+05
9.651331550038857386e+05
9.651070160892594140e+05
9.650808907418224262e+05
9.650547789388729725e+05
9.650286806577667594e+05
9.650025958759194473e+05
9.649765245708023431e+05
9.649504667199399555e+05
9.649244223009218695e+05
9.648983912913907552e+05
9.648723736690436490e+05
9.648463694116313709e+05
9.648203784969652770e+05
9.647944009029143490e+05
9.647684366073986748e+05
9.647424855884001590e+05
9.647165478239390068e+05
9.646906232921077171e+05
9.646647119710494298e+05
9.646388138389579253e+05
9.646129288740862394e+05
9.645870570547367679e+05
9.645611983592688339e+05
9.645353527660948457e+05
9.645095202536828583e+05
9.644837008005470270e+05
9.644578943852614611e+05
9.644321009864477674e+05
9.644063205827854108e+05
9.643805531530064764e+05
9.643547986758891493e+05
9.643290571302705212e+05
9.643033284950403031e+05
9.642776127491327934e+05
9.642519098715423606e+05
9.642262198413065635e+05
9.642005426375217503e+05
9.641748782393314177e+05
9.641492266259361058e+05
9.641235877765758196e+05
9.640979616705444641e+05
9.640723482871964807e+05
9.640467476059230976e+05
9.640211596061760793e+05
9.639955842674523592e+05
9.639700215692969505e+05
9.639444714913080679e+05
9.639189340131315403e+05
9.638934091144618578e+05
9.638678967750424054e+05
9.638423969746661605e+05
9.638169096931694075e+05
9.637914349104478024e+05
9.637659726064368151e+05
9.637405227611196460e+05
9.637150853545353748e+05
9.636896603667659219e+05
9.636642477779382607e+05
9.636388475682304706e+05
9.636134597178655677e+05
9.635880842071182560e+05
9.635627210163079435e+05
9.635373701258043293e+05
9.635120315160083119e+05
9.634867051673854003e+05
9.634613910604438279e+05
9.634360891757289646e+05
9.634107994938442716e+05
9.633855219954295317e+05
9.633602566611777293e+05
9.633350034718187526e+05
9.633097624081390677e+05
9.632845334509599488e+05
9.632593165811530780e+05
9.632341117796322796e+05
9.632089190273566637e+05
9.631837383053322555e+05
9.631585695946085034e+05
9.631334128762783948e+05
9.631082681314826477e+05
9.630831353414033074e+05
9.630580144872642122e+05
9.630329055503350683e+05
9.630078085119295865e+05
9.629827233534080442e+05
9.629576500561707653e+05
9.629325886016630102e+05
9.629075389713633340e+05
9.628825011468069861e+05
9.628574751095689135e+05
9.628324608412580565e+05
9.628074583235374885e+05
9.627824675381056732e+05
9.627574884667071747e+05
9.627325210911207832e+05
9.627075653931777924e+05
9.626826213547466323e+05
9.626576889577329857e+05
9.626327681840875885e+05
9.626078590158032021e+05
9.625829614349125186e+05
9.625580754234910710e+05
9.625332009636558359e+05
9.625083380375616252e+05
9.624834866274091182e+05
9.624586467154320562e+05
9.624338182839112123e+05
9.624090013151640305e+05
9.623841957915485837e+05
9.623594016954697436e+05
9.623346190093667246e+05
9.623098477157073794e+05
9.622850877970192814e+05
9.622603392358586425e+05
9.622356020148238167e+05
9.622108761165486649e+05
9.621861615237151273e+05
9.621614582190352958e+05
9.621367661852608435e+05
9.621120854051853530e+05
9.620874158616472268e+05
9.620627575375071028e+05
9.620381104156759102e+05
9.620134744790986879e+05
9.619888497107612202e+05
9.619642360936847981e+05
9.619396336109333206e+05
9.619150422456017695e+05
9.618904619808305288e+05
9.618658927997907158e+05
9.618413346856915159e+05
9.618167876217849553e+05
9.617922515913560055e+05
9.617677265777278226e+05
9.617432125642650062e+05
9.617187095343614928e+05
9.616942174714446301e+05
9.616697363589929882e+05
9.616452661805105163e+05
9.616208069195410935e+05
9.615963585596646881e+05
9.615719210845006164e+05
9.615474944776969496e+05
9.615230787229398265e+05
9.614986738039576449e+05
