0.000000000000000000e+00
2.933666110038757324e-08
6.076879799365997314e-08
9.837094694375991821e-08
1.362059265375137329e-07
1.738080754876136780e-07
2.117594704031944275e-07
2.502929419279098511e-07
2.887099981307983398e-07
3.267778083682060242e-07
3.625173121690750122e-07
3.987224772572517395e-07
4.350440576672554016e-07
4.743924364447593689e-07
5.130423232913017273e-07
5.516922101378440857e-07
5.902256816625595093e-07
6.303889676928520203e-07
6.693881005048751831e-07
7.088528946042060852e-07
7.479684427380561829e-07
7.894122973084449768e-07
8.303904905915260315e-07
8.703209459781646729e-07
9.116483852267265320e-07
9.497161954641342163e-07
9.884824976325035095e-07
1.026317477226257324e-06
1.065083779394626617e-06
1.103617250919342041e-06
1.142616383731365204e-06
1.182197593152523041e-06
1.220381818711757660e-06
1.258798874914646149e-06
1.297914423048496246e-06
1.335982233285903931e-06
1.375912688672542572e-06
1.414678990840911865e-06
1.452979631721973419e-06
1.491513103246688843e-06
1.530395820736885071e-06
1.568696461617946625e-06
1.608859747648239136e-06
1.647975295782089233e-06
1.686275936663150787e-06
1.724809408187866211e-06
1.763924956321716309e-06
1.802458427846431732e-06
1.841573975980281830e-06
1.881970092654228210e-06
1.920619979500770569e-06
1.958920620381832123e-06
1.997570507228374481e-06
2.036802470684051514e-06
2.074986696243286133e-06
2.115499228239059448e-06
2.154964022338390350e-06
2.193846739828586578e-06
2.232030965387821198e-06
2.270797267556190491e-06
2.309912815690040588e-06
2.348213456571102142e-06
2.388609573245048523e-06
2.428423613309860229e-06
2.466957084834575653e-06
2.505141310393810272e-06
2.543907612562179565e-06
2.583605237305164337e-06
2.622371539473533630e-06
2.660905010998249054e-06
2.703047357499599457e-06
2.741697244346141815e-06
2.780579961836338043e-06
2.818997018039226532e-06
2.857879735529422760e-06
2.897810190916061401e-06
2.936343662440776825e-06
2.976623363792896271e-06
3.017834387719631195e-06
3.056251443922519684e-06
3.095250576734542847e-06
3.133900463581085205e-06
3.172666765749454498e-06
3.212713636457920074e-06
3.251479938626289368e-06
3.291293978691101074e-06
3.332737833261489868e-06
3.371154889464378357e-06
3.410270437598228455e-06
3.448687493801116943e-06
3.487453795969486237e-06
3.526569344103336334e-06
3.566150553524494171e-06
3.604567609727382660e-06
3.646477125585079193e-06
3.686291165649890900e-06
3.724941052496433258e-06
3.763474524021148682e-06
3.802590072154998779e-06
3.841356374323368073e-06
3.881868906319141388e-06
3.920868039131164551e-06
3.960682079195976257e-06
4.002125933766365051e-06
4.041357897222042084e-06
4.080124199390411377e-06
4.118774086236953735e-06
4.158006049692630768e-06
4.196772351861000061e-06
4.237634129822254181e-06
4.276516847312450409e-06
4.315748810768127441e-06
4.356843419373035431e-06
4.396308213472366333e-06
4.434725269675254822e-06
4.473957233130931854e-06
4.512490704655647278e-06
4.551606252789497375e-06
4.590838216245174408e-06
4.631001502275466919e-06
4.670349881052970886e-06
4.711910150945186615e-06
4.751607775688171387e-06
4.790490493178367615e-06
4.829256795346736908e-06
4.868139512836933136e-06
4.906672984361648560e-06
4.946254193782806396e-06
4.987115971744060516e-06
5.025416612625122070e-06
5.065929144620895386e-06
5.107722245156764984e-06
5.147652700543403625e-06
5.186302587389945984e-06
5.225185304880142212e-06
5.264417268335819244e-06
5.303416401147842407e-06
5.342648364603519440e-06
5.382928065955638885e-06
5.422625690698623657e-06
5.463836714625358582e-06
5.505396984517574310e-06
5.545094609260559082e-06
5.584442988038063049e-06
5.622860044240951538e-06
5.662208423018455505e-06
5.700974725186824799e-06
5.740672349929809570e-06
5.779787898063659668e-06
5.820300430059432983e-06
5.860696546733379364e-06
5.902955308556556702e-06
5.943584255874156952e-06
5.983165465295314789e-06
6.021582521498203278e-06
6.060465238988399506e-06
6.100162863731384277e-06
6.138812750577926636e-06
6.178393959999084473e-06
6.218440830707550049e-06
6.258720532059669495e-06
6.300630047917366028e-06
6.342772394418716431e-06
6.382586434483528137e-06
6.422284059226512909e-06
6.461050361394882202e-06
6.499816663563251495e-06
6.539747118949890137e-06
6.578629836440086365e-06
6.618560291826725006e-06
6.658490747213363647e-06
6.699003279209136963e-06
6.741960532963275909e-06
6.784568540751934052e-06
6.824266165494918823e-06
6.864662282168865204e-06
6.903544999659061432e-06
6.942427717149257660e-06
6.982008926570415497e-06
7.020775228738784790e-06
7.060123607516288757e-06
7.099937647581100464e-06
7.140683010220527649e-06
7.183291018009185791e-06
7.225433364510536194e-06
7.266993634402751923e-06
7.307273335754871368e-06
7.346738129854202271e-06
7.385853677988052368e-06
7.424503564834594727e-06
7.464201189577579498e-06
7.503083907067775726e-06
7.542432285845279694e-06
7.583061233162879944e-06
7.624388672411441803e-06
7.667113095521926880e-06
7.709139026701450348e-06
7.750233635306358337e-06
7.790862582623958588e-06
7.830094546079635620e-06
7.868860848248004913e-06
7.907394319772720337e-06
7.947324775159358978e-06
7.985858246684074402e-06
8.025090210139751434e-06
8.066883310675621033e-06
8.108792826533317566e-06
8.152332156896591187e-06
8.194358088076114655e-06
8.235801942646503448e-06
8.275266736745834351e-06
8.314964361488819122e-06
8.354312740266323090e-06
8.392031304538249969e-06
8.432194590568542480e-06
8.471310138702392578e-06
8.510425686836242676e-06
8.551054634153842926e-06
8.594361133873462677e-06
8.637201972305774689e-06
8.680624887347221375e-06
8.722767233848571777e-06
8.762232027947902679e-06
8.802977390587329865e-06
8.841627277433872223e-06
8.880742825567722321e-06
8.919159881770610809e-06
8.959788829088211060e-06
8.998787961900234222e-06
9.038136340677738190e-06
9.080045856535434723e-06
9.123468771576881409e-06
9.167240932583808899e-06
9.209266863763332367e-06
9.251176379621028900e-06
9.290641173720359802e-06
9.331502951681613922e-06
9.370502084493637085e-06
9.408919140696525574e-06
9.448383934795856476e-06
9.488547220826148987e-06
9.527546353638172150e-06
9.566778317093849182e-06
9.609037078917026520e-06
9.652343578636646271e-06
9.695533663034439087e-06
9.737559594213962555e-06
9.779236279428005219e-06
9.819283150136470795e-06
9.859679266810417175e-06
9.899376891553401947e-06
9.937444701790809631e-06
9.976443834602832794e-06
1.001695636659860611e-05
1.005560625344514847e-05
1.009448897093534470e-05
1.013674773275852203e-05
1.018121838569641113e-05
1.022370997816324234e-05
1.026690006256103516e-05
1.030846033245325089e-05
1.034839078783988953e-05
1.038855407387018204e-05
1.042825169861316681e-05
1.046666875481605530e-05
1.050543505698442459e-05
1.054583117365837097e-05
1.058529596775770187e-05
1.062417868524789810e-05
1.066352706402540207e-05
1.070916187018156052e-05
1.075211912393569946e-05
1.079495996236801147e-05
1.083815004676580429e-05
1.087866257876157761e-05
1.091847661882638931e-05
1.095910556614398956e-05
1.099915243685245514e-05
1.103733666241168976e-05
1.107668504118919373e-05
1.111673191189765930e-05
1.115642953664064407e-05
1.119531225413084030e-05
1.123512629419565201e-05
1.128192525357007980e-05
1.132476609200239182e-05
1.136714126914739609e-05
1.141009852290153503e-05
1.145049463957548141e-05
1.149042509496212006e-05
1.153151970356702805e-05
1.157110091298818588e-05
1.160928513854742050e-05
1.164840068668127060e-05
1.168914604932069778e-05
1.172896008938550949e-05
1.176807563751935959e-05
1.180777326226234436e-05
1.185410656034946442e-05
1.189694739878177643e-05
1.193990465253591537e-05
1.198274549096822739e-05
1.202372368425130844e-05
1.206307206302881241e-05
1.210486516356468201e-05
1.214386429637670517e-05
1.218367833644151688e-05
1.222209539264440536e-05
1.226179301738739014e-05
1.230265479534864426e-05
1.234293449670076370e-05
1.238146796822547913e-05
1.242582220584154129e-05
1.247052568942308426e-05
1.251255162060260773e-05
1.255585812032222748e-05
1.259869895875453949e-05
1.263862941414117813e-05
1.267739571630954742e-05
1.271918881684541702e-05
1.275818794965744019e-05
1.279683783650398254e-05
1.283606979995965958e-05
1.287681516259908676e-05
1.291709486395120621e-05
1.295679248869419098e-05
1.299602445214986801e-05
1.304259058088064194e-05
1.308612991124391556e-05
1.312873791903257370e-05
1.317181158810853958e-05
1.321465242654085159e-05
1.325318589806556702e-05
1.329230144619941711e-05
1.333397813141345978e-05
1.337297726422548294e-05
1.341174356639385223e-05
1.345097552984952927e-05
1.349160447716712952e-05
1.353176776319742203e-05
1.357099972665309906e-05
1.361034810543060303e-05
1.365726348012685776e-05
1.370080281049013138e-05
1.374387647956609726e-05
1.378683373332023621e-05
1.382990740239620209e-05
1.387007068842649460e-05
1.390941906720399857e-05
1.395167782902717590e-05
1.399044413119554520e-05
1.402827911078929901e-05
1.406844239681959152e-05
1.410732511430978775e-05
1.414888538420200348e-05
1.418823376297950745e-05
1.422723289579153061e-05
1.427240204066038132e-05
1.431722193956375122e-05
1.436029560863971710e-05
1.440302003175020218e-05
1.444586087018251419e-05
1.448788680136203766e-05
1.452688593417406082e-05
1.456751488149166107e-05
1.460802741348743439e-05
1.464725937694311142e-05
1.468602567911148071e-05
1.472572330385446548e-05
1.476530451327562332e-05
1.480698119848966599e-05
1.484609674662351608e-05
1.488719135522842407e-05
1.493294257670640945e-05
1.497729681432247162e-05
1.502013765275478363e-05
1.506309490650892258e-05
1.510512083768844604e-05
1.514644827693700790e-05
1.518626231700181961e-05
1.522700767964124680e-05
1.526693813502788544e-05
1.530640292912721634e-05
1.534458715468645096e-05
1.538416836410760880e-05
1.542374957352876663e-05
1.546507701277732849e-05
1.550372689962387085e-05
1.554586924612522125e-05
1.559127122163772583e-05
1.563585828989744186e-05
1.567834988236427307e-05
1.572095789015293121e-05
1.576251816004514694e-05
1.580477692186832428e-05
1.584342680871486664e-05
1.588440500199794769e-05
1.592515036463737488e-05
1.596403308212757111e-05
1.600186806172132492e-05
1.604249700903892517e-05
1.608114689588546753e-05
1.612189225852489471e-05
1.616147346794605255e-05
1.620245166122913361e-05
1.624925062060356140e-05
1.629255712032318115e-05
1.633679494261741638e-05
1.637928653508424759e-05
1.642224378883838654e-05
1.646485179662704468e-05
1.650478225201368332e-05
1.654413063079118729e-05
1.658487599343061447e-05
1.662515569478273392e-05
1.666229218244552612e-05
1.670187339186668396e-05
1.674215309321880341e-05
1.678196713328361511e-05
1.682259608060121536e-05
1.686287578195333481e-05
1.690676435828208923e-05
1.695216633379459381e-05
1.699640415608882904e-05
1.703971065580844879e-05
1.708208583295345306e-05
1.712481025606393814e-05
1.716625411063432693e-05
1.720595173537731171e-05
1.724518369883298874e-05
1.728557981550693512e-05
1.732609234750270844e-05
1.736287958920001984e-05
1.740199513733386993e-05
1.744274049997329712e-05
1.748255454003810883e-05
1.752295065671205521e-05
1.756497658789157867e-05
1.760886516422033310e-05
1.765415072441101074e-05
1.769722439348697662e-05
1.774157863110303879e-05
1.778383739292621613e-05
1.782691106200218201e-05
1.786823850125074387e-05
1.790793612599372864e-05
1.794681884348392487e-05
1.798779703676700592e-05
1.802749466150999069e-05
1.806486397981643677e-05
1.810491085052490234e-05
1.814495772123336792e-05
1.818384043872356415e-05
1.822505146265029907e-05
1.826684456318616867e-05
1.830991823226213455e-05
1.835566945374011993e-05
1.839909236878156662e-05
1.844286452978849411e-05
1.848617102950811386e-05
1.852773129940032959e-05
1.856999006122350693e-05
1.861050259321928024e-05
1.865043304860591888e-05
1.869117841124534607e-05
1.873122528195381165e-05
1.876975875347852707e-05
1.880840864032506943e-05
1.884764060378074646e-05
1.888768747448921204e-05
1.892854925245046616e-05
1.896964386105537415e-05
1.901376526802778244e-05
1.905823592096567154e-05
1.910247374325990677e-05
1.914589665830135345e-05
1.918885391205549240e-05
1.923134550452232361e-05
1.927337143570184708e-05
1.931434962898492813e-05
1.935532782226800919e-05
1.939537469297647476e-05
1.943577080965042114e-05
1.947686541825532913e-05
1.951376907527446747e-05
1.955253537744283676e-05
1.959246583282947540e-05
1.963286194950342178e-05
1.967453863471746445e-05
1.971668098121881485e-05
1.976045314222574234e-05
1.980678644031286240e-05
1.985125709325075150e-05
1.989444717764854431e-05
1.993775367736816406e-05
1.998117659240961075e-05
2.002296969294548035e-05
2.006406430155038834e-05
2.010469324886798859e-05
2.014462370425462723e-05
2.018560189753770828e-05
2.022588159888982773e-05
2.026429865509271622e-05
2.030294854193925858e-05
2.034229692071676254e-05
2.038304228335618973e-05
2.042448613792657852e-05
2.046732697635889053e-05
2.051144838333129883e-05
2.055603545159101486e-05
2.060097176581621170e-05
2.064532600343227386e-05
2.068898174911737442e-05
2.073240466415882111e-05
2.077443059533834457e-05
2.081575803458690643e-05
2.085755113512277603e-05
2.089631743729114532e-05
2.093822695314884186e-05
2.097699325531721115e-05
2.101645804941654205e-05
2.105475869029760361e-05
2.109422348439693451e-05
2.113345544785261154e-05
2.117455005645751953e-05
2.121785655617713928e-05
2.126034814864397049e-05
2.130668144673109055e-05
2.135208342224359512e-05
2.139550633728504181e-05
2.144020982086658478e-05
2.148328348994255066e-05
2.152647357434034348e-05
2.156838309019804001e-05
2.160854637622833252e-05
2.164952456951141357e-05
2.168840728700160980e-05
2.173043321818113327e-05
2.176966518163681030e-05
2.180901356041431427e-05
2.184696495532989502e-05
2.188642974942922592e-05
2.192496322095394135e-05
2.196675632148981094e-05
2.201076131314039230e-05
2.205371856689453125e-05
2.210063394159078598e-05
2.214580308645963669e-05
2.218945883214473724e-05
2.223416231572628021e-05
2.227746881544589996e-05
2.232065889984369278e-05
2.236291766166687012e-05
2.240226604044437408e-05
2.244359347969293594e-05
2.248259261250495911e-05
2.252531703561544418e-05
2.256431616842746735e-05
2.260319888591766357e-05
2.264149952679872513e-05
2.268119715154170990e-05
2.272101119160652161e-05
2.276198938488960266e-05
2.280669286847114563e-05
2.284999936819076538e-05
2.289644908159971237e-05
2.294301521033048630e-05
2.298585604876279831e-05
2.303032670170068741e-05
2.307526301592588425e-05
2.311775460839271545e-05
2.316001337021589279e-05
2.320099156349897385e-05
2.324033994227647781e-05
2.328131813555955887e-05
2.332334406673908234e-05
2.336350735276937485e-05
2.340110950171947479e-05
2.344115637242794037e-05
2.347992267459630966e-05
2.352008596062660217e-05
2.355873584747314453e-05
2.360320650041103363e-05
2.364639658480882645e-05
2.369133289903402328e-05
2.373836468905210495e-05
2.378318458795547485e-05
2.382602542638778687e-05
2.387177664786577225e-05
2.391485031694173813e-05
2.395722549408674240e-05
2.400088123977184296e-05
2.404022961854934692e-05
2.408085856586694717e-05
2.412125468254089355e-05
2.416281495243310928e-05
2.420239616185426712e-05
2.423988189548254013e-05
2.427969593554735184e-05
2.431776374578475952e-05
2.435874193906784058e-05
2.439820673316717148e-05
2.444512210786342621e-05
2.448726445436477661e-05
2.453289926052093506e-05
2.457958180457353592e-05
2.462475094944238663e-05
2.466782461851835251e-05
2.471439074724912643e-05
2.475699875503778458e-05
2.479937393218278885e-05
2.484256401658058167e-05
2.488063182681798935e-05
2.492114435881376266e-05
2.496235538274049759e-05
2.500321716070175171e-05
2.504244912415742874e-05
2.508098259568214417e-05
2.512091305106878281e-05
2.516002859920263290e-05
2.519902773201465607e-05
2.523884177207946777e-05
2.528575714677572250e-05
2.532918006181716919e-05
2.537399996072053909e-05
2.542196307331323624e-05
2.546689938753843307e-05
2.550974022597074509e-05
2.555432729423046112e-05
2.559809945523738861e-05
2.564128953963518143e-05
2.568319905549287796e-05
2.572371158748865128e-05
2.576317638158798218e-05
2.580450382083654404e-05
2.584676258265972137e-05
2.588587813079357147e-05
2.592441160231828690e-05
2.596387639641761780e-05
2.600427251309156418e-05
2.604292239993810654e-05
2.608250360935926437e-05
2.612802200019359589e-05
2.617342397570610046e-05
2.621789462864398956e-05
2.626492641866207123e-05
2.631172537803649902e-05
2.635561395436525345e-05
2.639892045408487320e-05
2.644443884491920471e-05
2.648704685270786285e-05
2.652907278388738632e-05
2.657144796103239059e-05
2.661091275513172150e-05
2.665177453309297562e-05
2.669356763362884521e-05
2.673326525837182999e-05
2.677121665328741074e-05
2.681103069335222244e-05
2.685107756406068802e-05
2.689124085009098053e-05
2.692942507565021515e-05
2.697028685361146927e-05
2.701848279684782028e-05
2.706178929656744003e-05
2.710870467126369476e-05
2.715515438467264175e-05
2.720183692872524261e-05
2.724421210587024689e-05
2.728705294430255890e-05
2.733222208917140961e-05
2.737517934292554855e-05
2.741662319749593735e-05
2.745853271335363388e-05
2.749869599938392639e-05
2.753897570073604584e-05
2.758193295449018478e-05
2.762081567198038101e-05
2.765818499028682709e-05
2.769834827631711960e-05
2.773909363895654678e-05
2.777867484837770462e-05
2.781662624329328537e-05
2.785830292850732803e-05
2.790626604110002518e-05
2.794980537146329880e-05
2.799660433083772659e-05
2.804351970553398132e-05
2.809066791087388992e-05
2.813292667269706726e-05
2.817634958773851395e-05
2.822082024067640305e-05
2.826470881700515747e-05
2.830510493367910385e-05
2.834736369550228119e-05
2.838764339685440063e-05
2.842687536031007767e-05
2.846959978342056274e-05
2.851057797670364380e-05
2.854794729501008987e-05
2.858776133507490158e-05
2.862769179046154022e-05
2.866680733859539032e-05
2.870650496333837509e-05
2.874666824936866760e-05
2.879230305552482605e-05
2.883805427700281143e-05
2.888310700654983521e-05
2.893072087317705154e-05
2.897751983255147934e-05
2.902233973145484924e-05
2.906471490859985352e-05
2.910988405346870422e-05
2.915400546044111252e-05
2.919766120612621307e-05
2.923898864537477493e-05
2.927938476204872131e-05
2.931826747953891754e-05
2.935924567282199860e-05
2.940255217254161835e-05
2.944027073681354523e-05
2.947892062366008759e-05
2.951815258711576462e-05
2.955866511911153793e-05
2.959836274385452271e-05
2.963782753795385361e-05
2.968043554574251175e-05
2.972793299704790115e-05
2.977205440402030945e-05
2.981885336339473724e-05
2.986611798405647278e-05
2.991233486682176590e-05
2.995587419718503952e-05
2.999824937433004379e-05
3.004341851919889450e-05
3.008730709552764893e-05
3.012898378074169159e-05
3.016984555870294571e-05
3.021000884473323822e-05
3.024935722351074219e-05
3.029208164662122726e-05
3.033282700926065445e-05
3.037007991224527359e-05
3.040907904505729675e-05
3.044912591576576233e-05
3.049010410904884338e-05
3.052945248782634735e-05
3.057019785046577454e-05
3.061350435018539429e-05
3.065960481762886047e-05
3.070547245442867279e-05
3.075145650655031204e-05
3.079790621995925903e-05
3.084470517933368683e-05
3.088917583227157593e-05
3.093143459409475327e-05
3.097555600106716156e-05
3.102002665400505066e-05
3.106205258518457413e-05
3.110244870185852051e-05
3.114226274192333221e-05
3.118242602795362473e-05
3.122468478977680206e-05
3.126531373709440231e-05
3.130361437797546387e-05
3.134226426482200623e-05
3.138126339763402939e-05
3.142235800623893738e-05
3.146170638501644135e-05
3.150210250169038773e-05
3.154552541673183441e-05
3.159220796078443527e-05
3.163842484354972839e-05
3.168522380292415619e-05
3.173155710101127625e-05
3.177754115313291550e-05
3.182212822139263153e-05
3.186636604368686676e-05
3.190990537405014038e-05
3.195391036570072174e-05
3.199768252670764923e-05
3.203807864338159561e-05
3.207707777619361877e-05
3.211805596947669983e-05
3.215868491679430008e-05
3.220268990844488144e-05
3.224110696464776993e-05
3.227987326681613922e-05
3.231817390769720078e-05
3.235915210098028183e-05
3.239954821765422821e-05
3.243901301175355911e-05
3.248220309615135193e-05
3.252690657973289490e-05
3.257312346249818802e-05
3.262062091380357742e-05
3.266590647399425507e-05
3.271328750997781754e-05
3.275962080806493759e-05
3.280316013842821121e-05
3.284646663814783096e-05
3.289105370640754700e-05
3.293505869805812836e-05
3.297720104455947876e-05
3.301806282252073288e-05
3.305741120129823685e-05
3.309710882604122162e-05
3.314029891043901443e-05
3.318162634968757629e-05
3.322050906717777252e-05
3.325985744595527649e-05
3.329827450215816498e-05
3.333948552608489990e-05
3.337929956614971161e-05
3.342016134411096573e-05
3.346253652125597000e-05
3.350875340402126312e-05
3.355415537953376770e-05
3.360270056873559952e-05
3.364915028214454651e-05
3.369466867297887802e-05
3.374170046299695969e-05
3.378605470061302185e-05
3.382982686161994934e-05
3.387359902262687683e-05
3.391667269170284271e-05
3.395939711481332779e-05
3.399886190891265869e-05
3.403867594897747040e-05
3.407895565032958984e-05
3.412156365811824799e-05
3.416300751268863678e-05
3.420200664550065994e-05
3.424216993153095245e-05
3.428035415709018707e-05
3.432028461247682571e-05
3.436114639043807983e-05
3.440177533775568008e-05
3.444473259150981903e-05
3.448943607509136200e-05
3.453483805060386658e-05
3.458280116319656372e-05
3.462948370724916458e-05
3.467616625130176544e-05
3.472226671874523163e-05
3.476731944829225540e-05
3.481050953269004822e-05
3.485451452434062958e-05
3.489735536277294159e-05
3.494182601571083069e-05
3.498175647109746933e-05
3.502040635794401169e-05
3.506022039800882339e-05
3.510154783725738525e-05
3.514590207487344742e-05
3.518257290124893188e-05
3.522261977195739746e-05
3.526173532009124756e-05
3.530026879161596298e-05
3.534054849296808243e-05
3.538210876286029816e-05
3.542460035532712936e-05
3.546720836311578751e-05
3.551435656845569611e-05
3.556138835847377777e-05
3.560876939445734024e-05
3.565498627722263336e-05
3.570108674466609955e-05
3.574683796614408493e-05
3.579142503440380096e-05
3.583403304219245911e-05
3.587827086448669434e-05
3.592122811824083328e-05
3.596418537199497223e-05
3.600365016609430313e-05
3.604264929890632629e-05
3.608246333897113800e-05
3.612611908465623856e-05
3.616814501583576202e-05
3.620539791882038116e-05
3.624544478952884674e-05
3.628339618444442749e-05
3.632321022450923920e-05
3.636383917182683945e-05
3.640691284090280533e-05
3.644870594143867493e-05
3.649294376373291016e-05
3.654044121503829956e-05
3.658840432763099670e-05
3.663438837975263596e-05
3.668200224637985229e-05
3.672682214528322220e-05
3.677187487483024597e-05
3.681681118905544281e-05
3.685883712023496628e-05
3.690447192639112473e-05
3.694731276482343674e-05
3.698945511132478714e-05
3.702950198203325272e-05
3.706756979227066040e-05
3.710738383233547211e-05
3.715162165462970734e-05
3.719271626323461533e-05
3.722996916621923447e-05
3.726908471435308456e-05
3.730924800038337708e-05
3.734778147190809250e-05
3.738910891115665436e-05
3.743183333426713943e-05
3.747455775737762451e-05
3.751681651920080185e-05
3.756547812372446060e-05
3.761285915970802307e-05
3.765942528843879700e-05
3.770657349377870560e-05
3.775209188461303711e-05
3.779865801334381104e-05
3.784289583563804626e-05
3.788585308939218521e-05
3.793009091168642044e-05
3.797432873398065567e-05
3.801693674176931381e-05
3.805686719715595245e-05
3.809644840657711029e-05
3.813533112406730652e-05
3.817747347056865692e-05
3.822089638561010361e-05
3.825931344181299210e-05
3.829761408269405365e-05
3.833766095340251923e-05
3.837712574750185013e-05
3.841787111014127731e-05
3.846059553325176239e-05
3.850413486361503601e-05
3.854709211736917496e-05
3.859261050820350647e-05
3.864138852804899216e-05
3.868923522531986237e-05
3.873591776937246323e-05
3.878248389810323715e-05
3.882823511958122253e-05
3.887247294187545776e-05
3.891775850206613541e-05
3.896153066307306290e-05
3.900530282407999039e-05
3.904849290847778320e-05
3.908982034772634506e-05
3.912951797246932983e-05
3.916863352060317993e-05
3.920809831470251083e-05
3.925291821360588074e-05
3.929226659238338470e-05
3.933149855583906174e-05
3.937061410397291183e-05
3.941031172871589661e-05
3.944954369217157364e-05
3.949028905481100082e-05
3.953394480049610138e-05
3.957771696150302887e-05
3.961985930800437927e-05
3.966724034398794174e-05
3.971555270254611969e-05
3.976339939981698990e-05
3.981101326644420624e-05
3.985734656453132629e-05
3.990228287875652313e-05
3.994500730186700821e-05
3.998982720077037811e-05
4.003394860774278641e-05
4.007795359939336777e-05
4.012102726846933365e-05
4.016247112303972244e-05
4.020193591713905334e-05
4.024151712656021118e-05
4.028121475130319595e-05
4.032510332763195038e-05
4.036433529108762741e-05
4.040380008518695831e-05
4.044326487928628922e-05
4.048249684274196625e-05
4.052266012877225876e-05
4.056445322930812836e-05
4.060717765241861343e-05
4.065106622874736786e-05
4.069390706717967987e-05
4.074163734912872314e-05
4.078855272382497787e-05
4.083744715899229050e-05
4.088378045707941055e-05
4.093046300113201141e-05
4.097644705325365067e-05
4.101893864572048187e-05
4.106422420591115952e-05
4.110916052013635635e-05
4.115432966500520706e-05
4.119658842682838440e-05
4.123826511204242706e-05
4.127738066017627716e-05
4.131742753088474274e-05
4.135654307901859283e-05
