0.000000000000000000e+00	0.000000000000000000e+00	0.000000000000000000e+00
1.274699435664132174e+01	0.000000000000000000e+00	6.369462785200045822e-03
2.547790409098484687e+01	0.000000000000000000e+00	6.361466040580877716e-03
3.819291032833058352e+01	0.000000000000000000e+00	6.353558939427384443e-03
5.089219054629858618e+01	0.000000000000000000e+00	6.345739680939766793e-03
6.357591866616966314e+01	0.000000000000000000e+00	6.338006509342566583e-03
7.624426514166565028e+01	0.000000000000000000e+00	6.330357712624473318e-03
8.889739704525091213e+01	0.000000000000000000e+00	6.322791621315946957e-03
1.015354781520207723e+02	0.000000000000000000e+00	6.315306607303331453e-03
1.141586690212582056e+02	0.000000000000000000e+00	6.307901082678715743e-03
1.267671270757228967e+02	0.000000000000000000e+00	6.300573498623702508e-03
1.393610066787405515e+02	0.000000000000000000e+00	6.293322344326764649e-03
1.519404592091619008e+02	0.000000000000000000e+00	6.286146145932795630e-03
1.645056331342509566e+02	0.000000000000000000e+00	6.279043465523783361e-03
1.770566740805616064e+02	0.000000000000000000e+00	6.272012900129703833e-03
1.895937249028715144e+02	0.000000000000000000e+00	6.265053080768845199e-03
2.021169257512201796e+02	0.000000000000000000e+00	6.258162671516446021e-03
2.146264141361170914e+02	0.000000000000000000e+00	6.251340368600866171e-03
2.271223249919614773e+02	0.000000000000000000e+00	6.244584899526347578e-03
2.396047907387435600e+02	0.000000000000000000e+00	6.237895022221683940e-03
2.520739413420573101e+02	0.000000000000000000e+00	6.231269524213935498e-03
2.645299043714953768e+02	0.000000000000000000e+00	6.224707221826139385e-03
2.769728050574540816e+02	0.000000000000000000e+00	6.218206959399058022e-03
2.894027663464096349e+02	0.000000000000000000e+00	6.211767608535068673e-03
3.018199089547081826e+02	0.000000000000000000e+00	6.205388067364504649e-03
3.142243514208986426e+02	0.000000000000000000e+00	6.199067259833427289e-03
3.266162101566760043e+02	0.000000000000000000e+00	6.192804135012016861e-03
3.389955994964475394e+02	0.000000000000000000e+00	6.186597666422846871e-03
3.513626317455857588e+02	0.000000000000000000e+00	6.180446851389042630e-03
3.637174172273935824e+02	0.000000000000000000e+00	6.174350710401135811e-03
3.760600643288166793e+02	0.000000000000000000e+00	6.168308286502236816e-03
3.883906795449572655e+02	0.000000000000000000e+00	6.162318644690810247e-03
4.007093675223882201e+02	0.000000000000000000e+00	6.156380871341008386e-03
4.130162311013531280e+02	0.000000000000000000e+00	6.150494073639226067e-03
4.253113713568305343e+02	0.000000000000000000e+00	6.144657379037385229e-03
4.375948876385338622e+02	0.000000000000000000e+00	6.138869934721282069e-03
4.498668776098614330e+02	0.000000000000000000e+00	6.133130907094616092e-03
4.621274372858249535e+02	0.000000000000000000e+00	6.127439481277515386e-03
4.743766610699980220e+02	0.000000000000000000e+00	6.121794860619500858e-03
4.866146417904925556e+02	0.000000000000000000e+00	6.116196266226270155e-03
4.988414707350145818e+02	0.000000000000000000e+00	6.110642936499839813e-03
5.110572376850052478e+02	0.000000000000000000e+00	6.105134126691772432e-03
5.232620309489070678e+02	0.000000000000000000e+00	6.099669108469090752e-03
5.354559373945598963e+02	0.000000000000000000e+00	6.094247169492565501e-03
5.476390424807914314e+02	0.000000000000000000e+00	6.088867613006624172e-03
5.598114302881704134e+02	0.000000000000000000e+00	6.083529757440999525e-03
5.719731835489996001e+02	0.000000000000000000e+00	6.078232936023587885e-03
5.841243836765249853e+02	0.000000000000000000e+00	6.072976496403915264e-03
5.962651107934144648e+02	0.000000000000000000e+00	6.067759800287580822e-03
6.083954437595168656e+02	0.000000000000000000e+00	6.062582223080498905e-03
6.205154601989072489e+02	0.000000000000000000e+00	6.057443153543341265e-03
6.326252365262621424e+02	0.000000000000000000e+00	6.052341993455385809e-03
6.447248479725700463e+02	0.000000000000000000e+00	6.047278157287874246e-03
6.568143686101988123e+02	0.000000000000000000e+00	6.042251071886252378e-03
6.688938713773203517e+02	0.000000000000000000e+00	6.037260176161505544e-03
6.809634281017550848e+02	0.000000000000000000e+00	6.032304920789612578e-03
6.930231095241985031e+02	0.000000000000000000e+00	6.027384767919627406e-03
7.050729853208903251e+02	0.000000000000000000e+00	6.022499190889616348e-03
7.171131241257053262e+02	0.000000000000000000e+00	6.017647673950448500e-03
7.291435935517129110e+02	0.000000000000000000e+00	6.012829711997009011e-03
7.411644602122087235e+02	0.000000000000000000e+00	6.008044810307158756e-03
7.531757897412227294e+02	0.000000000000000000e+00	6.003292484287364901e-03
7.651776468135104778e+02	0.000000000000000000e+00	5.998572259225432544e-03
7.771700951641030315e+02	0.000000000000000000e+00	5.993883670050080721e-03
7.891531976073237047e+02	0.000000000000000000e+00	5.989226261096837131e-03
8.011270160554037147e+02	0.000000000000000000e+00	5.984599585880335734e-03
8.130916115365965879e+02	0.000000000000000000e+00	5.980003206872942616e-03
8.250470442128795412e+02	0.000000000000000000e+00	5.975436695289022306e-03
8.369933733972287655e+02	0.000000000000000000e+00	5.970899630875279099e-03
8.489306575704856641e+02	0.000000000000000000e+00	5.966391601706610461e-03
8.608589543978022220e+02	0.000000000000000000e+00	5.961912203987430880e-03
8.727783207447132554e+02	0.000000000000000000e+00	5.957461041858191225e-03
8.846888126928159863e+02	0.000000000000000000e+00	5.953037727207435327e-03
8.965904855550855928e+02	0.000000000000000000e+00	5.948641879488354711e-03
9.084833938908246864e+02	0.000000000000000000e+00	5.944273125540711425e-03
9.203675915202541091e+02	0.000000000000000000e+00	5.939931099417017010e-03
9.322431315387811992e+02	0.000000000000000000e+00	5.935615442213489773e-03
9.441100663309109677e+02	0.000000000000000000e+00	5.931325801905710550e-03
9.559684475838511162e+02	0.000000000000000000e+00	5.927061833188300433e-03
9.678183263007895221e+02	0.000000000000000000e+00	5.922823197318837288e-03
9.796597528138642019e+02	0.000000000000000000e+00	5.918609561965926941e-03
9.914927767968513308e+02	0.000000000000000000e+00	5.914420601061485400e-03
1.003317447277530050e+03	0.000000000000000000e+00	5.910255994656164399e-03
1.015133812649781362e+03	0.000000000000000000e+00	5.906115428779524015e-03
1.026941920685423611e+03	0.000000000000000000e+00	5.901998595302856802e-03
1.038741818545742035e+03	0.000000000000000000e+00	5.897905191806403387e-03
1.050533552792784803e+03	0.000000000000000000e+00	5.893834921449422545e-03
1.062317169400402690e+03	0.000000000000000000e+00	5.889787492843815732e-03
1.074092713765019653e+03	0.000000000000000000e+00	5.885762619931113500e-03
1.085860230716171827e+03	0.000000000000000000e+00	5.881760021862358044e-03
1.097619764526818699e+03	0.000000000000000000e+00	5.877779422881301667e-03
1.109371358923395746e+03	0.000000000000000000e+00	5.873820552210534326e-03
1.121115057095679731e+03	0.000000000000000000e+00	5.869883143940368524e-03
1.132850901706410468e+03	0.000000000000000000e+00	5.865966936920753889e-03
1.144578934900695458e+03	0.000000000000000000e+00	5.862071674655641197e-03
1.156299198315219428e+03	0.000000000000000000e+00	5.858197105200519186e-03
1.168011733087264929e+03	0.000000000000000000e+00	5.854342981061966267e-03
1.179716579863475317e+03	0.000000000000000000e+00	5.850509059100185948e-03
1.191413778808499956e+03	0.000000000000000000e+00	5.846695100433639547e-03
1.203103369613416817e+03	0.000000000000000000e+00	5.842900870346267109e-03
1.214785391503944766e+03	0.000000000000000000e+00	5.839126138197128259e-03
1.226459883248547612e+03	0.000000000000000000e+00	5.835370677331920899e-03
1.238126883166278503e+03	0.000000000000000000e+00	5.831634264997162705e-03
1.249786429134517675e+03	0.000000000000000000e+00	5.827916682256104736e-03
1.261438558596533085e+03	0.000000000000000000e+00	5.824217713907074538e-03
1.273083308568861639e+03	0.000000000000000000e+00	5.820537148403428195e-03
1.284720715648525356e+03	0.000000000000000000e+00	5.816874777775966551e-03
1.296350816020124512e+03	0.000000000000000000e+00	5.813230397556716673e-03
1.307973645462772993e+03	0.000000000000000000e+00	5.809603806705076860e-03
1.319589239356868802e+03	0.000000000000000000e+00	5.805994807535544595e-03
1.331197632690734281e+03	0.000000000000000000e+00	5.802403205646947636e-03
1.342798860067117403e+03	0.000000000000000000e+00	5.798828809853977077e-03
1.354392955709567559e+03	0.000000000000000000e+00	5.795271432119920851e-03
1.365979953468645135e+03	0.000000000000000000e+00	5.791730887491034797e-03
1.377559886828030585e+03	0.000000000000000000e+00	5.788206994032940762e-03
1.389132788910517775e+03	0.000000000000000000e+00	5.784699572767953643e-03
1.400698692483841796e+03	0.000000000000000000e+00	5.781208447614299278e-03
1.412257629966429704e+03	0.000000000000000000e+00	5.777733445326773895e-03
1.423809633432996634e+03	0.000000000000000000e+00	5.774274395438620464e-03
1.435354734620070076e+03	0.000000000000000000e+00	5.770831130204870027e-03
1.446892964931358165e+03	0.000000000000000000e+00	5.767403484547256425e-03
1.458424355443028162e+03	0.000000000000000000e+00	5.763991296000029602e-03
1.469948936908899896e+03	0.000000000000000000e+00	5.760594404657369202e-03
1.481466739765487318e+03	0.000000000000000000e+00	5.757212653121922263e-03
1.492977794136984357e+03	0.000000000000000000e+00	5.753845886454485824e-03
1.504482129840125026e+03	0.000000000000000000e+00	5.750493952125008794e-03
1.515979776388951450e+03	0.000000000000000000e+00	5.747156699964683230e-03
1.527470762999490944e+03	0.000000000000000000e+00	5.743833982119090319e-03
1.538955118594335090e+03	0.000000000000000000e+00	5.740525653002588428e-03
1.550432871807154470e+03	0.000000000000000000e+00	5.737231569253382901e-03
1.561904050987065148e+03	0.000000000000000000e+00	5.733951589690158834e-03
1.573368684202973554e+03	0.000000000000000000e+00	5.730685575269435506e-03
1.584826799247801773e+03	0.000000000000000000e+00	5.727433389043864488e-03
1.596278423642640519e+03	0.000000000000000000e+00	5.724194896121488803e-03
1.607723584640818672e+03	0.000000000000000000e+00	5.720969963626146119e-03
1.619162309231902555e+03	0.000000000000000000e+00	5.717758460658442683e-03
1.630594624145604257e+03	0.000000000000000000e+00	5.714560258257944149e-03
1.642020555855622433e+03	0.000000000000000000e+00	5.711375229366026478e-03
1.653440130583403061e+03	0.000000000000000000e+00	5.708203248789450214e-03
1.664853374301862914e+03	0.000000000000000000e+00	5.705044193165203711e-03
1.676260312738971379e+03	0.000000000000000000e+00	5.701897940925577078e-03
1.687660971381338186e+03	0.000000000000000000e+00	5.698764372264406193e-03
1.699055375477702910e+03	0.000000000000000000e+00	5.695643369104072193e-03
1.710443550042355582e+03	0.000000000000000000e+00	5.692534815062932040e-03
1.721825519858472944e+03	0.000000000000000000e+00	5.689438595423730941e-03
1.733201309481452881e+03	0.000000000000000000e+00	5.686354597102638402e-03
1.744570943242130625e+03	0.000000000000000000e+00	5.683282708618998119e-03
1.755934445249962891e+03	0.000000000000000000e+00	5.680222820065778701e-03
1.767291839396130854e+03	0.000000000000000000e+00	5.677174823080451994e-03
1.778643149356630602e+03	0.000000000000000000e+00	5.674138610816802965e-03
1.789988398595247418e+03	0.000000000000000000e+00	5.671114077917253915e-03
1.801327610366511863e+03	0.000000000000000000e+00	5.668101120485616318e-03
1.812660807718612205e+03	0.000000000000000000e+00	5.665099636060766386e-03
1.823988013496230678e+03	0.000000000000000000e+00	5.662109523590542690e-03
1.835309250343326539e+03	0.000000000000000000e+00	5.659130683406542357e-03
1.846624540705891832e+03	0.000000000000000000e+00	5.656163017199070803e-03
1.857933906834638492e+03	0.000000000000000000e+00	5.653206427993088916e-03
1.869237370787634973e+03	0.000000000000000000e+00	5.650260820124283420e-03
1.880534954432916720e+03	0.000000000000000000e+00	5.647326099215851068e-03
1.891826679451043901e+03	0.000000000000000000e+00	5.644402172155674018e-03
1.903112567337591599e+03	0.000000000000000000e+00	5.641488947074071135e-03
1.914392639405619320e+03	0.000000000000000000e+00	5.638586333322048033e-03
1.925666916788093658e+03	0.000000000000000000e+00	5.635694241449831603e-03
1.936935420440259122e+03	0.000000000000000000e+00	5.632812583186037718e-03
1.948198171141990997e+03	0.000000000000000000e+00	5.629941271417108692e-03
1.959455189500063170e+03	0.000000000000000000e+00	5.627080220167422070e-03
1.970706495950444150e+03	0.000000000000000000e+00	5.624229344579524323e-03
1.981952110760463938e+03	0.000000000000000000e+00	5.621388560894969959e-03
1.993192054031039788e+03	0.000000000000000000e+00	5.618557786435480692e-03
2.004426345698779414e+03	0.000000000000000000e+00	5.615736939584625026e-03
2.015655005538116484e+03	0.000000000000000000e+00	5.612925939769606264e-03
2.026878053163380173e+03	0.000000000000000000e+00	5.610124707443698427e-03
2.038095508030789688e+03	0.000000000000000000e+00	5.607333164068879078e-03
2.049307389440503812e+03	0.000000000000000000e+00	5.604551232099018974e-03
2.060513716538564950e+03	0.000000000000000000e+00	5.601778834962879185e-03
2.071714508318820208e+03	0.000000000000000000e+00	5.599015897048266119e-03
2.082909783624862484e+03	0.000000000000000000e+00	5.596262343685912480e-03
2.094099561151853322e+03	0.000000000000000000e+00	5.593518101133714698e-03
2.105283859448410112e+03	0.000000000000000000e+00	5.590783096561677268e-03
2.116462696918364145e+03	0.000000000000000000e+00	5.588057258036655851e-03
2.127636091822593698e+03	0.000000000000000000e+00	5.585340514507851524e-03
2.138804062280705239e+03	0.000000000000000000e+00	5.582632795792208738e-03
2.149966626272819667e+03	0.000000000000000000e+00	5.579934032560484626e-03
2.161123801641272621e+03	0.000000000000000000e+00	5.577244156323276671e-03
2.172275606092196085e+03	0.000000000000000000e+00	5.574563099417493596e-03
2.183422057197235063e+03	0.000000000000000000e+00	5.571890794993010140e-03
2.194563172395143283e+03	0.000000000000000000e+00	5.569227176999615864e-03
2.205698968993367998e+03	0.000000000000000000e+00	5.566572180174269267e-03
2.216829464169585663e+03	0.000000000000000000e+00	5.563925740028541865e-03
2.227954674973239889e+03	0.000000000000000000e+00	5.561287792836406597e-03
2.239074618327153530e+03	0.000000000000000000e+00	5.558658275622009766e-03
2.250189311028884731e+03	0.000000000000000000e+00	5.556037126147906138e-03
2.261298769752225326e+03	0.000000000000000000e+00	5.553424282903520436e-03
2.272403011048711505e+03	0.000000000000000000e+00	5.550819685093745862e-03
2.283502051348973964e+03	0.000000000000000000e+00	5.548223272627796770e-03
2.294595906964152618e+03	0.000000000000000000e+00	5.545634986108190570e-03
2.305684594087298137e+03	0.000000000000000000e+00	5.543054766820083509e-03
2.316768128794673430e+03	0.000000000000000000e+00	5.540482556720830246e-03
2.327846527047133350e+03	0.000000000000000000e+00	5.537918298429376010e-03
2.338919804691439367e+03	0.000000000000000000e+00	5.535361935216416389e-03
2.349987977461526953e+03	0.000000000000000000e+00	5.532813410994297763e-03
2.361051060979788872e+03	0.000000000000000000e+00	5.530272670307243878e-03
2.372109070758326652e+03	0.000000000000000000e+00	5.527739658321878177e-03
2.383162022200206593e+03	0.000000000000000000e+00	5.525214320817707983e-03
2.394209930600625739e+03	0.000000000000000000e+00	5.522696604178031939e-03
2.405252811148197452e+03	0.000000000000000000e+00	5.520186455380726026e-03
2.416290678926025521e+03	0.000000000000000000e+00	5.517683821989526581e-03
2.427323548912942442e+03	0.000000000000000000e+00	5.515188652145158049e-03
2.438351435984640830e+03	0.000000000000000000e+00	5.512700894556857995e-03
2.449374354914771175e+03	0.000000000000000000e+00	5.510220498493981905e-03
2.460392320376092812e+03	0.000000000000000000e+00	5.507747413777695604e-03
2.471405346941553034e+03	0.000000000000000000e+00	5.505281590772849801e-03
2.482413449085368029e+03	0.000000000000000000e+00	5.502822980380186850e-03
2.493416641184066975e+03	0.000000000000000000e+00	5.500371534028269949e-03
2.504414937517565249e+03	0.000000000000000000e+00	5.497927203666020356e-03
2.515408352270218074e+03	0.000000000000000000e+00	5.495489941755147927e-03
2.526396899531771396e+03	0.000000000000000000e+00	5.493059701262683996e-03
2.537380593298427357e+03	0.000000000000000000e+00	5.490636435653715487e-03
2.548359447473796536e+03	0.000000000000000000e+00	5.488220098884342806e-03
2.559333475869906579e+03	0.000000000000000000e+00	5.485810645394588285e-03
2.570302692208119424e+03	0.000000000000000000e+00	5.483408030101530155e-03
2.581267110120139478e+03	0.000000000000000000e+00	5.481012208392593496e-03
2.592226743148859896e+03	0.000000000000000000e+00	5.478623136118711094e-03
2.603181604749379403e+03	0.000000000000000000e+00	5.476240769588044607e-03
2.614131708289839480e+03	0.000000000000000000e+00	5.473865065559409097e-03
2.625077067052364782e+03	0.000000000000000000e+00	5.471495981236073128e-03
2.636017694233876227e+03	0.000000000000000000e+00	5.469133474259401002e-03
2.646953602947093259e+03	0.000000000000000000e+00	5.466777502702926950e-03
2.657884806221244617e+03	0.000000000000000000e+00	5.464428025066380736e-03
2.668811317002996475e+03	0.000000000000000000e+00	5.462085000269619600e-03
2.679733148157282358e+03	0.000000000000000000e+00	5.459748387646993009e-03
2.690650312468102129e+03	0.000000000000000000e+00	5.457418146941718680e-03
2.701562822639341448e+03	0.000000000000000000e+00	5.455094238300237791e-03
2.712470691295608958e+03	0.000000000000000000e+00	5.452776622266527692e-03
2.723373930982943875e+03	0.000000000000000000e+00	5.450465259777097227e-03
2.734272554169695923e+03	0.000000000000000000e+00	5.448160112155375767e-03
2.745166573247212455e+03	0.000000000000000000e+00	5.445861141106632212e-03
2.756056000530636993e+03	0.000000000000000000e+00	5.443568308712807245e-03
2.766940848259669110e+03	0.000000000000000000e+00	5.441281577427453144e-03
2.777821128599254280e+03	0.000000000000000000e+00	5.439000910070773340e-03
2.788696853640357403e+03	0.000000000000000000e+00	5.436726269824890094e-03
2.799568035400658118e+03	0.000000000000000000e+00	5.434457620228861502e-03
2.810434685825279757e+03	0.000000000000000000e+00	5.432194925174016822e-03
2.821296816787460557e+03	0.000000000000000000e+00	5.429938148899364665e-03
2.832154440089266245e+03	0.000000000000000000e+00	5.427687255987113935e-03
2.843007567462285806e+03	0.000000000000000000e+00	5.425442211357912881e-03
2.853856210568264487e+03	0.000000000000000000e+00	5.423202980266711784e-03
2.864700380999762274e+03	0.000000000000000000e+00	5.420969528298297778e-03
2.875540090280885579e+03	0.000000000000000000e+00	5.418741821363087276e-03
2.886375349867869318e+03	0.000000000000000000e+00	5.416519825692837735e-03
2.897206171149703550e+03	0.000000000000000000e+00	5.414303507836576261e-03
2.908032565448824698e+03	0.000000000000000000e+00	5.412092834656489181e-03
2.918854544021677157e+03	0.000000000000000000e+00	5.409887773323942585e-03
2.929672118059374952e+03	0.000000000000000000e+00	5.407688291315613897e-03
2.940485298688287003e+03	0.000000000000000000e+00	5.405494356409495070e-03
2.951294096970611918e+03	0.000000000000000000e+00	5.403305936681168133e-03
2.962098523905029651e+03	0.000000000000000000e+00	5.401123000500025230e-03
2.972898590427203999e+03	0.000000000000000000e+00	5.398945516525538967e-03
2.983694307410446072e+03	0.000000000000000000e+00	5.396773453703681937e-03
2.994485685666222707e+03	0.000000000000000000e+00	5.394606781263310696e-03
3.005272735944759006e+03	0.000000000000000000e+00	5.392445468712653810e-03
3.016055468935547651e+03	0.000000000000000000e+00	5.390289485835910062e-03
3.026833895267917342e+03	0.000000000000000000e+00	5.388138802689634160e-03
3.037608025511615779e+03	0.000000000000000000e+00	5.385993389599730459e-03
3.048377870177279874e+03	0.000000000000000000e+00	5.383853217157749324e-03
3.059143439717007368e+03	0.000000000000000000e+00	5.381718256217891266e-03
3.069904744524857961e+03	0.000000000000000000e+00	5.379588477893713569e-03
3.080661794937376726e+03	0.000000000000000000e+00	5.377463853554890691e-03
3.091414601234079782e+03	0.000000000000000000e+00	5.375344354824308606e-03
3.102163173638020453e+03	0.000000000000000000e+00	5.373229953574885052e-03
3.112907522316223549e+03	0.000000000000000000e+00	5.371120621926451372e-03
3.123647657380201508e+03	0.000000000000000000e+00	5.369016332242988222e-03
3.134383588886435973e+03	0.000000000000000000e+00	5.366917057129555989e-03
3.145115326836868917e+03	0.000000000000000000e+00	5.364822769429467182e-03
3.155842881179334654e+03	0.000000000000000000e+00	5.362733442221421544e-03
3.166566261808083709e+03	0.000000000000000000e+00	5.360649048816741764e-03
3.177285478564211189e+03	0.000000000000000000e+00	5.358569562756663844e-03
3.188000541236119716e+03	0.000000000000000000e+00	5.356494957809454852e-03
3.198711459559994182e+03	0.000000000000000000e+00	5.354425207967948748e-03
3.209418243220203749e+03	0.000000000000000000e+00	5.352360287446726594e-03
3.220120901849757047e+03	0.000000000000000000e+00	5.350300170679752124e-03
3.230819445030785118e+03	0.000000000000000000e+00	5.348244832317530263e-03
3.241513882294920677e+03	0.000000000000000000e+00	5.346194247224820770e-03
3.252204223123704196e+03	0.000000000000000000e+00	5.344148390478051756e-03
3.262890476949091408e+03	0.000000000000000000e+00	5.342107237362924907e-03
3.273572653153770716e+03	0.000000000000000000e+00	5.340070763371961710e-03
3.284250761071649322e+03	0.000000000000000000e+00	5.338038944202167652e-03
3.294924809988212473e+03	0.000000000000000000e+00	5.336011755752593198e-03
3.305594809140960479e+03	0.000000000000000000e+00	5.333989174122194012e-03
3.316260767719804335e+03	0.000000000000000000e+00	5.331971175607437032e-03
3.326922694867402697e+03	0.000000000000000000e+00	5.329957736700066152e-03
3.337580599679614352e+03	0.000000000000000000e+00	5.327948834084978921e-03
3.348234491205859740e+03	0.000000000000000000e+00	5.325944444637981806e-03
3.358884378449495216e+03	0.000000000000000000e+00	5.323944545423619189e-03
3.369530270368195943e+03	0.000000000000000000e+00	5.321949113693050064e-03
3.380172175874329696e+03	0.000000000000000000e+00	5.319958126882173670e-03
3.390810103835306109e+03	0.000000000000000000e+00	5.317971562609186131e-03
3.401444063073957295e+03	0.000000000000000000e+00	5.315989398672870889e-03
3.412074062368900286e+03	0.000000000000000000e+00	5.314011613050648869e-03
3.422700110454860351e+03	0.000000000000000000e+00	5.312038183896201915e-03
3.433322216023082547e+03	0.000000000000000000e+00	5.310069089538010413e-03
3.443940387721608658e+03	0.000000000000000000e+00	5.308104308477053918e-03
3.454554634155676013e+03	0.000000000000000000e+00	5.306143819385208266e-03
3.465164963888011698e+03	0.000000000000000000e+00	5.304187601103103195e-03
3.475771385439210462e+03	0.000000000000000000e+00	5.302235632638597519e-03
3.486373907288040755e+03	0.000000000000000000e+00	5.300287893164713077e-03
3.496972537871771692e+03	0.000000000000000000e+00	5.298344362017934697e-03
3.507567285586534581e+03	0.000000000000000000e+00	5.296405018696534461e-03
3.518158158787612592e+03	0.000000000000000000e+00	5.294469842858706005e-03
3.528745165789737257e+03	0.000000000000000000e+00	5.292538814320859285e-03
3.539328314867445442e+03	0.000000000000000000e+00	5.290611913056019432e-03
3.549907614255380395e+03	0.000000000000000000e+00	5.288689119192063401e-03
3.560483072148590509e+03	0.000000000000000000e+00	5.286770413010120559e-03
3.571054696702826732e+03	0.000000000000000000e+00	5.284855774942945512e-03
3.581622496034885444e+03	0.000000000000000000e+00	5.282945185573322162e-03
3.592186478222835376e+03	0.000000000000000000e+00	5.281038625632469494e-03
3.602746651306394597e+03	0.000000000000000000e+00	5.279136075998408333e-03
3.613303023287163796e+03	0.000000000000000000e+00	5.277237517694629947e-03
3.623855602128940063e+03	0.000000000000000000e+00	5.275342931888273718e-03
3.634404395757985185e+03	0.000000000000000000e+00	5.273452299888957938e-03
3.644949412063340787e+03	0.000000000000000000e+00	5.271565603147031209e-03
3.655490658897072990e+03	0.000000000000000000e+00	5.269682823252248849e-03
3.666028144074570719e+03	0.000000000000000000e+00	5.267803941932306180e-03
3.676561875374814917e+03	0.000000000000000000e+00	5.265928941051455092e-03
3.687091860540659582e+03	0.000000000000000000e+00	5.264057802608909827e-03
3.697618107279069136e+03	0.000000000000000000e+00	5.262190508737809615e-03
3.708140623261449036e+03	0.000000000000000000e+00	5.260327041703539465e-03
3.718659416123813571e+03	0.000000000000000000e+00	5.258467383902573969e-03
3.729174493467126013e+03	0.000000000000000000e+00	5.256611517860876152e-03
3.739685862857539632e+03	0.000000000000000000e+00	5.254759426232989347e-03
3.750193531826637354e+03	0.000000000000000000e+00	5.252911091800434307e-03
3.760697507871675043e+03	0.000000000000000000e+00	5.251066497470504441e-03
3.771197798455870270e+03	0.000000000000000000e+00	5.249225626275081866e-03
3.781694411008608313e+03	0.000000000000000000e+00	5.247388461369257434e-03
3.792187352925730465e+03	0.000000000000000000e+00	5.245554986030193621e-03
3.802676631569728670e+03	0.000000000000000000e+00	5.243725183655835627e-03
3.813162254270027915e+03	0.000000000000000000e+00	5.241899037763797682e-03
3.823644228323204516e+03	0.000000000000000000e+00	5.240076531990048130e-03
3.834122560993209845e+03	0.000000000000000000e+00	5.238257650087899814e-03
3.844597259511632274e+03	0.000000000000000000e+00	5.236442375926777561e-03
3.855068331077923631e+03	0.000000000000000000e+00	5.234630693491069790e-03
3.865535782859585197e+03	0.000000000000000000e+00	5.232822586878952374e-03
3.875999621992472385e+03	0.000000000000000000e+00	5.231018040301225504e-03
3.886459855580933436e+03	0.000000000000000000e+00	5.229217038080609392e-03
3.896916490698095458e+03	0.000000000000000000e+00	5.227419564650006949e-03
3.907369534386041778e+03	0.000000000000000000e+00	5.225625604552078772e-03
3.917818993656075236e+03	0.000000000000000000e+00	5.223835142437638530e-03
3.928264875488890084e+03	0.000000000000000000e+00	5.222048163065035400e-03
3.938707186834818003e+03	0.000000000000000000e+00	5.220264651298892923e-03
3.949145934614027283e+03	0.000000000000000000e+00	5.218484592109083782e-03
3.959581125716692441e+03	0.000000000000000000e+00	5.216707970569793053e-03
3.970012767003276622e+03	0.000000000000000000e+00	5.214934771858545023e-03
3.980440865304701219e+03	0.000000000000000000e+00	5.213164981255094706e-03
3.990865427422530047e+03	0.000000000000000000e+00	5.211398584140574351e-03
4.001286460129203078e+03	0.000000000000000000e+00	5.209635565996495118e-03
4.011703970168206524e+03	0.000000000000000000e+00	5.207875912403803383e-03
4.022117964254306116e+03	0.000000000000000000e+00	5.206119609041895413e-03
4.032528449073730826e+03	0.000000000000000000e+00	5.204366641687742205e-03
4.042935431284328843e+03	0.000000000000000000e+00	5.202616996214971812e-03
4.053338917515819503e+03	0.000000000000000000e+00	5.200870658592947338e-03
4.063738914369951999e+03	0.000000000000000000e+00	5.199127614885843199e-03
4.074135428420680455e+03	0.000000000000000000e+00	5.197387851251882712e-03
4.084528466214379932e+03	0.000000000000000000e+00	5.195651353942248689e-03
4.094918034270031967e+03	0.000000000000000000e+00	5.193918109300495363e-03
4.105304139079366905e+03	0.000000000000000000e+00	5.192188103761422556e-03
4.115686787107112650e+03	0.000000000000000000e+00	5.190461323850445972e-03
4.126065984791103801e+03	0.000000000000000000e+00	5.188737756182628356e-03
4.136441738542503117e+03	0.000000000000000000e+00	5.187017387461956112e-03
4.146814054745977955e+03	0.000000000000000000e+00	5.185300204480432044e-03
4.157182939759895817e+03	0.000000000000000000e+00	5.183586194117347640e-03
4.167548399916413473e+03	0.000000000000000000e+00	5.181875343338476422e-03
4.177910441521728899e+03	0.000000000000000000e+00	5.180167639195243888e-03
4.188269070856219514e+03	0.000000000000000000e+00	5.178463068824010196e-03
4.198624294174655915e+03	0.000000000000000000e+00	5.176761619445158571e-03
4.208976117706293735e+03	0.000000000000000000e+00	5.175063278362588767e-03
4.219324547655087372e+03	0.000000000000000000e+00	5.173368032962738679e-03
4.229669590199849154e+03	0.000000000000000000e+00	5.171675870714009284e-03
4.240011251494425778e+03	0.000000000000000000e+00	5.169986779165869524e-03
4.250349537667824734e+03	0.000000000000000000e+00	5.168300745948279512e-03
4.260684454824380737e+03	0.000000000000000000e+00	5.166617758770886484e-03
4.271016009043991289e+03	0.000000000000000000e+00	5.164937805422362138e-03
4.281344206382118500e+03	0.000000000000000000e+00	5.163260873769657568e-03
4.291669052870104679e+03	0.000000000000000000e+00	5.161586951757349273e-03
4.301990554515222357e+03	0.000000000000000000e+00	5.159916027406960017e-03
4.312308717300846183e+03	0.000000000000000000e+00	5.158248088816209422e-03
4.322623547186686665e+03	0.000000000000000000e+00	5.156583124158435442e-03
4.332935050108809264e+03	0.000000000000000000e+00	5.154921121681945578e-03
4.343243231979877237e+03	0.000000000000000000e+00	5.153262069709190277e-03
4.353548098689307153e+03	0.000000000000000000e+00	5.151605956636343998e-03
4.363849656103358939e+03	0.000000000000000000e+00	5.149952770932554082e-03
4.374147910065254109e+03	0.000000000000000000e+00	5.148302501139250323e-03
4.384442866395439523e+03	0.000000000000000000e+00	5.146655135869642773e-03
4.394734530891611939e+03	0.000000000000000000e+00	5.145010663808013973e-03
4.405022909328949027e+03	0.000000000000000000e+00	5.143369073709136083e-03
4.415308007460155750e+03	0.000000000000000000e+00	5.141730354397679344e-03
4.425589831015700838e+03	0.000000000000000000e+00	5.140094494767588444e-03
4.435868385703879540e+03	0.000000000000000000e+00	5.138461483781522204e-03
4.446143677211007343e+03	0.000000000000000000e+00	5.136831310470193514e-03
4.456415711201514569e+03	0.000000000000000000e+00	5.135203963931887078e-03
4.466684493318073692e+03	0.000000000000000000e+00	5.133579433331832316e-03
4.476950029181817627e+03	0.000000000000000000e+00	5.131957707901673403e-03
4.487212324392350638e+03	0.000000000000000000e+00	5.130338776938822218e-03
4.497471384527942064e+03	0.000000000000000000e+00	5.128722629806022060e-03
4.507727215145660011e+03	0.000000000000000000e+00	5.127109255930706669e-03
4.517979821781504143e+03	0.000000000000000000e+00	5.125498644804492819e-03
4.528229209950532095e+03	0.000000000000000000e+00	5.123890785982643421e-03
4.538475385146916778e+03	0.000000000000000000e+00	5.122285669083518483e-03
4.548718352844185574e+03	0.000000000000000000e+00	5.120683283788064234e-03
4.558958118495266717e+03	0.000000000000000000e+00	5.119083619839320462e-03
4.569194687532674834e+03	0.000000000000000000e+00	5.117486667041850658e-03
4.579428065368524585e+03	0.000000000000000000e+00	5.115892415261277977e-03
4.589658257394778957e+03	0.000000000000000000e+00	5.114300854423759618e-03
4.599885268983299284e+03	0.000000000000000000e+00	5.112711974515437782e-03
4.610109105485955297e+03	0.000000000000000000e+00	5.111125765582077117e-03
4.620329772234802476e+03	0.000000000000000000e+00	5.109542217728454960e-03
4.630547274542144805e+03	0.000000000000000000e+00	5.107961321117914649e-03
4.640761617700683928e+03	0.000000000000000000e+00	5.106383065971916227e-03
4.650972806983612827e+03	0.000000000000000000e+00	5.104807442569574139e-03
4.661180847644714959e+03	0.000000000000000000e+00	5.103234441247075232e-03
4.671385744918561613e+03	0.000000000000000000e+00	5.101664052397345689e-03
4.681587504020513734e+03	0.000000000000000000e+00	5.100096266469560970e-03
4.691786130146925643e+03	0.000000000000000000e+00	5.098531073968593300e-03
4.701981628475165962e+03	0.000000000000000000e+00	5.096968465454773146e-03
4.712174004163812242e+03	0.000000000000000000e+00	5.095408431543207474e-03
4.722363262352762831e+03	0.000000000000000000e+00	5.093850962903458818e-03
4.732549408163238695e+03	0.000000000000000000e+00	5.092296050259112472e-03
4.742732446697999876e+03	0.000000000000000000e+00	5.090743684387380973e-03
4.752912383041407338e+03	0.000000000000000000e+00	5.089193856118540311e-03
4.763089222259545750e+03	0.000000000000000000e+00	5.087646556335672331e-03
4.773262969400306247e+03	0.000000000000000000e+00	5.086101775974107876e-03
4.783433629493538319e+03	0.000000000000000000e+00	5.084559506021107608e-03
4.793601207551050720e+03	0.000000000000000000e+00	5.083019737515406637e-03
4.803765708566808826e+03	0.000000000000000000e+00	5.081482461546787781e-03
4.813927137517000119e+03	0.000000000000000000e+00	5.079947669255779723e-03
4.824085499360180620e+03	0.000000000000000000e+00	5.078415351833142667e-03
4.834240799037322176e+03	0.000000000000000000e+00	5.076885500519553486e-03
4.844393041471899778e+03	0.000000000000000000e+00	5.075358106605159028e-03
4.854542231570047988e+03	0.000000000000000000e+00	5.073833161429255195e-03
4.864688374220642800e+03	0.000000000000000000e+00	5.072310656379797750e-03
4.874831474295336193e+03	0.000000000000000000e+00	5.070790582893142974e-03
4.884971536648719848e+03	0.000000000000000000e+00	5.069272932453653888e-03
4.895108566118449744e+03	0.000000000000000000e+00	5.067757696593254424e-03
4.905242567525193408e+03	0.000000000000000000e+00	5.066244866891120649e-03
4.915373545672898217e+03	0.000000000000000000e+00	5.064734434973303459e-03
4.925501505348819592e+03	0.000000000000000000e+00	5.063226392512339136e-03
4.935626451323563742e+03	0.000000000000000000e+00	5.061720731226987402e-03
4.945748388351215908e+03	0.000000000000000000e+00	5.060217442881786466e-03
4.955867321169481329e+03	0.000000000000000000e+00	5.058716519286729496e-03
4.965983254499697068e+03	0.000000000000000000e+00	5.057217952296922878e-03
4.976096193046942972e+03	0.000000000000000000e+00	5.055721733812207179e-03
4.986206141500188096e+03	0.000000000000000000e+00	5.054227855776909084e-03
4.996313104532303441e+03	0.000000000000000000e+00	5.052736310179421590e-03
5.006417086800166544e+03	0.000000000000000000e+00	5.051247089051890890e-03
5.016518092944835189e+03	0.000000000000000000e+00	5.049760184469909326e-03
5.026616127591441909e+03	0.000000000000000000e+00	5.048275588552178852e-03
5.036711195349481386e+03	0.000000000000000000e+00	5.046793293460164961e-03
5.046803300812835005e+03	0.000000000000000000e+00	5.045313291397774021e-03
5.056892448559777222e+03	0.000000000000000000e+00	5.043835574611074853e-03
5.066978643153090161e+03	0.000000000000000000e+00	5.042360135388000361e-03
5.077061889140297353e+03	0.000000000000000000e+00	5.040886966057971097e-03
5.087142191053494571e+03	0.000000000000000000e+00	5.039416058991596017e-03
5.097219553409609944e+03	0.000000000000000000e+00	5.037947406600442636e-03
5.107293980710467622e+03	0.000000000000000000e+00	5.036481001336595535e-03
5.117365477442784140e+03	0.000000000000000000e+00	5.035016835692550548e-03
5.127434048078304841e+03	0.000000000000000000e+00	5.033554902200714290e-03
5.137499697073910284e+03	0.000000000000000000e+00	5.032095193433274057e-03
5.147562428871639895e+03	0.000000000000000000e+00	5.030637702001784090e-03
5.157622247898829301e+03	0.000000000000000000e+00	5.029182420556957411e-03
5.167679158568123967e+03	0.000000000000000000e+00	5.027729341788317145e-03
5.177733165277586522e+03	0.000000000000000000e+00	5.026278458424019574e-03
5.187784272410804078e+03	0.000000000000000000e+00	5.024829763230456887e-03
5.197832484336879133e+03	0.000000000000000000e+00	5.023383249011990036e-03
5.207877805410613291e+03	0.000000000000000000e+00	5.021938908610779594e-03
5.217920239972526360e+03	0.000000000000000000e+00	5.020496734906447489e-03
5.227959792348891824e+03	0.000000000000000000e+00	5.019056720815722253e-03
5.237996466851911464e+03	0.000000000000000000e+00	5.017618859292282026e-03
5.248030267779655333e+03	0.000000000000000000e+00	5.016183143326498686e-03
5.258061199416287309e+03	0.000000000000000000e+00	5.014749565945125602e-03
5.268089266032028718e+03	0.000000000000000000e+00	5.013318120210988847e-03
5.278114471883239275e+03	0.000000000000000000e+00	5.011888799222809394e-03
5.288136821212559880e+03	0.000000000000000000e+00	5.010461596114945508e-03
5.298156318248937168e+03	0.000000000000000000e+00	5.009036504057104780e-03
5.308172967207602596e+03	0.000000000000000000e+00	5.007613516254116014e-03
5.318186772290339832e+03	0.000000000000000000e+00	5.006192625945652536e-03
5.328197737685385619e+03	0.000000000000000000e+00	5.004773826406001477e-03
5.338205867567598943e+03	0.000000000000000000e+00	5.003357110943853006e-03
5.348211166098453759e+03	0.000000000000000000e+00	5.001942472901994147e-03
5.358213637426134483e+03	0.000000000000000000e+00	5.000529905657110155e-03
5.368213285685666960e+03	0.000000000000000000e+00	4.999119402619513035e-03
5.378210114998878453e+03	0.000000000000000000e+00	4.997710957232981074e-03
5.388204129474562251e+03	0.000000000000000000e+00	4.996304562974412770e-03
5.398195333208492229e+03	0.000000000000000000e+00	4.994900213353715805e-03
5.408183730283432851e+03	0.000000000000000000e+00	4.993497901913464439e-03
5.418169324769350169e+03	0.000000000000000000e+00	4.992097622228761598e-03
5.428152120723317239e+03	0.000000000000000000e+00	4.990699367906969129e-03
5.438132122189712391e+03	0.000000000000000000e+00	4.989303132587489219e-03
5.448109333200203764e+03	0.000000000000000000e+00	4.987908909941559700e-03
5.458083757773818434e+03	0.000000000000000000e+00	4.986516693672005986e-03
5.468055399917070645e+03	0.000000000000000000e+00	4.985126477512999074e-03
5.478024263623911793e+03	0.000000000000000000e+00	4.983738255229947997e-03
5.487990352875891404e+03	0.000000000000000000e+00	4.982352020619173691e-03
5.497953671642138033e+03	0.000000000000000000e+00	4.980967767507784964e-03
5.507914223879532074e+03	0.000000000000000000e+00	4.979585489753377524e-03
5.517872013532682104e+03	0.000000000000000000e+00	4.978205181243903002e-03
5.527827044533958542e+03	0.000000000000000000e+00	4.976826835897439107e-03
5.537779320803658266e+03	0.000000000000000000e+00	4.975450447661915535e-03
5.547728846249920934e+03	0.000000000000000000e+00	4.974076010515046317e-03
5.557675624768969101e+03	0.000000000000000000e+00	4.972703518464040122e-03
5.567619660245019986e+03	0.000000000000000000e+00	4.971332965545353054e-03
5.577560956550377341e+03	0.000000000000000000e+00	4.969964345824640951e-03
5.587499517545526032e+03	0.000000000000000000e+00	4.968597653396441931e-03
5.597435347079165695e+03	0.000000000000000000e+00	4.967232882384001180e-03
5.607368448988298951e+03	0.000000000000000000e+00	4.965870026939133916e-03
5.617298827098190486e+03	0.000000000000000000e+00	4.964509081241959103e-03
5.627226485222585325e+03	0.000000000000000000e+00	4.963150039500758073e-03
5.637151427163585140e+03	0.000000000000000000e+00	4.961792895951768097e-03
5.647073656711846525e+03	0.000000000000000000e+00	4.960437644859039263e-03
5.656993177646545519e+03	0.000000000000000000e+00	4.959084280514155195e-03
5.666909993735516764e+03	0.000000000000000000e+00	4.957732797236158451e-03
5.676824108735225309e+03	0.000000000000000000e+00	4.956383189371293789e-03
5.686735526390863924e+03	0.000000000000000000e+00	4.955035451292838164e-03
5.696644250436417678e+03	0.000000000000000000e+00	4.953689577400992305e-03
5.706550284594616642e+03	0.000000000000000000e+00	4.952345562122606633e-03
5.716453632577196004e+03	0.000000000000000000e+00	4.951003399911042477e-03
5.726354298084748734e+03	0.000000000000000000e+00	4.949663085246021159e-03
5.736252284806833813e+03	0.000000000000000000e+00	4.948324612633481744e-03
5.746147596422099014e+03	0.000000000000000000e+00	4.946987976605265319e-03
5.756040236598271804e+03	0.000000000000000000e+00	4.945653171719117600e-03
5.765930208992221196e+03	0.000000000000000000e+00	4.944320192558398358e-03
5.775817517249999582e+03	0.000000000000000000e+00	4.942989033732026784e-03
5.785702165006881842e+03	0.000000000000000000e+00	4.941659689874198721e-03
5.795584155887476300e+03	0.000000000000000000e+00	4.940332155644268711e-03
5.805463493505711085e+03	0.000000000000000000e+00	4.939006425726634626e-03
5.815340181464919624e+03	0.000000000000000000e+00	4.937682494830517368e-03
5.825214223357853371e+03	0.000000000000000000e+00	4.936360357689803871e-03
5.835085622766783672e+03	0.000000000000000000e+00	4.935040009062954293e-03
5.844954383263495401e+03	0.000000000000000000e+00	4.933721443732757422e-03
5.854820508409403374e+03	0.000000000000000000e+00	4.932404656506204910e-03
5.864684001755570534e+03	0.000000000000000000e+00	4.931089642214335142e-03
5.874544866842672491e+03	0.000000000000000000e+00	4.929776395712136966e-03
5.884403107201181228e+03	0.000000000000000000e+00	4.928464911878305092e-03
5.894258726351302357e+03	0.000000000000000000e+00	4.927155185615168104e-03
5.904111727803116082e+03	0.000000000000000000e+00	4.925847211848438656e-03
5.913962115056547191e+03	0.000000000000000000e+00	4.924540985527211742e-03
5.923809891601491472e+03	0.000000000000000000e+00	4.923236501623697546e-03
5.933655060917703850e+03	0.000000000000000000e+00	4.921933755133081796e-03
5.943497626475104880e+03	0.000000000000000000e+00	4.920632741073471123e-03
5.953337591733543377e+03	0.000000000000000000e+00	4.919333454485623307e-03
5.963174960143006501e+03	0.000000000000000000e+00	4.918035890432936007e-03
5.973009735143676153e+03	0.000000000000000000e+00	4.916740044001213436e-03
5.982841920165867123e+03	0.000000000000000000e+00	4.915445910298519780e-03
5.992671518630159881e+03	0.000000000000000000e+00	4.914153484455119347e-03
6.002498533947435135e+03	0.000000000000000000e+00	4.912862761623277078e-03
6.012322969518895661e+03	0.000000000000000000e+00	4.911573736977106752e-03
6.022144828736118143e+03	0.000000000000000000e+00	4.910286405712540637e-03
6.031964114981035891e+03	0.000000000000000000e+00	4.909000763047012030e-03
6.041780831626086183e+03	0.000000000000000000e+00	4.907716804219509898e-03
6.051594982034184795e+03	0.000000000000000000e+00	4.906434524490372456e-03
6.061406569558831507e+03	0.000000000000000000e+00	4.905153919141015673e-03
6.071215597544076445e+03	0.000000000000000000e+00	4.903874983474115420e-03
6.081022069324621953e+03	0.000000000000000000e+00	4.902597712813159918e-03
6.090825988225785295e+03	0.000000000000000000e+00	4.901322102502534729e-03
6.100627357563644182e+03	0.000000000000000000e+00	4.900048147907273832e-03
6.110426180645006752e+03	0.000000000000000000e+00	4.898775844412977219e-03
6.120222460767481607e+03	0.000000000000000000e+00	4.897505187425728497e-03
6.130016201219511458e+03	0.000000000000000000e+00	4.896236172371871975e-03
6.139807405280362218e+03	0.000000000000000000e+00	4.894968794697982309e-03
6.149596076220296709e+03	0.000000000000000000e+00	4.893703049870697964e-03
6.159382217300464617e+03	0.000000000000000000e+00	4.892438933376567697e-03
6.169165831773069840e+03	0.000000000000000000e+00	4.891176440722011520e-03
6.178946922881255887e+03	0.000000000000000000e+00	4.889915567433118608e-03
6.188725493859344169e+03	0.000000000000000000e+00	4.888656309055596123e-03
6.198501547932684844e+03	0.000000000000000000e+00	4.887398661154590540e-03
6.208275088317827795e+03	0.000000000000000000e+00	4.886142619314619122e-03
6.218046118222478071e+03	0.000000000000000000e+00	4.884888179139435481e-03
6.227814640845594113e+03	0.000000000000000000e+00	4.883635336251920291e-03
6.237580659377407756e+03	0.000000000000000000e+00	4.882384086293956385e-03
6.247344176999391493e+03	0.000000000000000000e+00	4.881134424926298655e-03
6.257105196884405814e+03	0.000000000000000000e+00	4.879886347828443945e-03
6.266863722196700110e+03	0.000000000000000000e+00	4.878639850698680488e-03
6.276619756091939053e+03	0.000000000000000000e+00	4.877394929253721020e-03
6.286373301717194408e+03	0.000000000000000000e+00	4.876151579228824202e-03
6.296124362211079642e+03	0.000000000000000000e+00	4.874909796377510131e-03
6.305872940703663517e+03	0.000000000000000000e+00	4.873669576471588959e-03
6.315619040316662904e+03	0.000000000000000000e+00	4.872430915300953597e-03
6.325362664163360023e+03	0.000000000000000000e+00	4.871193808673493844e-03
6.335103815348616081e+03	0.000000000000000000e+00	4.869958252415061695e-03
6.344842496969044078e+03	0.000000000000000000e+00	4.868724242369283986e-03
6.354578712112908761e+03	0.000000000000000000e+00	4.867491774397454847e-03
6.364312463860223033e+03	0.000000000000000000e+00	4.866260844378503606e-03
6.374043755282792517e+03	0.000000000000000000e+00	4.865031448208850806e-03
6.383772589444246478e+03	0.000000000000000000e+00	4.863803581802290249e-03
6.393498969400014175e+03	0.000000000000000000e+00	4.862577241089912662e-03
6.403222898197453105e+03	0.000000000000000000e+00	4.861352422019975597e-03
6.412944378875789880e+03	0.000000000000000000e+00	4.860129120557840111e-03
6.422663414466194808e+03	0.000000000000000000e+00	4.858907332685845869e-03
6.432380007991873754e+03	0.000000000000000000e+00	4.857687054403250423e-03
6.442094162468029936e+03	0.000000000000000000e+00	4.856468281726078300e-03
6.451805880901843921e+03	0.000000000000000000e+00	4.855251010687028183e-03
6.461515166292711911e+03	0.000000000000000000e+00	4.854035237335439096e-03
6.471222021632012002e+03	0.000000000000000000e+00	4.852820957737148146e-03
6.480926449903345201e+03	0.000000000000000000e+00	4.851608167974382109e-03
6.490628454082469943e+03	0.000000000000000000e+00	4.850396864145674163e-03
6.500328037137407591e+03	0.000000000000000000e+00	4.849187042365802301e-03
6.510025202028307831e+03	0.000000000000000000e+00	4.847978698765629743e-03
6.519719951707731525e+03	0.000000000000000000e+00	4.846771829492121410e-03
6.529412289120458809e+03	0.000000000000000000e+00	4.845566430708172188e-03
6.539102217203653709e+03	0.000000000000000000e+00	4.844362498592492440e-03
6.548789738886844134e+03	0.000000000000000000e+00	4.843160029339588918e-03
6.558474857091962804e+03	0.000000000000000000e+00	4.841959019159568743e-03
6.568157574733381807e+03	0.000000000000000000e+00	4.840759464278228744e-03
6.577837894717915333e+03	0.000000000000000000e+00	4.839561360936838613e-03
6.587515819944930627e+03	0.000000000000000000e+00	4.838364705392060247e-03
6.597191353306254314e+03	0.000000000000000000e+00	4.837169493915821974e-03
6.606864497686343384e+03	0.000000000000000000e+00	4.835975722795400958e-03
6.616535255962165138e+03	0.000000000000000000e+00	4.834783388333119616e-03
6.626203631003366354e+03	0.000000000000000000e+00	4.833592486846441036e-03
6.635869625672240545e+03	0.000000000000000000e+00	4.832403014667785088e-03
6.645533242823708861e+03	0.000000000000000000e+00	4.831214968144430418e-03
6.655194485305496528e+03	0.000000000000000000e+00	4.830028343638523118e-03
6.664853355957960957e+03	0.000000000000000000e+00	4.828843137526944024e-03
6.674509857614322755e+03	0.000000000000000000e+00	4.827659346201210698e-03
6.684163993100528387e+03	0.000000000000000000e+00	4.826476966067396769e-03
6.693815765235343861e+03	0.000000000000000000e+00	4.825295993546023510e-03
6.703465176830461132e+03	0.000000000000000000e+00	4.824116425072111011e-03
6.713112230690434444e+03	0.000000000000000000e+00	4.822938257094963078e-03
6.722756929612684871e+03	0.000000000000000000e+00	4.821761486078119524e-03
6.732399276387621285e+03	0.000000000000000000e+00	4.820586108499315403e-03
6.742039273798605791e+03	0.000000000000000000e+00	4.819412120850346572e-03
6.751676924621996477e+03	0.000000000000000000e+00	4.818239519637044534e-03
6.761312231627223809e+03	0.000000000000000000e+00	4.817068301379167153e-03
6.770945197576665123e+03	0.000000000000000000e+00	4.815898462610365693e-03
6.780575825225867447e+03	0.000000000000000000e+00	4.814729999878029562e-03
6.790204117323479295e+03	0.000000000000000000e+00	4.813562909743294982e-03
6.799830076611211553e+03	0.000000000000000000e+00	4.812397188780916622e-03
6.809453705824072131e+03	0.000000000000000000e+00	4.811232833579202547e-03
6.819075007690100392e+03	0.000000000000000000e+00	4.810069840739962174e-03
6.828693984930697297e+03	0.000000000000000000e+00	4.808908206878404791e-03
6.838310640260409855e+03	0.000000000000000000e+00	4.807747928623092720e-03
6.847924976387112110e+03	0.000000000000000000e+00	4.806589002615848510e-03
6.857536996011906922e+03	0.000000000000000000e+00	4.805431425511715038e-03
6.867146701829315134e+03	0.000000000000000000e+00	4.804275193978834076e-03
6.876754096527124602e+03	0.000000000000000000e+00	4.803120304698412467e-03
6.886359182786517522e+03	0.000000000000000000e+00	4.801966754364637990e-03
6.895961963282128636e+03	0.000000000000000000e+00	4.800814539684629921e-03
6.905562440681970656e+03	0.000000000000000000e+00	4.799663657378328008e-03
6.915160617647505205e+03	0.000000000000000000e+00	4.798514104178472524e-03
6.924756496833692836e+03	0.000000000000000000e+00	4.797365876830481969e-03
6.934350080888993034e+03	0.000000000000000000e+00	4.796218972092450468e-03
6.943941372455392411e+03	0.000000000000000000e+00	4.795073386735043686e-03
6.953530374168440176e+03	0.000000000000000000e+00	4.793929117541406888e-03
6.963117088657271779e+03	0.000000000000000000e+00	4.792786161307138054e-03
6.972701518544566170e+03	0.000000000000000000e+00	4.791644514840194199e-03
6.982283666446709503e+03	0.000000000000000000e+00	4.790504174960887908e-03
6.991863534973665082e+03	0.000000000000000000e+00	4.789365138501719063e-03
7.001441126729160715e+03	0.000000000000000000e+00	4.788227402307395665e-03
7.011016444310547740e+03	0.000000000000000000e+00	4.787090963234728012e-03
7.020589490308932000e+03	0.000000000000000000e+00	4.785955818152582732e-03
7.030160267309212941e+03	0.000000000000000000e+00	4.784821963941845481e-03
7.039728777889986304e+03	0.000000000000000000e+00	4.783689397495232733e-03
7.049295024623699646e+03	0.000000000000000000e+00	4.782558115717433153e-03
7.058859010076585946e+03	0.000000000000000000e+00	4.781428115524869946e-03
7.068420736808771835e+03	0.000000000000000000e+00	4.780299393845722535e-03
7.077980207374177553e+03	0.000000000000000000e+00	4.779171947619850237e-03
7.087537424320711580e+03	0.000000000000000000e+00	4.778045773798700324e-03
7.097092390190098740e+03	0.000000000000000000e+00	4.776920869345297610e-03
7.106645107518053919e+03	0.000000000000000000e+00	4.775797231234172463e-03
7.116195578834262051e+03	0.000000000000000000e+00	4.774674856451269732e-03
7.125743806662339011e+03	0.000000000000000000e+00	4.773553741993953083e-03
7.135289793519957129e+03	0.000000000000000000e+00	4.772433884870813312e-03
7.144833541918796982e+03	0.000000000000000000e+00	4.771315282101775031e-03
7.154375054364629250e+03	0.000000000000000000e+00	4.770197930717925798e-03
7.163914333357240139e+03	0.000000000000000000e+00	4.769081827761522188e-03
7.173451381390515053e+03	0.000000000000000000e+00	4.767966970285896985e-03
7.182986200952487707e+03	0.000000000000000000e+00	4.766853355355408876e-03
7.192518794525348312e+03	0.000000000000000000e+00	4.765740980045413827e-03
7.202049164585388098e+03	0.000000000000000000e+00	4.764629841442083805e-03
7.211577313603134826e+03	0.000000000000000000e+00	4.763519936642610607e-03
7.221103244043290033e+03	0.000000000000000000e+00	4.762411262754846775e-03
7.230626958364790880e+03	0.000000000000000000e+00	4.761303816897463452e-03
7.240148459020837436e+03	0.000000000000000000e+00	4.760197596199825486e-03
7.249667748458855385e+03	0.000000000000000000e+00	4.759092597801891679e-03
7.259184829120608811e+03	0.000000000000000000e+00	4.757988818854278108e-03
7.268699703442174723e+03	0.000000000000000000e+00	4.756886256518075111e-03
7.278212373853930330e+03	0.000000000000000000e+00	4.755784907964888918e-03
7.287722842780599422e+03	0.000000000000000000e+00	4.754684770376700273e-03
7.297231112641316940e+03	0.000000000000000000e+00	4.753585840945934692e-03
7.306737185849636262e+03	0.000000000000000000e+00	4.752488116875281179e-03
7.316241064813454614e+03	0.000000000000000000e+00	4.751391595377694836e-03
7.325742751935123124e+03	0.000000000000000000e+00	4.750296273676390783e-03
7.335242249611478655e+03	0.000000000000000000e+00	4.749202149004715795e-03
7.344739560233802877e+03	0.000000000000000000e+00	4.748109218606164778e-03
7.354234686187908665e+03	0.000000000000000000e+00	4.747017479734270615e-03
7.363727629854112820e+03	0.000000000000000000e+00	4.745926929652562534e-03
7.373218393607256985e+03	0.000000000000000000e+00	4.744837565634555700e-03
7.382706979816762214e+03	0.000000000000000000e+00	4.743749384963702638e-03
7.392193390846606235e+03	0.000000000000000000e+00	4.742662384933261401e-03
7.401677629055368925e+03	0.000000000000000000e+00	4.741576562846372758e-03
7.411159696796267781e+03	0.000000000000000000e+00	4.740491916015893668e-03
7.420639596417101529e+03	0.000000000000000000e+00	4.739408441764419826e-03
7.430117330260381095e+03	0.000000000000000000e+00	4.738326137424211069e-03
7.439592900663245928e+03	0.000000000000000000e+00	4.737245000337159291e-03
7.449066309957584963e+03	0.000000000000000000e+00	4.736165027854706902e-03
7.458537560469938398e+03	0.000000000000000000e+00	4.735086217337861579e-03
7.468006654521605014e+03	0.000000000000000000e+00	4.734008566157064425e-03
7.477473594428621254e+03	0.000000000000000000e+00	4.732932071692247215e-03
7.486938382501823071e+03	0.000000000000000000e+00	4.731856731332691884e-03
7.496401021046837741e+03	0.000000000000000000e+00	4.730782542477009710e-03
7.505861512364052942e+03	0.000000000000000000e+00	4.729709502533145649e-03
7.515319858748729530e+03	0.000000000000000000e+00	4.728637608918287265e-03
7.524776062490918775e+03	0.000000000000000000e+00	4.727566859058799677e-03
7.534230125875594240e+03	0.000000000000000000e+00	4.726497250390249844e-03
7.543682051182541727e+03	0.000000000000000000e+00	4.725428780357253042e-03
7.553131840686522082e+03	0.000000000000000000e+00	4.724361446413600368e-03
7.562579496657164782e+03	0.000000000000000000e+00	4.723295246021988122e-03
7.572025021359003404e+03	0.000000000000000000e+00	4.722230176654175667e-03
7.581468417051599317e+03	0.000000000000000000e+00	4.721166235790850985e-03
7.590909685989438913e+03	0.000000000000000000e+00	4.720103420921594253e-03
7.600348830422023639e+03	0.000000000000000000e+00	4.719041729544835341e-03
7.609785852593818163e+03	0.000000000000000000e+00	4.717981159167816511e-03
7.619220754744345868e+03	0.000000000000000000e+00	4.716921707306564668e-03
7.628653539108177029e+03	0.000000000000000000e+00	4.715863371485794209e-03
7.638084207914879698e+03	0.000000000000000000e+00	4.714806149238939988e-03
7.647512763389188876e+03	0.000000000000000000e+00	4.713750038108056699e-03
7.656939207750857349e+03	0.000000000000000000e+00	4.712695035643822347e-03
7.666363543214787569e+03	0.000000000000000000e+00	4.711641139405440236e-03
7.675785771991010733e+03	0.000000000000000000e+00	4.710588346960687539e-03
7.685205896284634946e+03	0.000000000000000000e+00	4.709536655885777391e-03
7.694623918296026204e+03	0.000000000000000000e+00	4.708486063765355417e-03
7.704039840220694714e+03	0.000000000000000000e+00	4.707436568192513611e-03
7.713453664249287613e+03	0.000000000000000000e+00	4.706388166768641149e-03
7.722865392567733579e+03	0.000000000000000000e+00	4.705340857103498982e-03
7.732275027357165527e+03	0.000000000000000000e+00	4.704294636815100142e-03
7.741682570793973355e+03	0.000000000000000000e+00	4.703249503529666371e-03
7.751088025049776661e+03	0.000000000000000000e+00	4.702205454881727871e-03
7.760491392291495686e+03	0.000000000000000000e+00	4.701162488513841407e-03
7.769892674681360404e+03	0.000000000000000000e+00	4.700120602076769856e-03
7.779291874376861415e+03	0.000000000000000000e+00	4.699079793229341689e-03
7.788688993530857260e+03	0.000000000000000000e+00	4.698040059638452712e-03
7.798084034291503485e+03	0.000000000000000000e+00	4.697001398978981924e-03
7.807476998802382695e+03	0.000000000000000000e+00	4.695963808933773312e-03
7.816867889202385413e+03	0.000000000000000000e+00	4.694927287193628902e-03
7.826256707625846502e+03	0.000000000000000000e+00	4.693891831457241981e-03
7.835643456202440575e+03	0.000000000000000000e+00	4.692857439431158927e-03
7.845028137057310232e+03	0.000000000000000000e+00	4.691824108829762731e-03
7.854410752311035139e+03	0.000000000000000000e+00	4.690791837375206212e-03
7.863791304079630208e+03	0.000000000000000000e+00	4.689760622797416352e-03
7.873169794474600167e+03	0.000000000000000000e+00	4.688730462834033580e-03
7.882546225602925006e+03	0.000000000000000000e+00	4.687701355230345854e-03
7.891920599567024510e+03	0.000000000000000000e+00	4.686673297739348508e-03
7.901292918464916511e+03	0.000000000000000000e+00	4.685646288121570781e-03
7.910663184390125934e+03	0.000000000000000000e+00	4.684620324145153877e-03
7.920031399431677528e+03	0.000000000000000000e+00	4.683595403585778111e-03
7.929397565674212274e+03	0.000000000000000000e+00	4.682571524226609126e-03
7.938761685197898260e+03	0.000000000000000000e+00	4.681548683858317850e-03
7.948123760078525265e+03	0.000000000000000000e+00	4.680526880278972068e-03
7.957483792387451103e+03	0.000000000000000000e+00	4.679506111294071125e-03
7.966841784191709849e+03	0.000000000000000000e+00	4.678486374716447904e-03
7.976197737553913612e+03	0.000000000000000000e+00	4.677467668366315674e-03
7.985551654532360772e+03	0.000000000000000000e+00	4.676449990071139713e-03
7.994903537180951389e+03	0.000000000000000000e+00	4.675433337665660730e-03
8.004253387549358195e+03	0.000000000000000000e+00	4.674417708991876648e-03
8.013601207682841050e+03	0.000000000000000000e+00	4.673403101898986230e-03
8.022946999622436124e+03	0.000000000000000000e+00	4.672389514243315348e-03
8.032290765404900412e+03	0.000000000000000000e+00	4.671376943888350813e-03
8.041632507062710829e+03	0.000000000000000000e+00	4.670365388704683131e-03
8.050972226624051473e+03	0.000000000000000000e+00	4.669354846569977874e-03
8.060309926112939138e+03	0.000000000000000000e+00	4.668345315368913236e-03
8.069645607549077795e+03	0.000000000000000000e+00	4.667336792993206050e-03
8.078979272948042308e+03	0.000000000000000000e+00	4.666329277341549342e-03
8.088310924321193852e+03	0.000000000000000000e+00	4.665322766319555947e-03
8.097640563675689918e+03	0.000000000000000000e+00	4.664317257839761983e-03
8.106968193014522512e+03	0.000000000000000000e+00	4.663312749821567869e-03
8.116293814336550895e+03	0.000000000000000000e+00	4.662309240191244396e-03
8.125617429636471570e+03	0.000000000000000000e+00	4.661306726881878949e-03
8.134939040904884678e+03	0.000000000000000000e+00	4.660305207833337349e-03
8.144258650128285808e+03	0.000000000000000000e+00	4.659304680992249967e-03
8.153576259288967776e+03	0.000000000000000000e+00	4.658305144311989179e-03
8.162891870365229806e+03	0.000000000000000000e+00	4.657306595752604313e-03
8.172205485331302043e+03	0.000000000000000000e+00	4.656309033280804296e-03
8.181517106157329181e+03	0.000000000000000000e+00	4.655312454869975011e-03
8.190826734809387744e+03	0.000000000000000000e+00	4.654316858500045714e-03
8.200134373249549753e+03	0.000000000000000000e+00	4.653322242157626951e-03
8.209440023435867261e+03	0.000000000000000000e+00	4.652328603835811927e-03
8.218743687322386904e+03	0.000000000000000000e+00	4.651335941534208603e-03
8.228045366859152637e+03	0.000000000000000000e+00	4.650344253258936224e-03
8.237345063992246651e+03	0.000000000000000000e+00	4.649353537022568941e-03
8.246642780663776648e+03	0.000000000000000000e+00	4.648363790844134077e-03
8.255938518811792164e+03	0.000000000000000000e+00	4.647375012749066156e-03
8.265232280370551962e+03	0.000000000000000000e+00	4.646387200769140115e-03
8.274524067270322121e+03	0.000000000000000000e+00	4.645400352942512072e-03
8.283813881437485179e+03	0.000000000000000000e+00	4.644414467313688968e-03
8.293101724794381880e+03	0.000000000000000000e+00	4.643429541933412341e-03
8.302387599259624039e+03	0.000000000000000000e+00	4.642445574858737253e-03
8.311671506747892636e+03	0.000000000000000000e+00	4.641462564152931680e-03
8.320953449169937812e+03	0.000000000000000000e+00	4.640480507885526816e-03
8.330233428432840810e+03	0.000000000000000000e+00	4.639499404132137531e-03
8.339511446439611973e+03	0.000000000000000000e+00	4.638519250974643647e-03
8.348787505089530896e+03	0.000000000000000000e+00	4.637540046500987848e-03
8.358061606278046384e+03	0.000000000000000000e+00	4.636561788805282358e-03
8.367333751896872855e+03	0.000000000000000000e+00	4.635584475987638946e-03
8.376603943833812082e+03	0.000000000000000000e+00	4.634608106154287747e-03
8.385872183972995117e+03	0.000000000000000000e+00	4.633632677417447165e-03
8.395138474194678565e+03	0.000000000000000000e+00	4.632658187895352490e-03
8.404402816375439215e+03	0.000000000000000000e+00	4.631684635712227278e-03
8.413665212388072177e+03	0.000000000000000000e+00	4.630712018998211360e-03
8.422925664101638176e+03	0.000000000000000000e+00	4.629740335889369514e-03
8.432184173381559958e+03	0.000000000000000000e+00	4.628769584527696671e-03
8.441440742089402193e+03	0.000000000000000000e+00	4.627799763061019034e-03
8.450695372083135226e+03	0.000000000000000000e+00	4.626830869643041785e-03
8.459948065216962277e+03	0.000000000000000000e+00	4.625862902433271022e-03
8.469198823341563184e+03	0.000000000000000000e+00	4.624895859597053654e-03
8.478447648303783353e+03	0.000000000000000000e+00	4.623929739305449906e-03
8.487694541946937534e+03	0.000000000000000000e+00	4.622964539735283616e-03
8.496939506110671573e+03	0.000000000000000000e+00	4.622000259069126635e-03
8.506182542630867829e+03	0.000000000000000000e+00	4.621036895495206874e-03
8.515423653339974408e+03	0.000000000000000000e+00	4.620074447207446477e-03
8.524662840066725039e+03	0.000000000000000000e+00	4.619112912405445338e-03
8.533900104636266406e+03	0.000000000000000000e+00	4.618152289294421252e-03
8.543135448870280015e+03	0.000000000000000000e+00	4.617192576085173486e-03
8.552368874586782113e+03	0.000000000000000000e+00	4.616233770994034209e-03
8.561600383600150963e+03	0.000000000000000000e+00	4.615275872242963900e-03
8.570829977721325122e+03	0.000000000000000000e+00	4.614318878059438592e-03
8.580057658757694298e+03	0.000000000000000000e+00	4.613362786676450736e-03
8.589283428513108447e+03	0.000000000000000000e+00	4.612407596332435480e-03
8.598507288787846846e+03	0.000000000000000000e+00	4.611453305271324445e-03
8.607729241378812731e+03	0.000000000000000000e+00	4.610499911742468523e-03
8.616949288079153121e+03	0.000000000000000000e+00	4.609547414000660440e-03
8.626167430678777237e+03	0.000000000000000000e+00	4.608595810306081834e-03
8.635383670964078192e+03	0.000000000000000000e+00	4.607645098924254695e-03
8.644598010717882062e+03	0.000000000000000000e+00	4.606695278126044825e-03
8.653810451719733464e+03	0.000000000000000000e+00	4.605746346187701741e-03
8.663020995745546315e+03	0.000000000000000000e+00	4.604798301390710356e-03
8.672229644567929427e+03	0.000000000000000000e+00	4.603851142021886389e-03
8.681436399956130117e+03	0.000000000000000000e+00	4.602904866373282687e-03
8.690641263675690425e+03	0.000000000000000000e+00	4.601959472742184892e-03
8.699844237489031002e+03	0.000000000000000000e+00	4.601014959431100164e-03
8.709045323155105507e+03	0.000000000000000000e+00	4.600071324747758046e-03
8.718244522429471544e+03	0.000000000000000000e+00	4.599128567004991640e-03
8.727441837064281572e+03	0.000000000000000000e+00	4.598186684520859033e-03
8.736637268808486624e+03	0.000000000000000000e+00	4.597245675618481971e-03
8.745830819407477975e+03	0.000000000000000000e+00	4.596305538626156012e-03
8.755022490603436381e+03	0.000000000000000000e+00	4.595366271877210015e-03
8.764212284135255686e+03	0.000000000000000000e+00	4.594427873710078131e-03
8.773400201738340911e+03	0.000000000000000000e+00	4.593490342468184440e-03
8.782586245144939312e+03	0.000000000000000000e+00	4.592553676500057448e-03
8.791770416083882083e+03	0.000000000000000000e+00	4.591617874159171359e-03
8.800952716280877212e+03	0.000000000000000000e+00	4.590682933804007652e-03
8.810133147458174790e+03	0.000000000000000000e+00	4.589748853797987437e-03
8.819311711334874417e+03	0.000000000000000000e+00	4.588815632509497464e-03
8.828488409626808789e+03	0.000000000000000000e+00	4.587883268311836356e-03
8.837663244046461841e+03	0.000000000000000000e+00	4.586951759583189452e-03
8.846836216303252513e+03	0.000000000000000000e+00	4.586021104706666969e-03
8.856007328103196414e+03	0.000000000000000000e+00	4.585091302070208596e-03
8.865176581149218691e+03	0.000000000000000000e+00	4.584162350066599972e-03
8.874343977140973948e+03	0.000000000000000000e+00	4.583234247093467481e-03
8.883509517774893538e+03	0.000000000000000000e+00	4.582306991553204527e-03
8.892673204744252871e+03	0.000000000000000000e+00	4.581380581853014035e-03
8.901835039739167769e+03	0.000000000000000000e+00	4.580455016404852073e-03
8.910995024446527168e+03	0.000000000000000000e+00	4.579530293625438259e-03
8.920153160550131361e+03	0.000000000000000000e+00	4.578606411936213261e-03
8.929309449730510096e+03	0.000000000000000000e+00	4.577683369763334460e-03
8.938463893665188152e+03	0.000000000000000000e+00	4.576761165537612634e-03
8.947616494028456145e+03	0.000000000000000000e+00	4.575839797694529303e-03
8.956767252491617910e+03	0.000000000000000000e+00	4.574919264674242800e-03
8.965916170722617608e+03	0.000000000000000000e+00	4.573999564921548376e-03
8.975063250386494474e+03	0.000000000000000000e+00	4.573080696885823554e-03
8.984208493145177272e+03	0.000000000000000000e+00	4.572162659021057618e-03
8.993351900657396982e+03	0.000000000000000000e+00	4.571245449785828197e-03
9.002493474579003305e+03	0.000000000000000000e+00	4.570329067643245750e-03
9.011633216562453526e+03	0.000000000000000000e+00	4.569413511060939695e-03
9.020771128257416422e+03	0.000000000000000000e+00	4.568498778511132126e-03
9.029907211310477578e+03	0.000000000000000000e+00	4.567584868470483429e-03
9.039041467365115750e+03	0.000000000000000000e+00	4.566671779420159935e-03
9.048173898061790169e+03	0.000000000000000000e+00	4.565759509845799223e-03
9.057304505037936906e+03	0.000000000000000000e+00	4.564848058237507521e-03
9.066433289928012528e+03	0.000000000000000000e+00	4.563937423089785110e-03
9.075560254363372223e+03	0.000000000000000000e+00	4.563027602901553216e-03
9.084685399972504456e+03	0.000000000000000000e+00	4.562118596176160078e-03
9.093808728380805405e+03	0.000000000000000000e+00	4.561210401421290743e-03
9.102930241210706299e+03	0.000000000000000000e+00	4.560303017149020845e-03
9.112049940081735258e+03	0.000000000000000000e+00	4.559396441875799254e-03
9.121167826610346310e+03	0.000000000000000000e+00	4.558490674122348332e-03
9.130283902410206792e+03	0.000000000000000000e+00	4.557585712413682148e-03
9.139398169091828095e+03	0.000000000000000000e+00	4.556681555279194946e-03
9.148510628262947648e+03	0.000000000000000000e+00	4.555778201252518901e-03
9.157621281528277905e+03	0.000000000000000000e+00	4.554875648871498962e-03
9.166730130489704607e+03	0.000000000000000000e+00	4.553973896678272654e-03
9.175837176746124896e+03	0.000000000000000000e+00	4.553072943219207622e-03
9.184942421893529172e+03	0.000000000000000000e+00	4.552172787044866942e-03
9.194045867525092035e+03	0.000000000000000000e+00	4.551273426709978760e-03
9.203147515230994031e+03	0.000000000000000000e+00	4.550374860773490071e-03
9.212247366598636290e+03	0.000000000000000000e+00	4.549477087798518143e-03
9.221345423212484093e+03	0.000000000000000000e+00	4.548580106352271592e-03
9.230441686654190562e+03	0.000000000000000000e+00	4.547683915006160531e-03
9.239536158502489343e+03	0.000000000000000000e+00	4.546788512335628307e-03
9.248628840333389235e+03	0.000000000000000000e+00	4.545893896920278135e-03
9.257719733719872238e+03	0.000000000000000000e+00	4.545000067343759470e-03
9.266808840232242801e+03	0.000000000000000000e+00	4.544107022193794899e-03
9.275896161437991395e+03	0.000000000000000000e+00	4.543214760062143712e-03
9.284981698901658092e+03	0.000000000000000000e+00	4.542323279544608836e-03
9.294065454185179988e+03	0.000000000000000000e+00	4.541432579241050718e-03
9.303147428847527408e+03	0.000000000000000000e+00	4.540542657755288446e-03
9.312227624444982212e+03	0.000000000000000000e+00	4.539653513695111886e-03
9.321306042530959530e+03	0.000000000000000000e+00	4.538765145672295567e-03
9.330382684656156925e+03	0.000000000000000000e+00	4.537877552302607351e-03
9.339457552368492543e+03	0.000000000000000000e+00	4.536990732205750318e-03
9.348530647213137854e+03	0.000000000000000000e+00	4.536104684005292514e-03
9.357601970732512200e+03	0.000000000000000000e+00	4.535219406328770166e-03
9.366671524466322808e+03	0.000000000000000000e+00	4.534334897807580124e-03
9.375739309951472023e+03	0.000000000000000000e+00	4.533451157077052728e-03
9.384805328722217382e+03	0.000000000000000000e+00	4.532568182776326900e-03
9.393869582310037003e+03	0.000000000000000000e+00	4.531685973548426477e-03
9.402932072243735092e+03	0.000000000000000000e+00	4.530804528040160463e-03
9.411992800049356447e+03	0.000000000000000000e+00	4.529923844902262672e-03
9.421051767250353805e+03	0.000000000000000000e+00	4.529043922789167953e-03
9.430108975367409585e+03	0.000000000000000000e+00	4.528164760359158769e-03
9.439164425918575944e+03	0.000000000000000000e+00	4.527286356274309691e-03
9.448218120419167462e+03	0.000000000000000000e+00	4.526408709200427545e-03
9.457270060381866642e+03	0.000000000000000000e+00	4.525531817807071366e-03
9.466320247316762106e+03	0.000000000000000000e+00	4.524655680767535916e-03
9.475368682731193985e+03	0.000000000000000000e+00	4.523780296758849080e-03
9.484415368129919443e+03	0.000000000000000000e+00	4.522905664461770135e-03
9.493460305015043559e+03	0.000000000000000000e+00	4.522031782560690868e-03
9.502503494886117551e+03	0.000000000000000000e+00	4.521158649743728386e-03
9.511544939239860469e+03	0.000000000000000000e+00	4.520286264702643581e-03
9.520584639570559375e+03	0.000000000000000000e+00	4.519414626132863683e-03
9.529622597369892901e+03	0.000000000000000000e+00	4.518543732733442363e-03
9.538658814126887592e+03	0.000000000000000000e+00	4.517673583207099629e-03
9.547693291327959741e+03	0.000000000000000000e+00	4.516804176260071774e-03
9.556726030457050001e+03	0.000000000000000000e+00	4.515935510602303929e-03
9.565757032995414193e+03	0.000000000000000000e+00	4.515067584947267919e-03
9.574786300421790656e+03	0.000000000000000000e+00	4.514200398011993486e-03
9.583813834212296570e+03	0.000000000000000000e+00	4.513333948517109923e-03
9.592839635840518895e+03	0.000000000000000000e+00	4.512468235186755869e-03
9.601863706777596235e+03	0.000000000000000000e+00	4.511603256748594054e-03
9.610886048491980546e+03	0.000000000000000000e+00	4.510739011933863341e-03
9.619906662449664509e+03	0.000000000000000000e+00	4.509875499477248618e-03
9.628925550114114230e+03	0.000000000000000000e+00	4.509012718116937185e-03
9.637942712946225583e+03	0.000000000000000000e+00	4.508150666594600529e-03
9.646958152404493376e+03	0.000000000000000000e+00	4.507289343655384792e-03
9.655971869944791251e+03	0.000000000000000000e+00	4.506428748047902090e-03
9.664983867020522666e+03	0.000000000000000000e+00	4.505568878524164600e-03
9.673994145082593604e+03	0.000000000000000000e+00	4.504709733839650475e-03
9.683002705579514441e+03	0.000000000000000000e+00	4.503851312753214507e-03
9.692009549957181662e+03	0.000000000000000000e+00	4.502993614027122823e-03
9.701014679659048852e+03	0.000000000000000000e+00	4.502136636427077170e-03
9.710018096126206729e+03	0.000000000000000000e+00	4.501280378722092614e-03
9.719019800797172138e+03	0.000000000000000000e+00	4.500424839684593822e-03
9.728019795108119069e+03	0.000000000000000000e+00	4.499570018090366490e-03
9.737018080492616718e+03	0.000000000000000000e+00	4.498715912718460191e-03
9.746014658381924164e+03	0.000000000000000000e+00	4.497862522351334102e-03
9.755009530204852126e+03	0.000000000000000000e+00	4.497009845774745107e-03
9.764002697387750231e+03	0.000000000000000000e+00	4.496157881777720043e-03
9.772994161354592507e+03	0.000000000000000000e+00	4.495306629152605142e-03
9.781983923526888248e+03	0.000000000000000000e+00	4.494456086695017456e-03
9.790971985323803892e+03	0.000000000000000000e+00	4.493606253203839655e-03
9.799958348162053881e+03	0.000000000000000000e+00	4.492757127481226097e-03
9.808943013455991604e+03	0.000000000000000000e+00	4.491908708332542112e-03
9.817925982617536647e+03	0.000000000000000000e+00	4.491060994566409975e-03
9.826907257056327580e+03	0.000000000000000000e+00	4.490213984994678546e-03
9.835886838179532788e+03	0.000000000000000000e+00	4.489367678432379903e-03
9.844864727391975975e+03	0.000000000000000000e+00	4.488522073697787454e-03
9.853840926096141629e+03	0.000000000000000000e+00	4.487677169612303181e-03
9.862815435692153187e+03	0.000000000000000000e+00	4.486832965000539172e-03
9.871788257577829427e+03	0.000000000000000000e+00	4.485989458690262111e-03
9.880759393148517120e+03	0.000000000000000000e+00	4.485146649512384599e-03
9.889728843797389345e+03	0.000000000000000000e+00	4.484304536300945214e-03
9.898696610915174460e+03	0.000000000000000000e+00	4.483463117893125849e-03
9.907662695890308896e+03	0.000000000000000000e+00	4.482622393129249982e-03
9.916627100108935338e+03	0.000000000000000000e+00	4.481782360852721962e-03
9.925589824954884534e+03	0.000000000000000000e+00	4.480943019910033943e-03
9.934550871809677119e+03	0.000000000000000000e+00	4.480104369150745072e-03
9.943510242052521789e+03	0.000000000000000000e+00	4.479266407427557814e-03
9.952467937060337135e+03	0.000000000000000000e+00	4.478429133596159226e-03
9.961423958207751639e+03	0.000000000000000000e+00	4.477592546515311162e-03
9.970378306867176434e+03	0.000000000000000000e+00	4.476756645046814712e-03
9.979330984408659788e+03	0.000000000000000000e+00	4.475921428055536222e-03
9.988281992200048990e+03	0.000000000000000000e+00	4.475086894409286732e-03
9.997231331606893946e+03	0.000000000000000000e+00	4.474253042978965957e-03
1.000617900399247446e+04	0.000000000000000000e+00	4.473419872638407895e-03
1.001512501071789848e+04	0.000000000000000000e+00	4.472587382264453688e-03
1.002406935314193106e+04	0.000000000000000000e+00	4.471755570736915195e-03
1.003301203262119088e+04	0.000000000000000000e+00	4.470924436938585392e-03
1.004195305050997376e+04	0.000000000000000000e+00	4.470093979755201952e-03
1.005089240816048368e+04	0.000000000000000000e+00	4.469264198075418616e-03
1.005983010692250173e+04	0.000000000000000000e+00	4.468435090790862443e-03
1.006876614814375171e+04	0.000000000000000000e+00	4.467606656796084368e-03
1.007770053316972189e+04	0.000000000000000000e+00	4.466778894988518434e-03
1.008663326334369413e+04	0.000000000000000000e+00	4.465951804268494807e-03
1.009556434000670743e+04	0.000000000000000000e+00	4.465125383539261458e-03
1.010449376449775809e+04	0.000000000000000000e+00	4.464299631706935591e-03
1.011342153815339771e+04	0.000000000000000000e+00	4.463474547680514048e-03
1.012234766230819696e+04	0.000000000000000000e+00	4.462650130371859439e-03
1.013127213829452376e+04	0.000000000000000000e+00	4.461826378695682785e-03
1.014019496744255412e+04	0.000000000000000000e+00	4.461003291569507097e-03
1.014911615108037404e+04	0.000000000000000000e+00	4.460180867913734158e-03
1.015803569053375759e+04	0.000000000000000000e+00	4.459359106651550851e-03
1.016695358712644338e+04	0.000000000000000000e+00	4.458538006708954310e-03
1.017586984217999998e+04	0.000000000000000000e+00	4.457717567014751921e-03
