0.000000000000000000e+00	0.000000000000000000e+00	0.000000000000000000e+00
5.089214389144670747e+01	0.000000000000000000e+00	2.538295975672288929e-02
1.015353888131727587e+02	0.000000000000000000e+00	2.526122833681505517e-02
1.519403307051651950e+02	0.000000000000000000e+00	2.514458723018229286e-02
2.021167612057588769e+02	0.000000000000000000e+00	2.503265395493036935e-02
2.520737435330069616e+02	0.000000000000000000e+00	2.492508188831746990e-02
3.018196803569995836e+02	0.000000000000000000e+00	2.482155649797496144e-02
3.513623745684718642e+02	0.000000000000000000e+00	2.472179199784630202e-02
4.007090837418534761e+02	0.000000000000000000e+00	2.462552837867594893e-02
4.498665689968349284e+02	0.000000000000000000e+00	2.453252876900630791e-02
4.988411388799510746e+02	0.000000000000000000e+00	2.444257708800724738e-02
5.476386888151013181e+02	0.000000000000000000e+00	2.435547595615251276e-02
5.962647366081650944e+02	0.000000000000000000e+00	2.427104483386573891e-02
6.447244544348152431e+02	0.000000000000000000e+00	2.418911836185261288e-02
6.930226976912424561e+02	0.000000000000000000e+00	2.410954487999104889e-02
7.411640310441069914e+02	0.000000000000000000e+00	2.403218510441113356e-02
7.891527519778088617e+02	0.000000000000000000e+00	2.395691094481737504e-02
8.369929121033062529e+02	0.000000000000000000e+00	2.388360444623456591e-02
8.846883364631707991e+02	0.000000000000000000e+00	2.381215684122133316e-02
9.322426410411758297e+02	0.000000000000000000e+00	2.374246770023127895e-02
9.796592486616237920e+02	0.000000000000000000e+00	2.367444416924732384e-02
1.026941403443174522e+03	0.000000000000000000e+00	2.360800028507282003e-02
1.074092183953727726e+03	0.000000000000000000e+00	2.354305635977993472e-02
1.121114515197100445e+03	0.000000000000000000e+00	2.347953842679374389e-02
1.168011179547862412e+03	0.000000000000000000e+00	2.341737774195174621e-02
1.214784826738384709e+03	0.000000000000000000e+00	2.335651033364008824e-02
1.261437982990793671e+03	0.000000000000000000e+00	2.329687659677152911e-02
1.307973059376820174e+03	0.000000000000000000e+00	2.323842092597016781e-02
1.354392359479842071e+03	0.000000000000000000e+00	2.318109138383646350e-02
1.400698086425388965e+03	0.000000000000000000e+00	2.312483940063654597e-02
1.446892349339767179e+03	0.000000000000000000e+00	2.306961950215909163e-02
1.492977169290119036e+03	0.000000000000000000e+00	2.301538906284608665e-02
1.538954484753834549e+03	0.000000000000000000e+00	2.296210808161795042e-02
1.584826156660460811e+03	0.000000000000000000e+00	2.290973897809797308e-02
1.630593973044647100e+03	0.000000000000000000e+00	2.285824640718556178e-02
1.676259653345122160e+03	0.000000000000000000e+00	2.280759709015481307e-02
1.721824852380970697e+03	0.000000000000000000e+00	2.275775966064115183e-02
1.767291164033599671e+03	0.000000000000000000e+00	2.270870452406231407e-02
1.812660124659884787e+03	0.000000000000000000e+00	2.266040372916575812e-02
1.857933216259496476e+03	0.000000000000000000e+00	2.261283085053663114e-02
1.903111869417426078e+03	0.000000000000000000e+00	2.256596088101985725e-02
1.948197466040386644e+03	0.000000000000000000e+00	2.251977013311642212e-02
1.993191341904331011e+03	0.000000000000000000e+00	2.247423614851593726e-02
2.038094789028547211e+03	0.000000000000000000e+00	2.242933761500646647e-02
2.082909057890348777e+03	0.000000000000000000e+00	2.238505429008414219e-02
2.127635359493161104e+03	0.000000000000000000e+00	2.234136693064995779e-02
2.172274867299719062e+03	0.000000000000000000e+00	2.229825722824603507e-02
2.216828719040729538e+03	0.000000000000000000e+00	2.225570774933300147e-02
2.261298018408856933e+03	0.000000000000000000e+00	2.221370188016391981e-02
2.305683836646656800e+03	0.000000000000000000e+00	2.217222377584951790e-02
2.349987214036599198e+03	0.000000000000000000e+00	2.213125831325081852e-02
2.394209161300333108e+03	0.000000000000000000e+00	2.209079104737069962e-02
2.438350660914027685e+03	0.000000000000000000e+00	2.205080817094471138e-02
2.482412668345920792e+03	0.000000000000000000e+00	2.201129647696261835e-02
2.526396113221569067e+03	0.000000000000000000e+00	2.197224332387348253e-02
2.570301900421988648e+03	0.000000000000000000e+00	2.193363660325649972e-02
2.614130911119515986e+03	0.000000000000000000e+00	2.189546470975083786e-02
2.657884003755560570e+03	0.000000000000000000e+00	2.185771651306547131e-02
2.701562014964369155e+03	0.000000000000000000e+00	2.182038133189969503e-02
2.745165760446382592e+03	0.000000000000000000e+00	2.178344890962439009e-02
2.788696035794616364e+03	0.000000000000000000e+00	2.174690939158353820e-02
2.832153617277148442e+03	0.000000000000000000e+00	2.171075330389356933e-02
2.875539262578621219e+03	0.000000000000000000e+00	2.167497153362142603e-02
2.918853711503368686e+03	0.000000000000000000e+00	2.163955531023814549e-02
2.962097686642666304e+03	0.000000000000000000e+00	2.160449618825353510e-02
3.005271894008366871e+03	0.000000000000000000e+00	2.156978603094013291e-02
3.048377023634956913e+03	0.000000000000000000e+00	2.153541699506942783e-02
3.091413750152093598e+03	0.000000000000000000e+00	2.150138151658475064e-02
3.134382733329377970e+03	0.000000000000000000e+00	2.146767229714376807e-02
3.177284618594915173e+03	0.000000000000000000e+00	2.143428229146739430e-02
3.220120037529474303e+03	0.000000000000000000e+00	2.140120469544056631e-02
3.262889608337482514e+03	0.000000000000000000e+00	2.136843293490832060e-02
3.305593936296293577e+03	0.000000000000000000e+00	2.133596065512341142e-02
3.348233614184923226e+03	0.000000000000000000e+00	2.130378171079682151e-02
3.390809222693505035e+03	0.000000000000000000e+00	2.127189015671342859e-02
3.433321330814492285e+03	0.000000000000000000e+00	2.124028023887264416e-02
3.475770496216631727e+03	0.000000000000000000e+00	2.120894638611948990e-02
3.518157265602666484e+03	0.000000000000000000e+00	2.117788320223575743e-02
3.560482175051644390e+03	0.000000000000000000e+00	2.114708545845850329e-02
3.602745750346693058e+03	0.000000000000000000e+00	2.111654808640066674e-02
3.644948507289017925e+03	0.000000000000000000e+00	2.108626617134620046e-02
3.687090951998800392e+03	0.000000000000000000e+00	2.105623494589761377e-02
3.729173581203765480e+03	0.000000000000000000e+00	2.102644978395296071e-02
3.771196882516024743e+03	0.000000000000000000e+00	2.099690619499261848e-02
3.813161334697757411e+03	0.000000000000000000e+00	2.096759981865617406e-02
3.855067407916306365e+03	0.000000000000000000e+00	2.093852641959156186e-02
3.896915563989299244e+03	0.000000000000000000e+00	2.090968188256180776e-02
3.938706256620159365e+03	0.000000000000000000e+00	2.088106220779144956e-02
3.980439931624594010e+03	0.000000000000000000e+00	2.085266350654152098e-02
4.022117027148357920e+03	0.000000000000000000e+00	2.082448199689648088e-02
4.063737973876905016e+03	0.000000000000000000e+00	2.079651399975384132e-02
4.105303195237169348e+03	0.000000000000000000e+00	2.076875593500274175e-02
4.146813107591819971e+03	0.000000000000000000e+00	2.074120431788201158e-02
4.188268120426482710e+03	0.000000000000000000e+00	2.071385575550717048e-02
4.229668636530195727e+03	0.000000000000000000e+00	2.068670694355643699e-02
4.271015052169319461e+03	0.000000000000000000e+00	2.065975466310876821e-02
4.312307757255253819e+03	0.000000000000000000e+00	2.063299577762305742e-02
4.353547135506354607e+03	0.000000000000000000e+00	2.060642723005311899e-02
4.394733564604059211e+03	0.000000000000000000e+00	2.058004604008985966e-02
4.435867416343785408e+03	0.000000000000000000e+00	2.055384930152454048e-02
4.476949056780557839e+03	0.000000000000000000e+00	2.052783417972619401e-02
4.517978846369713210e+03	0.000000000000000000e+00	2.050199790922782248e-02
4.558957140102965241e+03	0.000000000000000000e+00	2.047633779141528818e-02
4.599884287639785725e+03	0.000000000000000000e+00	2.045085119231411508e-02
4.640760633434600095e+03	0.000000000000000000e+00	2.042553554046846326e-02
4.681586516859771109e+03	0.000000000000000000e+00	2.040038832490841461e-02
4.722362272324643527e+03	0.000000000000000000e+00	2.037540709320096247e-02
4.763088229390658853e+03	0.000000000000000000e+00	2.035058944958028498e-02
4.803764712882917593e+03	0.000000000000000000e+00	2.032593305315359353e-02
4.844392042998214492e+03	0.000000000000000000e+00	2.030143561617852449e-02
4.884970535409603144e+03	0.000000000000000000e+00	2.027709490240989579e-02
4.925500501367906509e+03	0.000000000000000000e+00	2.025290872551043300e-02
4.965982247799908691e+03	0.000000000000000000e+00	2.022887494752448681e-02
5.006416077403631789e+03	0.000000000000000000e+00	2.020499147741045345e-02
5.046802288740794211e+03	0.000000000000000000e+00	2.018125626962938290e-02
5.087141176326411369e+03	0.000000000000000000e+00	2.015766732278762019e-02
5.127433030715814311e+03	0.000000000000000000e+00	2.013422267833099577e-02
5.167678138588991715e+03	0.000000000000000000e+00	2.011092041928742857e-02
5.207876782832634490e+03	0.000000000000000000e+00	2.008775866905637350e-02
5.248029242619613797e+03	0.000000000000000000e+00	2.006473559024342032e-02
5.288135793486233524e+03	0.000000000000000000e+00	2.004184938353690756e-02
5.328196707407520989e+03	0.000000000000000000e+00	2.001909828662554180e-02
5.368212252869877375e+03	0.000000000000000000e+00	1.999648057315518354e-02
5.408182694942222952e+03	0.000000000000000000e+00	1.997399455172291227e-02
5.448108295344777616e+03	0.000000000000000000e+00	1.995163856490637586e-02
5.487989312516191603e+03	0.000000000000000000e+00	1.992941098832768168e-02
5.527826001678577086e+03	0.000000000000000000e+00	1.990731022974977921e-02
5.567618614901065484e+03	0.000000000000000000e+00	1.988533472820465733e-02
5.607367401161416637e+03	0.000000000000000000e+00	1.986348295315089330e-02
5.647072606406080922e+03	0.000000000000000000e+00	1.984175340366027898e-02
5.686734473608582448e+03	0.000000000000000000e+00	1.982014460763189406e-02
5.726353242826491623e+03	0.000000000000000000e+00	1.979865512103301528e-02
5.765929151256767909e+03	0.000000000000000000e+00	1.977728352716499535e-02
5.805462433289674664e+03	0.000000000000000000e+00	1.975602843595370903e-02
5.844953320561512555e+03	0.000000000000000000e+00	1.973488848326308831e-02
5.884402042005602198e+03	0.000000000000000000e+00	1.971386233023144849e-02
5.923808823902306358e+03	0.000000000000000000e+00	1.969294866262940452e-02
5.963173889927667005e+03	0.000000000000000000e+00	1.967214619023798308e-02
6.002497461200860926e+03	0.000000000000000000e+00	1.965145364624735005e-02
6.041779756330248347e+03	0.000000000000000000e+00	1.963086978667409957e-02
6.081020991458749450e+03	0.000000000000000000e+00	1.961039338979723295e-02
6.120221380307541040e+03	0.000000000000000000e+00	1.959002325561168614e-02
6.159381134219076557e+03	0.000000000000000000e+00	1.956975820529891288e-02
6.198500462199009235e+03	0.000000000000000000e+00	1.954959708071436417e-02
6.237579570956932912e+03	0.000000000000000000e+00	1.952953874388958441e-02
6.276618664946301578e+03	0.000000000000000000e+00	1.950958207655081530e-02
6.315617946403312999e+03	0.000000000000000000e+00	1.948972597965106454e-02
6.354577615384956516e+03	0.000000000000000000e+00	1.946996937291707239e-02
6.393497869806035851e+03	0.000000000000000000e+00	1.945031119440958703e-02
6.432378905475521606e+03	0.000000000000000000e+00	1.943075040009675097e-02
6.471220916131886042e+03	0.000000000000000000e+00	1.941128596343979357e-02
6.510024093477640236e+03	0.000000000000000000e+00	1.939191687499148761e-02
6.548788627213198197e+03	0.000000000000000000e+00	1.937264214200565271e-02
6.587514705069946103e+03	0.000000000000000000e+00	1.935346078805892656e-02
6.626202512842349279e+03	0.000000000000000000e+00	1.933437185268201131e-02
6.664852234419596243e+03	0.000000000000000000e+00	1.931537439100287218e-02
6.703464051816502433e+03	0.000000000000000000e+00	1.929646747339946317e-02
6.742038145203646309e+03	0.000000000000000000e+00	1.927765018516226087e-02
6.780574692936747851e+03	0.000000000000000000e+00	1.925892162616632194e-02
6.819073871585630513e+03	0.000000000000000000e+00	1.924028091055274975e-02
6.857535855962408277e+03	0.000000000000000000e+00	1.922172716641864718e-02
6.895960819149128838e+03	0.000000000000000000e+00	1.920325953551590970e-02
6.934348932524757402e+03	0.000000000000000000e+00	1.918487717295791831e-02
6.972700365791550212e+03	0.000000000000000000e+00	1.916657924693494081e-02
7.011015287001093384e+03	0.000000000000000000e+00	1.914836493843648582e-02
7.049293862579464985e+03	0.000000000000000000e+00	1.913023344098150821e-02
7.087536257352133362e+03	0.000000000000000000e+00	1.911218396035582398e-02
7.125742634568163339e+03	0.000000000000000000e+00	1.909421571435656467e-02
7.163913155924074999e+03	0.000000000000000000e+00	1.907632793254325845e-02
7.202047981587018512e+03	0.000000000000000000e+00	1.905851985599563148e-02
7.240147270217641562e+03	0.000000000000000000e+00	1.904079073707762651e-02
7.278211178992434725e+03	0.000000000000000000e+00	1.902313983920769780e-02
7.316239863625593898e+03	0.000000000000000000e+00	1.900556643663479581e-02
7.354233478390489836e+03	0.000000000000000000e+00	1.898806981422047208e-02
7.392192176140611991e+03	0.000000000000000000e+00	1.897064926722630621e-02
7.430116108330251336e+03	0.000000000000000000e+00	1.895330410110693253e-02
7.468005425034561085e+03	0.000000000000000000e+00	1.893603363130801076e-02
7.505860274969520106e+03	0.000000000000000000e+00	1.891883718306975465e-02
7.543680805511134167e+03	0.000000000000000000e+00	1.890171409123497445e-02
7.581467162714633560e+03	0.000000000000000000e+00	1.888466370006211190e-02
7.619219491332937650e+03	0.000000000000000000e+00	1.886768536304268135e-02
7.656937934835122178e+03	0.000000000000000000e+00	1.885077844272371739e-02
7.694622635424222608e+03	0.000000000000000000e+00	1.883394231053373349e-02
7.732273734054885608e+03	0.000000000000000000e+00	1.881717634661384322e-02
7.769891370450620343e+03	0.000000000000000000e+00	1.880047993965249312e-02
7.807475683120705980e+03	0.000000000000000000e+00	1.878385248672400851e-02
7.845026809376924575e+03	0.000000000000000000e+00	1.876729339313149697e-02
7.882544885349685501e+03	0.000000000000000000e+00	1.875080207225320386e-02
7.920030046004091673e+03	0.000000000000000000e+00	1.873437794539256282e-02
7.957482425155675628e+03	0.000000000000000000e+00	1.871802044163186837e-02
7.994902155485855474e+03	0.000000000000000000e+00	1.870172899768917166e-02
8.032289368556940644e+03	0.000000000000000000e+00	1.868550305777870804e-02
8.069644194827091269e+03	0.000000000000000000e+00	1.866934207347482888e-02
8.106966763664842802e+03	0.000000000000000000e+00	1.865324550357835148e-02
8.144257203363493318e+03	0.000000000000000000e+00	1.863721281398687118e-02
8.181515641155077901e+03	0.000000000000000000e+00	1.862124347756724183e-02
8.218742203224286641e+03	0.000000000000000000e+00	1.860533697403166792e-02
8.255937014721961532e+03	0.000000000000000000e+00	1.858949278981594094e-02
8.293100199778418755e+03	0.000000000000000000e+00	1.857371041796094038e-02
8.330231881516554495e+03	0.000000000000000000e+00	1.855798935799662583e-02
8.367332182064759763e+03	0.000000000000000000e+00	1.854232911582878729e-02
8.404401222569596939e+03	0.000000000000000000e+00	1.852672920362762390e-02
8.441439123208021556e+03	0.000000000000000000e+00	1.851118913971982333e-02
8.478446003199793267e+03	0.000000000000000000e+00	1.849570844848235154e-02
8.515421980819253804e+03	0.000000000000000000e+00	1.848028666023860192e-02
8.552367173407470545e+03	0.000000000000000000e+00	1.846492331115710817e-02
8.589281697383419669e+03	0.000000000000000000e+00	1.844961794315207876e-02
8.626165668255744094e+03	0.000000000000000000e+00	1.843437010378643978e-02
8.663019200633631044e+03	0.000000000000000000e+00	1.841917934617700106e-02
8.699842408238104326e+03	0.000000000000000000e+00	1.840404522890112457e-02
8.736635403912661786e+03	0.000000000000000000e+00	1.838896731590577982e-02
8.773398299633950955e+03	0.000000000000000000e+00	1.837394517641862887e-02
8.810131206522388311e+03	0.000000000000000000e+00	1.835897838486084260e-02
8.846834234852303780e+03	0.000000000000000000e+00	1.834406652076142966e-02
8.883507494062097976e+03	0.000000000000000000e+00	1.832920916867410849e-02
8.920151092764328496e+03	0.000000000000000000e+00	1.831440591809507107e-02
8.956765138755281441e+03	0.000000000000000000e+00	1.829965636338323071e-02
8.993349739024832161e+03	0.000000000000000000e+00	1.828496010368151070e-02
9.029904999765936736e+03	0.000000000000000000e+00	1.827031674283980181e-02
9.066431026383837889e+03	0.000000000000000000e+00	1.825572588933997709e-02
9.102927923505316357e+03	0.000000000000000000e+00	1.824118715622235001e-02
9.139395794987705813e+03	0.000000000000000000e+00	1.822670016101260101e-02
9.175834743927835007e+03	0.000000000000000000e+00	1.821226452565165646e-02
9.212244872670828045e+03	0.000000000000000000e+00	1.819787987642602217e-02
9.248626282818582695e+03	0.000000000000000000e+00	1.818354584389993839e-02
9.284979075238421501e+03	0.000000000000000000e+00	1.816926206284869699e-02
9.321303350071351815e+03	0.000000000000000000e+00	1.815502817219317305e-02
9.357599206740278532e+03	0.000000000000000000e+00	1.814084381493593842e-02
9.393866743958211373e+03	0.000000000000000000e+00	1.812670863809839883e-02
9.430106059736135649e+03	0.000000000000000000e+00	1.811262229265918691e-02
9.466317251390855745e+03	0.000000000000000000e+00	1.809858443349411650e-02
9.502500415552827690e+03	0.000000000000000000e+00	1.808459471931665730e-02
9.538655648173817099e+03	0.000000000000000000e+00	1.807065281262008535e-02
9.574783044534182409e+03	0.000000000000000000e+00	1.805675837962049390e-02
9.610882699250400037e+03	0.000000000000000000e+00	1.804291109020103243e-02
9.646954706282347615e+03	0.000000000000000000e+00	1.802911061785708938e-02
9.682999158940578127e+03	0.000000000000000000e+00	1.801535663964233883e-02
9.719016149893095644e+03	0.000000000000000000e+00	1.800164883611675079e-02
9.755005771172574896e+03	0.000000000000000000e+00	1.798798689129403952e-02
9.790968114183084253e+03	0.000000000000000000e+00	1.797437049259133918e-02
9.826903269706968786e+03	0.000000000000000000e+00	1.796079933077931665e-02
9.862811327911420449e+03	0.000000000000000000e+00	1.794727309993347786e-02
9.898692378354926404e+03	0.000000000000000000e+00	1.793379149738580022e-02
9.934546509993999280e+03	0.000000000000000000e+00	1.792035422367823164e-02
9.970373811189332628e+03	0.000000000000000000e+00	1.790696098251588764e-02
1.000617436971220559e+04	0.000000000000000000e+00	1.789361148072186533e-02
1.004194827275054558e+04	0.000000000000000000e+00	1.788030542819295590e-02
1.007769560691523111e+04	0.000000000000000000e+00	1.786704253785561386e-02
1.011341645824587067e+04	0.000000000000000000e+00	1.785382252562314753e-02
1.014911091221690549e+04	0.000000000000000000e+00	1.784064511035354794e-02
1.018477905374344846e+04	0.000000000000000000e+00	1.782751001380789013e-02
1.022042096718691027e+04	0.000000000000000000e+00	1.781441696060991758e-02
1.025603673636087115e+04	0.000000000000000000e+00	1.780136567820600479e-02
1.029162644453653593e+04	0.000000000000000000e+00	1.778835589682577212e-02
1.032719017444830934e+04	0.000000000000000000e+00	1.777538734944366858e-02
1.036272800829930929e+04	0.000000000000000000e+00	1.776245977174107163e-02
1.039824002776665657e+04	0.000000000000000000e+00	1.774957290206908081e-02
1.043372631400684622e+04	0.000000000000000000e+00	1.773672648141186650e-02
1.046918694766097542e+04	0.000000000000000000e+00	1.772392025335087565e-02
1.050462200885981474e+04	0.000000000000000000e+00	1.771115396402948503e-02
1.054003157722889773e+04	0.000000000000000000e+00	1.769842736211814371e-02
1.057541573189371411e+04	0.000000000000000000e+00	1.768574019878061884e-02
1.061077455148452464e+04	0.000000000000000000e+00	1.767309222764003665e-02
1.064610811414123782e+04	0.000000000000000000e+00	1.766048320474619335e-02
1.068141649751826662e+04	0.000000000000000000e+00	1.764791288854336906e-02
1.071669977878927602e+04	0.000000000000000000e+00	1.763538103983793709e-02
1.075195803465194876e+04	0.000000000000000000e+00	1.762288742176755865e-02
1.078719134133246553e+04	0.000000000000000000e+00	1.761043179977018688e-02
1.082239977459009606e+04	0.000000000000000000e+00	1.759801394155375426e-02
1.085758340972198312e+04	0.000000000000000000e+00	1.758563361706654352e-02
1.089274232156725338e+04	0.000000000000000000e+00	1.757329059846777022e-02
1.092787658451150492e+04	0.000000000000000000e+00	1.756098466009900494e-02
1.096298627249118726e+04	0.000000000000000000e+00	1.754871557845581048e-02
1.099807145899802163e+04	0.000000000000000000e+00	1.753648313215969146e-02
1.103313221708294259e+04	0.000000000000000000e+00	1.752428710193084174e-02
1.106816861936040368e+04	0.000000000000000000e+00	1.751212727056148180e-02
1.110318073801249011e+04	0.000000000000000000e+00	1.750000342288878658e-02
1.113816864479302058e+04	0.000000000000000000e+00	1.748791534576920811e-02
1.117313241103154360e+04	0.000000000000000000e+00	1.747586282805272534e-02
1.120807210763718103e+04	0.000000000000000000e+00	1.746384566055754831e-02
1.124298780510277720e+04	0.000000000000000000e+00	1.745186363604550595e-02
1.127787957350848046e+04	0.000000000000000000e+00	1.743991654919720830e-02
1.131274748252585232e+04	0.000000000000000000e+00	1.742800419658819405e-02
1.134759160142142900e+04	0.000000000000000000e+00	1.741612637666550140e-02
1.138241199906047041e+04	0.000000000000000000e+00	1.740428288972381901e-02
1.141720874391063262e+04	0.000000000000000000e+00	1.739247353788330938e-02
1.145198190404562229e+04	0.000000000000000000e+00	1.738069812506608247e-02
1.148673154714883094e+04	0.000000000000000000e+00	1.736895645697479965e-02
1.152145774051674562e+04	0.000000000000000000e+00	1.735724834107035819e-02
1.155616055106255953e+04	0.000000000000000000e+00	1.734557358655041542e-02
1.159084004531959545e+04	0.000000000000000000e+00	1.733393200432830489e-02
1.162549628944465985e+04	0.000000000000000000e+00	1.732232340701223700e-02
1.166012934922153363e+04	0.000000000000000000e+00	1.731074760888444072e-02
1.169473929006411345e+04	0.000000000000000000e+00	1.729920442588099919e-02
1.172932617701987692e+04	0.000000000000000000e+00	1.728769367557204950e-02
1.176389007477303676e+04	0.000000000000000000e+00	1.727621517714214919e-02
1.179843104764770578e+04	0.000000000000000000e+00	1.726476875137088543e-02
1.183294915961127845e+04	0.000000000000000000e+00	1.725335422061375149e-02
1.186744447427739397e+04	0.000000000000000000e+00	1.724197140878340820e-02
1.190191705490891218e+04	0.000000000000000000e+00	1.723062014133141737e-02
1.193636696442130597e+04	0.000000000000000000e+00	1.721930024522972877e-02
1.197079426538539701e+04	0.000000000000000000e+00	1.720801154895299986e-02
1.200519902003045536e+04	0.000000000000000000e+00	1.719675388246086345e-02
1.203958129024710252e+04	0.000000000000000000e+00	1.718552707718047981e-02
1.207394113759035463e+04	0.000000000000000000e+00	1.717433096598941500e-02
1.210827862328242554e+04	0.000000000000000000e+00	1.716316538319857810e-02
1.214259380821547529e+04	0.000000000000000000e+00	1.715203016453604665e-02
1.217688675295458597e+04	0.000000000000000000e+00	1.714092514713007678e-02
1.221115751774044475e+04	0.000000000000000000e+00	1.712985016949346295e-02
1.224540616249221421e+04	0.000000000000000000e+00	1.711880507150713090e-02
1.227963274681008988e+04	0.000000000000000000e+00	1.710778969440487560e-02
1.231383732997814150e+04	0.000000000000000000e+00	1.709680388075751623e-02
1.234801997096689593e+04	0.000000000000000000e+00	1.708584747445793250e-02
1.238218072843589653e+04	0.000000000000000000e+00	1.707492032070589277e-02
1.241631966073646799e+04	0.000000000000000000e+00	1.706402226599312497e-02
1.245043682591414108e+04	0.000000000000000000e+00	1.705315315808894616e-02
1.248453228171133924e+04	0.000000000000000000e+00	1.704231284602587479e-02
1.251860608556964507e+04	0.000000000000000000e+00	1.703150118008510752e-02
1.255265829463261434e+04	0.000000000000000000e+00	1.702071801178288088e-02
1.258668896574796054e+04	0.000000000000000000e+00	1.700996319385635405e-02
1.262069815547014696e+04	0.000000000000000000e+00	1.699923658025032785e-02
1.265468592006264407e+04	0.000000000000000000e+00	1.698853802610366878e-02
1.268865231550042154e+04	0.000000000000000000e+00	1.697786738773593082e-02
1.272259739747229287e+04	0.000000000000000000e+00	1.696722452263468503e-02
1.275652122138314189e+04	0.000000000000000000e+00	1.695660928944231136e-02
1.279042384235630925e+04	0.000000000000000000e+00	1.694602154794333862e-02
1.282430531523585341e+04	0.000000000000000000e+00	1.693546115905218349e-02
1.285816569458883168e+04	0.000000000000000000e+00	1.692492798480060151e-02
1.289200503470726471e+04	0.000000000000000000e+00	1.691442188832547114e-02
1.292582338961077221e+04	0.000000000000000000e+00	1.690394273385708440e-02
1.295962081304843196e+04	0.000000000000000000e+00	1.689349038670702116e-02
1.299339735850104989e+04	0.000000000000000000e+00	1.688306471325643973e-02
1.302715307918313556e+04	0.000000000000000000e+00	1.687266558094473526e-02
1.306088802804526858e+04	0.000000000000000000e+00	1.686229285825812524e-02
1.309460225777594678e+04	0.000000000000000000e+00	1.685194641471832525e-02
1.312829582080384898e+04	0.000000000000000000e+00	1.684162612087165486e-02
1.316196876929964310e+04	0.000000000000000000e+00	1.683133184827796669e-02
1.319562115517815982e+04	0.000000000000000000e+00	1.682106346949992226e-02
1.322925303010035896e+04	0.000000000000000000e+00	1.681082085809255944e-02
1.326286444547526662e+04	0.000000000000000000e+00	1.680060388859232201e-02
1.329645545246204165e+04	0.000000000000000000e+00	1.679041243650724116e-02
1.333002610197174363e+04	0.000000000000000000e+00	1.678024637830638141e-02
1.336357644466937199e+04	0.000000000000000000e+00	1.677010559141002902e-02
1.339710653097561226e+04	0.000000000000000000e+00	1.675998995417925935e-02
1.343061641106895513e+04	0.000000000000000000e+00	1.674989934590678450e-02
1.346410613488724448e+04	0.000000000000000000e+00	1.673983364680669758e-02
1.349757575212971824e+04	0.000000000000000000e+00	1.672979273800543135e-02
1.353102531225888015e+04	0.000000000000000000e+00	1.671977650153161701e-02
1.356445486450206408e+04	0.000000000000000000e+00	1.670978482030739676e-02
1.359786445785332216e+04	0.000000000000000000e+00	1.669981757813911866e-02
1.363125414107529832e+04	0.000000000000000000e+00	1.668987465970802817e-02
1.366462396270083627e+04	0.000000000000000000e+00	1.667995595056125449e-02
1.369797397103464755e+04	0.000000000000000000e+00	1.667006133710342147e-02
1.373130421415520323e+04	0.000000000000000000e+00	1.666019070658746049e-02
1.376461473991628009e+04	0.000000000000000000e+00	1.665034394710622478e-02
1.379790559594869592e+04	0.000000000000000000e+00	1.664052094758383671e-02
1.383117682966190114e+04	0.000000000000000000e+00	1.663072159776733325e-02
1.386442848824570319e+04	0.000000000000000000e+00	1.662094578821846080e-02
1.389766061867178178e+04	0.000000000000000000e+00	1.661119341030525484e-02
1.393087326769544234e+04	0.000000000000000000e+00	1.660146435619423017e-02
1.396406648185693302e+04	0.000000000000000000e+00	1.659175851884201955e-02
1.399724030748347650e+04	0.000000000000000000e+00	1.658207579198779646e-02
1.403039479069035769e+04	0.000000000000000000e+00	1.657241607014568741e-02
1.406352997738263002e+04	0.000000000000000000e+00	1.656277924859637929e-02
1.409664591325685251e+04	0.000000000000000000e+00	1.655316522338003138e-02
1.412974264380222667e+04	0.000000000000000000e+00	1.654357389128862516e-02
1.416282021430239911e+04	0.000000000000000000e+00	1.653400514985859868e-02
1.419587866983681124e+04	0.000000000000000000e+00	1.652445889736356074e-02
1.422891805528216537e+04	0.000000000000000000e+00	1.651493503280692873e-02
1.426193841531373982e+04	0.000000000000000000e+00	1.650543345591484398e-02
1.429493979440732619e+04	0.000000000000000000e+00	1.649595406712899351e-02
1.432792223684006785e+04	0.000000000000000000e+00	1.648649676759994520e-02
1.436088578669217532e+04	0.000000000000000000e+00	1.647706145917994872e-02
1.439383048784826315e+04	0.000000000000000000e+00	1.646764804441627067e-02
1.442675638399862146e+04	0.000000000000000000e+00	1.645825642654446391e-02
1.445966351864084027e+04	0.000000000000000000e+00	1.644888650948165415e-02
1.449255193508094635e+04	0.000000000000000000e+00	1.643953819782012493e-02
1.452542167643493121e+04	0.000000000000000000e+00	1.643021139682058346e-02
1.455827278562984429e+04	0.000000000000000000e+00	1.642090601240605088e-02
1.459110530540522632e+04	0.000000000000000000e+00	1.641162195115540220e-02
1.462391927831456451e+04	0.000000000000000000e+00	1.640235912029715248e-02
1.465671474672630575e+04	0.000000000000000000e+00	1.639311742770305919e-02
1.468949175282535361e+04	0.000000000000000000e+00	1.638389678188222412e-02
1.472225033861427073e+04	0.000000000000000000e+00	1.637469709197509130e-02
1.475499054591446293e+04	0.000000000000000000e+00	1.636551826774737539e-02
1.478771241636752166e+04	0.000000000000000000e+00	1.635636021958412206e-02
1.482041599143643907e+04	0.000000000000000000e+00	1.634722285848424009e-02
1.485310131240680312e+04	0.000000000000000000e+00	1.633810609605420086e-02
1.488576842038807081e+04	0.000000000000000000e+00	1.632900984450257054e-02
1.491841735631457050e+04	0.000000000000000000e+00	1.631993401663472606e-02
1.495104816094698799e+04	0.000000000000000000e+00	1.631087852584684611e-02
1.498366087487326513e+04	0.000000000000000000e+00	1.630184328612055769e-02
1.501625553851005861e+04	0.000000000000000000e+00	1.629282821201750997e-02
1.504883219210348580e+04	0.000000000000000000e+00	1.628383321867406600e-02
1.508139087573073084e+04	0.000000000000000000e+00	1.627485822179603261e-02
1.511393162930082326e+04	0.000000000000000000e+00	1.626590313765328283e-02
1.514645449255589483e+04	0.000000000000000000e+00	1.625696788307453081e-02
1.517895950507238558e+04	0.000000000000000000e+00	1.624805237544248160e-02
1.521144670626194238e+04	0.000000000000000000e+00	1.623915653268856452e-02
1.524391613537268313e+04	0.000000000000000000e+00	1.623028027328785386e-02
1.527636783149020630e+04	0.000000000000000000e+00	1.622142351625424639e-02
1.530880183353861867e+04	0.000000000000000000e+00	1.621258618113553124e-02
1.534121818028172311e+04	0.000000000000000000e+00	1.620376818800865412e-02
1.537361691032402996e+04	0.000000000000000000e+00	1.619496945747479766e-02
1.540599806211168834e+04	0.000000000000000000e+00	1.618618991065459353e-02
1.543836167393360847e+04	0.000000000000000000e+00	1.617742946918358793e-02
1.547070778392256398e+04	0.000000000000000000e+00	1.616868805520764105e-02
1.550303643005599042e+04	0.000000000000000000e+00	1.615996559137815314e-02
1.553534765015722587e+04	0.000000000000000000e+00	1.615126200084777280e-02
1.556764148189647130e+04	0.000000000000000000e+00	1.614257720726559528e-02
1.559991796279162190e+04	0.000000000000000000e+00	1.613391113477334257e-02
1.563217713020936753e+04	0.000000000000000000e+00	1.612526370800034664e-02
1.566441902136610952e+04	0.000000000000000000e+00	1.611663485205950749e-02
1.569664367332897018e+04	0.000000000000000000e+00	1.610802449254302576e-02
1.572885112301679692e+04	0.000000000000000000e+00	1.609943255551812488e-02
1.576104140720093528e+04	0.000000000000000000e+00	1.609085896752296407e-02
1.579321456250643132e+04	0.000000000000000000e+00	1.608230365556228766e-02
1.582537062541265186e+04	0.000000000000000000e+00	1.607376654710354971e-02
1.585750963225439773e+04	0.000000000000000000e+00	1.606524757007278537e-02
1.588963161922284417e+04	0.000000000000000000e+00	1.605674665285056549e-02
1.592173662236625933e+04	0.000000000000000000e+00	1.604826372426804496e-02
1.595382467759114661e+04	0.000000000000000000e+00	1.603979871360305606e-02
1.598589582066299590e+04	0.000000000000000000e+00	1.603135155057640662e-02
1.601795008720706574e+04	0.000000000000000000e+00	1.602292216534769234e-02
1.604998751270943649e+04	0.000000000000000000e+00	1.601451048851186554e-02
1.608200813251783802e+04	0.000000000000000000e+00	1.600611645109524528e-02
1.611401198184245732e+04	0.000000000000000000e+00	1.599773998455189875e-02
1.614599909575680795e+04	0.000000000000000000e+00	1.598938102075986648e-02
1.617796950919859773e+04	0.000000000000000000e+00	1.598103949201785251e-02
1.620992325697051274e+04	0.000000000000000000e+00	1.597271533104102983e-02
1.624186037374116495e+04	0.000000000000000000e+00	1.596440847095825094e-02
1.627378089404570710e+04	0.000000000000000000e+00	1.595611884530785674e-02
1.630568485228690042e+04	0.000000000000000000e+00	1.594784638803460608e-02
1.633757228273576038e+04	0.000000000000000000e+00	1.593959103348612655e-02
1.636944321953234976e+04	0.000000000000000000e+00	1.593135271640929232e-02
1.640129769668673180e+04	0.000000000000000000e+00	1.592313137194728209e-02
1.643313574807949772e+04	0.000000000000000000e+00	1.591492693563584943e-02
1.646495740746270531e+04	0.000000000000000000e+00	1.590673934340022452e-02
1.649676270846085026e+04	0.000000000000000000e+00	1.589856853155193969e-02
1.652855168457119362e+04	0.000000000000000000e+00	1.589041443678531479e-02
1.656032436916493316e+04	0.000000000000000000e+00	1.588227699617438676e-02
1.659208079548778551e+04	0.000000000000000000e+00	1.587415614716979409e-02
1.662382099666058275e+04	0.000000000000000000e+00	1.586605182759574101e-02
1.665554500568036383e+04	0.000000000000000000e+00	1.585796397564660440e-02
1.668725285542096026e+04	0.000000000000000000e+00	1.584989252988422762e-02
1.671894457863343632e+04	0.000000000000000000e+00	1.584183742923454125e-02
1.675062020794718410e+04	0.000000000000000000e+00	1.583379861298481184e-02
1.678227977587069836e+04	0.000000000000000000e+00	1.582577602078058532e-02
1.681392331479194036e+04	0.000000000000000000e+00	1.581776959262270327e-02
1.684555085697910908e+04	0.000000000000000000e+00	1.580977926886436083e-02
1.687716243458180907e+04	0.000000000000000000e+00	1.580180499020836585e-02
1.690875807963110128e+04	0.000000000000000000e+00	1.579384669770428698e-02
1.694033782404061640e+04	0.000000000000000000e+00	1.578590433274539712e-02
1.697190169960710045e+04	0.000000000000000000e+00	1.577797783706618925e-02
1.700344973801120068e+04	0.000000000000000000e+00	1.577006715273944482e-02
1.703498197081781473e+04	0.000000000000000000e+00	1.576217222217323258e-02
1.706649842947715297e+04	0.000000000000000000e+00	1.575429298810878537e-02
1.709799914532515686e+04	0.000000000000000000e+00	1.574642939361738450e-02
1.712948414958440844e+04	0.000000000000000000e+00	1.573858138209803872e-02
1.716095347336450504e+04	0.000000000000000000e+00	1.573074889727419864e-02
1.719240714766265228e+04	0.000000000000000000e+00	1.572293188319211915e-02
1.722384520336469359e+04	0.000000000000000000e+00	1.571513028421736569e-02
1.725526767124539037e+04	0.000000000000000000e+00	1.570734404503284012e-02
1.728667458196938605e+04	0.000000000000000000e+00	1.569957311063594624e-02
1.731806596609131520e+04	0.000000000000000000e+00	1.569181742633632762e-02
1.734944185405703320e+04	0.000000000000000000e+00	1.568407693775336620e-02
1.738080227620379083e+04	0.000000000000000000e+00	1.567635159081349344e-02
1.741214726276109286e+04	0.000000000000000000e+00	1.566864133174802887e-02
1.744347684385096363e+04	0.000000000000000000e+00	1.566094610709058838e-02
1.747479104948908207e+04	0.000000000000000000e+00	1.565326586367472503e-02
1.750608990958509457e+04	0.000000000000000000e+00	1.564560054863186472e-02
1.753737345394302247e+04	0.000000000000000000e+00	1.563795010938862778e-02
1.756864171226193503e+04	0.000000000000000000e+00	1.563031449366462586e-02
1.759989471413704814e+04	0.000000000000000000e+00	1.562269364947009402e-02
1.763113248905961882e+04	0.000000000000000000e+00	1.561508752510386462e-02
1.766235506641762186e+04	0.000000000000000000e+00	1.560749606915101846e-02
1.769356247549682666e+04	0.000000000000000000e+00	1.559991923048056721e-02
1.772475474548088823e+04	0.000000000000000000e+00	1.559235695824319132e-02
1.775593190545197649e+04	0.000000000000000000e+00	1.558480920186933009e-02
1.778709398439149300e+04	0.000000000000000000e+00	1.557727591106681207e-02
1.781824101118043109e+04	0.000000000000000000e+00	1.556975703581897803e-02
1.784937301460024537e+04	0.000000000000000000e+00	1.556225252638220383e-02
1.788049002333284443e+04	0.000000000000000000e+00	1.555476233328395227e-02
1.791159206596168224e+04	0.000000000000000000e+00	1.554728640732085283e-02
1.794267917097211830e+04	0.000000000000000000e+00	1.553982469955657829e-02
1.797375136675163958e+04	0.000000000000000000e+00	1.553237716131963646e-02
1.800480868159100282e+04	0.000000000000000000e+00	1.552494374420147413e-02
1.803585114368419454e+04	0.000000000000000000e+00	1.551752440005456889e-02
1.806687878112893668e+04	0.000000000000000000e+00	1.551011908099032138e-02
1.809789162192798176e+04	0.000000000000000000e+00	1.550272773937725473e-02
1.812888969398875633e+04	0.000000000000000000e+00	1.549535032783879059e-02
1.815987302512414681e+04	0.000000000000000000e+00	1.548798679925161154e-02
1.819084164305316153e+04	0.000000000000000000e+00	1.548063710674364712e-02
1.822179557540124006e+04	0.000000000000000000e+00	1.547330120369233217e-02
1.825273484970089703e+04	0.000000000000000000e+00	1.546597904372242101e-02
1.828365949339209692e+04	0.000000000000000000e+00	1.545867058070428054e-02
1.831456953382278880e+04	0.000000000000000000e+00	1.545137576875230991e-02
1.834546499824930652e+04	0.000000000000000000e+00	1.544409456222283449e-02
1.837634591383715087e+04	0.000000000000000000e+00	1.543682691571240939e-02
1.840721230766113149e+04	0.000000000000000000e+00	1.542957278405600319e-02
1.843806420670586158e+04	0.000000000000000000e+00	1.542233212232523715e-02
1.846890163786659105e+04	0.000000000000000000e+00	1.541510488582668176e-02
1.849972462794909006e+04	0.000000000000000000e+00	1.540789103010017577e-02
1.853053320367079141e+04	0.000000000000000000e+00	1.540069051091690067e-02
1.856132739166049214e+04	0.000000000000000000e+00	1.539350328427807092e-02
1.859210721845975422e+04	0.000000000000000000e+00	1.538632930641272746e-02
1.862287271052228971e+04	0.000000000000000000e+00	1.537916853377646262e-02
1.865362389421531043e+04	0.000000000000000000e+00	1.537202092304954318e-02
1.868436079581934609e+04	0.000000000000000000e+00	1.536488643113565269e-02
1.871508344152913196e+04	0.000000000000000000e+00	1.535776501515983584e-02
1.874579185745389259e+04	0.000000000000000000e+00	1.535065663246697708e-02
1.877648606961768019e+04	0.000000000000000000e+00	1.534356124062043018e-02
1.880716610395994576e+04	0.000000000000000000e+00	1.533647879740011183e-02
1.883783198633577558e+04	0.000000000000000000e+00	1.532940926080127858e-02
1.886848374251665882e+04	0.000000000000000000e+00	1.532235258903285116e-02
1.889912139819062577e+04	0.000000000000000000e+00	1.531530874051578207e-02
1.892974497896256435e+04	0.000000000000000000e+00	1.530827767388171987e-02
1.896035451035532606e+04	0.000000000000000000e+00	1.530125934797102807e-02
1.899095001780915482e+04	0.000000000000000000e+00	1.529425372183208093e-02
1.902153152668288749e+04	0.000000000000000000e+00	1.528726075471922331e-02
1.905209906225391387e+04	0.000000000000000000e+00	1.528028040609129799e-02
1.908265264971871875e+04	0.000000000000000000e+00	1.527331263561059436e-02
1.911319231419359494e+04	0.000000000000000000e+00	1.526635740314090037e-02
1.914371808071446867e+04	0.000000000000000000e+00	1.525941466874640960e-02
1.917422997423772176e+04	0.000000000000000000e+00	1.525248439269032488e-02
1.920472801964042810e+04	0.000000000000000000e+00	1.524556653543309923e-02
1.923521224172077928e+04	0.000000000000000000e+00	1.523866105763168124e-02
1.926568266519848839e+04	0.000000000000000000e+00	1.523176792013727389e-02
1.929613931471525211e+04	0.000000000000000000e+00	1.522488708399488341e-02
1.932658221483485977e+04	0.000000000000000000e+00	1.521801851044139210e-02
1.935701139004388824e+04	0.000000000000000000e+00	1.521116216090432315e-02
1.938742686475195660e+04	0.000000000000000000e+00	1.520431799700050143e-02
1.941782866329213721e+04	0.000000000000000000e+00	1.519748598053496241e-02
1.944821680992109032e+04	0.000000000000000000e+00	1.519066607349935441e-02
1.947859132881990809e+04	0.000000000000000000e+00	1.518385823807082320e-02
1.950895224409412185e+04	0.000000000000000000e+00	1.517706243661061556e-02
1.953929957977413505e+04	0.000000000000000000e+00	1.517027863166288230e-02
1.956963335981579803e+04	0.000000000000000000e+00	1.516350678595345357e-02
1.959995360810022976e+04	0.000000000000000000e+00	1.515674686238857767e-02
1.963026034843484376e+04	0.000000000000000000e+00	1.514999882405351599e-02
1.966055360455329355e+04	0.000000000000000000e+00	1.514326263421141884e-02
1.969083340011593464e+04	0.000000000000000000e+00	1.513653825630239917e-02
1.972109975871029019e+04	0.000000000000000000e+00	1.512982565394172842e-02
1.975135270385116382e+04	0.000000000000000000e+00	1.512312479091931262e-02
1.978159225898118893e+04	0.000000000000000000e+00	1.511643563119791957e-02
1.981181844747092327e+04	0.000000000000000000e+00	1.510975813891235822e-02
1.984203129261962022e+04	0.000000000000000000e+00	1.510309227836824711e-02
1.987223081765513052e+04	0.000000000000000000e+00	1.509643801404081213e-02
1.990241704573448442e+04	0.000000000000000000e+00	1.508979531057378330e-02
1.993258999994414989e+04	0.000000000000000000e+00	1.508316413277810235e-02
1.996274970330045835e+04	0.000000000000000000e+00	1.507654444563115252e-02
1.999289617874982650e+04	0.000000000000000000e+00	1.506993621427526325e-02
2.002302944916902197e+04	0.000000000000000000e+00	1.506333940401691912e-02
2.005314953736576354e+04	0.000000000000000000e+00	1.505675398032526972e-02
2.008325646607869203e+04	0.000000000000000000e+00	1.505017990883146355e-02
2.011335025797800699e+04	0.000000000000000000e+00	1.504361715532747182e-02
2.014343093566558309e+04	0.000000000000000000e+00	1.503706568576482390e-02
2.017349852167525751e+04	0.000000000000000000e+00	1.503052546625364277e-02
2.020355303847359755e+04	0.000000000000000000e+00	1.502399646306169789e-02
2.023359450845938773e+04	0.000000000000000000e+00	1.501747864261322209e-02
2.026362295396470654e+04	0.000000000000000000e+00	1.501097197148806503e-02
2.029363839725495927e+04	0.000000000000000000e+00	1.500447641642058648e-02
2.032364086052899074e+04	0.000000000000000000e+00	1.499799194429829452e-02
2.035363036591977652e+04	0.000000000000000000e+00	1.499151852216150209e-02
2.038360693549439748e+04	0.000000000000000000e+00	1.498505611720168940e-02
2.041357059125459637e+04	0.000000000000000000e+00	1.497860469676098351e-02
2.044352135513691974e+04	0.000000000000000000e+00	1.497216422833113139e-02
2.047345924901280159e+04	0.000000000000000000e+00	1.496573467955206529e-02
2.050338429468935647e+04	0.000000000000000000e+00	1.495931601821142223e-02
2.053329651390941945e+04	0.000000000000000000e+00	1.495290821224355172e-02
2.056319592835163712e+04	0.000000000000000000e+00	1.494651122972828414e-02
2.059308255963122429e+04	0.000000000000000000e+00	1.494012503889019863e-02
2.062295642929978567e+04	0.000000000000000000e+00	1.493374960809758407e-02
2.065281755884585436e+04	0.000000000000000000e+00	1.492738490586183707e-02
2.068266596969529928e+04	0.000000000000000000e+00	1.492103090083599787e-02
2.071250168321119418e+04	0.000000000000000000e+00	1.491468756181416229e-02
2.074232472069446158e+04	0.000000000000000000e+00	1.490835485773064038e-02
2.077213510338402921e+04	0.000000000000000000e+00	1.490203275765897631e-02
2.080193285245707011e+04	0.000000000000000000e+00	1.489572123081100465e-02
2.083171798902935552e+04	0.000000000000000000e+00	1.488942024653596916e-02
2.086149053415548042e+04	0.000000000000000000e+00	1.488312977431979420e-02
2.089125050882915457e+04	0.000000000000000000e+00	1.487684978378401614e-02
2.092099793398345719e+04	0.000000000000000000e+00	1.487058024468514844e-02
2.095073283049105157e+04	0.000000000000000000e+00	1.486432112691350900e-02
2.098045521916469806e+04	0.000000000000000000e+00	1.485807240049284716e-02
2.101016512075721039e+04	0.000000000000000000e+00	1.485183403557912250e-02
2.103986255596179399e+04	0.000000000000000000e+00	1.484560600245954376e-02
2.106954754541233342e+04	0.000000000000000000e+00	1.483938827155230865e-02
2.109922010968384348e+04	0.000000000000000000e+00	1.483318081340540689e-02
2.112888026929261105e+04	0.000000000000000000e+00	1.482698359869568001e-02
2.115852804469609691e+04	0.000000000000000000e+00	1.482079659822843100e-02
2.118816345629376156e+04	0.000000000000000000e+00	1.481461978293627073e-02
2.121778652442686871e+04	0.000000000000000000e+00	1.480845312387861663e-02
2.124739726937922751e+04	0.000000000000000000e+00	1.480229659224045584e-02
2.127699571137691964e+04	0.000000000000000000e+00	1.479615015933198434e-02
2.130658187058864496e+04	0.000000000000000000e+00	1.479001379658786801e-02
2.133615576712640177e+04	0.000000000000000000e+00	1.478388747556610289e-02
2.136571742104539226e+04	0.000000000000000000e+00	1.477777116794765783e-02
2.139526685234387332e+04	0.000000000000000000e+00	1.477166484553518212e-02
2.142480408096426618e+04	0.000000000000000000e+00	1.476556848025287715e-02
2.145432912679286164e+04	0.000000000000000000e+00	1.475948204414555438e-02
2.148384200966024218e+04	0.000000000000000000e+00	1.475340550937752696e-02
2.151334274934126370e+04	0.000000000000000000e+00	1.474733884823244134e-02
2.154283136555549572e+04	0.000000000000000000e+00	1.474128203311204227e-02
2.157230787796750883e+04	0.000000000000000000e+00	1.473523503653601484e-02
2.160177230618701287e+04	0.000000000000000000e+00	1.472919783114068348e-02
2.163122466976908618e+04	0.000000000000000000e+00	1.472317038967864075e-02
2.166066498821436835e+04	0.000000000000000000e+00	1.471715268501810371e-02
2.169009328096949685e+04	0.000000000000000000e+00	1.471114469014180894e-02
2.171950956742699782e+04	0.000000000000000000e+00	1.470514637814685985e-02
2.174891386692598826e+04	0.000000000000000000e+00	1.469915772224366333e-02
2.177830619875173943e+04	0.000000000000000000e+00	1.469317869575552729e-02
2.180768658213655726e+04	0.000000000000000000e+00	1.468720927211756080e-02
2.183705503625980054e+04	0.000000000000000000e+00	1.468124942487644344e-02
2.186641158024770630e+04	0.000000000000000000e+00	1.467529912768954399e-02
2.189575623317416466e+04	0.000000000000000000e+00	1.466935835432442783e-02
2.192508901406070072e+04	0.000000000000000000e+00	1.466342707865784384e-02
2.195440994187677643e+04	0.000000000000000000e+00	1.465750527467537916e-02
2.198371903553972152e+04	0.000000000000000000e+00	1.465159291647096136e-02
2.201301631391513001e+04	0.000000000000000000e+00	1.464568997824566496e-02
2.204230179581731136e+04	0.000000000000000000e+00	1.463979643430762291e-02
2.207157550000923220e+04	0.000000000000000000e+00	1.463391225907122867e-02
2.210083744520279288e+04	0.000000000000000000e+00	1.462803742705627401e-02
2.213008765005908208e+04	0.000000000000000000e+00	1.462217191288766628e-02
2.215932613318850417e+04	0.000000000000000000e+00	1.461631569129458880e-02
2.218855291315093200e+04	0.000000000000000000e+00	1.461046873711012613e-02
2.221776800845624166e+04	0.000000000000000000e+00	1.460463102527030828e-02
2.224697143756390142e+04	0.000000000000000000e+00	1.459880253081387476e-02
2.227616321888390303e+04	0.000000000000000000e+00	1.459298322888134998e-02
2.230534337077660894e+04	0.000000000000000000e+00	1.458717309471474141e-02
2.233451191155267588e+04	0.000000000000000000e+00	1.458137210365656987e-02
2.236366885947382252e+04	0.000000000000000000e+00	1.457558023115007421e-02
2.239281423275265479e+04	0.000000000000000000e+00	1.456979745273744020e-02
2.242194804955291329e+04	0.000000000000000000e+00	1.456402374406037294e-02
2.245107032798996443e+04	0.000000000000000000e+00	1.455825908085875246e-02
2.248018108613038567e+04	0.000000000000000000e+00	1.455250343897039958e-02
2.250928034199277681e+04	0.000000000000000000e+00	1.454675679433059705e-02
2.253836811354763631e+04	0.000000000000000000e+00	1.454101912297135583e-02
2.256744441871763047e+04	0.000000000000000000e+00	1.453529040102073330e-02
2.259650927537780444e+04	0.000000000000000000e+00	1.452957060470254358e-02
2.262556270135578598e+04	0.000000000000000000e+00	1.452385971033581108e-02
2.265460471443170900e+04	0.000000000000000000e+00	1.451815769433412000e-02
2.268363533233884664e+04	0.000000000000000000e+00	1.451246453320504358e-02
2.271265457276340385e+04	0.000000000000000000e+00	1.450678020354953177e-02
2.274166245334519772e+04	0.000000000000000000e+00	1.450110468206185221e-02
2.277065899167720636e+04	0.000000000000000000e+00	1.449543794552845578e-02
2.279964420530622738e+04	0.000000000000000000e+00	1.448977997082775797e-02
2.282861811173278329e+04	0.000000000000000000e+00	1.448413073492973990e-02
2.285758072841157264e+04	0.000000000000000000e+00	1.447849021489506539e-02
2.288653207275148816e+04	0.000000000000000000e+00	1.447285838787498377e-02
2.291547216211581326e+04	0.000000000000000000e+00	1.446723523111043824e-02
2.294440101382228022e+04	0.000000000000000000e+00	1.446162072193206589e-02
2.297331864514331392e+04	0.000000000000000000e+00	1.445601483775908920e-02
2.300222507330660301e+04	0.000000000000000000e+00	1.445041755609924490e-02
2.303112031549470703e+04	0.000000000000000000e+00	1.444482885454821848e-02
2.306000438884558025e+04	0.000000000000000000e+00	1.443924871078886528e-02
2.308887731045245528e+04	0.000000000000000000e+00	1.443367710259136488e-02
2.311773909736432688e+04	0.000000000000000000e+00	1.442811400781204845e-02
2.314658976658583197e+04	0.000000000000000000e+00	1.442255940439325472e-02
2.317542933507783891e+04	0.000000000000000000e+00	1.441701327036287554e-02
2.320425781975710561e+04	0.000000000000000000e+00	1.441147558383369491e-02
2.323307523749681786e+04	0.000000000000000000e+00	1.440594632300338900e-02
2.326188160512666218e+04	0.000000000000000000e+00	1.440042546615327886e-02
2.329067693943297127e+04	0.000000000000000000e+00	1.439491299164866352e-02
2.331946125715877497e+04	0.000000000000000000e+00	1.438940887793787454e-02
2.334823457500432050e+04	0.000000000000000000e+00	1.438391310355199328e-02
2.337699690962665409e+04	0.000000000000000000e+00	1.437842564710435471e-02
2.340574827764042493e+04	0.000000000000000000e+00	1.437294648729004441e-02
2.343448869561776155e+04	0.000000000000000000e+00	1.436747560288579098e-02
2.346321818008809350e+04	0.000000000000000000e+00	1.436201297274889224e-02
2.349193674753900632e+04	0.000000000000000000e+00	1.435655857581740781e-02
2.352064441441592862e+04	0.000000000000000000e+00	1.435111239110939060e-02
2.354934119712233587e+04	0.000000000000000000e+00	1.434567439772256592e-02
2.357802711201998682e+04	0.000000000000000000e+00	1.434024457483384397e-02
2.360670217542905812e+04	0.000000000000000000e+00	1.433482290169875266e-02
2.363536640362844628e+04	0.000000000000000000e+00	1.432940935765136467e-02
2.366401981285574584e+04	0.000000000000000000e+00	1.432400392210375455e-02
2.369266241930742035e+04	0.000000000000000000e+00	1.431860657454539845e-02
2.372129423913900246e+04	0.000000000000000000e+00	1.431321729454286019e-02
2.374991528846512665e+04	0.000000000000000000e+00	1.430783606173951020e-02
2.377852558335992217e+04	0.000000000000000000e+00	1.430246285585485590e-02
2.380712513985706028e+04	0.000000000000000000e+00	1.429709765668443246e-02
2.383571397394979067e+04	0.000000000000000000e+00	1.429174044409915571e-02
2.386429210159116701e+04	0.000000000000000000e+00	1.428639119804507064e-02
2.389285953869433069e+04	0.000000000000000000e+00	1.428104989854288645e-02
2.392141630113251449e+04	0.000000000000000000e+00	1.427571652568768341e-02
2.394996240473892976e+04	0.000000000000000000e+00	1.427039105964827449e-02
2.397849786530763231e+04	0.000000000000000000e+00	1.426507348066715503e-02
2.400702269859290027e+04	0.000000000000000000e+00	1.425976376905990252e-02
2.403553692030993989e+04	0.000000000000000000e+00	1.425446190521483490e-02
2.406404054613464905e+04	0.000000000000000000e+00	1.424916786959259940e-02
2.409253359170397744e+04	0.000000000000000000e+00	1.424388164272580824e-02
2.412101607261604659e+04	0.000000000000000000e+00	1.423860320521889294e-02
2.414948800443024811e+04	0.000000000000000000e+00	1.423333253774726817e-02
2.417794940266733829e+04	0.000000000000000000e+00	1.422806962105726408e-02
2.420640028280980550e+04	0.000000000000000000e+00	1.422281443596586439e-02
2.423484066030159011e+04	0.000000000000000000e+00	1.421756696335984248e-02
2.426327055054861557e+04	0.000000000000000000e+00	1.421232718419623842e-02
2.429168996891874122e+04	0.000000000000000000e+00	1.420709507950114296e-02
2.432009893074200590e+04	0.000000000000000000e+00	1.420187063036983284e-02
2.434849745131065720e+04	0.000000000000000000e+00	1.419665381796628503e-02
2.437688554587948238e+04	0.000000000000000000e+00	1.419144462352277952e-02
2.440526322966555381e+04	0.000000000000000000e+00	1.418624302833972235e-02
2.443363051784878917e+04	0.000000000000000000e+00	1.418104901378504368e-02
2.446198742557179867e+04	0.000000000000000000e+00	1.417586256129393929e-02
2.449033396794023429e+04	0.000000000000000000e+00	1.417068365236869021e-02
2.451867016002285163e+04	0.000000000000000000e+00	1.416551226857811104e-02
2.454699601685148446e+04	0.000000000000000000e+00	1.416034839155740944e-02
2.457531155342131024e+04	0.000000000000000000e+00	1.415519200300766230e-02
2.460361678469100661e+04	0.000000000000000000e+00	1.415004308469541144e-02
2.463191172558297330e+04	0.000000000000000000e+00	1.414490161845265159e-02
2.466019639098306288e+04	0.000000000000000000e+00	1.413976758617642090e-02
2.468847079574122472e+04	0.000000000000000000e+00	1.413464096982824415e-02
2.471673495467147950e+04	0.000000000000000000e+00	1.412952175143388986e-02
2.474498888255152997e+04	0.000000000000000000e+00	1.412440991308316386e-02
2.477323259412367406e+04	0.000000000000000000e+00	1.411930543692973931e-02
2.480146610409468485e+04	0.000000000000000000e+00	1.411420830519015575e-02
2.482968942713550132e+04	0.000000000000000000e+00	1.410911850014431174e-02
2.485790257788178496e+04	0.000000000000000000e+00	1.410403600413476753e-02
2.488610557093404350e+04	0.000000000000000000e+00	1.409896079956646057e-02
2.491429842085770724e+04	0.000000000000000000e+00	1.409389286890638283e-02
2.494248114218303090e+04	0.000000000000000000e+00	1.408883219468316447e-02
2.497065374940551555e+04	0.000000000000000000e+00	1.408377875948722130e-02
2.499881625698571224e+04	0.000000000000000000e+00	1.407873254596980241e-02
2.502696867934970214e+04	0.000000000000000000e+00	1.407369353684327813e-02
2.505511103088916934e+04	0.000000000000000000e+00	1.406866171488038372e-02
2.508324332596100794e+04	0.000000000000000000e+00	1.406363706291429740e-02
2.511136557888828247e+04	0.000000000000000000e+00	1.405861956383802798e-02
2.513947780395959489e+04	0.000000000000000000e+00	1.405360920060429002e-02
2.516758001542967395e+04	0.000000000000000000e+00	1.404860595622505794e-02
2.519567222751930967e+04	0.000000000000000000e+00	1.404360981377152616e-02
2.522375445441547708e+04	0.000000000000000000e+00	1.403862075637371185e-02
2.525182671027142715e+04	0.000000000000000000e+00	1.403363876722013397e-02
2.527988900920684318e+04	0.000000000000000000e+00	1.402866382955741432e-02
2.530794136530804462e+04	0.000000000000000000e+00	1.402369592669027235e-02
2.533598379262790331e+04	0.000000000000000000e+00	1.401873504198102895e-02
2.536401630518616730e+04	0.000000000000000000e+00	1.401378115884922317e-02
2.539203891696951905e+04	0.000000000000000000e+00	1.400883426077171104e-02
2.542005164193158635e+04	0.000000000000000000e+00	1.400389433128215386e-02
2.544805449399304052e+04	0.000000000000000000e+00	1.399896135397076490e-02
2.547604748704182930e+04	0.000000000000000000e+00	1.399403531248383410e-02
2.550403063493334412e+04	0.000000000000000000e+00	1.398911619052391545e-02
2.553200395149046744e+04	0.000000000000000000e+00	1.398420397184921109e-02
2.555996745050339450e+04	0.000000000000000000e+00	1.397929864027343608e-02
2.558792114573026993e+04	0.000000000000000000e+00	1.397440017966529793e-02
2.561586505089693310e+04	0.000000000000000000e+00	1.396950857394874991e-02
2.564379917969710732e+04	0.000000000000000000e+00	1.396462380710234222e-02
2.567172354579255261e+04	0.000000000000000000e+00	1.395974586315891150e-02
2.569963816281317486e+04	0.000000000000000000e+00	1.395487472620550624e-02
2.572754304435706217e+04	0.000000000000000000e+00	1.395001038038316821e-02
2.575543820399073229e+04	0.000000000000000000e+00	1.394515280988652996e-02
2.578332365524893612e+04	0.000000000000000000e+00	1.394030199896365875e-02
2.581119941163505064e+04	0.000000000000000000e+00	1.393545793191573214e-02
2.583906548662135538e+04	0.000000000000000000e+00	1.393062059309677948e-02
2.586692189364863225e+04	0.000000000000000000e+00	1.392578996691342524e-02
2.589476864612644567e+04	0.000000000000000000e+00	1.392096603782493232e-02
2.592260575743367372e+04	0.000000000000000000e+00	1.391614879034241449e-02
2.595043324091801333e+04	0.000000000000000000e+00	1.391133820902912439e-02
2.597825110989635505e+04	0.000000000000000000e+00	1.390653427849979779e-02
2.600605937765499039e+04	0.000000000000000000e+00	1.390173698342074722e-02
2.603385805744945537e+04	0.000000000000000000e+00	1.389694630850933643e-02
2.606164716250494530e+04	0.000000000000000000e+00	1.389216223853380512e-02
2.608942670601604186e+04	0.000000000000000000e+00	1.388738475831345805e-02
2.611719670114705514e+04	0.000000000000000000e+00	1.388261385271756347e-02
2.614495716103221275e+04	0.000000000000000000e+00	1.387784950666588399e-02
2.617270809877557622e+04	0.000000000000000000e+00	1.387309170512827407e-02
2.620044952745122646e+04	0.000000000000000000e+00	1.386834043312424984e-02
2.622818146010307100e+04	0.000000000000000000e+00	1.386359567572285900e-02
2.625590390974560069e+04	0.000000000000000000e+00	1.385885741804250386e-02
2.628361688936342034e+04	0.000000000000000000e+00	1.385412564525045909e-02
2.631132041191148892e+04	0.000000000000000000e+00	1.384940034256315622e-02
2.633901449031521406e+04	0.000000000000000000e+00	1.384468149524550884e-02
2.636669913747059400e+04	0.000000000000000000e+00	1.383996908861085187e-02
2.639437436624442125e+04	0.000000000000000000e+00	1.383526310802067963e-02
2.642204018947417353e+04	0.000000000000000000e+00	1.383056353888452265e-02
2.644969661996829018e+04	0.000000000000000000e+00	1.382587036665971006e-02
2.647734367050589935e+04	0.000000000000000000e+00	1.382118357685096187e-02
2.650498135383742192e+04	0.000000000000000000e+00	1.381650315501034045e-02
2.653260968268439319e+04	0.000000000000000000e+00	1.381182908673707875e-02
2.656022866973959390e+04	0.000000000000000000e+00	1.380716135767719698e-02
2.658783832766717387e+04	0.000000000000000000e+00	1.380249995352351121e-02
2.661543866910261931e+04	0.000000000000000000e+00	1.379784486001524313e-02
2.664302970665288740e+04	0.000000000000000000e+00	1.379319606293775459e-02
2.667061145289678825e+04	0.000000000000000000e+00	1.378855354812270027e-02
2.669818392038470120e+04	0.000000000000000000e+00	1.378391730144729217e-02
2.672574712163885488e+04	0.000000000000000000e+00	1.377928730883466214e-02
2.675330106915319629e+04	0.000000000000000000e+00	1.377466355625307781e-02
2.678084577539395832e+04	0.000000000000000000e+00	1.377004602971616115e-02
2.680838125279915039e+04	0.000000000000000000e+00	1.376543471528271501e-02
2.683590751377914785e+04	0.000000000000000000e+00	1.376082959905603614e-02
2.686342457071632089e+04	0.000000000000000000e+00	1.375623066718431424e-02
2.689093243596570392e+04	0.000000000000000000e+00	1.375163790585995707e-02
2.691843112185457358e+04	0.000000000000000000e+00	1.374705130131977614e-02
2.694592064068277250e+04	0.000000000000000000e+00	1.374247083984434480e-02
2.697340100472280756e+04	0.000000000000000000e+00	1.373789650775837298e-02
2.700087222621980254e+04	0.000000000000000000e+00	1.373332829143007749e-02
2.702833431739146909e+04	0.000000000000000000e+00	1.372876617727107965e-02
2.705578729042887790e+04	0.000000000000000000e+00	1.372421015173634629e-02
2.708323115749549834e+04	0.000000000000000000e+00	1.371966020132379255e-02
2.711066593072831165e+04	0.000000000000000000e+00	1.371511631257425930e-02
2.713809162223717431e+04	0.000000000000000000e+00	1.371057847207118700e-02
2.716550824410505084e+04	0.000000000000000000e+00	1.370604666644074758e-02
2.719291580838843947e+04	0.000000000000000000e+00	1.370152088235104988e-02
2.722031432711712478e+04	0.000000000000000000e+00	1.369700110651277808e-02
2.724770381229436680e+04	0.000000000000000000e+00	1.369248732567813695e-02
2.727508427589687199e+04	0.000000000000000000e+00	1.368797952664132719e-02
2.730245572987518608e+04	0.000000000000000000e+00	1.368347769623803716e-02
2.732981818615331940e+04	0.000000000000000000e+00	1.367898182134543589e-02
2.735717165662925254e+04	0.000000000000000000e+00	1.367449188888161284e-02
2.738451615317481264e+04	0.000000000000000000e+00	1.367000788580611907e-02
2.741185168763567344e+04	0.000000000000000000e+00	1.366552979911914156e-02
2.743917827183172267e+04	0.000000000000000000e+00	1.366105761586152746e-02
2.746649591755692381e+04	0.000000000000000000e+00	1.365659132311468522e-02
2.749380463657926521e+04	0.000000000000000000e+00	1.365213090800028971e-02
2.752110444064120384e+04	0.000000000000000000e+00	1.364767635768008788e-02
2.754839534145961079e+04	0.000000000000000000e+00	1.364322765935618333e-02
2.757567735072561482e+04	0.000000000000000000e+00	1.363878480027009253e-02
2.760295048010501705e+04	0.000000000000000000e+00	1.363434776770304502e-02
2.763021474123819644e+04	0.000000000000000000e+00	1.362991654897585149e-02
2.765747014574017157e+04	0.000000000000000000e+00	1.362549113144856730e-02
2.768471670520060798e+04	0.000000000000000000e+00	1.362107150252051327e-02
2.771195443118423282e+04	0.000000000000000000e+00	1.361665764962965985e-02
2.773918333523048568e+04	0.000000000000000000e+00	1.361224956025305043e-02
2.776640342885392238e+04	0.000000000000000000e+00	1.360784722190624962e-02
2.779361472354425132e+04	0.000000000000000000e+00	1.360345062214329478e-02
2.782081723076616981e+04	0.000000000000000000e+00	1.359905974855665084e-02
2.784801096195959690e+04	0.000000000000000000e+00	1.359467458877671418e-02
2.787519592853987342e+04	0.000000000000000000e+00	1.359029513047213013e-02
2.790237214189758743e+04	0.000000000000000000e+00	1.358592136134893248e-02
2.792953961339887246e+04	0.000000000000000000e+00	1.358155326915140224e-02
2.795669835438532755e+04	0.000000000000000000e+00	1.357719084166078387e-02
2.798384837617427183e+04	0.000000000000000000e+00	1.357283406669616485e-02
2.801098969005843537e+04	0.000000000000000000e+00	1.356848293211332726e-02
2.803812230730652664e+04	0.000000000000000000e+00	1.356413742580527514e-02
2.806524623916306518e+04	0.000000000000000000e+00	1.355979753570216856e-02
2.809236149684832708e+04	0.000000000000000000e+00	1.355546324977049272e-02
2.811946809155879600e+04	0.000000000000000000e+00	1.355113455601359568e-02
2.814656603446675945e+04	0.000000000000000000e+00	1.354681144247090255e-02
2.817365533672062520e+04	0.000000000000000000e+00	1.354249389721842375e-02
2.820073600944513601e+04	0.000000000000000000e+00	1.353818190836827799e-02
2.822780806374117674e+04	0.000000000000000000e+00	1.353387546406828283e-02
2.825487151068610910e+04	0.000000000000000000e+00	1.352957455250235891e-02
2.828192636133358974e+04	0.000000000000000000e+00	1.352527916188982389e-02
2.830897262671382487e+04	0.000000000000000000e+00	1.352098928048578973e-02
2.833601031783346843e+04	0.000000000000000000e+00	1.351670489658044448e-02
2.836303944567571671e+04	0.000000000000000000e+00	1.351242599849961264e-02
2.839006002120065750e+04	0.000000000000000000e+00	1.350815257460371080e-02
2.841707205534509922e+04	0.000000000000000000e+00	1.350388461328843638e-02
2.844407555902265813e+04	0.000000000000000000e+00	1.349962210298419514e-02
2.847107054312362743e+04	0.000000000000000000e+00	1.349536503215599710e-02
2.849805701851561389e+04	0.000000000000000000e+00	1.349111338930337849e-02
2.852503499604290482e+04	0.000000000000000000e+00	1.348686716296025254e-02
2.855200448652734485e+04	0.000000000000000000e+00	1.348262634169482797e-02
2.857896550076741187e+04	0.000000000000000000e+00	1.347839091410919614e-02
2.860591804953926840e+04	0.000000000000000000e+00	1.347416086883963457e-02
2.863286214359609949e+04	0.000000000000000000e+00	1.346993619455608832e-02
2.865979779366868752e+04	0.000000000000000000e+00	1.346571687996218035e-02
2.868672501046507750e+04	0.000000000000000000e+00	1.346150291379510575e-02
2.871364380467077353e+04	0.000000000000000000e+00	1.345729428482547035e-02
2.874055418694911350e+04	0.000000000000000000e+00	1.345309098185711212e-02
2.876745616794082525e+04	0.000000000000000000e+00	1.344889299372699527e-02
2.879434975826451046e+04	0.000000000000000000e+00	1.344470030930510970e-02
2.882123496851646269e+04	0.000000000000000000e+00	1.344051291749428188e-02
2.884811180927078021e+04	0.000000000000000000e+00	1.343633080723008986e-02
2.887498029107955517e+04	0.000000000000000000e+00	1.343215396748077828e-02
2.890184042447281900e+04	0.000000000000000000e+00	1.342798238724680383e-02
2.892869221995860062e+04	0.000000000000000000e+00	1.342381605556131237e-02
2.895553568802309019e+04	0.000000000000000000e+00	1.341965496148939119e-02
2.898237083913049719e+04	0.000000000000000000e+00	1.341549909412827028e-02
2.900919768372349063e+04	0.000000000000000000e+00	1.341134844260709683e-02
2.903601623222281705e+04	0.000000000000000000e+00	1.340720299608708609e-02
2.906282649502776621e+04	0.000000000000000000e+00	1.340306274376079111e-02
2.908962848251584728e+04	0.000000000000000000e+00	1.339892767485252947e-02
2.911642220504311263e+04	0.000000000000000000e+00	1.339479777861810744e-02
2.914320767294434700e+04	0.000000000000000000e+00	1.339067304434438631e-02
2.916998489653256547e+04	0.000000000000000000e+00	1.338655346134975770e-02
2.919675388609978108e+04	0.000000000000000000e+00	1.338243901898349131e-02
2.922351465191668103e+04	0.000000000000000000e+00	1.337832970662593268e-02
2.925026720423253209e+04	0.000000000000000000e+00	1.337422551368797757e-02
2.927701155327564629e+04	0.000000000000000000e+00	1.337012642961162706e-02
2.930374770925330449e+04	0.000000000000000000e+00	1.336603244386910978e-02
2.933047568235155268e+04	0.000000000000000000e+00	1.336194354596338153e-02
2.935719548273562395e+04	0.000000000000000000e+00	1.335785972542747821e-02
2.938390712054985852e+04	0.000000000000000000e+00	1.335378097182494256e-02
2.941061060591767819e+04	0.000000000000000000e+00	1.334970727474920661e-02
2.943730594894171008e+04	0.000000000000000000e+00	1.334563862382378424e-02
2.946399315970401585e+04	0.000000000000000000e+00	1.334157500870204044e-02
2.949067224826583333e+04	0.000000000000000000e+00	1.333751641906703519e-02
2.951734322466772574e+04	0.000000000000000000e+00	1.333346284463166748e-02
2.954400609892990542e+04	0.000000000000000000e+00	1.332941427513817390e-02
2.957066088105210656e+04	0.000000000000000000e+00	1.332537070035816340e-02
2.959730758101342144e+04	0.000000000000000000e+00	1.332133211009261554e-02
2.962394620877266425e+04	0.000000000000000000e+00	1.331729849417171915e-02
2.965057677426849477e+04	0.000000000000000000e+00	1.331326984245465375e-02
2.967719928741913100e+04	0.000000000000000000e+00	1.330924614482973008e-02
2.970381375812266560e+04	0.000000000000000000e+00	1.330522739121381068e-02
2.973042019625701869e+04	0.000000000000000000e+00	1.330121357155271411e-02
2.975701861168006508e+04	0.000000000000000000e+00	1.329720467582072400e-02
2.978360901422977622e+04	0.000000000000000000e+00	1.329320069402077469e-02
2.981019141372393642e+04	0.000000000000000000e+00	1.328920161618421872e-02
2.983676581996053937e+04	0.000000000000000000e+00	1.328520743237060660e-02
2.986333224271768267e+04	0.000000000000000000e+00	1.328121813266755318e-02
2.988989069175378245e+04	0.000000000000000000e+00	1.327723370719091460e-02
2.991644117680744603e+04	0.000000000000000000e+00	1.327325414608460964e-02
2.994298370759747922e+04	0.000000000000000000e+00	1.326927943952010448e-02
2.996951829382311553e+04	0.000000000000000000e+00	1.326530957769688629e-02
2.999604494516413615e+04	0.000000000000000000e+00	1.326134455084198790e-02
3.002256367128067359e+04	0.000000000000000000e+00	1.325738434920996182e-02
3.004907448181348082e+04	0.000000000000000000e+00	1.325342896308292183e-02
3.007557738638395676e+04	0.000000000000000000e+00	1.324947838277011625e-02
3.010207239459381890e+04	0.000000000000000000e+00	1.324553259860816561e-02
3.012855951602596178e+04	0.000000000000000000e+00	1.324159160096074345e-02
3.015503876024371129e+04	0.000000000000000000e+00	1.323765538021869949e-02
3.018151013679123571e+04	0.000000000000000000e+00	1.323372392679955656e-02
3.020797365519366940e+04	0.000000000000000000e+00	1.322979723114785754e-02
3.023442932495710556e+04	0.000000000000000000e+00	1.322587528373459984e-02
3.026087715556837793e+04	0.000000000000000000e+00	1.322195807505777837e-02
3.028731715649538091e+04	0.000000000000000000e+00	1.321804559564178187e-02
3.031374933718729153e+04	0.000000000000000000e+00	1.321413783603715350e-02
3.034017370707430746e+04	0.000000000000000000e+00	1.321023478682114248e-02
3.036659027556787260e+04	0.000000000000000000e+00	1.320633643859684542e-02
3.039299905206043695e+04	0.000000000000000000e+00	1.320244278199382559e-02
3.041940004592601326e+04	0.000000000000000000e+00	1.319855380766732540e-02
3.044579326651987503e+04	0.000000000000000000e+00	1.319466950629887350e-02
3.047217872317836736e+04	0.000000000000000000e+00	1.319078986859552154e-02
3.049855642521978734e+04	0.000000000000000000e+00	1.318691488529014771e-02
3.052492638194365645e+04	0.000000000000000000e+00	1.318304454714131456e-02
3.055128860263111710e+04	0.000000000000000000e+00	1.317917884493315095e-02
3.057764309654458339e+04	0.000000000000000000e+00	1.317531776947516824e-02
3.060398987292868696e+04	0.000000000000000000e+00	1.317146131160222382e-02
3.063032894100923659e+04	0.000000000000000000e+00	1.316760946217462175e-02
3.065666030999404393e+04	0.000000000000000000e+00	1.316376221207754028e-02
3.068298398907267983e+04	0.000000000000000000e+00	1.315991955222131464e-02
3.070929998741660529e+04	0.000000000000000000e+00	1.315608147354132944e-02
3.073560831417909867e+04	0.000000000000000000e+00	1.315224796699788340e-02
3.076190897849548128e+04	0.000000000000000000e+00	1.314841902357607832e-02
3.078820198948285906e+04	0.000000000000000000e+00	1.314459463428555887e-02
3.081448735624053370e+04	0.000000000000000000e+00	1.314077479016071900e-02
3.084076508785002079e+04	0.000000000000000000e+00	1.313695948226039668e-02
3.086703519337470061e+04	0.000000000000000000e+00	1.313314870166804038e-02
3.089329768186030924e+04	0.000000000000000000e+00	1.312934243949126674e-02
3.091955256233493128e+04	0.000000000000000000e+00	1.312554068686190220e-02
3.094579984380864698e+04	0.000000000000000000e+00	1.312174343493612526e-02
3.097203953527419799e+04	0.000000000000000000e+00	1.311795067489400848e-02
3.099827164570641617e+04	0.000000000000000000e+00	1.311416239793978394e-02
3.102449618406276204e+04	0.000000000000000000e+00	1.311037859530143207e-02
3.105071315928307740e+04	0.000000000000000000e+00	1.310659925823087421e-02
3.107692258028973811e+04	0.000000000000000000e+00	1.310282437800380437e-02
3.110312445598781414e+04	0.000000000000000000e+00	1.309905394591934398e-02
3.112931879526486227e+04	0.000000000000000000e+00	1.309528795330037153e-02
3.115550560699114794e+04	0.000000000000000000e+00	1.309152639149303160e-02
3.118168490001963801e+04	0.000000000000000000e+00	1.308776925186714603e-02
3.120785668318614989e+04	0.000000000000000000e+00	1.308401652581554254e-02
3.123402096530907875e+04	0.000000000000000000e+00	1.308026820475452143e-02
3.126017775518997223e+04	0.000000000000000000e+00	1.307652428012333855e-02
3.128632706161317401e+04	0.000000000000000000e+00	1.307278474338432681e-02
3.131246889334582011e+04	0.000000000000000000e+00	1.306904958602289786e-02
3.133860325913820270e+04	0.000000000000000000e+00	1.306531879954725417e-02
3.136473016772360279e+04	0.000000000000000000e+00	1.306159237548835256e-02
3.139084962781846843e+04	0.000000000000000000e+00	1.305787030540010545e-02
3.141696164812235656e+04	0.000000000000000000e+00	1.305415258085880492e-02
3.144306623731779837e+04	0.000000000000000000e+00	1.305043919346338815e-02
3.146916340407082680e+04	0.000000000000000000e+00	1.304673013483539576e-02
3.149525315703060915e+04	0.000000000000000000e+00	1.304302539661855546e-02
3.152133550482953433e+04	0.000000000000000000e+00	1.303932497047915161e-02
3.154741045608344575e+04	0.000000000000000000e+00	1.303562884810542666e-02
3.157347801939163764e+04	0.000000000000000000e+00	1.303193702120802357e-02
3.159953820333674230e+04	0.000000000000000000e+00	1.302824948151948443e-02
3.162559101648488650e+04	0.000000000000000000e+00	1.302456622079461654e-02
3.165163646738589523e+04	0.000000000000000000e+00	1.302088723080975161e-02
3.167767456457288790e+04	0.000000000000000000e+00	1.301721250336345011e-02
3.170370531656294770e+04	0.000000000000000000e+00	1.301354203027598952e-02
3.172972873185643402e+04	0.000000000000000000e+00	1.300987580338908503e-02
3.175574481893775010e+04	0.000000000000000000e+00	1.300621381456638220e-02
3.178175358627483365e+04	0.000000000000000000e+00	1.300255605569278390e-02
3.180775504231943341e+04	0.000000000000000000e+00	1.299890251867500020e-02
3.183374919550727645e+04	0.000000000000000000e+00	1.299525319544078857e-02
3.185973605425778806e+04	0.000000000000000000e+00	1.299160807793929735e-02
3.188571562697450281e+04	0.000000000000000000e+00	1.298796715814105364e-02
3.191168792204475903e+04	0.000000000000000000e+00	1.298433042803780711e-02
3.193765294783986974e+04	0.000000000000000000e+00	1.298069787964220220e-02
3.196361071271541368e+04	0.000000000000000000e+00	1.297706950498787870e-02
3.198956122501072969e+04	0.000000000000000000e+00	1.297344529612948910e-02
3.201550449304967697e+04	0.000000000000000000e+00	1.296982524514259973e-02
3.204144052514008945e+04	0.000000000000000000e+00	1.296620934412359878e-02
3.206736932957385216e+04	0.000000000000000000e+00	1.296259758518953503e-02
3.209329091462737415e+04	0.000000000000000000e+00	1.295898996047826698e-02
3.211920528856127567e+04	0.000000000000000000e+00	1.295538646214785573e-02
3.214511245962030807e+04	0.000000000000000000e+00	1.295178708237739937e-02
3.217101243603390321e+04	0.000000000000000000e+00	1.294819181336586897e-02
3.219690522601583507e+04	0.000000000000000000e+00	1.294460064733307485e-02
3.222279083776423067e+04	0.000000000000000000e+00	1.294101357651886684e-02
3.224866927946181022e+04	0.000000000000000000e+00	1.293743059318350555e-02
3.227454055927585432e+04	0.000000000000000000e+00	1.293385168960726507e-02
3.230040468535812033e+04	0.000000000000000000e+00	1.293027685809063770e-02
3.232626166584502425e+04	0.000000000000000000e+00	1.292670609095369037e-02
3.235211150885764073e+04	0.000000000000000000e+00	1.292313938053708290e-02
3.237795422250190313e+04	0.000000000000000000e+00	1.291957671920106014e-02
3.240378981486816338e+04	0.000000000000000000e+00	1.291601809932562024e-02
3.242961829403183583e+04	0.000000000000000000e+00	1.291246351331059965e-02
