1.000000000000000000e+06
9.999491091496314621e+05
9.998984746720446274e+05
9.998480927122818539e+05
9.997979594989754260e+05
9.997480713422029512e+05
9.996984246313913027e+05
9.996490158332751598e+05
9.995998414899304044e+05
9.995508982168465154e+05
9.995021827010632260e+05
9.994536916993565392e+05
9.994054220364731736e+05
9.993573706034173956e+05
9.993095343557898887e+05
9.992619103121643420e+05
9.992144955525154946e+05
9.991672872166881571e+05
9.991202825029101223e+05
9.990734786663482664e+05
9.990268730176972458e+05
9.989804629218106857e+05
9.989342457963832421e+05
9.988882191106458195e+05
9.988423803841110785e+05
9.987967271853502607e+05
9.987512571308043553e+05
9.987059678836258827e+05
9.986608571525514126e+05
9.986159226908076089e+05
9.985711622950492892e+05
9.985265738043107558e+05
9.984821550990045071e+05
9.984379040999454446e+05
9.983938187673867214e+05
9.983498971000906313e+05
9.983061371344238287e+05
9.982625369434806053e+05
9.982190946362201357e+05
9.981758083566324785e+05
9.981326762829294894e+05
9.980896966267506359e+05
9.980468676323938416e+05
9.980041875760632101e+05
9.979616547651368892e+05
9.979192675374614773e+05
9.978770242606584216e+05
9.978349233314479934e+05
9.977929631749886321e+05
9.977511422442375915e+05
9.977094590193411568e+05
9.976679120069985511e+05
9.976264997398974374e+05
9.975852207761247410e+05
9.975440736986075062e+05
9.975030571145623690e+05
9.974621696549636545e+05
9.974214099740266101e+05
9.973807767486945959e+05
9.973402686781449011e+05
9.972998844833157491e+05
9.972596229064284125e+05
9.972194827105320292e+05
9.971794626790593611e+05
9.971395616153831361e+05
9.970997783424070803e+05
9.970601117021361133e+05
9.970205605552793713e+05
9.969811237808623118e+05
9.969418002758338116e+05
9.969025889546967810e+05
9.968634887491415720e+05
9.968244986076866044e+05
9.967856174953377340e+05
9.967468443932433147e+05
9.967081782983591547e+05
9.966696182231390849e+05
9.966311631952058524e+05
9.965928122570533305e+05
9.965545644657388330e+05
9.965164188925947528e+05
9.964783746229379904e+05
9.964404307557992870e+05
9.964025864036357962e+05
9.963648406920792768e+05
9.963271927596706664e+05
9.962896417576024542e+05
9.962521868494786322e+05
9.962148272110641701e+05
9.961775620300545124e+05
9.961403905058385571e+05
9.961033118492838694e+05
9.960663252824994270e+05
9.960294300386357354e+05
9.959926253616689937e+05
9.959559105061913142e+05
9.959192847372180549e+05
9.958827473299815319e+05
9.958462975697497604e+05
9.958099347516256385e+05
9.957736581803798908e+05
9.957374671702559572e+05
9.957013610448056133e+05
9.956653391367123695e+05
9.956294007876280230e+05
9.955935453480049036e+05
9.955577721769380150e+05
9.955220806420058943e+05
9.954864701191219501e+05
9.954509399923784658e+05
9.954154896539086476e+05
9.953801185037292307e+05
9.953448259496174287e+05
9.953096114069619216e+05
9.952744742986341007e+05
9.952394140548529103e+05
9.952044301130601671e+05
9.951695219177894760e+05
9.951346889205506304e+05
9.950999305797009729e+05
9.950652463603345677e+05
9.950306357341589173e+05
9.949960981793920510e+05
9.949616331806431990e+05
9.949272402288102312e+05
9.948929188209697604e+05
9.948586684602752794e+05
9.948244886558542494e+05
9.947903789227099624e+05
9.947563387816206086e+05
9.947223677590520820e+05
9.946884653870498296e+05
9.946546312031613197e+05
9.946208647503403481e+05
9.945871655768598430e+05
9.945535332362247864e+05
9.945199672870881623e+05
9.944864672931692330e+05
9.944530328231680905e+05
9.944196634506948758e+05
9.943863587541813031e+05
9.943531183168117423e+05
9.943199417264418444e+05
9.942868285755352117e+05
9.942537784610814415e+05
9.942207909845318645e+05
9.941878657517272513e+05
9.941550023728301749e+05
9.941222004622593522e+05
9.940894596386245685e+05
9.940567795246620663e+05
9.940241597471704008e+05
9.939915999369514175e+05
9.939590997287448263e+05
9.939266587611788418e+05
9.938942766767017310e+05
9.938619531215311727e+05
9.938296877455973299e+05
9.937974802024847595e+05
9.937653301493797917e+05
9.937332372470207047e+05
9.937012011596420780e+05
9.936692215549248504e+05
9.936372981039463775e+05
9.936054304811318871e+05
9.935736183642013930e+05
9.935418614341375651e+05
9.935101593751191394e+05
9.934785118744886713e+05
9.934469186227052705e+05
9.934153793132946594e+05
9.933838936428138986e+05
9.933524613108048216e+05
9.933210820197532885e+05
9.932897554750476265e+05
9.932584813849353231e+05
9.932272594604901969e+05
9.931960894155666465e+05
9.931649709667733405e+05
9.931339038334190845e+05
9.931028877374889562e+05
9.930719224036051892e+05
9.930410075589840999e+05
9.930101429334107088e+05
9.929793282592025353e+05
9.929485632711723447e+05
9.929178477065946208e+05
9.928871813051752979e+05
9.928565638090209104e+05
9.928259949626020389e+05
9.927954745127330534e+05
9.927650022085278761e+05
9.927345778013796080e+05
9.927042010449277004e+05
9.926738716950301314e+05
9.926435895097294124e+05
9.926133542492343113e+05
9.925831656758873723e+05
9.925530235541330185e+05
9.925229276504977606e+05
9.924928777335583000e+05
9.924628735739233671e+05
9.924329149442007765e+05
9.924030016189805465e+05
9.923731333747989265e+05
9.923433099901257083e+05
9.923135312453354709e+05
9.922837969226776622e+05
9.922541068062661216e+05
9.922244606820484623e+05
9.921948583377884934e+05
9.921652995630317600e+05
9.921357841491012368e+05
9.921063118890631013e+05
9.920768825777143938e+05
9.920474960115563590e+05
9.920181519887800096e+05
9.919888503092377214e+05
9.919595907744321739e+05
9.919303731874928344e+05
9.919011973531527910e+05
9.918720630777383922e+05
9.918429701691452647e+05
9.918139184368262067e+05
9.917849076917550992e+05
9.917559377464341233e+05
9.917270084148573224e+05
9.916981195125060622e+05
9.916692708563235356e+05
9.916404622647035867e+05
9.916116935574691743e+05
9.915829645558610791e+05
9.915542750825193943e+05
9.915256249614676926e+05
9.914970140180957969e+05
9.914684420791495359e+05
9.914399089727166574e+05
9.914114145281981910e+05
9.913829585763090290e+05
9.913545409490586026e+05
9.913261614797329530e+05
9.912978200028873980e+05
9.912695163543312810e+05
9.912412503711084137e+05
9.912130218914893921e+05
9.911848307549577439e+05
9.911566768021958414e+05
9.911285598750688368e+05
9.911004798166170949e+05
9.910724364710433874e+05
9.910444296837032307e+05
9.910164593010722892e+05
9.909885251707651187e+05
9.909606271415038500e+05
9.909327650631098077e+05
9.909049387864974560e+05
9.908771481636584504e+05
9.908493930476483656e+05
9.908216732925794786e+05
9.907939887536133174e+05
9.907663392869400559e+05
9.907387247497739736e+05
9.907111450003427453e+05
9.906835998978792923e+05
9.906560893026120029e+05
9.906286130757348146e+05
9.906011710794308456e+05
9.905737631768395659e+05
9.905463892320527229e+05
9.905190491101074731e+05
9.904917426769773010e+05
9.904644697995540919e+05
9.904372303456510417e+05
9.904100241839856608e+05
9.903828511841744184e+05
9.903557112167193554e+05
9.903286041530038929e+05
9.903015298652841011e+05
9.902744882266847417e+05
9.902474791111685336e+05
9.902205023935571080e+05
9.901935579495084239e+05
9.901666456555073382e+05
9.901397653888617642e+05
9.901129170277003432e+05
9.900861004509492777e+05
9.900593155383379199e+05
9.900325621703846846e+05
9.900058402283962350e+05
9.899791495944518829e+05
9.899524901513981167e+05
9.899258617828453425e+05
9.898992643731648568e+05
9.898726978074659128e+05
9.898461619715993293e+05
9.898196567521544639e+05
9.897931820364451269e+05
9.897667377125042258e+05
9.897403236690815538e+05
9.897139397956365719e+05
9.896875859823202481e+05
9.896612621199862333e+05
9.896349681001725839e+05
9.896087038151018787e+05
9.895824691576712066e+05
9.895562640214428538e+05
9.895300883006470976e+05
9.895039418901784811e+05
9.894778246855682228e+05
9.894517365830008639e+05
9.894256774793015793e+05
9.893996472719303565e+05
9.893736458589734975e+05
9.893476731391421054e+05
9.893217290117704542e+05
9.892958133767961990e+05
9.892699261347687570e+05
9.892440671868412755e+05
9.892182364347593393e+05
9.891924337808650453e+05
9.891666591280780267e+05
9.891409123799069785e+05
9.891151934404394124e+05
9.890895022143252427e+05
9.890638386067816755e+05
9.890382025235914625e+05
9.890125938710940536e+05
9.889870125561798923e+05
9.889614584862840129e+05
9.889359315693916287e+05
9.889104317140199710e+05
9.888849588292205008e+05
9.888595128245758824e+05
9.888340936101932311e+05
9.888087010967002716e+05
9.887833351952398662e+05
9.887579958174643107e+05
9.887326828755398747e+05
9.887073962821342284e+05
9.886821359504065476e+05
9.886569017940174090e+05
9.886316937271187780e+05
9.886065116643506335e+05
9.885813555208282778e+05
9.885562252121568890e+05
9.885311206544140587e+05
9.885060417641440872e+05
9.884809884583607782e+05
9.884559606545469724e+05
9.884309582706394140e+05
9.884059812250351533e+05
9.883810294365802547e+05
9.883561028245720081e+05
9.883312013087596279e+05
9.883063248093237635e+05
9.882814732468880247e+05
9.882566465425090864e+05
9.882318446176802972e+05
9.882070673943213187e+05
9.881823147947711404e+05
9.881575867418004200e+05
9.881328831585935550e+05
9.881082039687486831e+05
9.880835490962758195e+05
9.880589184655995341e+05
9.880343120015413733e+05
9.880097296293316176e+05
9.879851712745977566e+05
9.879606368633614620e+05
9.879361263220465044e+05
9.879116395774546545e+05
9.878871765567808179e+05
9.878627371876022080e+05
9.878383213978812564e+05
9.878139291159558343e+05
9.877895602705409983e+05
9.877652147907232866e+05
9.877408926059642108e+05
9.877165936460868688e+05
9.876923178412789712e+05
9.876680651220944710e+05
9.876438354194455314e+05
9.876196286645975197e+05
9.875954447891736636e+05
9.875712837251437595e+05
9.875471454048326705e+05
9.875230297609100817e+05
9.874989367263781605e+05
9.874748662345936755e+05
9.874508182192442473e+05
9.874267926143584773e+05
9.874027893542968668e+05
9.873788083737479756e+05
9.873548496077340096e+05
9.873309129916044185e+05
9.873069984610285610e+05
9.872831059519953560e+05
9.872592354008242255e+05
9.872353867441427428e+05
9.872115599188938504e+05
9.871877548623360926e+05
9.871639715120358160e+05
9.871402098058735719e+05
9.871164696820293320e+05
9.870927510789847001e+05
9.870690539355303627e+05
9.870453781907527009e+05
9.870217237840377493e+05
9.869980906550650252e+05
9.869744787438077619e+05
9.869508879905327922e+05
9.869273183357965900e+05
9.869037697204396827e+05
9.868802420855865348e+05
9.868567353726543952e+05
9.868332495233332738e+05
9.868097844795933925e+05
9.867863401836864650e+05
9.867629165781377815e+05
9.867395136057456257e+05
9.867161312095823232e+05
9.866927693329839967e+05
9.866694279195638373e+05
9.866461069131937111e+05
9.866228062580160331e+05
9.865995258984321263e+05
9.865762657791072270e+05
9.865530258449637331e+05
9.865298060411865590e+05
9.865066063132083509e+05
9.864834266067201970e+05
9.864602668676674366e+05
9.864371270422470989e+05
9.864140070768982405e+05
9.863909069183132378e+05
9.863678265134309186e+05
9.863447658094295766e+05
9.863217247537357034e+05
9.862987032940083882e+05
9.862757013781532878e+05
9.862527189543122659e+05
9.862297559708617628e+05
9.862068123764162883e+05
9.861838881198187592e+05
9.861609831501488807e+05
9.861380974167149980e+05
9.861152308690532809e+05
9.860923834569264436e+05
9.860695551303247921e+05
9.860467458394631976e+05
9.860239555347795831e+05
9.860011841669304995e+05
9.859784316867932212e+05
9.859556980454691220e+05
9.859329831942691235e+05
9.859102870847233571e+05
9.858876096685748780e+05
9.858649508977823425e+05
9.858423107245148858e+05
9.858196891011502594e+05
9.857970859802801860e+05
9.857745013146995334e+05
9.857519350574126001e+05
9.857293871616291581e+05
9.857068575807608431e+05
9.856843462684222031e+05
9.856618531784316292e+05
9.856393782648053020e+05
9.856169214817609172e+05
9.855944827837101184e+05
9.855720621252636192e+05
9.855496594612279441e+05
9.855272747466012370e+05
9.855049079365753569e+05
9.854825589865316870e+05
9.854602278520474210e+05
9.854379144888834562e+05
9.854156188529919600e+05
9.853933409005132271e+05
9.853710805877725361e+05
9.853488378712766571e+05
9.853266127077239798e+05
9.853044050539858872e+05
9.852822148671221221e+05
9.852600421043692622e+05
9.852378867231465410e+05
9.852157486810482806e+05
9.851936279358481988e+05
9.851715244454963831e+05
9.851494381681132363e+05
9.851273690619999543e+05
9.851053170856242068e+05
9.850832821976264240e+05
9.850612643568236381e+05
9.850392635221963283e+05
9.850172796528985491e+05
9.849953127082491992e+05
9.849733626477359794e+05
9.849514294310131809e+05
9.849295130178983090e+05
9.849076133683755761e+05
9.848857304425871698e+05
9.848638642008431489e+05
9.848420146036096849e+05
9.848201816115191905e+05
9.847983651853594929e+05
9.847765652860759292e+05
9.847547818747764686e+05
9.847330149127170444e+05
9.847112643613183172e+05
9.846895301821476314e+05
9.846678123369293753e+05
9.846461107875443995e+05
9.846244254960197723e+05
9.846027564245383255e+05
9.845811035354319029e+05
9.845594667911813594e+05
9.845378461544194724e+05
9.845162415879232576e+05
9.844946530546180438e+05
9.844730805175732821e+05
9.844515239400094142e+05
9.844299832852851832e+05
9.844084585169081111e+05
9.843869495985254180e+05
9.843654564939293778e+05
9.843439791670510313e+05
9.843225175819604192e+05
9.843010717028739164e+05
9.842796414941359544e+05
9.842582269202375319e+05
9.842368279458093457e+05
9.842154445356086362e+05
9.841940766545392107e+05
9.841727242676333990e+05
9.841513873400597367e+05
9.841300658371257596e+05
9.841087597242642660e+05
9.840874689670448424e+05
9.840661935311639681e+05
9.840449333824566565e+05
9.840236884868809721e+05
9.840024588105287403e+05
9.839812443196183303e+05
9.839600449804997770e+05
9.839388607596465154e+05
9.839176916236564284e+05
9.838965375392610440e+05
9.838753984733071411e+05
9.838542743927703705e+05
9.838331652647561859e+05
9.838120710564858746e+05
9.837909917353055207e+05
9.837699272686848417e+05
9.837488776242121821e+05
9.837278427696013823e+05
9.837068226726796711e+05
9.836858173014015192e+05
9.836648266238312935e+05
9.836438506081558298e+05
9.836228892226836178e+05
9.836019424358330434e+05
9.835810102161439136e+05
9.835600925322687253e+05
9.835391893529813970e+05
9.835183006471559638e+05
9.834974263837951003e+05
9.834765665320062544e+05
9.834557210610102629e+05
9.834348899401410017e+05
9.834140731388495769e+05
9.833932706266881432e+05
9.833724823733255034e+05
9.833517083485407056e+05
9.833309485222160583e+05
9.833102028643517988e+05
9.832894713450494455e+05
9.832687539345204132e+05
9.832480506030806573e+05
9.832273613211561460e+05
9.832066860592778539e+05
9.831860247880796669e+05
9.831653774783037370e+05
9.831447441007936141e+05
9.831241246265056543e+05
9.831035190264792182e+05
9.830829272718771826e+05
9.830623493339525303e+05
9.830417851840618532e+05
9.830212347936638398e+05
9.830006981343240477e+05
9.829801751776961610e+05
9.829596658955430612e+05
9.829391702597248368e+05
9.829186882421941264e+05
9.828982198150129989e+05
9.828777649503338616e+05
9.828573236204051645e+05
9.828368957975750091e+05
9.828164814542871900e+05
9.827960805630821269e+05
9.827756930965931388e+05
9.827553190275511006e+05
9.827349583287800197e+05
9.827146109732027398e+05
9.826942769338206854e+05
9.826739561837434303e+05
9.826536486961671617e+05
9.826333544443760766e+05
9.826130734017505310e+05
9.825928055417655269e+05
9.825725508379806997e+05
9.825523092640470713e+05
9.825320807937078644e+05
9.825118654007931473e+05
9.824916630592237925e+05
9.824714737430112436e+05
9.824512974262518110e+05
9.824311340831259731e+05
9.824109836879080394e+05
9.823908462149580009e+05
9.823707216387203662e+05
9.823506099337242777e+05
9.823305110745890997e+05
9.823104250360209262e+05
9.822903517927991925e+05
9.822702913197964663e+05
9.822502435919684358e+05
9.822302085843532113e+05
9.822101862720664358e+05
9.821901766303172335e+05
9.821701796343940077e+05
9.821501952596604824e+05
9.821302234815683914e+05
9.821102642756513087e+05
9.820903176175169647e+05
9.820703834828621475e+05
9.820504618474605959e+05
9.820305526871610200e+05
9.820106559778935043e+05
9.819907716956745135e+05
9.819708998165908270e+05
9.819510403168095509e+05
9.819311931725742761e+05
9.819113583602120634e+05
9.818915358561279718e+05
9.818717256367865484e+05
9.818519276787471026e+05
9.818321419586376287e+05
9.818123684531627223e+05
9.817926071390977595e+05
9.817728579933027504e+05
9.817531209927082527e+05
9.817333961143147899e+05
9.817136833352012327e+05
9.816939826325209578e+05
9.816742939834963763e+05
9.816546173654283630e+05
9.816349527556897374e+05
9.816153001317173475e+05
9.815956594710272038e+05
9.815760307512113359e+05
9.815564139499235898e+05
9.815368090448934818e+05
9.815172160139210755e+05
9.814976348348767497e+05
9.814780654857065529e+05
9.814585079444096191e+05
9.814389621890711132e+05
9.814194281978373183e+05
9.813999059489254141e+05
9.813803954206153285e+05
9.813608965912662679e+05
9.813414094393000705e+05
9.813219339432045817e+05
9.813024700815336546e+05
9.812830178329135524e+05
9.812635771760318894e+05
9.812441480896474095e+05
9.812247305525841657e+05
9.812053245437274454e+05
9.811859300420274958e+05
9.811665470265093027e+05
9.811471754762564087e+05
9.811278153704144061e+05
9.811084666881968733e+05
9.810891294088823488e+05
9.810698035118145635e+05
9.810504889763953397e+05
9.810311857820879668e+05
9.810118939084273297e+05
9.809926133350024465e+05
9.809733440414696233e+05
9.809540860075432574e+05
9.809348392130087595e+05
9.809156036377036944e+05
9.808963792615304701e+05
9.808771660644501681e+05
9.808579640264904592e+05
9.808387731277332641e+05
9.808195933483270928e+05
9.808004246684763348e+05
9.807812670684410259e+05
9.807621205285477918e+05
9.807429850291825132e+05
9.807238605507875327e+05
9.807047470738599077e+05
9.806856445789621212e+05
9.806665530467147473e+05
9.806474724577943562e+05
9.806284027929286240e+05
9.806093440329114674e+05
9.805902961585914018e+05
9.805712591508711921e+05
9.805522329907119274e+05
9.805332176591318566e+05
9.805142131372110453e+05
9.804952194060755428e+05
9.804762364469136810e+05
9.804572642409643158e+05
9.804383027695288183e+05
9.804193520139579196e+05
9.804004119556637015e+05
9.803814825761034153e+05
9.803625638567942660e+05
9.803436557793073589e+05
9.803247583252682816e+05
9.803058714763587341e+05
9.802869952143043047e+05
9.802681295208947267e+05
9.802492743779690936e+05
9.802304297674193513e+05
9.802115956711868057e+05
9.801927720712672453e+05
9.801739589497096604e+05
9.801551562886120519e+05
9.801363640701270197e+05
9.801175822764566401e+05
9.800988108898611972e+05
9.800800498926443979e+05
9.800612992671612883e+05
9.800425589958194178e+05
9.800238290610772092e+05
9.800051094454473350e+05
9.799864001314861234e+05
9.799677011018028716e+05
9.799490123390509980e+05
9.799303338259432930e+05
9.799116655452349223e+05
9.798930074797357665e+05
9.798743596122954041e+05
9.798557219258184778e+05
9.798370944032631814e+05
9.798184770276258932e+05
9.797998697819539811e+05
9.797812726493448718e+05
9.797626856129406951e+05
9.797441086559337564e+05
9.797255417615614133e+05
9.797069849131093360e+05
9.796884380939111579e+05
9.796699012873492902e+05
9.796513744768480537e+05
9.796328576458758907e+05
9.796143507779563079e+05
9.795958538566527423e+05
9.795773668655768270e+05
9.795588897883890895e+05
9.795404226087828865e+05
9.795219653105075704e+05
9.795035178773577791e+05
9.794850802931702929e+05
9.794666525418282254e+05
9.794482346072546206e+05
9.794298264734240947e+05
9.794114281243521255e+05
9.793930395440957509e+05
9.793746607167596230e+05
9.793562916264865780e+05
9.793379322574685793e+05
9.793195825939385686e+05
9.793012426201716298e+05
9.792829123204878997e+05
9.792645916792512871e+05
9.792462806808667956e+05
9.792279793097840156e+05
9.792096875504864147e+05
9.791914053875117097e+05
9.791731328054346377e+05
9.791548697888725437e+05
9.791366163224822376e+05
9.791183723909580149e+05
9.791001379790455103e+05
9.790819130715263309e+05
9.790636976532243425e+05
9.790454917090043891e+05
9.790272952237682184e+05
9.790091081824653083e+05
9.789909305700815748e+05
9.789727623716404196e+05
9.789546035722106462e+05
9.789364541568942368e+05
9.789183141108374111e+05
9.789001834192285314e+05
9.788820620672877412e+05
9.788639500402820995e+05
9.788458473235175479e+05
9.788277539023334393e+05
9.788096697621140629e+05
9.787915948882746743e+05
9.787735292662795400e+05
9.787554728816252900e+05
9.787374257198512787e+05
9.787193877665279433e+05
9.787013590072643710e+05
9.786833394277145853e+05
9.786653290135650896e+05
9.786473277505417354e+05
9.786293356244104216e+05
9.786113526209662668e+05
9.785933787260517711e+05
9.785754139255394693e+05
9.785574582053415943e+05
9.785395115514054196e+05
9.785215739497146569e+05
9.785036453862892231e+05
9.784857258471866371e+05
9.784678153185029514e+05
9.784499137863639044e+05
9.784320212369387737e+05
9.784141376564301318e+05
9.783962630310740788e+05
9.783783973471411737e+05
9.783605405909400433e+05
9.783426927488186629e+05
9.783248538071539951e+05
9.783070237523644464e+05
9.782892025708875153e+05
9.782713902492150664e+05
9.782535867738649249e+05
9.782357921313877450e+05
9.782180063083746936e+05
9.782002292914441787e+05
9.781824610672552371e+05
9.781647016224940307e+05
9.781469509438887471e+05
9.781292090181933017e+05
9.781114758321981644e+05
9.780937513727273326e+05
9.780760356266387971e+05
9.780583285808234941e+05
9.780406302222072845e+05
9.780229405377445510e+05
9.780052595144299557e+05
9.779875871392834233e+05
9.779699233993617818e+05
9.779522682817531750e+05
9.779346217735768296e+05
9.779169838619902730e+05
9.778993545341788558e+05
9.778817337773611071e+05
9.778641215787780238e+05
9.778465179257198470e+05
9.778289228054963751e+05
9.778113362054547761e+05
9.777937581129713217e+05
9.777761885154547635e+05
9.777586274003422586e+05
9.777410747551044915e+05
9.777235305672477698e+05
9.777059948242997052e+05
9.776884675138223683e+05
9.776709486234120559e+05
9.776534381406904431e+05
9.776359360533152940e+05
9.776184423489723122e+05
9.776009570153737441e+05
9.775834800402725814e+05
9.775660114114388125e+05
9.775485511166816577e+05
9.775310991438355995e+05
9.775136554807667853e+05
9.774962201153752394e+05
9.774787930355869466e+05
9.774613742293536197e+05
9.774439636846550275e+05
9.774265613895101706e+05
9.774091673319637775e+05
9.773917815000830451e+05
9.773744038819734706e+05
9.773570344657632522e+05
9.773396732396103907e+05
9.773223201916989638e+05
9.773049753102535615e+05
9.772876385835091351e+05
9.772703099997420795e+05
9.772529895472504431e+05
9.772356772143632406e+05
9.772183729894385906e+05
9.772010768608602230e+05
9.771837888170409715e+05
9.771665088464237051e+05
9.771492369374758564e+05
9.771319730786909349e+05
9.771147172585941153e+05
9.770974694657361833e+05
9.770802296886951663e+05
9.770629979160805233e+05
9.770457741365246475e+05
9.770285583386780927e+05
9.770113505112342536e+05
9.769941506429084111e+05
9.769769587224370334e+05
9.769597747385882540e+05
9.769425986801584950e+05
9.769254305359654827e+05
9.769082702948543010e+05
9.768911179456998361e+05
9.768739734774034005e+05
9.768568368788850494e+05
9.768397081390949897e+05
9.768225872470102040e+05
9.768054741916352650e+05
9.767883689619966317e+05
9.767712715471513802e+05
9.767541819361768430e+05
9.767371001181814354e+05
9.767200260822933633e+05
9.767029598176679574e+05
9.766859013134870911e+05
9.766688505589578999e+05
9.766518075433137128e+05
9.766347722558164969e+05
9.766177446857386967e+05
9.766007248223890783e+05
9.765837126550999237e+05
9.765667081732293591e+05
9.765497113661561161e+05
9.765327222232859349e+05
9.765157407340517966e+05
9.764987668879035627e+05
9.764818006743178703e+05
9.764648420828034868e+05
9.764478911028828006e+05
9.764309477241055574e+05
9.764140119360459503e+05
9.763970837283013389e+05
9.763801630904944614e+05
9.763632500122692436e+05
9.763463444833001122e+05
9.763294464932765113e+05
9.763125560319158249e+05
9.762956730889570899e+05
9.762787976541628595e+05
9.762619297173194354e+05
9.762450692682383815e+05
9.762282162967519835e+05
9.762113707927218638e+05
9.761945327460172120e+05
9.761777021465429571e+05
9.761608789842253318e+05
9.761440632490091957e+05
9.761272549308668822e+05
9.761104540197917959e+05
9.760936605057977140e+05
9.760768743789212313e+05
9.760600956292208284e+05
9.760433242467842065e+05
9.760265602217100095e+05
9.760098035441262182e+05
9.759930542041782755e+05
9.759763121920388658e+05
9.759595774978990667e+05
9.759428501119695138e+05
9.759261300244930899e+05
9.759094172257245518e+05
9.758927117059436860e+05
9.758760134554487886e+05
9.758593224645637674e+05
9.758426387236311566e+05
9.758259622230187524e+05
9.758092929531123955e+05
9.757926309043233050e+05
9.757759760670764372e+05
9.757593284318202641e+05
9.757426879890282871e+05
9.757260547291917028e+05
9.757094286428262712e+05
9.756928097204653313e+05
9.756761979526635259e+05
9.756595933299950557e+05
9.756429958430529805e+05
9.756264054824614432e+05
9.756098222388514550e+05
9.755932461028837133e+05
9.755766770652296254e+05
9.755601151165913325e+05
9.755435602476864588e+05
9.755270124492516043e+05
9.755104717120461864e+05
