0.000000000000000000e+00
1.164153218269348145e-09
4.074536263942718506e-09
1.082662492990493774e-08
1.734588295221328735e-08
2.374872565269470215e-08
3.224704414606094360e-08
3.969762474298477173e-08
4.761386662721633911e-08
5.518086254596710205e-08
6.298068910837173462e-08
7.182825356721878052e-08
8.149072527885437012e-08
9.010545909404754639e-08
9.883660823106765747e-08
1.073349267244338989e-07
1.160660758614540100e-07
1.249136403203010559e-07
1.334119588136672974e-07
1.438893377780914307e-07
1.557637006044387817e-07
1.647276803851127625e-07
1.743901520967483521e-07
1.844018697738647461e-07
1.945300027728080750e-07
2.040760591626167297e-07
2.135057002305984497e-07
2.234010025858879089e-07
2.332963049411773682e-07
2.429587766528129578e-07
2.562301233410835266e-07
2.696178853511810303e-07
2.798624336719512939e-07
2.899905666708946228e-07
3.010500222444534302e-07
3.124587237834930420e-07
3.227032721042633057e-07
3.336463123559951782e-07
3.451714292168617249e-07
3.557652235031127930e-07
3.665918484330177307e-07
3.782333806157112122e-07
3.920868039131164551e-07
4.080357030034065247e-07
4.229368641972541809e-07
4.360917955636978149e-07
4.488974809646606445e-07
4.631001502275466919e-07
4.775356501340866089e-07
4.890607669949531555e-07
5.058245733380317688e-07
5.197944119572639465e-07
5.329493433237075806e-07
5.457550287246704102e-07
5.594920367002487183e-07
5.734618753194808960e-07
5.866168066859245300e-07
6.012851372361183167e-07
6.170012056827545166e-07
6.301561370491981506e-07
6.434274837374687195e-07
6.564659997820854187e-07
6.695045158267021179e-07
6.845220923423767090e-07
6.970949470996856689e-07
7.123453542590141296e-07
7.277121767401695251e-07
7.408671081066131592e-07
7.544877007603645325e-07
7.677590474486351013e-07
7.811468094587326050e-07
7.954658940434455872e-07
8.086208254098892212e-07
8.228234946727752686e-07
8.387723937630653381e-07
8.518109098076820374e-07
8.657807484269142151e-07
8.783536031842231750e-07
8.918577805161476135e-07
9.054783731698989868e-07
9.197974577546119690e-07
9.330688044428825378e-07
9.492505341768264771e-07
9.634532034397125244e-07
9.768409654498100281e-07
9.908108040690422058e-07
1.003383658826351166e-06
1.017237082123756409e-06
1.030974090099334717e-06
1.045875251293182373e-06
1.059146597981452942e-06
1.075561158359050751e-06
1.089880242943763733e-06
1.103268004953861237e-06
1.117354258894920349e-06
1.129927113652229309e-06
1.143896952271461487e-06
1.157051883637905121e-06
1.172418706119060516e-06
1.185690052807331085e-06
1.201173290610313416e-06
1.215725205838680267e-06
1.230044290423393250e-06
1.243199221789836884e-06
1.256470568478107452e-06
1.269974745810031891e-06
1.284060999751091003e-06
1.297798007726669312e-06
1.312699168920516968e-06
1.326901838183403015e-06
1.343898475170135498e-06
1.357868313789367676e-06
1.371838152408599854e-06
1.384993083775043488e-06
1.398497261106967926e-06
1.411768607795238495e-06
1.426204107701778412e-06
1.439941115677356720e-06
1.455075107514858246e-06
1.470092684030532837e-06
1.486390829086303711e-06
1.500709913671016693e-06
1.515145413577556610e-06
1.528533175587654114e-06
1.542037352919578552e-06
1.555541530251502991e-06
1.569394953548908234e-06
1.583597622811794281e-06
1.598731614649295807e-06
1.612817868590354919e-06
1.630047336220741272e-06
1.645646989345550537e-06
1.660198904573917389e-06
1.673935912549495697e-06
1.687556505203247070e-06
1.701060682535171509e-06
1.714564859867095947e-06
1.729233190417289734e-06
1.742737367749214172e-06
1.758453436195850372e-06
1.774518750607967377e-06
1.791748218238353729e-06
1.806416548788547516e-06
1.821434125304222107e-06
1.835171133279800415e-06
1.848791725933551788e-06
1.862412318587303162e-06
1.876032911241054535e-06
1.889653503894805908e-06
1.903972588479518890e-06
1.919688656926155090e-06
1.935986801981925964e-06
1.953449100255966187e-06
1.968583092093467712e-06
1.983949914574623108e-06
1.997803337872028351e-06
2.010841853916645050e-06
2.024578861892223358e-06
2.038781531155109406e-06
2.052518539130687714e-06
2.067186869680881500e-06
2.082902938127517700e-06
2.099550329148769379e-06
2.116663381457328796e-06
2.134242095053195953e-06
2.147746272385120392e-06
2.163113094866275787e-06
2.177199348807334900e-06
2.190587110817432404e-06
2.205255441367626190e-06
2.218992449343204498e-06
2.232845872640609741e-06
2.247514203190803528e-06
2.263579517602920532e-06
2.281856723129749298e-06
2.299202606081962585e-06
2.316432073712348938e-06
2.330169081687927246e-06
2.345652319490909576e-06
2.359272912144660950e-06
2.372311428189277649e-06
2.387445420026779175e-06
2.401531673967838287e-06
2.415035851299762726e-06
2.430169843137264252e-06
2.447399310767650604e-06
2.465327270328998566e-06
2.482789568603038788e-06
2.500135451555252075e-06
2.514454536139965057e-06
2.529704943299293518e-06
2.543558366596698761e-06
2.557062543928623199e-06
2.570566721260547638e-06
2.585700713098049164e-06
2.599204890429973602e-06
2.613174729049205780e-06
2.630171366035938263e-06
2.647982910275459290e-06
2.666725777089595795e-06
2.683722414076328278e-06
2.700136974453926086e-06
2.714456059038639069e-06
2.729822881519794464e-06
2.743327058851718903e-06
2.756714820861816406e-06
2.772314473986625671e-06
2.786051481962203979e-06
2.799904905259609222e-06
2.814456820487976074e-06
2.833432517945766449e-06
2.851011231541633606e-06
2.869521267712116241e-06
2.886285074055194855e-06
2.902583219110965729e-06
2.917135134339332581e-06
2.932385541498661041e-06
2.946122549474239349e-06
2.959859557449817657e-06
2.975226379930973053e-06
2.989196218550205231e-06
3.003282472491264343e-06
3.017717972397804260e-06
3.037508577108383179e-06
3.054854460060596466e-06
3.073364496231079102e-06
3.089546225965023041e-06
3.105611540377140045e-06
3.120629116892814636e-06
3.135763108730316162e-06
3.149965777993202209e-06
3.163819201290607452e-06
3.178254701197147369e-06
3.193505108356475830e-06
3.207474946975708008e-06
3.221444785594940186e-06
3.240071237087249756e-06
3.258348442614078522e-06
3.276509232819080353e-06
3.295252099633216858e-06
3.311550244688987732e-06
3.326218575239181519e-06
3.341701813042163849e-06
3.356253728270530701e-06
3.369990736246109009e-06
3.383960574865341187e-06
3.399327397346496582e-06
3.414112143218517303e-06
3.428081981837749481e-06
3.442750312387943268e-06
3.463937900960445404e-06
3.481400199234485626e-06
3.499444574117660522e-06
3.517372533679008484e-06
3.533205017447471619e-06
3.548455424606800079e-06
3.564404323697090149e-06
3.579189069569110870e-06
3.592227585613727570e-06
3.607012331485748291e-06
3.622262738645076752e-06
3.636931069195270538e-06
3.650900907814502716e-06
3.666151314973831177e-06
3.688386641442775726e-06
3.705965355038642883e-06
3.724358975887298584e-06
3.742519766092300415e-06
3.758817911148071289e-06
3.773719072341918945e-06
3.790133632719516754e-06
3.804103471338748932e-06
3.818073309957981110e-06
3.832043148577213287e-06
3.847409971058368683e-06
3.862427547574043274e-06
3.876863047480583191e-06
3.891298547387123108e-06
3.912718966603279114e-06
3.931112587451934814e-06
3.949040547013282776e-06
3.967666998505592346e-06
3.984547220170497894e-06
3.998633474111557007e-06
4.015048034489154816e-06
4.030298441648483276e-06
4.045316018164157867e-06
4.058703780174255371e-06
4.073604941368103027e-06
4.089670255780220032e-06
4.104804247617721558e-06
4.118541255593299866e-06
4.137167707085609436e-06
4.156841896474361420e-06
4.175002686679363251e-06
4.193396307528018951e-06
4.211440682411193848e-06
4.227273166179656982e-06
4.242057912051677704e-06
4.259520210325717926e-06
4.274072125554084778e-06
4.288507625460624695e-06
4.302128218114376068e-06
4.316912963986396790e-06
4.333443939685821533e-06
4.348228685557842255e-06
4.362082108855247498e-06
4.382454790174961090e-06
4.402128979563713074e-06
4.420755431056022644e-06
4.438799805939197540e-06
4.456844180822372437e-06
4.473025910556316376e-06
4.487112164497375488e-06
4.503759555518627167e-06
4.518777132034301758e-06
4.532630555331707001e-06
4.547764547169208527e-06
4.562316462397575378e-06
4.579662345349788666e-06
4.594447091221809387e-06
4.608999006450176239e-06
4.628556780517101288e-06
4.649162292480468750e-06
4.667788743972778320e-06
4.685483872890472412e-06
4.703295417129993439e-06
4.720874130725860596e-06
4.735542461276054382e-06
4.751724191009998322e-06
4.767673090100288391e-06
4.782341420650482178e-06
4.796660505235195160e-06
4.811212420463562012e-06
4.826579242944717407e-06
4.842877388000488281e-06
4.857545718550682068e-06
4.874425940215587616e-06
4.895497113466262817e-06
4.914938472211360931e-06
4.933215677738189697e-06
4.951260052621364594e-06
4.970701411366462708e-06
4.985602572560310364e-06
5.000503733754158020e-06
5.017267540097236633e-06
5.032983608543872833e-06
5.046487785875797272e-06
5.061854608356952667e-06
5.076872184872627258e-06
5.093170329928398132e-06
5.108769983053207397e-06
5.123205482959747314e-06
5.142763257026672363e-06
5.162786692380905151e-06
5.182926543056964874e-06
5.200854502618312836e-06
5.219131708145141602e-06
5.238223820924758911e-06
5.253124982118606567e-06
5.268375389277935028e-06
5.284324288368225098e-06
5.299807526171207428e-06
5.313311703503131866e-06
5.329493433237075806e-06
5.344161763787269592e-06
5.359645001590251923e-06
5.375826731324195862e-06
5.390727892518043518e-06
5.410984158515930176e-06
5.431124009191989899e-06
5.451263859868049622e-06
5.469541065394878387e-06
5.488051101565361023e-06
5.505629815161228180e-06
5.522393621504306793e-06
5.537178367376327515e-06
5.553825758397579193e-06
5.570007488131523132e-06
5.583977326750755310e-06
5.598063580691814423e-06
5.613546818494796753e-06
5.628447979688644409e-06
5.644746124744415283e-06
5.659996531903743744e-06
5.677691660821437836e-06
5.700276233255863190e-06
5.719019100069999695e-06
5.738809704780578613e-06
5.756854079663753510e-06
5.775014869868755341e-06
5.793408490717411041e-06
5.809124559164047241e-06
5.823909305036067963e-06
5.840207450091838837e-06
5.856505595147609711e-06
5.868729203939437866e-06
5.883979611098766327e-06
5.900277756154537201e-06
5.915993824601173401e-06
5.932524800300598145e-06
5.948473699390888214e-06
5.968380719423294067e-06
5.990033969283103943e-06
6.009126082062721252e-06
6.028451025485992432e-06
6.046844646334648132e-06
6.065238267183303833e-06
6.082584150135517120e-06
6.098067387938499451e-06
6.113084964454174042e-06
6.129383109509944916e-06
6.145332008600234985e-06
6.157904863357543945e-06
6.173388101160526276e-06
6.189569830894470215e-06
6.204703822731971741e-06
6.221234798431396484e-06
6.239279173314571381e-06
6.258254870772361755e-06
6.279558874666690826e-06
6.298418156802654266e-06
6.319023668766021729e-06
6.337417289614677429e-06
6.356043741106987000e-06
6.373040378093719482e-06
6.389571353793144226e-06
6.404472514986991882e-06
6.421818397939205170e-06
6.437301635742187500e-06
6.451155059039592743e-06
6.465008482336997986e-06
6.481888704001903534e-06
6.497371941804885864e-06
6.513204425573348999e-06
6.531714461743831635e-06
6.550108082592487335e-06
6.571761332452297211e-06
6.591319106519222260e-06
6.610760465264320374e-06
6.630201824009418488e-06
6.648246198892593384e-06
6.666756235063076019e-06
6.682937964797019958e-06
6.698537617921829224e-06
6.714486517012119293e-06
6.730202585458755493e-06
6.744870916008949280e-06
6.758957169950008392e-06
6.773858331143856049e-06
6.790505722165107727e-06
6.807269528508186340e-06
6.823218427598476410e-06
6.842892616987228394e-06
6.863148882985115051e-06
6.883870810270309448e-06
6.903777830302715302e-06
6.923801265656948090e-06
6.943708285689353943e-06
6.961403414607048035e-06
6.979331374168395996e-06
6.995745934545993805e-06
7.011462002992630005e-06
7.027527317404747009e-06
7.043126970529556274e-06
7.057562470436096191e-06
7.072580046951770782e-06
7.087481208145618439e-06
7.104128599166870117e-06
7.120775990188121796e-06
7.138354703783988953e-06
7.157912477850914001e-06
7.178634405136108398e-06
7.200054824352264404e-06
7.219729013741016388e-06
7.240567356348037720e-06
7.259659469127655029e-06
7.277354598045349121e-06
7.295049726963043213e-06
7.312861271202564240e-06
7.328111678361892700e-06
7.345690391957759857e-06
7.361173629760742188e-06
7.376540452241897583e-06
7.390975952148437500e-06
7.406342774629592896e-06
7.421709597110748291e-06
7.438240572810173035e-06
7.457449100911617279e-06
7.476075552403926849e-06
7.497728802263736725e-06
7.519382052123546600e-06
7.538823410868644714e-06
7.559545338153839111e-06
7.578753866255283356e-06
7.597845979034900665e-06
7.615424692630767822e-06
7.632072083652019501e-06
7.648719474673271179e-06
7.664668373763561249e-06
7.681897841393947601e-06
7.697148248553276062e-06
7.712980732321739197e-06
7.726950570940971375e-06
7.742550224065780640e-06
7.759314030408859253e-06
7.775961421430110931e-06
7.796217687427997589e-06
7.815426215529441833e-06
7.837777957320213318e-06
7.859314791858196259e-06
7.879338227212429047e-06
7.900642231106758118e-06
7.920083589851856232e-06
7.938710041344165802e-06
7.956405170261859894e-06
7.972586899995803833e-06
7.989699952304363251e-06
8.006580173969268799e-06
8.023227564990520477e-06
8.037779480218887329e-06
8.053728379309177399e-06
8.068629540503025055e-06
8.084694854915142059e-06
8.101109415292739868e-06
8.119619451463222504e-06
8.139875717461109161e-06
8.159549906849861145e-06
8.183065801858901978e-06
8.203671313822269440e-06
8.223112672567367554e-06
8.245347999036312103e-06
8.264090865850448608e-06
8.283532224595546722e-06
8.301343768835067749e-06
8.316943421959877014e-06
8.334754966199398041e-06
8.351868018507957458e-06
8.369446732103824615e-06
8.384115062654018402e-06
8.400413207709789276e-06
8.415547199547290802e-06
8.431146852672100067e-06
8.446630090475082397e-06
8.465256541967391968e-06
8.485862053930759430e-06
8.505652658641338348e-06
8.529284968972206116e-06
8.551171049475669861e-06
8.570146746933460236e-06
8.591101504862308502e-06
8.611241355538368225e-06
8.630100637674331665e-06
8.648610673844814301e-06
8.665141649544239044e-06
8.683186024427413940e-06
8.699251338839530945e-06
8.717528544366359711e-06
8.733826689422130585e-06
8.748029358685016632e-06
8.764094673097133636e-06
8.779112249612808228e-06
8.795061148703098297e-06
8.811359293758869171e-06
8.833594620227813721e-06
8.852919563651084900e-06
8.875038474798202515e-06
8.897855877876281738e-06
8.919392712414264679e-06
8.938834071159362793e-06
8.960952982306480408e-06
8.980743587017059326e-06
8.999486453831195831e-06
9.018927812576293945e-06
9.034760296344757080e-06
9.052106179296970367e-06
9.069102816283702850e-06
9.086332283914089203e-06
9.101931937038898468e-06
9.117415174841880798e-06
9.133713319897651672e-06
9.149196557700634003e-06
9.165494702756404877e-06
9.181560017168521881e-06
9.205192327499389648e-06
9.224051609635353088e-06
9.246752597391605377e-06
9.269686415791511536e-06
9.290990419685840607e-06
9.310198947787284851e-06
9.332667104899883270e-06
9.351759217679500580e-06
9.370618499815464020e-06
9.390176273882389069e-06
9.405543096363544464e-06
9.422888979315757751e-06
9.441166184842586517e-06
9.458046406507492065e-06
9.474111720919609070e-06
9.489594958722591400e-06
9.505660273134708405e-06
9.521027095615863800e-06
9.537208825349807739e-06
9.554321877658367157e-06
9.577488526701927185e-06
9.597279131412506104e-06
9.619281627237796783e-06
9.643379598855972290e-06
9.665032848715782166e-06
9.684590622782707214e-06
9.706011041998863220e-06
9.726849384605884552e-06
9.746057912707328796e-06
9.764917194843292236e-06
9.781913831830024719e-06
9.797979146242141724e-06
9.815557859838008881e-06
9.834184311330318451e-06
9.849667549133300781e-06
9.864801540970802307e-06
9.880634024739265442e-06
9.897048585116863251e-06
9.912066161632537842e-06
9.928480722010135651e-06
9.950599633157253265e-06
9.971554391086101532e-06
9.993207640945911407e-06
1.001614145934581757e-05
1.004035584628582001e-05
1.006014645099639893e-05
1.008028630167245865e-05
1.010252162814140320e-05
1.012196298688650131e-05
1.014047302305698395e-05
1.016003079712390900e-05
1.017621252685785294e-05
1.019332557916641235e-05
1.021241769194602966e-05
1.022976357489824295e-05
1.024373341351747513e-05
1.026026438921689987e-05
1.027679536491632462e-05
1.029320992529392242e-05
1.030787825584411621e-05
1.032499130815267563e-05
1.034978777170181274e-05
1.037016045302152634e-05
1.039251219481229782e-05
1.041544601321220398e-05
1.043919473886489868e-05
1.045875251293182373e-05
1.047900877892971039e-05
1.050077844411134720e-05
1.052056904882192612e-05
1.053884625434875488e-05
1.055747270584106445e-05
1.057377085089683533e-05
1.059065107256174088e-05
1.061032526195049286e-05
1.062662340700626373e-05
1.064059324562549591e-05
1.065782271325588226e-05
1.067435368895530701e-05
1.069053541868925095e-05
1.070706639438867569e-05
1.072441227734088898e-05
1.074862666428089142e-05
1.076911576092243195e-05
1.079193316400051117e-05
1.081533264368772507e-05
1.083943061530590057e-05
1.085863914340734482e-05
1.087854616343975067e-05
1.089961733669042587e-05
1.092057209461927414e-05
1.093884930014610291e-05
1.095759216696023941e-05
1.097423955798149109e-05
1.099135261029005051e-05
1.101056113839149475e-05
1.102883834391832352e-05
1.104292459785938263e-05
1.105887349694967270e-05
1.107633579522371292e-05
1.109275035560131073e-05
1.110858283936977386e-05
1.112557947635650635e-05
1.114699989557266235e-05
1.117051579058170319e-05
1.119216904044151306e-05
1.121638342738151550e-05
1.123931724578142166e-05
1.126190181821584702e-05
1.128111034631729126e-05
1.130276359617710114e-05
1.132383476942777634e-05
1.134420745074748993e-05
1.136178616434335709e-05
1.138029620051383972e-05
1.139671076089143753e-05
1.141487155109643936e-05
1.143419649451971054e-05
1.145014539361000061e-05
1.146516297012567520e-05
1.148181036114692688e-05
1.149997115135192871e-05
1.151580363512039185e-05
1.153198536485433578e-05
1.155154313892126083e-05
1.157482620328664780e-05
1.159647945314645767e-05
1.161929685622453690e-05
1.164362765848636627e-05
1.166691072285175323e-05
1.168821472674608231e-05
1.170730683952569962e-05
1.172954216599464417e-05
1.174991484731435776e-05
1.177040394395589828e-05
1.178740058094263077e-05
1.180497929453849792e-05
1.182116102427244186e-05
1.184036955237388611e-05
1.185783185064792633e-05
1.187424641102552414e-05
1.188972964882850647e-05
1.190532930195331573e-05
1.192442141473293304e-05
1.194048672914505005e-05
1.195783261209726334e-05
1.197750680148601532e-05
1.200020778924226761e-05
1.202360726892948151e-05
1.204700674861669540e-05
1.207122113555669785e-05
1.209392212331295013e-05
1.211557537317276001e-05
1.213455107063055038e-05
1.215608790516853333e-05
1.217774115502834320e-05
1.219753175973892212e-05
1.221534330397844315e-05
1.223129220306873322e-05
1.224968582391738892e-05
1.226796302944421768e-05
1.228717155754566193e-05
1.230230554938316345e-05
1.231860369443893433e-05
1.233431976288557053e-05
1.235317904502153397e-05
1.237017568200826645e-05
1.238612458109855652e-05
1.240731216967105865e-05
1.242966391146183014e-05
1.245224848389625549e-05
1.247611362487077713e-05
1.249939668923616409e-05
1.252291258424520493e-05
1.254514791071414948e-05
1.256575342267751694e-05
1.258542761206626892e-05
1.260708086192607880e-05
1.262861769646406174e-05
1.264596357941627502e-05
1.266365870833396912e-05
1.268053892999887466e-05
1.269753556698560715e-05
1.271872315555810928e-05
1.273583620786666870e-05
1.275120303034782410e-05
1.276726834475994110e-05
1.278379932045936584e-05
1.280219294130802155e-05
1.281884033232927322e-05
1.283781602978706360e-05
1.285946927964687347e-05
1.288170460611581802e-05
1.290638465434312820e-05
1.292978413403034210e-05
1.295341644436120987e-05
1.297704875469207764e-05
1.299881841987371445e-05
1.301942393183708191e-05
1.303991302847862244e-05
1.306005287915468216e-05
1.308182254433631897e-05
1.309858635067939758e-05
1.311558298766613007e-05
1.313316170126199722e-05
1.315260306000709534e-05
1.317274291068315506e-05
1.318845897912979126e-05
1.320464070886373520e-05
1.322070602327585220e-05
1.323735341429710388e-05
1.325563061982393265e-05
1.327251084148883820e-05
1.329195220023393631e-05
1.331430394202470779e-05
1.333677209913730621e-05
1.336215063929557800e-05
1.338613219559192657e-05
1.340918242931365967e-05
1.343386247754096985e-05
1.345516648143529892e-05
1.347565557807683945e-05
1.349765807390213013e-05
1.351791433990001678e-05
1.353875268250703812e-05
1.355505082756280899e-05
1.357204746454954147e-05
1.358892768621444702e-05
1.360883470624685287e-05
1.362862531095743179e-05
1.364480704069137573e-05
1.366180367767810822e-05
1.367810182273387909e-05
1.369416713714599609e-05
1.371325924992561340e-05
1.373025588691234589e-05
1.375027932226657867e-05
1.377158332616090775e-05
1.379486639052629471e-05
1.381931360810995102e-05
1.384399365633726120e-05
1.386762596666812897e-05
1.389009412378072739e-05
1.391349360346794128e-05
1.393374986946582794e-05
1.395423896610736847e-05
1.397589221596717834e-05
1.399719621986150742e-05
1.401593908667564392e-05
1.403223723173141479e-05
1.405004877597093582e-05
1.406797673553228378e-05
1.409021206200122833e-05
1.410534605383872986e-05
1.412176061421632767e-05
1.413887366652488708e-05
1.415458973497152328e-05
1.417298335582017899e-05
1.419091131538152695e-05
1.421163324266672134e-05
1.423165667802095413e-05
1.425563823431730270e-05
1.428020186722278595e-05
1.430464908480644226e-05
1.432851422578096390e-05
1.435179729014635086e-05
1.437414903193712234e-05
1.439708285033702850e-05
1.441757194697856903e-05
1.443957444280385971e-05
1.446017995476722717e-05
1.447997055947780609e-05
1.449894625693559647e-05
1.451512798666954041e-05
1.453259028494358063e-05
1.455144956707954407e-05
1.457263715565204620e-05
1.458742190152406693e-05
1.460453495383262634e-05
1.462060026824474335e-05
1.463771332055330276e-05
1.465587411075830460e-05
1.467589754611253738e-05
1.469568815082311630e-05
1.471559517085552216e-05
1.474062446504831314e-05
1.476553734391927719e-05
1.478928606957197189e-05
1.481396611779928207e-05
1.483666710555553436e-05
1.485971733927726746e-05
1.488311681896448135e-05
1.490314025431871414e-05
1.492642331868410110e-05
1.494656316936016083e-05
1.496635377407073975e-05
1.498404890298843384e-05
1.499964855611324310e-05
1.501734368503093719e-05
1.503783278167247772e-05
1.505785621702671051e-05
1.507299020886421204e-05
1.508870627731084824e-05
1.510698348283767700e-05
1.512339804321527481e-05
1.514260657131671906e-05
1.516297925263643265e-05
1.518439967185258865e-05
1.520360819995403290e-05
1.522980164736509323e-05
1.525366678833961487e-05
1.527904532849788666e-05
1.530349254608154297e-05
1.532689202576875687e-05
1.535029150545597076e-05
1.537252683192491531e-05
1.539336517453193665e-05
1.541513483971357346e-05
1.543690450489521027e-05
1.545611303299665451e-05
1.547450665384531021e-05
1.549185253679752350e-05
1.550815068185329437e-05
1.552735920995473862e-05
1.554936170578002930e-05
1.556484494358301163e-05
1.558091025799512863e-05
1.559930387884378433e-05
1.561641693115234375e-05
1.563341356813907623e-05
1.565343700349330902e-05
1.567427534610033035e-05
1.569476444274187088e-05
1.571699976921081543e-05
1.574354246258735657e-05
1.576950307935476303e-05
1.579406671226024628e-05
1.581711694598197937e-05
1.584063284099102020e-05
1.586251892149448395e-05
1.588521990925073624e-05
1.590652391314506531e-05
1.592922490090131760e-05
1.595052890479564667e-05
1.596973743289709091e-05
1.598719973117113113e-05
1.600326504558324814e-05
1.601979602128267288e-05
1.604168210178613663e-05
1.605995930731296539e-05
1.607660669833421707e-05
1.609267201274633408e-05
1.611036714166402817e-05
1.612782943993806839e-05
1.614575739949941635e-05
1.616741064935922623e-05
1.618906389921903610e-05
1.620897091925144196e-05
1.623365096747875214e-05
1.625891309231519699e-05
1.628429163247346878e-05
1.630943734198808670e-05
1.633318606764078140e-05
1.635658554732799530e-05
1.637730747461318970e-05
1.640059053897857666e-05
1.642270945012569427e-05
1.644482836127281189e-05
1.646578311920166016e-05
1.648487523198127747e-05
1.650222111493349075e-05
1.651945058256387711e-05
1.653621438890695572e-05
1.655821688473224640e-05
1.657602842897176743e-05
1.659290865063667297e-05
1.661072019487619400e-05
1.662713475525379181e-05
1.664482988417148590e-05
1.666473690420389175e-05
1.668580807745456696e-05
1.670734491199254990e-05
1.672795042395591736e-05
1.675379462540149689e-05
1.677894033491611481e-05
1.680536661297082901e-05
1.682993024587631226e-05
1.685507595539093018e-05
1.687940675765275955e-05
1.689943019300699234e-05
1.692213118076324463e-05
1.694471575319766998e-05
1.696741674095392227e-05
1.698778942227363586e-05
1.700723078101873398e-05
1.702446024864912033e-05
1.704203896224498749e-05
1.705926842987537384e-05
1.707975752651691437e-05
1.709931530058383942e-05
1.711631193757057190e-05
1.713330857455730438e-05
1.714960671961307526e-05
1.716776750981807709e-05
1.718744169920682907e-05
1.720886211842298508e-05
1.723086461424827576e-05
1.725065521895885468e-05
1.727580092847347260e-05
1.730059739202260971e-05
1.732830423861742020e-05
1.735240221023559570e-05
1.737708225846290588e-05
1.740164589136838913e-05
1.742411404848098755e-05
1.744530163705348969e-05
