0.000000000000000000e+00
-2.444721758365631104e-09
-3.492459654808044434e-09
-1.396983861923217773e-09
4.656612873077392578e-10
2.793967723846435547e-09
5.122274160385131836e-09
7.217749953269958496e-09
1.001171767711639404e-08
1.222360879182815552e-08
1.525040715932846069e-08
1.781154423952102661e-08
2.060551196336746216e-08
2.363231033086776733e-08
2.630986273288726807e-08
2.910383045673370361e-08
3.247987478971481323e-08
3.539025783538818359e-08
3.806781023740768433e-08
4.190951585769653320e-08
4.458706825971603394e-08
4.761386662721633911e-08
5.087349563837051392e-08
5.483161658048629761e-08
5.809124559164047241e-08
6.135087460279464722e-08
6.565824151039123535e-08
6.880145519971847534e-08
7.241033017635345459e-08
7.578637450933456421e-08
7.986091077327728271e-08
8.370261639356613159e-08
8.672941476106643677e-08
9.033828973770141602e-08
9.406358003616333008e-08
9.813811630010604858e-08
1.015141606330871582e-07
1.051230356097221375e-07
1.087319105863571167e-07
1.131556928157806396e-07
1.176958903670310974e-07
1.208391040563583374e-07
1.249136403203010559e-07
1.284060999751091003e-07
1.330627128481864929e-07
1.376029103994369507e-07
1.409789547324180603e-07
1.455191522836685181e-07
1.493608579039573669e-07
1.535518094897270203e-07
1.591397449374198914e-07
1.628650352358818054e-07
1.665903255343437195e-07
1.710141077637672424e-07
1.750886440277099609e-07
1.806765794754028320e-07
1.849839463829994202e-07
1.884764060378074646e-07
1.926673576235771179e-07
1.973239704966545105e-07
2.016313374042510986e-07
2.071028575301170349e-07
2.116430550813674927e-07
2.152519300580024719e-07
2.199085429310798645e-07
2.246815711259841919e-07
2.285232767462730408e-07
2.349261194467544556e-07
2.399319782853126526e-07
2.441229298710823059e-07
2.488959580659866333e-07
2.534361556172370911e-07
2.577435225248336792e-07
2.632150426506996155e-07
2.695014700293540955e-07
2.743909135460853577e-07
2.788146957755088806e-07
2.832384780049324036e-07
2.889428287744522095e-07
2.931337803602218628e-07
2.995366230607032776e-07
3.053573891520500183e-07
3.095483407378196716e-07
3.138557076454162598e-07
3.182794898748397827e-07
3.236345946788787842e-07
3.281747922301292419e-07
3.352761268615722656e-07
3.407476469874382019e-07
3.454042598605155945e-07
3.498280420899391174e-07
3.549503162503242493e-07
3.606546670198440552e-07
3.650784492492675781e-07
3.712484613060951233e-07
3.782333806157112122e-07
3.835884854197502136e-07
3.882450982928276062e-07
3.930181264877319336e-07
3.984896466135978699e-07
4.037283360958099365e-07
4.082685336470603943e-07
4.167668521404266357e-07
4.217727109789848328e-07
4.272442311048507690e-07
4.315515980124473572e-07
4.365574568510055542e-07
4.426110535860061646e-07
4.471512511372566223e-07
4.520406946539878845e-07
4.607718437910079956e-07
4.656612873077392578e-07
4.711328074336051941e-07
4.761386662721633911e-07
4.809116944670677185e-07
4.868488758802413940e-07
4.923203960061073303e-07
4.970934242010116577e-07
5.054753273725509644e-07
5.107140168547630310e-07
5.163019523024559021e-07
5.206093192100524902e-07
5.260808393359184265e-07
5.310866981744766235e-07
5.374895408749580383e-07
5.422625690698623657e-07
5.495967343449592590e-07
5.564652383327484131e-07
5.613546818494796753e-07
5.670590326189994812e-07
5.713663995265960693e-07
5.766050890088081360e-07
5.827751010656356812e-07
5.887122824788093567e-07
5.934853106737136841e-07
6.018672138452529907e-07
6.078043952584266663e-07
6.129266694188117981e-07
6.185146048665046692e-07
6.231712177395820618e-07
6.289919838309288025e-07
6.355112418532371521e-07
6.414484232664108276e-07
6.465706974267959595e-07
6.546033546328544617e-07
6.603077054023742676e-07
6.653135642409324646e-07
6.711343303322792053e-07
6.760237738490104675e-07
6.821937859058380127e-07
6.883637979626655579e-07
6.949994713068008423e-07
7.003545761108398438e-07
7.090857252478599548e-07
7.153721526265144348e-07
7.204944267868995667e-07
7.268972694873809814e-07
7.312046363949775696e-07
7.373746484518051147e-07
7.431954145431518555e-07
7.507624104619026184e-07
7.564667612314224243e-07
7.641501724720001221e-07
7.711350917816162109e-07
7.775379344820976257e-07
7.831258699297904968e-07
7.887138053774833679e-07
7.940689101815223694e-07
8.004717528820037842e-07
8.057104423642158508e-07
8.136266842484474182e-07
8.195638656616210938e-07
8.281785994768142700e-07
8.349306881427764893e-07
8.416827768087387085e-07
8.473871275782585144e-07
8.534407243132591248e-07
8.589122444391250610e-07
8.651986718177795410e-07
8.711358532309532166e-07
8.789356797933578491e-07
8.846400305628776550e-07
8.937204256653785706e-07
9.015202522277832031e-07
9.080395102500915527e-07
9.136274456977844238e-07
9.192153811454772949e-07
9.252689778804779053e-07
9.313225746154785156e-07
9.385403245687484741e-07
9.462237358093261719e-07
9.527429938316345215e-07
9.622890502214431763e-07
9.709037840366363525e-07
9.777722880244255066e-07
9.842915460467338562e-07
9.901123121380805969e-07
9.966315701603889465e-07
1.001870259642601013e-06
1.007807441055774689e-06
1.015025191009044647e-06
1.022475771605968475e-06
1.030275598168373108e-06
1.039938069880008698e-06
1.047737896442413330e-06
1.054955646395683289e-06
1.061125658452510834e-06
1.067179255187511444e-06
1.073582097887992859e-06
1.079519279301166534e-06
1.085107214748859406e-06
1.091859303414821625e-06
1.099659129977226257e-06
1.108157448470592499e-06
1.118052750825881958e-06
1.126201823353767395e-06
1.133652403950691223e-06
1.139589585363864899e-06
1.145526766777038574e-06
1.151929609477519989e-06
1.158448867499828339e-06
1.164153218269348145e-06
1.171138137578964233e-06
1.178821548819541931e-06
1.187785528600215912e-06
1.197098754346370697e-06
1.206761226058006287e-06
1.213513314723968506e-06
1.220963895320892334e-06
1.227250322699546814e-06
1.233071088790893555e-06
1.240172423422336578e-06
1.246808096766471863e-06
1.253327354788780212e-06
1.261825673282146454e-06
1.270091161131858826e-06
1.281034201383590698e-06
1.290813088417053223e-06
1.298962160944938660e-06
1.306645572185516357e-06
1.312466338276863098e-06
1.318752765655517578e-06
1.324806362390518188e-06
1.332140527665615082e-06
1.338194124400615692e-06
1.345877535641193390e-06
1.355307176709175110e-06
1.364387571811676025e-06
1.375097781419754028e-06
1.384178176522254944e-06
1.392560079693794250e-06
1.400010660290718079e-06
1.406064257025718689e-06
1.412932761013507843e-06
1.419219188392162323e-06
1.426436938345432281e-06
1.432839781045913696e-06
1.439475454390048981e-06
1.448555849492549896e-06
1.458334736526012421e-06
1.469394192099571228e-06
1.479056663811206818e-06
1.488486304879188538e-06
1.495005562901496887e-06
1.503503881394863129e-06
1.510139554738998413e-06
1.516076736152172089e-06
1.524575054645538330e-06
1.531559973955154419e-06
1.537613570690155029e-06
1.545413397252559662e-06
1.556240022182464600e-06
1.566833816468715668e-06
1.577776856720447540e-06
1.587206497788429260e-06
1.594657078385353088e-06
1.602573320269584656e-06
1.609791070222854614e-06
1.616310328245162964e-06
1.621898263692855835e-06
1.629698090255260468e-06
1.636799424886703491e-06
1.643435098230838776e-06
1.652864739298820496e-06
1.663807779550552368e-06
1.674983650445938110e-06
1.685344614088535309e-06
1.694657839834690094e-06
1.701759174466133118e-06
1.709675416350364685e-06
1.717009581625461578e-06
1.723296009004116058e-06
1.730164512991905212e-06
1.738197170197963715e-06
1.744832843542098999e-06
1.752283424139022827e-06
1.762295141816139221e-06
1.773587428033351898e-06
1.784414052963256836e-06
1.795706339180469513e-06
1.805019564926624298e-06
1.813168637454509735e-06
1.820968464016914368e-06
1.828535459935665131e-06
1.834705471992492676e-06
1.841690391302108765e-06
1.850305125117301941e-06
1.856940798461437225e-06
1.864158548414707184e-06
1.873937435448169708e-06
1.886161044239997864e-06
1.896987669169902802e-06
1.908163540065288544e-06
1.917476765811443329e-06
1.925742253661155701e-06
1.933658495545387268e-06
1.941691152751445770e-06
1.947744749486446381e-06
1.954147592186927795e-06
1.962296664714813232e-06
1.970096491277217865e-06
1.977430656552314758e-06
1.984299160540103912e-06
1.997919753193855286e-06
2.008746378123760223e-06
2.020038664340972900e-06
2.031098119914531708e-06
2.040527760982513428e-06
2.048327587544918060e-06
2.056825906038284302e-06
2.064858563244342804e-06
2.071261405944824219e-06
2.079061232507228851e-06
2.086977474391460419e-06
2.094428054988384247e-06
2.101529389619827271e-06
2.109911292791366577e-06
2.123764716088771820e-06
2.134591341018676758e-06
2.145883627235889435e-06
2.156128175556659698e-06
2.165092155337333679e-06
2.173357643187046051e-06
2.181739546358585358e-06
2.189888618886470795e-06
2.195825800299644470e-06
2.203742042183876038e-06
2.211774699389934540e-06
2.219108864665031433e-06
2.225395292043685913e-06
2.234475687146186829e-06
2.248794771730899811e-06
2.259388566017150879e-06
2.270564436912536621e-06
2.281740307807922363e-06
2.290704287588596344e-06
2.299086190760135651e-06
2.309447154402732849e-06
2.316432073712348938e-06
2.323882654309272766e-06
2.331216819584369659e-06
2.339947968721389771e-06
2.348329871892929077e-06
2.355664037168025970e-06
2.363114617764949799e-06
2.377317287027835846e-06
2.389075234532356262e-06
2.399669028818607330e-06
2.411194145679473877e-06
2.421322278678417206e-06
2.429238520562648773e-06
2.438900992274284363e-06
2.446933649480342865e-06
2.455548383295536041e-06
2.461834810674190521e-06
2.469401806592941284e-06
2.479297108948230743e-06
2.487446181476116180e-06
2.494081854820251465e-06
2.505490556359291077e-06
2.519460394978523254e-06
2.530170604586601257e-06
2.541462890803813934e-06
2.552638761699199677e-06
2.562301233410835266e-06
2.569868229329586029e-06
2.580112777650356293e-06
2.587214112281799316e-06
2.594548277556896210e-06
2.601649612188339233e-06
2.609100192785263062e-06
2.619111910462379456e-06
2.626678906381130219e-06
2.634129486978054047e-06
2.647633664309978485e-06
2.660672180354595184e-06
2.672546543180942535e-06
2.684071660041809082e-06
2.695480361580848694e-06
2.705259248614311218e-06
2.712942659854888916e-06
2.722954377532005310e-06
2.730637788772583008e-06
2.737739123404026031e-06
2.745771780610084534e-06
2.753105945885181427e-06
2.763350494205951691e-06
2.771266736090183258e-06
2.778717316687107086e-06
2.791290171444416046e-06
2.805492840707302094e-06
2.817949280142784119e-06
2.829590812325477600e-06
2.840883098542690277e-06
2.851709723472595215e-06
2.859742380678653717e-06
2.868822775781154633e-06
2.878252416849136353e-06
2.885470166802406311e-06
2.892920747399330139e-06
2.900604158639907837e-06
2.909335307776927948e-06
2.918997779488563538e-06
2.926914021372795105e-06
2.937042154371738434e-06
2.951826900243759155e-06
2.964632585644721985e-06
2.976274117827415466e-06
2.987915650010108948e-06
3.000139258801937103e-06
3.008753992617130280e-06
3.016903065145015717e-06
3.026681952178478241e-06
3.035995177924633026e-06
3.042630851268768311e-06
3.050896339118480682e-06
3.059161826968193054e-06
3.068591468036174774e-06
3.077671863138675690e-06
3.085355274379253387e-06
3.099325112998485565e-06
3.112480044364929199e-06
3.125402145087718964e-06
3.136810846626758575e-06
3.148568794131278992e-06
3.160792402923107147e-06
3.169407136738300323e-06
3.177439793944358826e-06
3.187567926943302155e-06
3.196881152689456940e-06
3.203866071999073029e-06
3.213295713067054749e-06
3.221328370273113251e-06
3.230758011341094971e-06
3.239838406443595886e-06
3.247638233006000519e-06
3.260560333728790283e-06
3.273715265095233917e-06
3.287103027105331421e-06
3.298977389931678772e-06
3.311084583401679993e-06
3.322493284940719604e-06
3.332388587296009064e-06
3.341003321111202240e-06
3.350432962179183960e-06
3.360095433890819550e-06
3.368128091096878052e-06
3.374880179762840271e-06
3.384775482118129730e-06
3.393157385289669037e-06
3.403867594897747040e-06
3.411783836781978607e-06
3.423192538321018219e-06
3.437744453549385071e-06
3.450899384915828705e-06
3.463705070316791534e-06
3.474880941212177277e-06
3.486988134682178497e-06
3.498862497508525848e-06
3.507710061967372894e-06
3.517139703035354614e-06
3.526569344103336334e-06
3.535533323884010315e-06
3.542401827871799469e-06
3.551132977008819580e-06
3.559747710824012756e-06
3.569875843822956085e-06
3.579189069569110870e-06
3.589782863855361938e-06
3.604218363761901855e-06
3.617256879806518555e-06
3.629713319242000580e-06
3.642286173999309540e-06
3.653811290860176086e-06
3.665685653686523438e-06
3.675580956041812897e-06
3.684079274535179138e-06
3.694207407534122467e-06
3.702938556671142578e-06
3.711669705808162689e-06
3.718538209795951843e-06
3.727967850863933563e-06
3.737048245966434479e-06
3.747059963643550873e-06
3.755791112780570984e-06
3.767665475606918335e-06
3.783148713409900665e-06
3.796536475419998169e-06
3.810506314039230347e-06
3.824126906692981720e-06
3.836117684841156006e-06
3.848690539598464966e-06
3.857538104057312012e-06
3.866851329803466797e-06
3.876513801515102386e-06
3.885477781295776367e-06
3.894325345754623413e-06
3.900961019098758698e-06
3.910041414201259613e-06
3.919936716556549072e-06
3.929017111659049988e-06
3.938563168048858643e-06
3.950903192162513733e-06
3.964640200138092041e-06
3.979075700044631958e-06
3.991997800767421722e-06
4.004454240202903748e-06
4.016561433672904968e-06
4.028319381177425385e-06
4.038680344820022583e-06
4.048342816531658173e-06
4.057539626955986023e-06
4.068133421242237091e-06
4.077679477632045746e-06
4.084431566298007965e-06
4.093162715435028076e-06
4.103174433112144470e-06
4.112138412892818451e-06
4.122732207179069519e-06
4.134722985327243805e-06
4.146946594119071960e-06
4.161964170634746552e-06
4.174653440713882446e-06
4.188157618045806885e-06
4.201428964734077454e-06
4.212022759020328522e-06
4.224246367812156677e-06
4.234490916132926941e-06
4.243804141879081726e-06
4.254048690199851990e-06
4.263594746589660645e-06
4.271278157830238342e-06
4.279660061001777649e-06
4.288391210138797760e-06
4.299334250390529633e-06
4.309229552745819092e-06
4.319008439779281616e-06
4.333094693720340729e-06
4.346831701695919037e-06
4.361965693533420563e-06
4.375702701508998871e-06
4.389090463519096375e-06
4.402943886816501617e-06
4.413886927068233490e-06
4.425877705216407776e-06
4.437053576111793518e-06
4.445202648639678955e-06
4.456029273569583893e-06
4.465226083993911743e-06
4.473840817809104919e-06
4.482571966946125031e-06
4.491303116083145142e-06
4.502013325691223145e-06
4.512257874011993408e-06
4.524714313447475433e-06
4.538334906101226807e-06
4.552304744720458984e-06
4.567671567201614380e-06
4.581641405820846558e-06
4.595261998474597931e-06
4.607951268553733826e-06
4.621222615242004395e-06
4.632165655493736267e-06
4.642759449779987335e-06
4.652072675526142120e-06
4.662317223846912384e-06
4.672096110880374908e-06
4.681642167270183563e-06
4.689209163188934326e-06
4.698522388935089111e-06
4.707137122750282288e-06
4.717847332358360291e-06
4.729605279862880707e-06
4.743225872516632080e-06
4.758476279675960541e-06
4.773261025547981262e-06
4.787347279489040375e-06
4.801899194717407227e-06
4.815752618014812469e-06
4.829373210668563843e-06
4.841480404138565063e-06
4.852190613746643066e-06
4.863832145929336548e-06
4.872446879744529724e-06
4.883622750639915466e-06
4.892703145742416382e-06
4.902365617454051971e-06
4.910514689981937408e-06
4.920060746371746063e-06
4.929024726152420044e-06
4.939851351082324982e-06
4.953006282448768616e-06
4.966626875102519989e-06
4.982808604836463928e-06
4.998408257961273193e-06
5.012378096580505371e-06
5.027046427130699158e-06
5.040084943175315857e-06
5.053472705185413361e-06
5.065696313977241516e-06
5.075358785688877106e-06
5.086418241262435913e-06
5.095149390399456024e-06
5.107838660478591919e-06
5.117501132190227509e-06
5.126814357936382294e-06
5.134730599820613861e-06
5.143927410244941711e-06
5.153007805347442627e-06
5.164416506886482239e-06
5.178386345505714417e-06
5.192472599446773529e-06
5.208770744502544403e-06
5.224253982305526733e-06
5.238223820924758911e-06
5.253008566796779633e-06
5.266978405416011810e-06
5.280133336782455444e-06
5.293171852827072144e-06
5.303183570504188538e-06
5.315640009939670563e-06
5.324487574398517609e-06
5.336245521903038025e-06
5.346257239580154419e-06
5.354871973395347595e-06
5.365465767681598663e-06
5.374778993427753448e-06
5.384790711104869843e-06
5.394686013460159302e-06
5.409936420619487762e-06
5.422625690698623657e-06
5.438807420432567596e-06
5.455571226775646210e-06
5.469541065394878387e-06
5.483278073370456696e-06
5.498761311173439026e-06
5.511683411896228790e-06
5.525071173906326294e-06
5.536945536732673645e-06
5.546258762478828430e-06
5.558598786592483521e-06
5.570007488131523132e-06
5.581183359026908875e-06
5.589216016232967377e-06
5.598994903266429901e-06
5.608657374978065491e-06
5.618319846689701080e-06
5.627982318401336670e-06
5.640671588480472565e-06
5.656038410961627960e-06
5.669542588293552399e-06
5.687586963176727295e-06
5.704467184841632843e-06
5.717505700886249542e-06
5.732523277401924133e-06
5.747191607952117920e-06
5.760462954640388489e-06
5.773268640041351318e-06
5.783396773040294647e-06
5.793874152004718781e-06
5.805748514831066132e-06
5.818437784910202026e-06
5.828798748552799225e-06
5.836132913827896118e-06
5.846959538757801056e-06
5.856622010469436646e-06
5.865469574928283691e-06
5.875597707927227020e-06
5.890615284442901611e-06
5.906214937567710876e-06
5.920417606830596924e-06
5.939509719610214233e-06
5.955691449344158173e-06
5.969079211354255676e-06
5.984213203191757202e-06
5.999230779707431793e-06
6.013200618326663971e-06
6.026355549693107605e-06
6.038229912519454956e-06
6.047892384231090546e-06
6.058951839804649353e-06
6.071641109883785248e-06
6.081303581595420837e-06
6.090849637985229492e-06
6.100512109696865082e-06
6.111222319304943085e-06
6.120651960372924805e-06
6.131362169981002808e-06
6.146030500531196594e-06
6.161164492368698120e-06
6.174552254378795624e-06
6.193178705871105194e-06
6.209593266248703003e-06
6.223795935511589050e-06
6.236834451556205750e-06
6.254063919186592102e-06
6.267218850553035736e-06
6.279675289988517761e-06
6.293179467320442200e-06
6.302609108388423920e-06
6.314832717180252075e-06
6.328336894512176514e-06
6.338465027511119843e-06
6.347778253257274628e-06
6.358022801578044891e-06
6.368034519255161285e-06
6.378162652254104614e-06
6.387708708643913269e-06
6.399699486792087555e-06
6.417743861675262451e-06
6.431015208363533020e-06
6.447779014706611633e-06
6.466638296842575073e-06
6.482470780611038208e-06
6.495742127299308777e-06
6.510177627205848694e-06
6.525311619043350220e-06
6.538582965731620789e-06
6.551621481776237488e-06
6.562913767993450165e-06
6.571761332452297211e-06
6.585381925106048584e-06
6.599002517759799957e-06
6.608199328184127808e-06
6.617861799895763397e-06
6.628572009503841400e-06
6.638932973146438599e-06
6.649293936789035797e-06
6.659189239144325256e-06
6.674788892269134521e-06
6.690970622003078461e-06
6.706919521093368530e-06
6.724148988723754883e-06
6.743124686181545258e-06
6.757676601409912109e-06
6.771762855350971222e-06
6.786896847188472748e-06
6.801565177738666534e-06
6.814254447817802429e-06
6.827525794506072998e-06
6.838352419435977936e-06
6.848596967756748199e-06
6.861984729766845703e-06
6.874673999845981598e-06
6.883055903017520905e-06
6.893882527947425842e-06
6.903894245624542236e-06
6.914138793945312500e-06
6.925431080162525177e-06
6.935559213161468506e-06
6.951857358217239380e-06
6.969436071813106537e-06
6.985384970903396606e-06
7.002148777246475220e-06
7.019843906164169312e-06
7.036607712507247925e-06
7.049995474517345428e-06
7.065944373607635498e-06
7.080612704157829285e-06
7.094116881489753723e-06
7.106922566890716553e-06
7.118214853107929230e-06
7.128575816750526428e-06
7.140450179576873779e-06
7.155002094805240631e-06
7.163733243942260742e-06
7.172813639044761658e-06
7.183989509940147400e-06
7.193768396973609924e-06
7.204245775938034058e-06
7.215072400867938995e-06
7.229042239487171173e-06
7.248832844197750092e-06
7.263734005391597748e-06
7.281894795596599579e-06
7.299939170479774475e-06
7.317517884075641632e-06
7.330439984798431396e-06
7.345573976635932922e-06
7.362337782979011536e-06
7.377355359494686127e-06
7.388996891677379608e-06
7.402151823043823242e-06
7.412978447973728180e-06
7.424154318869113922e-06
7.438473403453826904e-06
7.449882104992866516e-06
7.457681931555271149e-06
7.468857802450656891e-06
7.481314241886138916e-06
7.491093128919601440e-06
7.502036169171333313e-06
7.513910531997680664e-06
7.529859431087970734e-06
7.547554560005664825e-06
7.565482519567012787e-06
7.584108971059322357e-06
7.600523531436920166e-06
7.617287337779998779e-06
7.630442269146442413e-06
7.646158337593078613e-06
7.661525160074234009e-06
7.676077075302600861e-06
7.688067853450775146e-06
7.699942216277122498e-06
7.711234502494335175e-06
7.724040187895298004e-06
7.737893611192703247e-06
7.748370990157127380e-06
7.757684215903282166e-06
7.766997441649436951e-06
7.779570296406745911e-06
7.789814844727516174e-06
7.801223546266555786e-06
7.814727723598480225e-06
7.832073606550693512e-06
7.849419489502906799e-06
7.867114618420600891e-06
7.885158993303775787e-06
7.901806384325027466e-06
7.919035851955413818e-06
7.933238521218299866e-06
7.947208359837532043e-06
7.963273674249649048e-06
7.977942004799842834e-06
7.990049198269844055e-06
7.999711669981479645e-06
8.011586032807826996e-06
8.024042472243309021e-06
8.038594387471675873e-06
8.049071766436100006e-06
8.058268576860427856e-06
8.068280294537544250e-06
8.080736733973026276e-06
8.091563358902931213e-06
8.100992999970912933e-06
8.116359822452068329e-06
8.132774382829666138e-06
8.149771019816398621e-06
8.167815394699573517e-06
8.185394108295440674e-06
8.203322067856788635e-06
8.220667950809001923e-06
8.235918357968330383e-06
8.249655365943908691e-06
8.265487849712371826e-06
8.280738256871700287e-06
8.292379789054393768e-06
8.304137736558914185e-06
8.315197192132472992e-06
8.325674571096897125e-06
8.341739885509014130e-06
8.352100849151611328e-06
8.362112566828727722e-06
8.372473530471324921e-06
8.383532986044883728e-06
8.396687917411327362e-06
8.406932465732097626e-06
8.419970981776714325e-06
8.435104973614215851e-06
8.452218025922775269e-06
8.470844477415084839e-06
8.488423191010951996e-06
8.506467565894126892e-06
8.524162694811820984e-06
8.539878763258457184e-06
8.554663509130477905e-06
8.570146746933460236e-06
8.585629984736442566e-06
8.599832653999328613e-06
8.612056262791156769e-06
8.622417226433753967e-06
8.633476682007312775e-06
8.647912181913852692e-06
8.661765605211257935e-06
8.672126568853855133e-06
8.683418855071067810e-06
8.693197742104530334e-06
8.706818334758281708e-06
8.718459866940975189e-06
8.730334229767322540e-06
8.745118975639343262e-06
8.761882781982421875e-06
8.779694326221942902e-06
8.798553608357906342e-06
8.816015906631946564e-06
8.834060281515121460e-06
8.851988241076469421e-06
8.867937140166759491e-06
8.882954716682434082e-06
8.898088708519935608e-06
8.913339115679264069e-06
8.928589522838592529e-06
8.939881809055805206e-06
8.951523341238498688e-06
8.963863365352153778e-06
8.978648111224174500e-06
8.992385119199752808e-06
9.001581929624080658e-06
9.012874215841293335e-06
9.023118764162063599e-06
9.035691618919372559e-06
9.048497304320335388e-06
9.060837328433990479e-06
9.075738489627838135e-06
9.092618711292743683e-06
9.109266102313995361e-06
9.129871614277362823e-06
9.148148819804191589e-06
9.166076779365539551e-06
9.184819646179676056e-06
9.200768545269966125e-06
9.215786121785640717e-06
9.231735020875930786e-06
9.245704859495162964e-06
9.261188097298145294e-06
9.273760952055454254e-06
9.286100976169109344e-06
9.296694770455360413e-06
9.310315363109111786e-06
9.325798600912094116e-06
9.335344657301902771e-06
9.346986189484596252e-06
9.356997907161712646e-06
9.368173778057098389e-06
9.381561540067195892e-06
9.393901564180850983e-06
9.408104233443737030e-06
9.423471055924892426e-06
9.441864676773548126e-06
9.460025466978549957e-06
9.479699656367301941e-06
9.496812708675861359e-06
9.514973498880863190e-06
9.533483535051345825e-06
9.548384696245193481e-06
9.563053026795387268e-06
9.580049663782119751e-06
9.595067240297794342e-06
9.609502740204334259e-06
9.620445780456066132e-06
9.632203727960586548e-06
9.643845260143280029e-06
9.662006050348281860e-06
9.672250598669052124e-06
9.681098163127899170e-06
9.693671017885208130e-06
9.703682735562324524e-06
9.716372005641460419e-06
9.728595614433288574e-06
9.743380360305309296e-06
9.756768122315406799e-06
9.774812497198581696e-06
9.793904609978199005e-06
9.812065400183200836e-06
9.831972420215606689e-06
9.848619811236858368e-06
9.866780601441860199e-06
9.884242899715900421e-06
9.899144060909748077e-06
9.915675036609172821e-06
9.932089596986770630e-06
9.946757927536964417e-06
9.961077012121677399e-06
9.971437975764274597e-06
9.983777999877929688e-06
9.996932931244373322e-06
1.001346390694379807e-05
1.002266071736812592e-05
1.003313809633255005e-05
1.004629302769899368e-05
1.005653757601976395e-05
1.006864476948976517e-05
1.008156687021255493e-05
1.009716652333736420e-05
1.011101994663476944e-05
1.012929715216159821e-05
1.014804001897573471e-05
1.016794703900814056e-05
1.018610782921314240e-05
