0.000000000000000000e+00	0.000000000000000000e+00	0.000000000000000000e+00
4.001552753265438582e+02	0.000000000000000000e+00	1.962334192029753788e-01
7.854986680427899728e+02	0.000000000000000000e+00	1.892448273067067754e-01
1.157611824290031791e+03	0.000000000000000000e+00	1.829828357093666036e-01
1.517835510127642920e+03	0.000000000000000000e+00	1.773386648739458393e-01
1.867313048618581206e+03	0.000000000000000000e+00	1.722229270707828219e-01
2.207025130928385352e+03	0.000000000000000000e+00	1.675618066511835036e-01
2.537817823695200786e+03	0.000000000000000000e+00	1.632940423876856340e-01
2.860425193113059322e+03	0.000000000000000000e+00	1.593685358426541465e-01
3.175487655785238985e+03	0.000000000000000000e+00	1.557424496353989885e-01
3.483566926139083080e+03	0.000000000000000000e+00	1.523796901129067793e-01
3.785158243800695345e+03	0.000000000000000000e+00	1.492496924879271047e-01
4.080700419400055125e+03	0.000000000000000000e+00	1.463264446587359269e-01
4.370584124325567245e+03	0.000000000000000000e+00	1.435876999360487516e-01
4.655158761701735784e+03	0.000000000000000000e+00	1.410143397399130916e-01
4.934738186749194028e+03	0.000000000000000000e+00	1.385898557293655242e-01
5.209605490411976461e+03	0.000000000000000000e+00	1.362999273523402555e-01
5.480017017405673869e+03	0.000000000000000000e+00	1.341320758826674286e-01
5.746205756100668623e+03	0.000000000000000000e+00	1.320753799742433454e-01
6.008384210943912876e+03	0.000000000000000000e+00	1.301202408621513484e-01
6.266746846909774831e+03	0.000000000000000000e+00	1.282581877707261175e-01
6.521472178579287174e+03	0.000000000000000000e+00	1.264817159986646455e-01
6.772724562951814733e+03	0.000000000000000000e+00	1.247841516564545394e-01
7.020655744280000363e+03	0.000000000000000000e+00	1.231595382206293054e-01
7.265406190526822684e+03	0.000000000000000000e+00	1.216025410114782712e-01
7.507106254034711128e+03	0.000000000000000000e+00	1.201083664493186876e-01
7.745877183324735597e+03	0.000000000000000000e+00	1.186726935406817590e-01
7.981832008342114023e+03	0.000000000000000000e+00	1.172916155221782192e-01
8.215076317714920151e+03	0.000000000000000000e+00	1.159615899715377291e-01
8.445708943530396937e+03	0.000000000000000000e+00	1.146793960021198350e-01
8.673822566621516671e+03	0.000000000000000000e+00	1.134420974045038250e-01
8.899504253291821442e+03	0.000000000000000000e+00	1.122470107987267735e-01
9.122835932700261765e+03	0.000000000000000000e+00	1.110916780229468104e-01
9.343894822716607450e+03	0.000000000000000000e+00	1.099738421162293617e-01
9.562753810884774794e+03	0.000000000000000000e+00	1.088914263608673355e-01
9.779481796153215328e+03	0.000000000000000000e+00	1.078425159377860015e-01
9.994143996213479113e+03	0.000000000000000000e+00	1.068253418209858113e-01
1.020680222460060395e+04	0.000000000000000000e+00	1.058382665966189767e-01
1.041751514113344092e+04	0.000000000000000000e+00	1.048797719415744817e-01
1.062633847878163579e+04	0.000000000000000000e+00	1.039484475373149697e-01
1.083332524963562901e+04	0.000000000000000000e+00	1.030429812286519919e-01
1.103852593230234743e+04	0.000000000000000000e+00	1.021621502655017388e-01
1.124198864275107735e+04	0.000000000000000000e+00	1.013048134893549390e-01
1.144375929037690730e+04	0.000000000000000000e+00	1.004699043460828695e-01
1.164388172083096651e+04	0.000000000000000000e+00	9.965642462343270169e-02
1.184239784697632058e+04	0.000000000000000000e+00	9.886343882570530761e-02
1.203934776916717965e+04	0.000000000000000000e+00	9.809006911004868046e-02
1.223476988590684232e+04	0.000000000000000000e+00	9.733549071895758464e-02
1.242870099581949580e+04	0.000000000000000000e+00	9.659892785220412781e-02
1.262117639176354896e+04	0.000000000000000000e+00	9.587964992880870785e-02
1.281222994782293790e+04	0.000000000000000000e+00	9.517696819595093671e-02
1.300189419983133848e+04	0.000000000000000000e+00	9.449023264714380421e-02
1.319020042001426918e+04	0.000000000000000000e+00	9.381882921666308273e-02
1.337717868627212374e+04	0.000000000000000000e+00	9.316217722120515021e-02
1.356285794657223414e+04	0.000000000000000000e+00	9.251972702326088926e-02
1.374726607887040154e+04	0.000000000000000000e+00	9.189095789366062694e-02
1.393042994694012668e+04	0.000000000000000000e+00	9.127537605338693905e-02
1.411237545244985085e+04	0.000000000000000000e+00	9.067251287700439644e-02
1.429312758359550571e+04	0.000000000000000000e+00	9.008192324205276103e-02
1.447271046056638988e+04	0.000000000000000000e+00	8.950318401047609174e-02
1.465114737809509097e+04	0.000000000000000000e+00	8.893589262968379372e-02
1.482846084532040732e+04	0.000000000000000000e+00	8.837966584216476462e-02
1.500467262316940287e+04	0.000000000000000000e+00	8.783413849375829030e-02
1.517980375944728075e+04	0.000000000000000000e+00	8.729896243171868242e-02
1.535387462180664625e+04	0.000000000000000000e+00	8.677380548460737753e-02
1.552690492875236851e+04	0.000000000000000000e+00	8.625835051687763544e-02
1.569891377882477718e+04	0.000000000000000000e+00	8.575229455170677029e-02
1.586991967809227572e+04	0.000000000000000000e+00	8.525534795629159668e-02
1.603994056607204038e+04	0.000000000000000000e+00	8.476723368436497874e-02
1.620899384018968522e+04	0.000000000000000000e+00	8.428768657119942165e-02
1.637709637887722602e+04	0.000000000000000000e+00	8.381645267682920342e-02
1.654426456340313962e+04	0.000000000000000000e+00	8.335328867359620419e-02
1.671051429851819557e+04	0.000000000000000000e+00	8.289796127450220486e-02
1.687586103199652644e+04	0.000000000000000000e+00	8.245024669916739546e-02
1.704031977314396136e+04	0.000000000000000000e+00	8.200993017447590072e-02
1.720390511033943767e+04	0.000000000000000000e+00	8.157680546726009396e-02
1.736663122767245295e+04	0.000000000000000000e+00	8.115067444659691820e-02
1.752851192073292259e+04	0.000000000000000000e+00	8.073134667351061777e-02
1.768956061160537138e+04	0.000000000000000000e+00	8.031863901605459932e-02
1.784979036311804884e+04	0.000000000000000000e+00	7.991237528792557998e-02
1.800921389239084237e+04	0.000000000000000000e+00	7.951238590891433755e-02
1.816784358372455245e+04	0.000000000000000000e+00	7.911850758563569730e-02
1.832569150087152957e+04	0.000000000000000000e+00	7.873058301111353352e-02
1.848276939872211005e+04	0.000000000000000000e+00	7.834846058190431117e-02
1.863908873444252458e+04	0.000000000000000000e+00	7.797199413155435355e-02
1.879466067809518427e+04	0.000000000000000000e+00	7.760104267927911414e-02
1.894949612277029883e+04	0.000000000000000000e+00	7.723547019283737158e-02
1.910360569425691938e+04	0.000000000000000000e+00	7.687514536465725468e-02
1.925699976027843149e+04	0.000000000000000000e+00	7.651994140033845093e-02
1.940968843931744050e+04	0.000000000000000000e+00	7.616973581872642229e-02
1.956168160905093464e+04	0.000000000000000000e+00	7.582441026280853369e-02
1.971298891441831438e+04	0.000000000000000000e+00	7.548385032074411694e-02
1.986361977533997197e+04	0.000000000000000000e+00	7.514794535638823214e-02
2.001358339410740155e+04	0.000000000000000000e+00	7.481658834870995312e-02
2.016288876245898064e+04	0.000000000000000000e+00	7.448967573956054300e-02
2.031154466836068605e+04	0.000000000000000000e+00	7.416710728927833340e-02
2.045955970250427345e+04	0.000000000000000000e+00	7.384878593964885884e-02
2.060694226453893498e+04	0.000000000000000000e+00	7.353461768378649621e-02
2.075370056904964804e+04	0.000000000000000000e+00	7.322451144251886090e-02
2.089984265129369305e+04	0.000000000000000000e+00	7.291837894689194577e-02
2.104537637270826235e+04	0.000000000000000000e+00	7.261613462644125883e-02
2.119030942620052519e+04	0.000000000000000000e+00	7.231769550289138260e-02
2.133464934122986597e+04	0.000000000000000000e+00	7.202298108897393913e-02
2.147840348869246372e+04	0.000000000000000000e+00	7.173191329207521949e-02
2.162157908561828663e+04	0.000000000000000000e+00	7.144441632243705986e-02
2.176418319968863943e+04	0.000000000000000000e+00	7.116041660566271854e-02
2.190622275358248226e+04	0.000000000000000000e+00	7.087984269928185310e-02
2.204770452916011709e+04	0.000000000000000000e+00	7.060262521316243434e-02
2.218863517149124891e+04	0.000000000000000000e+00	7.032869673354993911e-02
2.232902119273485368e+04	0.000000000000000000e+00	7.005799175054697181e-02
2.246886897587689964e+04	0.000000000000000000e+00	6.979044658884232810e-02
2.260818477833267025e+04	0.000000000000000000e+00	6.952599934152471628e-02
2.274697473541998988e+04	0.000000000000000000e+00	6.926458980681314548e-02
2.288524486370847444e+04	0.000000000000000000e+00	6.900615942755541909e-02
2.302300106425044214e+04	0.000000000000000000e+00	6.875065123335034889e-02
2.316024912569850858e+04	0.000000000000000000e+00	6.849800978516107364e-02
2.329699472731474452e+04	0.000000000000000000e+00	6.824818112229055767e-02
2.343324344187683528e+04	0.000000000000000000e+00	6.800111271160327875e-02
2.356900073848327520e+04	0.000000000000000000e+00	6.775675339887635151e-02
2.370427198526487700e+04	0.000000000000000000e+00	6.751505336218072140e-02
2.383906245200431295e+04	0.000000000000000000e+00	6.727596406718677757e-02
2.397337731266760602e+04	0.000000000000000000e+00	6.703943822430261101e-02
2.410722164785280620e+04	0.000000000000000000e+00	6.680542974755883379e-02
2.424060044715703043e+04	0.000000000000000000e+00	6.657389371515246013e-02
2.437351861146702868e+04	0.000000000000000000e+00	6.634478633157037120e-02
2.450598095517458933e+04	0.000000000000000000e+00	6.611806489122228070e-02
2.463799220832181527e+04	0.000000000000000000e+00	6.589368774350645719e-02
2.476955701867708922e+04	0.000000000000000000e+00	6.567161425924612772e-02
2.490067995374509701e+04	0.000000000000000000e+00	6.545180479843085153e-02
2.503136550271455053e+04	0.000000000000000000e+00	6.523422067920314760e-02
2.516161807834381761e+04	0.000000000000000000e+00	6.501882414803236698e-02
2.529144201878907552e+04	0.000000000000000000e+00	6.480557835102679354e-02
2.542084158937584652e+04	0.000000000000000000e+00	6.459444730632682430e-02
2.554982098431576014e+04	0.000000000000000000e+00	6.438539587753437654e-02
2.567838432837254004e+04	0.000000000000000000e+00	6.417838974813305786e-02
2.580653567847645536e+04	0.000000000000000000e+00	6.397339539685388543e-02
2.593427902529096173e+04	0.000000000000000000e+00	6.377038007394410235e-02
2.606161829473255784e+04	0.000000000000000000e+00	6.356931177830411894e-02
2.618855734944662981e+04	0.000000000000000000e+00	6.337015923545226415e-02
2.631509999023840282e+04	0.000000000000000000e+00	6.317289187628197245e-02
2.644124995746367131e+04	0.000000000000000000e+00	6.297747981657682292e-02
2.656701093237839450e+04	0.000000000000000000e+00	6.278389383725485606e-02
2.669238653844990404e+04	0.000000000000000000e+00	6.259210536530844526e-02
2.681738034263055306e+04	0.000000000000000000e+00	6.240208645541270999e-02
2.694199585659513832e+04	0.000000000000000000e+00	6.221380977217301489e-02
2.706623653794360143e+04	0.000000000000000000e+00	6.202724857298593658e-02
2.719010579136992237e+04	0.000000000000000000e+00	6.184237669149087596e-02
2.731360696979865679e+04	0.000000000000000000e+00	6.165916852158358219e-02
2.743674337548949916e+04	0.000000000000000000e+00	6.147759900197481697e-02
2.755951826111211631e+04	0.000000000000000000e+00	6.129764360126636197e-02
2.768193483079182624e+04	0.000000000000000000e+00	6.111927830352879842e-02
2.780399624112603124e+04	0.000000000000000000e+00	6.094247959435875051e-02
2.792570560217345701e+04	0.000000000000000000e+00	6.076722444739612178e-02
2.804706597841806797e+04	0.000000000000000000e+00	6.059349031128613561e-02
2.816808038970535199e+04	0.000000000000000000e+00	6.042125509706473135e-02
2.828875181215558041e+04	0.000000000000000000e+00	6.025049716595603372e-02
2.840908317905179501e+04	0.000000000000000000e+00	6.008119531756125203e-02
2.852907738170538505e+04	0.000000000000000000e+00	5.991332877842883708e-02
2.864873727029867587e+04	0.000000000000000000e+00	5.974687719098632083e-02
2.876806565470601345e+04	0.000000000000000000e+00	5.958182060282365966e-02
2.888706530529372685e+04	0.000000000000000000e+00	5.941813945631613941e-02
2.900573895369929232e+04	0.000000000000000000e+00	5.925581457856823886e-02
2.912408929359114336e+04	0.000000000000000000e+00	5.909482717167453131e-02
2.924211898140929770e+04	0.000000000000000000e+00	5.893515880328054762e-02
2.935983063708704867e+04	0.000000000000000000e+00	5.877679139743195030e-02
2.947722684475518690e+04	0.000000000000000000e+00	5.861970722570705034e-02
2.959431015342787578e+04	0.000000000000000000e+00	5.846388889861726945e-02
2.971108307767251608e+04	0.000000000000000000e+00	5.830931935726738763e-02
2.982754809826277415e+04	0.000000000000000000e+00	5.815598186526725610e-02
2.994370766281559554e+04	0.000000000000000000e+00	5.800386000088542798e-02
3.005956418641300115e+04	0.000000000000000000e+00	5.785293764943650469e-02
3.017512005220849824e+04	0.000000000000000000e+00	5.770319899589233803e-02
3.029037761201937974e+04	0.000000000000000000e+00	5.755462851771089156e-02
3.040533918690481005e+04	0.000000000000000000e+00	5.740721097787623850e-02
3.052000706772975900e+04	0.000000000000000000e+00	5.726093141813942689e-02
3.063438351571626117e+04	0.000000000000000000e+00	5.711577515245618020e-02
3.074847076298127286e+04	0.000000000000000000e+00	5.697172776061081717e-02
3.086227101306190889e+04	0.000000000000000000e+00	5.682877508202693190e-02
3.097578644142916892e+04	0.000000000000000000e+00	5.668690320975022789e-02
3.108901919598875247e+04	0.000000000000000000e+00	5.654609848460537269e-02
3.120197139757133846e+04	0.000000000000000000e+00	5.640634748951214167e-02
3.131464514041090661e+04	0.000000000000000000e+00	5.626763704396759574e-02
3.142704249261248333e+04	0.000000000000000000e+00	5.612995419867745223e-02
3.153916549660993041e+04	0.000000000000000000e+00	5.599328623033634350e-02
3.165101616961200853e+04	0.000000000000000000e+00	5.585762063655472232e-02
3.176259650403974592e+04	0.000000000000000000e+00	5.572294513092306001e-02
3.187390846795326070e+04	0.000000000000000000e+00	5.558924763821163073e-02
3.198495400546986275e+04	0.000000000000000000e+00	5.545651628969894970e-02
3.209573503717206404e+04	0.000000000000000000e+00	5.532473941862934425e-02
3.220625346050705048e+04	0.000000000000000000e+00	5.519390555579043595e-02
3.231651115017789198e+04	0.000000000000000000e+00	5.506400342521073493e-02
3.242650995852561391e+04	0.000000000000000000e+00	5.493502193996977617e-02
3.253625171590285754e+04	0.000000000000000000e+00	5.480695019811936131e-02
3.264573823104027906e+04	0.000000000000000000e+00	5.467977747871563543e-02
3.275497129140447578e+04	0.000000000000000000e+00	5.455349323795070232e-02
3.286395266354850901e+04	0.000000000000000000e+00	5.442808710538867695e-02
3.297268409345511463e+04	0.000000000000000000e+00	5.430354888029693960e-02
3.308116730687212112e+04	0.000000000000000000e+00	5.417986852807534642e-02
3.318940400964168657e+04	0.000000000000000000e+00	5.405703617677326545e-02
3.329739588802161597e+04	0.000000000000000000e+00	5.393504211369979512e-02
3.340514460900117410e+04	0.000000000000000000e+00	5.381387678211709685e-02
3.351265182060937514e+04	0.000000000000000000e+00	5.369353077802000579e-02
3.361991915221759700e+04	0.000000000000000000e+00	5.357399484699600090e-02
3.372694821483556734e+04	0.000000000000000000e+00	5.345525988116351518e-02
3.383374060140082292e+04	0.000000000000000000e+00	5.333731691618778109e-02
3.394029788706409454e+04	0.000000000000000000e+00	5.322015712837004087e-02
3.404662162946646276e+04	0.000000000000000000e+00	5.310377183181017730e-02
3.415271336901302857e+04	0.000000000000000000e+00	5.298815247563772035e-02
3.425857462913997006e+04	0.000000000000000000e+00	5.287329064131161827e-02
3.436420691657697898e+04	0.000000000000000000e+00	5.275917803998694117e-02
3.446961172160287970e+04	0.000000000000000000e+00	5.264580650994363925e-02
3.457479051829854870e+04	0.000000000000000000e+00	5.253316801407875020e-02
3.467974476479335135e+04	0.000000000000000000e+00	5.242125463746004355e-02
3.478447590350703103e+04	0.000000000000000000e+00	5.231005858493581462e-02
3.488898536138698546e+04	0.000000000000000000e+00	5.219957217880355493e-02
3.499327455014050793e+04	0.000000000000000000e+00	5.208978785653547300e-02
3.509734486646349251e+04	0.000000000000000000e+00	5.198069816855376002e-02
3.520119769226344943e+04	0.000000000000000000e+00	5.187229577606204678e-02
3.530483439487986470e+04	0.000000000000000000e+00	5.176457344892693851e-02
3.540825632729892823e+04	0.000000000000000000e+00	5.165752406360660937e-02
3.551146482836426003e+04	0.000000000000000000e+00	5.155114060113197283e-02
3.561446122298490081e+04	0.000000000000000000e+00	5.144541614513077621e-02
3.571724682233814383e+04	0.000000000000000000e+00	5.134034387989929588e-02
3.581982292406888155e+04	0.000000000000000000e+00	5.123591708851783083e-02
3.592219081248543080e+04	0.000000000000000000e+00	5.113212915100847494e-02
3.602435175875179993e+04	0.000000000000000000e+00	5.102897354253647239e-02
3.612630702107606339e+04	0.000000000000000000e+00	5.092644383165170069e-02
3.622805784489522921e+04	0.000000000000000000e+00	5.082453367856941406e-02
3.632960546305688331e+04	0.000000000000000000e+00	5.072323683348898410e-02
3.643095109599811258e+04	0.000000000000000000e+00	5.062254713495353831e-02
3.653209595192006236e+04	0.000000000000000000e+00	5.052245850824185064e-02
3.663304122695964179e+04	0.000000000000000000e+00	5.042296496379865961e-02
3.673378810535871889e+04	0.000000000000000000e+00	5.032406059569936863e-02
3.683433775962961226e+04	0.000000000000000000e+00	5.022573958014803913e-02
3.693469135071831261e+04	0.000000000000000000e+00	5.012799617400953006e-02
3.703485002816362976e+04	0.000000000000000000e+00	5.003082471337021164e-02
3.713481493025484087e+04	0.000000000000000000e+00	4.993421961213573984e-02
3.723458718418572244e+04	0.000000000000000000e+00	4.983817536065440063e-02
3.733416790620607208e+04	0.000000000000000000e+00	4.974268652437165150e-02
3.743355820177080022e+04	0.000000000000000000e+00	4.964774774251444478e-02
3.753275916568570392e+04	0.000000000000000000e+00	4.955335372680259171e-02
3.763177188225171267e+04	0.000000000000000000e+00	4.945949926018895076e-02
3.773059742540572915e+04	0.000000000000000000e+00	4.936617919562377027e-02
3.782923685885978921e+04	0.000000000000000000e+00	4.927338845484923596e-02
3.792769123623712221e+04	0.000000000000000000e+00	4.918112202721527937e-02
3.802596160120642162e+04	0.000000000000000000e+00	4.908937496852286420e-02
3.812404898761329969e+04	0.000000000000000000e+00	4.899814239989051107e-02
3.822195441961033794e+04	0.000000000000000000e+00	4.890741950664533738e-02
3.831967891178403806e+04	0.000000000000000000e+00	4.881720153723556610e-02
3.841722346927980107e+04	0.000000000000000000e+00	4.872748380216671005e-02
3.851458908792552393e+04	0.000000000000000000e+00	4.863826167295936392e-02
3.861177675435208221e+04	0.000000000000000000e+00	4.854953058112823627e-02
3.870878744611288130e+04	0.000000000000000000e+00	4.846128601718244222e-02
3.880562213180049002e+04	0.000000000000000000e+00	4.837352352964643942e-02
3.890228177116132429e+04	0.000000000000000000e+00	4.828623872409838064e-02
3.899876731520998146e+04	0.000000000000000000e+00	4.819942726223175322e-02
3.909507970633947116e+04	0.000000000000000000e+00	4.811308486093291564e-02
3.919121987843060924e+04	0.000000000000000000e+00	4.802720729137927719e-02
3.928718875696089526e+04	0.000000000000000000e+00	4.794179037815272937e-02
3.938298725910924259e+04	0.000000000000000000e+00	4.785682999837394952e-02
3.947861629386085406e+04	0.000000000000000000e+00	4.777232208085218507e-02
3.957407676210921636e+04	0.000000000000000000e+00	4.768826260525088623e-02
3.966936955675810168e+04	0.000000000000000000e+00	4.760464760127171291e-02
3.976449556281909463e+04	0.000000000000000000e+00	4.752147314785416798e-02
3.985945565751106187e+04	0.000000000000000000e+00	4.743873537238934429e-02
3.995425071035515430e+04	0.000000000000000000e+00	4.735643044995135886e-02
4.004888158326965640e+04	0.000000000000000000e+00	4.727455460254202657e-02
4.014334913066350418e+04	0.000000000000000000e+00	4.719310409834925196e-02
4.023765419952715456e+04	0.000000000000000000e+00	4.711207525102378835e-02
4.033179762952368765e+04	0.000000000000000000e+00	4.703146441896401825e-02
4.042578025307688949e+04	0.000000000000000000e+00	4.695126800462013500e-02
4.051960289545909473e+04	0.000000000000000000e+00	4.687148245380717143e-02
4.061326637487718108e+04	0.000000000000000000e+00	4.679210425503371046e-02
4.070677150255705055e+04	0.000000000000000000e+00	4.671312993884324527e-02
4.080011908282719378e+04	0.000000000000000000e+00	4.663455607716535806e-02
4.089330991320076282e+04	0.000000000000000000e+00	4.655637928268275411e-02
4.098634478445709829e+04	0.000000000000000000e+00	4.647859620820751075e-02
4.107922448071990948e+04	0.000000000000000000e+00	4.640120354606965675e-02
4.117194977953711350e+04	0.000000000000000000e+00	4.632419802751799875e-02
4.126452145195774210e+04	0.000000000000000000e+00	4.624757642213079417e-02
4.135694026260742976e+04	0.000000000000000000e+00	4.617133553723778983e-02
4.144920696976393083e+04	0.000000000000000000e+00	4.609547221735427192e-02
4.154132232543089049e+04	0.000000000000000000e+00	4.601998334362231158e-02
4.163328707541010226e+04	0.000000000000000000e+00	4.594486583326570783e-02
4.172510195937378739e+04	0.000000000000000000e+00	4.587011663905243147e-02
4.181676771093491698e+04	0.000000000000000000e+00	4.579573274876794914e-02
4.190828505771622440e+04	0.000000000000000000e+00	4.572171118469894185e-02
4.199965472141937062e+04	0.000000000000000000e+00	4.564804900312276897e-02
4.209087741789205029e+04	0.000000000000000000e+00	4.557474329381141359e-02
4.218195385719498154e+04	0.000000000000000000e+00	4.550179117954009089e-02
4.227288474366640003e+04	0.000000000000000000e+00	4.542918981560515462e-02
4.236367077598778269e+04	0.000000000000000000e+00	4.535693638935371641e-02
4.245431264724661014e+04	0.000000000000000000e+00	4.528502811971814312e-02
4.254481104499982757e+04	0.000000000000000000e+00	4.521346225676012992e-02
4.263516665133511560e+04	0.000000000000000000e+00	4.514223608122287096e-02
4.272538014293189917e+04	0.000000000000000000e+00	4.507134690409019678e-02
4.281545219112173800e+04	0.000000000000000000e+00	4.500079206615553717e-02
4.290538346194666519e+04	0.000000000000000000e+00	4.493056893759732329e-02
4.299517461621855182e+04	0.000000000000000000e+00	4.486067491755935804e-02
4.308482630957613583e+04	0.000000000000000000e+00	4.479110743374221937e-02
4.317433919254203647e+04	0.000000000000000000e+00	4.472186394200070719e-02
4.326371391057799337e+04	0.000000000000000000e+00	4.465294192594633504e-02
4.335295110414049850e+04	0.000000000000000000e+00	4.458433889655936261e-02
4.344205140873528580e+04	0.000000000000000000e+00	4.451605239180483203e-02
4.353101545497064217e+04	0.000000000000000000e+00	4.444807997625716683e-02
4.361984386861007806e+04	0.000000000000000000e+00	4.438041924073028027e-02
4.370853727062479447e+04	0.000000000000000000e+00	4.431306780191471978e-02
4.379709627724530583e+04	0.000000000000000000e+00	4.424602330201927308e-02
4.388552150001099653e+04	0.000000000000000000e+00	4.417928340842051937e-02
4.397381354582184576e+04	0.000000000000000000e+00	4.411284581331792465e-02
4.406197301698629599e+04	0.000000000000000000e+00	4.404670823339231628e-02
4.415000051127044571e+04	0.000000000000000000e+00	4.398086840947425247e-02
4.423789662194572156e+04	0.000000000000000000e+00	4.391532410621500765e-02
4.432566193783665949e+04	0.000000000000000000e+00	4.385007311176247063e-02
4.441329704336721625e+04	0.000000000000000000e+00	4.378511323744586209e-02
4.450080251860686258e+04	0.000000000000000000e+00	4.372044231746116671e-02
4.458817893931641447e+04	0.000000000000000000e+00	4.365605820856547498e-02
4.467542687699229282e+04	0.000000000000000000e+00	4.359195878977472488e-02
4.476254689891085582e+04	0.000000000000000000e+00	4.352814196206539893e-02
4.484953956817265862e+04	0.000000000000000000e+00	4.346460564808358323e-02
4.493640544374415185e+04	0.000000000000000000e+00	4.340134779185738506e-02
4.502314508050158474e+04	0.000000000000000000e+00	4.333836635851289615e-02
4.510975902927256539e+04	0.000000000000000000e+00	4.327565933399636633e-02
4.519624783687644231e+04	0.000000000000000000e+00	4.321322472480118582e-02
4.528261204616635951e+04	0.000000000000000000e+00	4.315106055769678955e-02
4.536885219606919418e+04	0.000000000000000000e+00	4.308916487946641560e-02
4.545496882162499969e+04	0.000000000000000000e+00	4.302753575664210184e-02
4.554096245402617205e+04	0.000000000000000000e+00	4.296617127525133306e-02
4.562683362065692927e+04	0.000000000000000000e+00	4.290506954056270278e-02
4.571258284513068065e+04	0.000000000000000000e+00	4.284422867683861796e-02
4.579821064732850209e+04	0.000000000000000000e+00	4.278364682708921812e-02
4.588371754343574139e+04	0.000000000000000000e+00	4.272332215283149159e-02
4.596910404597946035e+04	0.000000000000000000e+00	4.266325283385344336e-02
4.605437066386386141e+04	0.000000000000000000e+00	4.260343706797949104e-02
4.613951790240716946e+04	0.000000000000000000e+00	4.254387307084193937e-02
4.622454626337590162e+04	0.000000000000000000e+00	4.248455907565314160e-02
4.630945624502118881e+04	0.000000000000000000e+00	4.242549333298416270e-02
4.639424834211196139e+04	0.000000000000000000e+00	4.236667411054556576e-02
4.647892304596953181e+04	0.000000000000000000e+00	4.230809969297070344e-02
4.656348084450139140e+04	0.000000000000000000e+00	4.224976838160329762e-02
4.664792222223445424e+04	0.000000000000000000e+00	4.219167849428882150e-02
4.673224766034702043e+04	0.000000000000000000e+00	4.213382836516933738e-02
4.681645763670251472e+04	0.000000000000000000e+00	4.207621634447791803e-02
4.690055262588040205e+04	0.000000000000000000e+00	4.201884079834090208e-02
4.698453309920831089e+04	0.000000000000000000e+00	4.196170010858044780e-02
4.706839952479289786e+04	0.000000000000000000e+00	4.190479267252147227e-02
4.715215236755085061e+04	0.000000000000000000e+00	4.184811690279908319e-02
4.723579208923932310e+04	0.000000000000000000e+00	4.179167122717209609e-02
4.731931914848573797e+04	0.000000000000000000e+00	4.173545408833744669e-02
4.740273400081820000e+04	0.000000000000000000e+00	4.167946394374774655e-02
4.748603709869376326e+04	0.000000000000000000e+00	4.162369926543112164e-02
4.756922889152854623e+04	0.000000000000000000e+00	4.156815853981442321e-02
4.765230982572524226e+04	0.000000000000000000e+00	4.151284026754948481e-02
4.773528034470245620e+04	0.000000000000000000e+00	4.145774296334017034e-02
4.781814088892170548e+04	0.000000000000000000e+00	4.140286515577425164e-02
4.790089189591570903e+04	0.000000000000000000e+00	4.134820538715525129e-02
4.798353380031521374e+04	0.000000000000000000e+00	4.129376221333976721e-02
4.806606703387602465e+04	0.000000000000000000e+00	4.123953420357377719e-02
4.814849202550576592e+04	0.000000000000000000e+00	4.118551994033448765e-02
4.823080920129036531e+04	0.000000000000000000e+00	4.113171801917218928e-02
4.831301898451957095e+04	0.000000000000000000e+00	4.107812704855558911e-02
4.839512179571267188e+04	0.000000000000000000e+00	4.102474564971948096e-02
4.847711805264449504e+04	0.000000000000000000e+00	4.097157245651317919e-02
4.855900817036983790e+04	0.000000000000000000e+00	4.091860611525318520e-02
4.864079256124873791e+04	0.000000000000000000e+00	4.086584528457654075e-02
4.872247163497022120e+04	0.000000000000000000e+00	4.081328863529672113e-02
4.880404579857736826e+04	0.000000000000000000e+00	4.076093485026147101e-02
4.888551545649077161e+04	0.000000000000000000e+00	4.070878262421315924e-02
4.896688101053244463e+04	0.000000000000000000e+00	4.065683066365005649e-02
4.904814285994850070e+04	0.000000000000000000e+00	4.060507768669077699e-02
4.912930140143364406e+04	0.000000000000000000e+00	4.055352242294020526e-02
4.921035702915261209e+04	0.000000000000000000e+00	4.050216361335649828e-02
4.929131013476324006e+04	0.000000000000000000e+00	4.045100001012147395e-02
4.937216110743927857e+04	0.000000000000000000e+00	4.040003037651138107e-02
4.945291033389179938e+04	0.000000000000000000e+00	4.034925348677062540e-02
4.953355819839092874e+04	0.000000000000000000e+00	4.029866812598641851e-02
4.961410508278845373e+04	0.000000000000000000e+00	4.024827308996595937e-02
4.969455136653743830e+04	0.000000000000000000e+00	4.019806718511376858e-02
4.977489742671536806e+04	0.000000000000000000e+00	4.014804922831340800e-02
4.985514363804297318e+04	0.000000000000000000e+00	4.009821804680781948e-02
4.993529037290575798e+04	0.000000000000000000e+00	4.004857247808381315e-02
5.001533800137523212e+04	0.000000000000000000e+00	3.999911136975599357e-02
5.009528689122739161e+04	0.000000000000000000e+00	3.994983357945421781e-02
5.017513740796338243e+04	0.000000000000000000e+00	3.990073797471164335e-02
5.025488991482970596e+04	0.000000000000000000e+00	3.985182343285392087e-02
5.033454477283684537e+04	0.000000000000000000e+00	3.980308884089072546e-02
5.041410234077893983e+04	0.000000000000000000e+00	3.975453309540829400e-02
5.049356297525310947e+04	0.000000000000000000e+00	3.970615510246335716e-02
5.057292703067763796e+04	0.000000000000000000e+00	3.965795377747922262e-02
5.065219485931110103e+04	0.000000000000000000e+00	3.960992804514187893e-02
5.073136681127049815e+04	0.000000000000000000e+00	3.956207683929914565e-02
5.081044323454990081e+04	0.000000000000000000e+00	3.951439910285958063e-02
5.088942447503783478e+04	0.000000000000000000e+00	3.946689378769432932e-02
5.096831087653555733e+04	0.000000000000000000e+00	3.941955985453868272e-02
5.104710278077473049e+04	0.000000000000000000e+00	3.937239627289613325e-02
5.112580052743463602e+04	0.000000000000000000e+00	3.932540202094320092e-02
5.120440445415934664e+04	0.000000000000000000e+00	3.927857608543600804e-02
5.128291489657521015e+04	0.000000000000000000e+00	3.923191746161691640e-02
5.136133218830703117e+04	0.000000000000000000e+00	3.918542515312400942e-02
5.143965666099601367e+04	0.000000000000000000e+00	3.913909817189990120e-02
5.151788864431476395e+04	0.000000000000000000e+00	3.909293553810382071e-02
5.159602846598452743e+04	0.000000000000000000e+00	3.904693628002357808e-02
5.167407645179124665e+04	0.000000000000000000e+00	3.900109943398862022e-02
5.175203292560161935e+04	0.000000000000000000e+00	3.895542404428400940e-02
5.182989820937861805e+04	0.000000000000000000e+00	3.890990916306698300e-02
5.190767262319738074e+04	0.000000000000000000e+00	3.886455385028361742e-02
5.198535648526091245e+04	0.000000000000000000e+00	3.881935717358541565e-02
5.206295011191481171e+04	0.000000000000000000e+00	3.877431820824955855e-02
5.214045381766257924e+04	0.000000000000000000e+00	3.872943603709731036e-02
5.221786791518158861e+04	0.000000000000000000e+00	3.868470975041627541e-02
5.229519271533663414e+04	0.000000000000000000e+00	3.864013844588157220e-02
5.237242852719549410e+04	0.000000000000000000e+00	3.859572122847885339e-02
5.244957565804290789e+04	0.000000000000000000e+00	3.855145721042826934e-02
5.252663441339517885e+04	0.000000000000000000e+00	3.850734551110894521e-02
5.260360509701479168e+04	0.000000000000000000e+00	3.846338525698515809e-02
5.268048801092405483e+04	0.000000000000000000e+00	3.841957558153322183e-02
5.275728345541900489e+04	0.000000000000000000e+00	3.837591562516855237e-02
5.283399172908346372e+04	0.000000000000000000e+00	3.833240453517475915e-02
5.291061312880269543e+04	0.000000000000000000e+00	3.828904146563316679e-02
5.298714794977707061e+04	0.000000000000000000e+00	3.824582557735280858e-02
5.306359648553519946e+04	0.000000000000000000e+00	3.820275603780190488e-02
5.313995902794691938e+04	0.000000000000000000e+00	3.815983202103975097e-02
5.321623586723663902e+04	0.000000000000000000e+00	3.811705270764972897e-02
5.329242729199698078e+04	0.000000000000000000e+00	3.807441728467339526e-02
5.336853358920056780e+04	0.000000000000000000e+00	3.803192494554446385e-02
5.344455504421361547e+04	0.000000000000000000e+00	3.798957489002482979e-02
5.352049194080763846e+04	0.000000000000000000e+00	3.794736632414054400e-02
5.359634456117291120e+04	0.000000000000000000e+00	3.790529846011834320e-02
5.367211318593024043e+04	0.000000000000000000e+00	3.786337051632411577e-02
5.374779809414296324e+04	0.000000000000000000e+00	3.782158171720115258e-02
5.382339956332945439e+04	0.000000000000000000e+00	3.777993129320924431e-02
5.389891786947507353e+04	0.000000000000000000e+00	3.773841848076454203e-02
5.397435328704375570e+04	0.000000000000000000e+00	3.769704252218096519e-02
5.404970608899019135e+04	0.000000000000000000e+00	3.765580266561133205e-02
5.412497654677112587e+04	0.000000000000000000e+00	3.761469816498928809e-02
5.420016493035663007e+04	0.000000000000000000e+00	3.757372827997228215e-02
5.427527150824199634e+04	0.000000000000000000e+00	3.753289227588554877e-02
5.435029654745859443e+04	0.000000000000000000e+00	3.749218942366600721e-02
5.442524031358544744e+04	0.000000000000000000e+00	3.745161899980670867e-02
5.450010307076016034e+04	0.000000000000000000e+00	3.741118028630358722e-02
5.457488508168930275e+04	0.000000000000000000e+00	3.737087257060029560e-02
5.464958660766018147e+04	0.000000000000000000e+00	3.733069514553642027e-02
5.472420790855115774e+04	0.000000000000000000e+00	3.729064730929416288e-02
5.479874924284207373e+04	0.000000000000000000e+00	3.725072836534611131e-02
5.487321086762503546e+04	0.000000000000000000e+00	3.721093762240529346e-02
5.494759303861446097e+04	0.000000000000000000e+00	3.717127439437310776e-02
5.502189601015837252e+04	0.000000000000000000e+00	3.713173800029032079e-02
5.509612003524756437e+04	0.000000000000000000e+00	3.709232776428684347e-02
5.517026536552601465e+04	0.000000000000000000e+00	3.705304301553323520e-02
5.524433225130142091e+04	0.000000000000000000e+00	3.701388308819289485e-02
5.531832094155451341e+04	0.000000000000000000e+00	3.697484732137291952e-02
5.539223168394908134e+04	0.000000000000000000e+00	3.693593505907818986e-02
5.546606472484207188e+04	0.000000000000000000e+00	3.689714565016429665e-02
5.553982030929277971e+04	0.000000000000000000e+00	3.685847844829136244e-02
5.561349868107245857e+04	0.000000000000000000e+00	3.681993281187865424e-02
5.568710008267407829e+04	0.000000000000000000e+00	3.678150810405926563e-02
5.576062475532166718e+04	0.000000000000000000e+00	3.674320369263590902e-02
5.583407293897931231e+04	0.000000000000000000e+00	3.670501895003697168e-02
5.590744487236028363e+04	0.000000000000000000e+00	3.666695325327266192e-02
5.598074079293712566e+04	0.000000000000000000e+00	3.662900598389220996e-02
5.605396093694952287e+04	0.000000000000000000e+00	3.659117652794130482e-02
5.612710553941381659e+04	0.000000000000000000e+00	3.655346427592057190e-02
5.620017483413171431e+04	0.000000000000000000e+00	3.651586862274317641e-02
5.627316905369905726e+04	0.000000000000000000e+00	3.647838896769418221e-02
5.634608842951460247e+04	0.000000000000000000e+00	3.644102471439052832e-02
5.641893319178924139e+04	0.000000000000000000e+00	3.640377527073960368e-02
5.649170356955307216e+04	0.000000000000000000e+00	3.636664004890076407e-02
5.656439979066503292e+04	0.000000000000000000e+00	3.632961846524554450e-02
5.663702208182152390e+04	0.000000000000000000e+00	3.629270994031906505e-02
5.670957066856302117e+04	0.000000000000000000e+00	3.625591389880133963e-02
5.678204577528466325e+04	0.000000000000000000e+00	3.621922976946987532e-02
5.685444762524237740e+04	0.000000000000000000e+00	3.618265698516186929e-02
5.692677644056232384e+04	0.000000000000000000e+00	3.614619498273673182e-02
5.699903244224824448e+04	0.000000000000000000e+00	3.610984320304052447e-02
5.707121585018911719e+04	0.000000000000000000e+00	3.607360109086861499e-02
5.714332688316817075e+04	0.000000000000000000e+00	3.603746809493001135e-02
5.721536575886946230e+04	0.000000000000000000e+00	3.600144366781268812e-02
5.728733269388580811e+04	0.000000000000000000e+00	3.596552726594763605e-02
5.735922790372731106e+04	0.000000000000000000e+00	3.592971834957457006e-02
5.743105160282818542e+04	0.000000000000000000e+00	3.589401638270733885e-02
5.750280400455429481e+04	0.000000000000000000e+00	3.585842083310066680e-02
5.757448532121042081e+04	0.000000000000000000e+00	3.582293117221622969e-02
5.764609576404857216e+04	0.000000000000000000e+00	3.578754687518891781e-02
5.771763554327421298e+04	0.000000000000000000e+00	3.575226742079497949e-02
5.778910486805436813e+04	0.000000000000000000e+00	3.571709229141895037e-02
5.786050394652405521e+04	0.000000000000000000e+00	3.568202097302158871e-02
5.793183298579376424e+04	0.000000000000000000e+00	3.564705295510871286e-02
5.800309219195660262e+04	0.000000000000000000e+00	3.561218773069886601e-02
5.807428177009560750e+04	0.000000000000000000e+00	3.557742479629289606e-02
5.814540192428967566e+04	0.000000000000000000e+00	3.554276365184314002e-02
5.821645285762118874e+04	0.000000000000000000e+00	3.550820380072249038e-02
5.828743477218321641e+04	0.000000000000000000e+00	3.547374474969530039e-02
5.835834786908468959e+04	0.000000000000000000e+00	3.543938600888697082e-02
5.842919234845913888e+04	0.000000000000000000e+00	3.540512709175435563e-02
5.849996840946958400e+04	0.000000000000000000e+00	3.537096751505705572e-02
5.857067625031623902e+04	0.000000000000000000e+00	3.533690679882862951e-02
5.864131606824251503e+04	0.000000000000000000e+00	3.530294446634765076e-02
5.871188805954176496e+04	0.000000000000000000e+00	3.526908004410997388e-02
5.878239241956314072e+04	0.000000000000000000e+00	3.523531306180044398e-02
5.885282934271886188e+04	0.000000000000000000e+00	3.520164305226582135e-02
5.892319902248958533e+04	0.000000000000000000e+00	3.516806955148689406e-02
5.899350165143107006e+04	0.000000000000000000e+00	3.513459209855172155e-02
5.906373742118071823e+04	0.000000000000000000e+00	3.510121023562910031e-02
5.913390652246263198e+04	0.000000000000000000e+00	3.506792350794152302e-02
5.920400914509510039e+04	0.000000000000000000e+00	3.503473146373974750e-02
5.927404547799575812e+04	0.000000000000000000e+00	3.500163365427644974e-02
5.934401570918739162e+04	0.000000000000000000e+00	3.496862963378041117e-02
5.941392002580428380e+04	0.000000000000000000e+00	3.493571895943148320e-02
5.948375861409828212e+04	0.000000000000000000e+00	3.490290119133533653e-02
5.955353165944419743e+04	0.000000000000000000e+00	3.487017589249875871e-02
5.962323934634565376e+04	0.000000000000000000e+00	3.483754262880487534e-02
5.969288185844112741e+04	0.000000000000000000e+00	3.480500096898921092e-02
5.976245937850911287e+04	0.000000000000000000e+00	3.477255048461496550e-02
5.983197208847419824e+04	0.000000000000000000e+00	3.474019075004982499e-02
5.990142016941242036e+04	0.000000000000000000e+00	3.470792134244188309e-02
5.997080380155714374e+04	0.000000000000000000e+00	3.467574184169638918e-02
6.004012316430399369e+04	0.000000000000000000e+00	3.464365183045311353e-02
6.010937843621670618e+04	0.000000000000000000e+00	3.461165089406274820e-02
6.017856979503217735e+04	0.000000000000000000e+00	3.457973862056504949e-02
6.024769741766634979e+04	0.000000000000000000e+00	3.454791460066589104e-02
6.031676148021929112e+04	0.000000000000000000e+00	3.451617842771481648e-02
6.038576215798017802e+04	0.000000000000000000e+00	3.448452969768386889e-02
6.045469962543257861e+04	0.000000000000000000e+00	3.445296800914585122e-02
6.052357405626023683e+04	0.000000000000000000e+00	3.442149296325163615e-02
6.059238562335134338e+04	0.000000000000000000e+00	3.439010416371048734e-02
6.066113449880421831e+04	0.000000000000000000e+00	3.435880121676765375e-02
6.072982085393217858e+04	0.000000000000000000e+00	3.432758373118450362e-02
6.079844485926889320e+04	0.000000000000000000e+00	3.429645131821699305e-02
6.086700668457253778e+04	0.000000000000000000e+00	3.426540359159598037e-02
6.093550649883138249e+04	0.000000000000000000e+00	3.423444016750622210e-02
6.100394447026846319e+04	0.000000000000000000e+00	3.420356066456735344e-02
6.107232076634668192e+04	0.000000000000000000e+00	3.417276470381301612e-02
6.114063555377298326e+04	0.000000000000000000e+00	3.414205190867182493e-02
6.120888899850392772e+04	0.000000000000000000e+00	3.411142190494776544e-02
6.127708126575007191e+04	0.000000000000000000e+00	3.408087432080088297e-02
6.134521251998030493e+04	0.000000000000000000e+00	3.405040878672829785e-02
6.141328292492721084e+04	0.000000000000000000e+00	3.402002493554531770e-02
6.148129264359115041e+04	0.000000000000000000e+00	3.398972240236668857e-02
6.154924183824490319e+04	0.000000000000000000e+00	3.395950082458780439e-02
6.161713067043832416e+04	0.000000000000000000e+00	3.392935984186709608e-02
6.168495930100273836e+04	0.000000000000000000e+00	3.389929909610760878e-02
6.175272789005583763e+04	0.000000000000000000e+00	3.386931823143879416e-02
6.182043659700567514e+04	0.000000000000000000e+00	3.383941689419864285e-02
6.188808558055494359e+04	0.000000000000000000e+00	3.380959473291660078e-02
6.195567499870560277e+04	0.000000000000000000e+00	3.377985139829523670e-02
6.202320500876364531e+04	0.000000000000000000e+00	3.375018654319435207e-02
6.209067576734232716e+04	0.000000000000000000e+00	3.372059982261237793e-02
6.215808743036731175e+04	0.000000000000000000e+00	3.369109089367046395e-02
6.222544015308058442e+04	0.000000000000000000e+00	3.366165941559524227e-02
6.229273409004475252e+04	0.000000000000000000e+00	3.363230504970244478e-02
6.235996939514691621e+04	0.000000000000000000e+00	3.360302745938000685e-02
6.242714622160342697e+04	0.000000000000000000e+00	3.357382631007230223e-02
6.249426472196302348e+04	0.000000000000000000e+00	3.354470126926378803e-02
6.256132504811180843e+04	0.000000000000000000e+00	3.351565200646288573e-02
6.262832735127682827e+04	0.000000000000000000e+00	3.348667819318630612e-02
6.269527178203035874e+04	0.000000000000000000e+00	3.345777950294362424e-02
6.276215849029305537e+04	0.000000000000000000e+00	3.342895561122115333e-02
6.282898762533909030e+04	0.000000000000000000e+00	3.340020619546704012e-02
6.289575933579944103e+04	0.000000000000000000e+00	3.337153093507570778e-02
6.296247376966551383e+04	0.000000000000000000e+00	3.334292951137275696e-02
6.302913107429360389e+04	0.000000000000000000e+00	3.331440160760060221e-02
6.309573139640806039e+04	0.000000000000000000e+00	3.328594690890290114e-02
6.316227488210582669e+04	0.000000000000000000e+00	3.325756510231041296e-02
6.322876167685938708e+04	0.000000000000000000e+00	3.322925587672617698e-02
6.329519192552105960e+04	0.000000000000000000e+00	3.320101892291103113e-02
6.336156577232640848e+04	0.000000000000000000e+00	3.317285393346977584e-02
6.342788336089820223e+04	0.000000000000000000e+00	3.314476060283655379e-02
6.349414483425000799e+04	0.000000000000000000e+00	3.311673862726163126e-02
6.356035033478940750e+04	0.000000000000000000e+00	3.308878770479628528e-02
6.362650000432214438e+04	0.000000000000000000e+00	3.306090753528020953e-02
6.369259398405536922e+04	0.000000000000000000e+00	3.303309782032773367e-02
6.375863241460087738e+04	0.000000000000000000e+00	3.300535826331373740e-02
6.382461543597934360e+04	0.000000000000000000e+00	3.297768856936064003e-02
6.389054318762329785e+04	0.000000000000000000e+00	3.295008844532520964e-02
6.395641580838077061e+04	0.000000000000000000e+00	3.292255759978565677e-02
6.402223343651866890e+04	0.000000000000000000e+00	3.289509574302823536e-02
6.408799620972601406e+04	0.000000000000000000e+00	3.286770258703498176e-02
6.415370426511750702e+04	0.000000000000000000e+00	3.284037784546978839e-02
6.421935773923700617e+04	0.000000000000000000e+00	3.281312123366712102e-02
6.428495676806069241e+04	0.000000000000000000e+00	3.278593246861860599e-02
6.435050148700005229e+04	0.000000000000000000e+00	3.275881126896125484e-02
6.441599203090606170e+04	0.000000000000000000e+00	3.273175735496459265e-02
6.448142853407117946e+04	0.000000000000000000e+00	3.270477044851894527e-02
6.454681113023390208e+04	0.000000000000000000e+00	3.267785027312305329e-02
6.461213995258087380e+04	0.000000000000000000e+00	3.265099655387238703e-02
6.467741513375050999e+04	0.000000000000000000e+00	3.262420901744712137e-02
6.474263680583675887e+04	0.000000000000000000e+00	3.259748739210011764e-02
6.480780510039086221e+04	0.000000000000000000e+00	3.257083140764606422e-02
6.487292014842565550e+04	0.000000000000000000e+00	3.254424079544931958e-02
6.493798208041809994e+04	0.000000000000000000e+00	3.251771528841276848e-02
6.500299102631243295e+04	0.000000000000000000e+00	3.249125462096626865e-02
6.506794711552365334e+04	0.000000000000000000e+00	3.246485852905557634e-02
6.513285047693990055e+04	0.000000000000000000e+00	3.243852675013094572e-02
6.519770123892565607e+04	0.000000000000000000e+00	3.241225902313656787e-02
6.526249952932482120e+04	0.000000000000000000e+00	3.238605508849962122e-02
6.532724547546364920e+04	0.000000000000000000e+00	3.235991468811915545e-02
6.539193920415361208e+04	0.000000000000000000e+00	3.233383756535553738e-02
6.545658084169453650e+04	0.000000000000000000e+00	3.230782346501978597e-02
6.552117051387681568e+04	0.000000000000000000e+00	3.228187213336289330e-02
6.558570834598525835e+04	0.000000000000000000e+00	3.225598331806564523e-02
6.565019446280215925e+04	0.000000000000000000e+00	3.223015676822803266e-02
6.571462898860732093e+04	0.000000000000000000e+00	3.220439223435914849e-02
6.577901204718450026e+04	0.000000000000000000e+00	3.217868946836702909e-02
6.584334376182254346e+04	0.000000000000000000e+00	3.215304822354859982e-02
6.590762425531820918e+04	0.000000000000000000e+00	3.212746825457875322e-02
6.597185364997919532e+04	0.000000000000000000e+00	3.210194931750267461e-02
6.603603206762601621e+04	0.000000000000000000e+00	3.207649116972394188e-02
6.610015962959537865e+04	0.000000000000000000e+00	3.205109356999532449e-02
6.616423645674363070e+04	0.000000000000000000e+00	3.202575627840930500e-02
6.622826266944794043e+04	0.000000000000000000e+00	3.200047905638876700e-02
6.629223838761005027e+04	0.000000000000000000e+00	3.197526166667750969e-02
6.635616373065812513e+04	0.000000000000000000e+00	3.195010387333014484e-02
6.642003881754970644e+04	0.000000000000000000e+00	3.192500544170349952e-02
6.648386376677516091e+04	0.000000000000000000e+00	3.189996613844699180e-02
6.654763869635800074e+04	0.000000000000000000e+00	3.187498573149370046e-02
6.661136372386031144e+04	0.000000000000000000e+00	3.185006399005151090e-02
6.667503896638301376e+04	0.000000000000000000e+00	3.182520068459334522e-02
6.673866454056964722e+04	0.000000000000000000e+00	3.180039558684924494e-02
6.680224056260830548e+04	0.000000000000000000e+00	3.177564846979653856e-02
6.686576714823376096e+04	0.000000000000000000e+00	3.175095910765175777e-02
6.692924441273199045e+04	0.000000000000000000e+00	3.172632727586180423e-02
6.699267247093898186e+04	0.000000000000000000e+00	3.170175275109515106e-02
6.705605143724712252e+04	0.000000000000000000e+00	3.167723531123366881e-02
6.711938142560442793e+04	0.000000000000000000e+00	3.165277473536350777e-02
6.718266254951937299e+04	0.000000000000000000e+00	3.162837080376745130e-02
6.724589492206105206e+04	0.000000000000000000e+00	3.160402329791620057e-02
6.730907865586357366e+04	0.000000000000000000e+00	3.157973200046014506e-02
6.737221386312747200e+04	0.000000000000000000e+00	3.155549669522098727e-02
6.743530065562151140e+04	0.000000000000000000e+00	3.153131716718411692e-02
6.749833914468661533e+04	0.000000000000000000e+00	3.150719320249052019e-02
6.756132944123573543e+04	0.000000000000000000e+00	3.148312458842793260e-02
6.762427165575866820e+04	0.000000000000000000e+00	3.145911111342404587e-02
6.768716589832256432e+04	0.000000000000000000e+00	3.143515256703809102e-02
6.775001227857496997e+04	0.000000000000000000e+00	3.141124873995302519e-02
6.781281090574599511e+04	0.000000000000000000e+00	3.138739942396822497e-02
6.787556188865103468e+04	0.000000000000000000e+00	3.136360441199124993e-02
6.793826533569137973e+04	0.000000000000000000e+00	3.133986349803077193e-02
6.800092135485797189e+04	0.000000000000000000e+00	3.131617647718883818e-02
6.806353005373275664e+04	0.000000000000000000e+00	3.129254314565337036e-02
6.812609153949191386e+04	0.000000000000000000e+00	3.126896330069103835e-02
6.818860591890606156e+04	0.000000000000000000e+00	3.124543674063942622e-02
6.825107329834421398e+04	0.000000000000000000e+00	3.122196326490021129e-02
6.831349378377533867e+04	0.000000000000000000e+00	3.119854267393194075e-02
6.837586748077005905e+04	0.000000000000000000e+00	3.117517476924231909e-02
6.843819449450324464e+04	0.000000000000000000e+00	3.115185935338182083e-02
6.850047492975569912e+04	0.000000000000000000e+00	3.112859622993642550e-02
6.856270889091727440e+04	0.000000000000000000e+00	3.110538520352049835e-02
6.862489648198685609e+04	0.000000000000000000e+00	3.108222607976985144e-02
6.868703780657589959e+04	0.000000000000000000e+00	3.105911866533503721e-02
6.874913296791067114e+04	0.000000000000000000e+00	3.103606276787446855e-02
6.881118206883387757e+04	0.000000000000000000e+00	3.101305819604765340e-02
6.887318521180604876e+04	0.000000000000000000e+00	3.099010475950857157e-02
6.893514249890789506e+04	0.000000000000000000e+00	3.096720226889906891e-02
6.899705403184310126e+04	0.000000000000000000e+00	3.094435053584203288e-02
6.905891991193877766e+04	0.000000000000000000e+00	3.092154937293518577e-02
6.912074024014858878e+04	0.000000000000000000e+00	3.089879859374419779e-02
6.918251511705401936e+04	0.000000000000000000e+00	3.087609801279676477e-02
6.924424464286674629e+04	0.000000000000000000e+00	3.085344744557566576e-02
6.930592891743109794e+04	0.000000000000000000e+00	3.083084670851325010e-02
6.936756804022369033e+04	0.000000000000000000e+00	3.080829561898409258e-02
6.942916211035788001e+04	0.000000000000000000e+00	3.078579399529954991e-02
6.949071122658449167e+04	0.000000000000000000e+00	3.076334165670130405e-02
6.955221548729365168e+04	0.000000000000000000e+00	3.074093842335547458e-02
6.961367499051689811e+04	0.000000000000000000e+00	3.071858411634633551e-02
6.967508983392798109e+04	0.000000000000000000e+00	3.069627855767009458e-02
6.973646011484671908e+04	0.000000000000000000e+00	3.067402157022946704e-02
6.979778593023910071e+04	0.000000000000000000e+00	3.065181297782745493e-02
6.985906737671990413e+04	0.000000000000000000e+00	3.062965260516110552e-02
6.992030455055390485e+04	0.000000000000000000e+00	3.060754027781618578e-02
6.998149754765766556e+04	0.000000000000000000e+00	3.058547582226137443e-02
7.004264646360187908e+04	0.000000000000000000e+00	3.056345906584226335e-02
7.010375139361288166e+04	0.000000000000000000e+00	3.054148983677585499e-02
7.016481243257429742e+04	0.000000000000000000e+00	3.051956796414446657e-02
7.022582967502890097e+04	0.000000000000000000e+00	3.049769327789119550e-02
7.028680321517991251e+04	0.000000000000000000e+00	3.047586560881292497e-02
7.034773314689261315e+04	0.000000000000000000e+00	3.045408478855591086e-02
7.040861956369706604e+04	0.000000000000000000e+00	3.043235064960981770e-02
7.046946255878939701e+04	0.000000000000000000e+00	3.041066302530235840e-02
7.053026222503292956e+04	0.000000000000000000e+00	3.038902174979418724e-02
7.059101865495971288e+04	0.000000000000000000e+00	3.036742665807307812e-02
7.065173194077306835e+04	0.000000000000000000e+00	3.034587758594892853e-02
7.071240217434827355e+04	0.000000000000000000e+00	3.032437437004839587e-02
7.077302944723510882e+04	0.000000000000000000e+00	3.030291684780991521e-02
7.083361385065929790e+04	0.000000000000000000e+00	3.028150485747801990e-02
7.089415547552306089e+04	0.000000000000000000e+00	3.026013823809854328e-02
7.095465441240824293e+04	0.000000000000000000e+00	3.023881682951365391e-02
7.101511075157688174e+04	0.000000000000000000e+00	3.021754047235625934e-02
7.107552458297276462e+04	0.000000000000000000e+00	3.019630900804579077e-02
7.113589599622366950e+04	0.000000000000000000e+00	3.017512227878234657e-02
7.119622508064239810e+04	0.000000000000000000e+00	3.015398012754253593e-02
7.125651192522837664e+04	0.000000000000000000e+00	3.013288239807401445e-02
7.131675661866966402e+04	0.000000000000000000e+00	3.011182893489065468e-02
7.137695924934415962e+04	0.000000000000000000e+00	3.009081958326790054e-02
7.143711990532043274e+04	0.000000000000000000e+00	3.006985418923830214e-02
7.149723867436054570e+04	0.000000000000000000e+00	3.004893259958604096e-02
7.155731564392030123e+04	0.000000000000000000e+00	3.002805466184257574e-02
7.161735090115157072e+04	0.000000000000000000e+00	3.000722022428228830e-02
7.167734453290388046e+04	0.000000000000000000e+00	2.998642913591704692e-02
7.173729662572470261e+04	0.000000000000000000e+00	2.996568124649246975e-02
7.179720726586286037e+04	0.000000000000000000e+00	2.994497640648259226e-02
7.185707653926762578e+04	0.000000000000000000e+00	2.992431446708576290e-02
7.191690453159232857e+04	0.000000000000000000e+00	2.990369528022009116e-02
7.197669132819413790e+04	0.000000000000000000e+00	2.988311869851894079e-02
7.203643701413694362e+04	0.000000000000000000e+00	2.986258457532639174e-02
7.209614167419096339e+04	0.000000000000000000e+00	2.984209276469280275e-02
7.215580539283636608e+04	0.000000000000000000e+00	2.982164312137056475e-02
7.221542825426287891e+04	0.000000000000000000e+00	2.980123550081003117e-02
7.227501034237204294e+04	0.000000000000000000e+00	2.978086975915483769e-02
7.233455174077794072e+04	0.000000000000000000e+00	2.976054575323739543e-02
7.239405253280994657e+04	0.000000000000000000e+00	2.974026334057525839e-02
7.245351280151269748e+04	0.000000000000000000e+00	2.972002237936645710e-02
7.251293262964737369e+04	0.000000000000000000e+00	2.969982272848563018e-02
7.257231209969418705e+04	0.000000000000000000e+00	2.967966424747966320e-02
7.263165129385270120e+04	0.000000000000000000e+00	2.965954679656352885e-02
7.269095029404392699e+04	0.000000000000000000e+00	2.963947023661643240e-02
7.275020918191131204e+04	0.000000000000000000e+00	2.961943442917757199e-02
7.280942803882196313e+04	0.000000000000000000e+00	2.959943923644255820e-02
7.286860694586724276e+04	0.000000000000000000e+00	2.957948452125849781e-02
7.292774598386649450e+04	0.000000000000000000e+00	2.955957014712086092e-02
7.298684523336490383e+04	0.000000000000000000e+00	2.953969597816925169e-02
7.304590477463835850e+04	0.000000000000000000e+00	2.951986187918360233e-02
7.310492468769114930e+04	0.000000000000000000e+00	2.950006771557980162e-02
7.316390505226051027e+04	0.000000000000000000e+00	2.948031335340655160e-02
7.322284594781555643e+04	0.000000000000000000e+00	2.946059865934140543e-02
7.328174745355958294e+04	0.000000000000000000e+00	2.944092350068663530e-02
7.334060964843150578e+04	0.000000000000000000e+00	2.942128774536563116e-02
7.339943261110606545e+04	0.000000000000000000e+00	2.940169126191912938e-02
7.345821641999609710e+04	0.000000000000000000e+00	2.938213391950167397e-02
7.351696115325327264e+04	0.000000000000000000e+00	2.936261558787788342e-02
7.357566688876938133e+04	0.000000000000000000e+00	2.934313613741844698e-02
7.363433370417737751e+04	0.000000000000000000e+00	2.932369543909706458e-02
7.369296167685346154e+04	0.000000000000000000e+00	2.930429336448634597e-02
7.375155088391630852e+04	0.000000000000000000e+00	2.928492978575475067e-02
7.381010140223093913e+04	0.000000000000000000e+00	2.926560457566225459e-02
7.386861330840761366e+04	0.000000000000000000e+00	2.924631760755795964e-02
7.392708667880375287e+04	0.000000000000000000e+00	2.922706875537552096e-02
7.398552158952649916e+04	0.000000000000000000e+00	2.920785789363020482e-02
7.404391811643078108e+04	0.000000000000000000e+00	2.918868489741528044e-02
7.410227633512314060e+04	0.000000000000000000e+00	2.916954964239868234e-02
7.416059632096250425e+04	0.000000000000000000e+00	2.915045200481980459e-02
7.421887814906006679e+04	0.000000000000000000e+00	2.913139186148552134e-02
7.427712189428125566e+04	0.000000000000000000e+00	2.911236908976770274e-02
7.433532763124752091e+04	0.000000000000000000e+00	2.909338356759882255e-02
7.439349543433629151e+04	0.000000000000000000e+00	2.907443517346968223e-02
7.445162537768267794e+04	0.000000000000000000e+00	2.905552378642597619e-02
7.450971753518049081e+04	0.000000000000000000e+00	2.903664928606423251e-02
7.456777198048241553e+04	0.000000000000000000e+00	2.901781155252932884e-02
7.462578878700282075e+04	0.000000000000000000e+00	2.899901046651095701e-02
7.468376802791836963e+04	0.000000000000000000e+00	2.898024590924071220e-02
7.474170977616746677e+04	0.000000000000000000e+00	2.896151776248856100e-02
7.479961410445366346e+04	0.000000000000000000e+00	2.894282590856026710e-02
7.485748108524504642e+04	0.000000000000000000e+00	2.892417023029387330e-02
7.491531079077634786e+04	0.000000000000000000e+00	2.890555061105635690e-02
7.497310329304930929e+04	0.000000000000000000e+00	2.888696693474112481e-02
7.503085866383423854e+04	0.000000000000000000e+00	2.886841908576467247e-02
7.508857697467043181e+04	0.000000000000000000e+00	2.884990694906352030e-02
7.514625829686778889e+04	0.000000000000000000e+00	2.883143041009117793e-02
7.520390270150796277e+04	0.000000000000000000e+00	2.881298935481549015e-02
7.526151025944364665e+04	0.000000000000000000e+00	2.879458366971524366e-02
7.531908104130291031e+04	0.000000000000000000e+00	2.877621324177770390e-02
7.537661511748741032e+04	0.000000000000000000e+00	2.875787795849482284e-02
7.543411255817394704e+04	0.000000000000000000e+00	2.873957770786146962e-02
7.549157343331657466e+04	0.000000000000000000e+00	2.872131237837179107e-02
7.554899781264601916e+04	0.000000000000000000e+00	2.870308185901667905e-02
7.560638576567222481e+04	0.000000000000000000e+00	2.868488603928051606e-02
7.566373736168425239e+04	0.000000000000000000e+00	2.866672480913900686e-02
7.572105266975134145e+04	0.000000000000000000e+00	2.864859805905546619e-02
7.577833175872452557e+04	0.000000000000000000e+00	2.863050567997927134e-02
7.583557469723718532e+04	0.000000000000000000e+00	2.861244756334187581e-02
7.589278155370599416e+04	0.000000000000000000e+00	2.859442360105494269e-02
7.594995239633237361e+04	0.000000000000000000e+00	2.857643368550692384e-02
7.600708729310166382e+04	0.000000000000000000e+00	2.855847770956096085e-02
7.606418631178681972e+04	0.000000000000000000e+00	2.854055556655171050e-02
7.612124951994745061e+04	0.000000000000000000e+00	2.852266715028313124e-02
7.617827698493044591e+04	0.000000000000000000e+00	2.850481235502541968e-02
7.623526877387303102e+04	0.000000000000000000e+00	2.848699107551276935e-02
7.629222495370164688e+04	0.000000000000000000e+00	2.846920320694024814e-02
7.634914559113373980e+04	0.000000000000000000e+00	2.845144864496196302e-02
7.640603075267875101e+04	0.000000000000000000e+00	2.843372728568756974e-02
7.646288050463821855e+04	0.000000000000000000e+00	2.841603902568027445e-02
7.651969491310765443e+04	0.000000000000000000e+00	2.839838376195461325e-02
7.657647404397715582e+04	0.000000000000000000e+00	2.838076139197279191e-02
7.663321796293105581e+04	0.000000000000000000e+00	2.836317181364330503e-02
7.668992673545166326e+04	0.000000000000000000e+00	2.834561492531781010e-02
7.674660042681738560e+04	0.000000000000000000e+00	2.832809062578890355e-02
7.680323910210528993e+04	0.000000000000000000e+00	2.831059881428785521e-02
7.685984282619078294e+04	0.000000000000000000e+00	2.829313939048174950e-02
7.691641166374906607e+04	0.000000000000000000e+00	2.827571225447126496e-02
7.697294567925627052e+04	0.000000000000000000e+00	2.825831730678806178e-02
7.702944493699025770e+04	0.000000000000000000e+00	2.824095444839285624e-02
7.708590950103006617e+04	0.000000000000000000e+00	2.822362358067269025e-02
7.714233943525970972e+04	0.000000000000000000e+00	2.820632460543873524e-02
7.719873480336538341e+04	0.000000000000000000e+00	2.818905742492346100e-02
7.725509566883939260e+04	0.000000000000000000e+00	2.817182194177916127e-02
7.731142209497962904e+04	0.000000000000000000e+00	2.815461805907521625e-02
7.736771414489026938e+04	0.000000000000000000e+00	2.813744568029531365e-02
7.742397188148283749e+04	0.000000000000000000e+00	2.812030470933604004e-02
7.748019536747742677e+04	0.000000000000000000e+00	2.810319505050389369e-02
7.753638466540240915e+04	0.000000000000000000e+00	2.808611660851338329e-02
7.759253983759669063e+04	0.000000000000000000e+00	2.806906928848507468e-02
7.764866094620966760e+04	0.000000000000000000e+00	2.805205299594270424e-02
7.770474805320196901e+04	0.000000000000000000e+00	2.803506763681151009e-02
7.776080122034675151e+04	0.000000000000000000e+00	2.801811311741558494e-02
7.781682050922997587e+04	0.000000000000000000e+00	2.800118934447647437e-02
7.787280598125190591e+04	0.000000000000000000e+00	2.798429622511004744e-02
7.792875769762664277e+04	0.000000000000000000e+00	2.796743366682482787e-02
7.798467571938430774e+04	0.000000000000000000e+00	2.795060157752025237e-02
7.804056010737102770e+04	0.000000000000000000e+00	2.793379986548342672e-02
7.809641092225047760e+04	0.000000000000000000e+00	2.791702843938848044e-02
7.815222822450303647e+04	0.000000000000000000e+00	2.790028720829341308e-02
7.820801207442772284e+04	0.000000000000000000e+00	2.788357608163805415e-02
7.826376253214306780e+04	0.000000000000000000e+00	2.786689496924248804e-02
7.831947965758792998e+04	0.000000000000000000e+00	2.785024378130513539e-02
7.837516351052216487e+04	0.000000000000000000e+00	2.783362242839991507e-02
7.843081415052604279e+04	0.000000000000000000e+00	2.781703082147493969e-02
7.848643163700305740e+04	0.000000000000000000e+00	2.780046887185005575e-02
7.854201602917918353e+04	0.000000000000000000e+00	2.778393649121518524e-02
7.859756738610433240e+04	0.000000000000000000e+00	2.776743359162832034e-02
7.865308576665328292e+04	0.000000000000000000e+00	2.775096008551316412e-02
7.870857122952528880e+04	0.000000000000000000e+00	2.773451588565754161e-02
7.876402383324594120e+04	0.000000000000000000e+00	2.771810090521161646e-02
7.881944363616761984e+04	0.000000000000000000e+00	2.770171505768532008e-02
7.887483069646985678e+04	0.000000000000000000e+00	2.768535825694702981e-02
7.893018507216058788e+04	0.000000000000000000e+00	2.766903041722114376e-02
7.898550682107610919e+04	0.000000000000000000e+00	2.765273145308666178e-02
7.904079600088229927e+04	0.000000000000000000e+00	2.763646127947559997e-02
7.909605266907517216e+04	0.000000000000000000e+00	2.762021981166982651e-02
7.915127688298234716e+04	0.000000000000000000e+00	2.760400696530091597e-02
7.920646869976251037e+04	0.000000000000000000e+00	2.758782265634629818e-02
7.926162817640698631e+04	0.000000000000000000e+00	2.757166680112955320e-02
7.931675536973918497e+04	0.000000000000000000e+00	2.755553931631706324e-02
7.937185033641703194e+04	0.000000000000000000e+00	2.753944011891726329e-02
7.942691313293261919e+04	0.000000000000000000e+00	2.752336912627733820e-02
7.948194381561332557e+04	0.000000000000000000e+00	2.750732625608328513e-02
7.953694244062190410e+04	0.000000000000000000e+00	2.749131142635670086e-02
7.959190906395747152e+04	0.000000000000000000e+00	2.747532455545376173e-02
7.964684374145600304e+04	0.000000000000000000e+00	2.745936556206335366e-02
7.970174652879151108e+04	0.000000000000000000e+00	2.744343436520521942e-02
7.975661748147637991e+04	0.000000000000000000e+00	2.742753088422828639e-02
7.981145665486222424e+04	0.000000000000000000e+00	2.741165503880862303e-02
7.986626410413974372e+04	0.000000000000000000e+00	2.739580674894849174e-02
7.992103988434027997e+04	0.000000000000000000e+00	2.737998593497381616e-02
7.997578405033638410e+04	0.000000000000000000e+00	2.736419251753288706e-02
8.003049665684232605e+04	0.000000000000000000e+00	2.734842641759508558e-02
8.008517775841362891e+04	0.000000000000000000e+00	2.733268755644848239e-02
8.013982740944993566e+04	0.000000000000000000e+00	2.731697585569824518e-02
8.019444566419300099e+04	0.000000000000000000e+00	2.730129123726585116e-02
8.024903257673056214e+04	0.000000000000000000e+00	2.728563362338638082e-02
8.030358820099376317e+04	0.000000000000000000e+00	2.727000293660739386e-02
8.035811259075981798e+04	0.000000000000000000e+00	2.725439909978729161e-02
8.041260579965118086e+04	0.000000000000000000e+00	2.723882203609408539e-02
8.046706788113781658e+04	0.000000000000000000e+00	2.722327166900307543e-02
8.052149888853705488e+04	0.000000000000000000e+00	2.720774792229564698e-02
8.057589887501302292e+04	0.000000000000000000e+00	2.719225072005765007e-02
8.063026789357903181e+04	0.000000000000000000e+00	2.717677998667831010e-02
8.068460599709759117e+04	0.000000000000000000e+00	2.716133564684727886e-02
8.073891323828072927e+04	0.000000000000000000e+00	2.714591762555486690e-02
8.079318966969090980e+04	0.000000000000000000e+00	2.713052584808945886e-02
8.084743534374063893e+04	0.000000000000000000e+00	2.711516024003611525e-02
8.090165031269528845e+04	0.000000000000000000e+00	2.709982072727522978e-02
8.095583462867094204e+04	0.000000000000000000e+00	2.708450723598090568e-02
8.100998834363727656e+04	0.000000000000000000e+00	2.706921969261916541e-02
8.106411150941677624e+04	0.000000000000000000e+00	2.705395802394740257e-02
8.111820417768557672e+04	0.000000000000000000e+00	2.703872215701206769e-02
8.117226639997439634e+04	0.000000000000000000e+00	2.702351201914710010e-02
8.122629822766930738e+04	0.000000000000000000e+00	2.700832753797357058e-02
8.128029971201109583e+04	0.000000000000000000e+00	2.699316864139657962e-02
8.133427090409702214e+04	0.000000000000000000e+00	2.697803525760519502e-02
8.138821185488170886e+04	0.000000000000000000e+00	2.696292731507009613e-02
8.144212261517533625e+04	0.000000000000000000e+00	2.694784474254334483e-02
8.149600323564761493e+04	0.000000000000000000e+00	2.693278746905551635e-02
8.154985376682555943e+04	0.000000000000000000e+00	2.691775542391530371e-02
8.160367425909542362e+04	0.000000000000000000e+00	2.690274853670738056e-02
8.165746476270277344e+04	0.000000000000000000e+00	2.688776673729193628e-02
8.171122532775368018e+04	0.000000000000000000e+00	2.687280995580270879e-02
8.176495600421377458e+04	0.000000000000000000e+00	2.685787812264545799e-02
8.181865684191053151e+04	0.000000000000000000e+00	2.684297116849710535e-02
8.187232789053281886e+04	0.000000000000000000e+00	2.682808902430375633e-02
8.192596919963191613e+04	0.000000000000000000e+00	2.681323162127995097e-02
8.197958081862135441e+04	0.000000000000000000e+00	2.679839889090682853e-02
8.203316279677797866e+04	0.000000000000000000e+00	2.678359076493146140e-02
8.208671518324261706e+04	0.000000000000000000e+00	2.676880717536494689e-02
8.214023802702079411e+04	0.000000000000000000e+00	2.675404805448121370e-02
8.219373137698149367e+04	0.000000000000000000e+00	2.673931333481554748e-02
8.224719528186002572e+04	0.000000000000000000e+00	2.672460294916418483e-02
8.230062979025788081e+04	0.000000000000000000e+00	2.670991683058153779e-02
8.235403495064229355e+04	0.000000000000000000e+00	2.669525491238019035e-02
8.240741081134717388e+04	0.000000000000000000e+00	2.668061712812928171e-02
8.246075742057440220e+04	0.000000000000000000e+00	2.666600341165261540e-02
8.251407482639324735e+04	0.000000000000000000e+00	2.665141369702832275e-02
8.256736307674206910e+04	0.000000000000000000e+00	2.663684791858714207e-02
8.262062221942783799e+04	0.000000000000000000e+00	2.662230601091095106e-02
8.267385230212633905e+04	0.000000000000000000e+00	2.660778790883210412e-02
8.272705337238410721e+04	0.000000000000000000e+00	2.659329354743157625e-02
8.278022547761781607e+04	0.000000000000000000e+00	2.657882286203849809e-02
8.283336866511465632e+04	0.000000000000000000e+00	2.656437578822824427e-02
8.288648298203368904e+04	0.000000000000000000e+00	2.654995226182142037e-02
8.293956847540588933e+04	0.000000000000000000e+00	2.653555221888291918e-02
8.299262519213420455e+04	0.000000000000000000e+00	2.652117559572029354e-02
8.304565317899492220e+04	0.000000000000000000e+00	2.650682232888316309e-02
8.309865248263695685e+04	0.000000000000000000e+00	2.649249235516155931e-02
8.315162314958400384e+04	0.000000000000000000e+00	2.647818561158449616e-02
8.320456522623354977e+04	0.000000000000000000e+00	2.646390203541996999e-02
8.325747875885735266e+04	0.000000000000000000e+00	2.644964156417229512e-02
8.331036379360314459e+04	0.000000000000000000e+00	2.643540413558216270e-02
8.336322037649418053e+04	0.000000000000000000e+00	2.642118968762452794e-02
8.341604855342982046e+04	0.000000000000000000e+00	2.640699815850839835e-02
8.346884837018637336e+04	0.000000000000000000e+00	2.639282948667491524e-02
8.352161987241671886e+04	0.000000000000000000e+00	2.637868361079701018e-02
8.357436310565186432e+04	0.000000000000000000e+00	2.636456046977758011e-02
8.362707811530024628e+04	0.000000000000000000e+00	2.635046000274863381e-02
8.367976494664914208e+04	0.000000000000000000e+00	2.633638214907042113e-02
8.373242364486478618e+04	0.000000000000000000e+00	2.632232684832990638e-02
8.378505425499311241e+04	0.000000000000000000e+00	2.630829404033987323e-02
8.383765682195975387e+04	0.000000000000000000e+00	2.629428366513780757e-02
8.389023139057050867e+04	0.000000000000000000e+00	2.628029566298531114e-02
8.394277800551094697e+04	0.000000000000000000e+00	2.626632997436617947e-02
8.399529671134974342e+04	0.000000000000000000e+00	2.625238653998570454e-02
8.404778755253595591e+04	0.000000000000000000e+00	2.623846530076992881e-02
8.410025057340062631e+04	0.000000000000000000e+00	2.622456619786406318e-02
8.415268581815756625e+04	0.000000000000000000e+00	2.621068917263203943e-02
8.420509333090453583e+04	0.000000000000000000e+00	2.619683416665466447e-02
8.425747315562123549e+04	0.000000000000000000e+00	2.618300112172961339e-02
8.430982533617160516e+04	0.000000000000000000e+00	2.616918997986915699e-02
8.436214991630420263e+04	0.000000000000000000e+00	2.615540068330035606e-02
8.441444693965181068e+04	0.000000000000000000e+00	2.614163317446310461e-02
8.446671644973238290e+04	0.000000000000000000e+00	2.612788739600983845e-02
8.451895848994969856e+04	0.000000000000000000e+00	2.611416329080432433e-02
8.457117310359363910e+04	0.000000000000000000e+00	2.610046080191991830e-02
8.462336033383950416e+04	0.000000000000000000e+00	2.608677987263980161e-02
8.467552022374961234e+04	0.000000000000000000e+00	2.607312044645499621e-02
8.472765281627431978e+04	0.000000000000000000e+00	2.605948246706387555e-02
8.477975815425091423e+04	0.000000000000000000e+00	2.604586587837163722e-02
8.483183628040486656e+04	0.000000000000000000e+00	2.603227062448792636e-02
8.488388723735020903e+04	0.000000000000000000e+00	2.601869664972713755e-02
8.493591106758966635e+04	0.000000000000000000e+00	2.600514389860721087e-02
8.498790781351480109e+04	0.000000000000000000e+00	2.599161231584810883e-02
8.503987751740723616e+04	0.000000000000000000e+00	2.597810184637145553e-02
8.509182022143919312e+04	0.000000000000000000e+00	2.596461243529957219e-02
8.514373596767190611e+04	0.000000000000000000e+00	2.595114402795391240e-02
8.519562479805907060e+04	0.000000000000000000e+00	2.593769656985496150e-02
8.524748675444439868e+04	0.000000000000000000e+00	2.592427000672132067e-02
8.529932187856394739e+04	0.000000000000000000e+00	2.591086428446721587e-02
8.535113021204496908e+04	0.000000000000000000e+00	2.589747934920385783e-02
8.540291179640813789e+04	0.000000000000000000e+00	2.588411514723701692e-02
8.545466667306650197e+04	0.000000000000000000e+00	2.587077162506656869e-02
8.550639488332644396e+04	0.000000000000000000e+00	2.585744872938552583e-02
8.555809646838730259e+04	0.000000000000000000e+00	2.584414640707938596e-02
8.560977146934298798e+04	0.000000000000000000e+00	2.583086460522483752e-02
8.566141992718164693e+04	0.000000000000000000e+00	2.581760327108905198e-02
8.571304188278633228e+04	0.000000000000000000e+00	2.580436235212880264e-02
8.576463737693468283e+04	0.000000000000000000e+00	2.579114179598967355e-02
8.581620645030021842e+04	0.000000000000000000e+00	2.577794155050517136e-02
8.586774914345203433e+04	0.000000000000000000e+00	2.576476156369562898e-02
8.591926549685602367e+04	0.000000000000000000e+00	2.575160178376777881e-02
8.597075555087398970e+04	0.000000000000000000e+00	2.573846215911357316e-02
8.602221934576537751e+04	0.000000000000000000e+00	2.572534263830932727e-02
8.607365692168650276e+04	0.000000000000000000e+00	2.571224317011478605e-02
8.612506831869094458e+04	0.000000000000000000e+00	2.569916370347275977e-02
8.617645357673111721e+04	0.000000000000000000e+00	2.568610418750750385e-02
8.622781273565816809e+04	0.000000000000000000e+00	2.567306457152482985e-02
8.627914583522068278e+04	0.000000000000000000e+00	2.566004480501053384e-02
8.633045291506784270e+04	0.000000000000000000e+00	2.564704483763011883e-02
8.638173401474734419e+04	0.000000000000000000e+00	2.563406461922726823e-02
8.643298917370736308e+04	0.000000000000000000e+00	2.562110409982399500e-02
8.648421843129579793e+04	0.000000000000000000e+00	2.560816322961862943e-02
8.653542182676162338e+04	0.000000000000000000e+00	2.559524195898614865e-02
8.658659939925403160e+04	0.000000000000000000e+00	2.558234023847671262e-02
8.663775118782400386e+04	0.000000000000000000e+00	2.556945801881495284e-02
8.668887723142432515e+04	0.000000000000000000e+00	2.555659525089985090e-02
8.673997756890923483e+04	0.000000000000000000e+00	2.554375188580255973e-02
8.679105223903620208e+04	0.000000000000000000e+00	2.553092787476715989e-02
8.684210128046432510e+04	0.000000000000000000e+00	2.551812316920887974e-02
8.689312473175561172e+04	0.000000000000000000e+00	2.550533772071331487e-02
8.694412263137678383e+04	0.000000000000000000e+00	2.549257148103648007e-02
8.699509501769690542e+04	0.000000000000000000e+00	2.547982440210321692e-02
8.704604192898937617e+04	0.000000000000000000e+00	2.546709643600696474e-02
8.709696340343242628e+04	0.000000000000000000e+00	2.545438753500836246e-02
8.714785947910812683e+04	0.000000000000000000e+00	2.544169765153520349e-02
8.719873019400477642e+04	0.000000000000000000e+00	2.542902673818115897e-02
8.724957558601473283e+04	0.000000000000000000e+00	2.541637474770569449e-02
8.730039569293669774e+04	0.000000000000000000e+00	2.540374163303225560e-02
8.735119055247573124e+04	0.000000000000000000e+00	2.539112734724862167e-02
8.740196020224218955e+04	0.000000000000000000e+00	2.537853184360564993e-02
8.745270467975402426e+04	0.000000000000000000e+00	2.536595507551674469e-02
8.750342402243601100e+04	0.000000000000000000e+00	2.535339699655679568e-02
8.755411826761993871e+04	0.000000000000000000e+00	2.534085756046139740e-02
8.760478745254545356e+04	0.000000000000000000e+00	2.532833672112666523e-02
8.765543161436010269e+04	0.000000000000000000e+00	2.531583443260872202e-02
8.770605079011950875e+04	0.000000000000000000e+00	2.530335064912172735e-02
8.775664501678865054e+04	0.000000000000000000e+00	2.529088532503841538e-02
8.780721433123997122e+04	0.000000000000000000e+00	2.527843841488864457e-02
8.785775877025631780e+04	0.000000000000000000e+00	2.526600987335935605e-02
8.790827837052973337e+04	0.000000000000000000e+00	2.525359965529350159e-02
8.795877316866225738e+04	0.000000000000000000e+00	2.524120771568907906e-02
8.800924320116534363e+04	0.000000000000000000e+00	2.522883400969906306e-02
8.805968850446207216e+04	0.000000000000000000e+00	2.521647849262987143e-02
8.811010911488543206e+04	0.000000000000000000e+00	2.520414111994180931e-02
8.816050506868034427e+04	0.000000000000000000e+00	2.519182184724766058e-02
8.821087640200175520e+04	0.000000000000000000e+00	2.517952063031190721e-02
