0.000000000000000000e+00
2.828892320394515991e-08
5.890615284442901611e-08
9.511131793260574341e-08
1.320149749517440796e-07
1.690350472927093506e-07
2.057058736681938171e-07
2.438900992274284363e-07
2.810265868902206421e-07
3.182794898748397827e-07
3.529712557792663574e-07
3.868481144309043884e-07
4.222383722662925720e-07
4.576286301016807556e-07
4.955800250172615051e-07
5.338806658983230591e-07
5.715992301702499390e-07
6.094342097640037537e-07
6.470363587141036987e-07
6.869668141007423401e-07
7.246853783726692200e-07
7.631024345755577087e-07
8.017523214221000671e-07
8.438946679234504700e-07
8.830102160573005676e-07
9.230570867657661438e-07
9.629875421524047852e-07
9.998911991715431213e-07
1.038191840052604675e-06
1.075328327715396881e-06
1.113396137952804565e-06
1.150532625615596771e-06
1.189415343105792999e-06
1.228530891239643097e-06
1.265900209546089172e-06
1.303269527852535248e-06
1.341686584055423737e-06
1.379055902361869812e-06
1.417356543242931366e-06
1.456821337342262268e-06
1.494423486292362213e-06
1.531792804598808289e-06
1.570093445479869843e-06
1.608161255717277527e-06
1.646229065954685211e-06
1.686043106019496918e-06
1.723994500935077667e-06
1.761130988597869873e-06
1.799431629478931427e-06
1.838081516325473785e-06
1.875683665275573730e-06
1.914682798087596893e-06
1.954496838152408600e-06
1.992564648389816284e-06
2.029933966696262360e-06
2.068001776933670044e-06
2.107000909745693207e-06
2.144603058695793152e-06
2.184300683438777924e-06
2.224347554147243500e-06
2.262648195028305054e-06
2.300133928656578064e-06
2.338085323572158813e-06
2.376851625740528107e-06
2.415152266621589661e-06
2.452987246215343475e-06
2.494663931429386139e-06
2.532498911023139954e-06
2.570799551904201508e-06
2.608518116176128387e-06
2.646702341735363007e-06
2.686050720512866974e-06
2.723769284784793854e-06
2.763350494205951691e-06
2.804328687489032745e-06
2.842396497726440430e-06
2.880580723285675049e-06
2.918415702879428864e-06
2.957065589725971222e-06
2.996297553181648254e-06
3.034248948097229004e-06
3.073480911552906036e-06
3.114109858870506287e-06
3.152177669107913971e-06
3.190827555954456329e-06
3.228662535548210144e-06
3.266846761107444763e-06
3.305729478597640991e-06
3.344612196087837219e-06
3.382563591003417969e-06
3.424240276217460632e-06
3.463239409029483795e-06
3.501540049910545349e-06
3.539724275469779968e-06
3.578606992959976196e-06
3.616791218519210815e-06
3.656605258584022522e-06
3.695138730108737946e-06
3.734487108886241913e-06
3.775348886847496033e-06
3.813882358372211456e-06
3.852299414575099945e-06
3.890600055456161499e-06
3.929599188268184662e-06
3.967783413827419281e-06
4.008063115179538727e-06
4.046713002026081085e-06
4.086061380803585052e-06
4.126806743443012238e-06
4.166038706898689270e-06
4.204339347779750824e-06
4.243105649948120117e-06
4.280824214220046997e-06
4.319823347032070160e-06
4.358356818556785583e-06
4.398287273943424225e-06
4.436937160789966583e-06
4.478613846004009247e-06
4.517729394137859344e-06
4.555797204375267029e-06
4.594563506543636322e-06
4.633329808712005615e-06
4.671514034271240234e-06
4.710745997726917267e-06
4.750909283757209778e-06
4.789792001247406006e-06
4.829722456634044647e-06
4.871166311204433441e-06
4.910747520625591278e-06
4.948931746184825897e-06
4.987698048353195190e-06
5.025882273912429810e-06
5.064299330115318298e-06
5.103298462927341461e-06
5.142879672348499298e-06
5.181995220482349396e-06
5.223089829087257385e-06
5.264184437692165375e-06
5.303882062435150146e-06
5.342881195247173309e-06
5.381298251450061798e-06
5.419831722974777222e-06
5.458598025143146515e-06
5.497364327311515808e-06
5.536014214158058167e-06
5.576875992119312286e-06
5.616690032184123993e-06
5.659414455294609070e-06
5.699694156646728516e-06
5.739275366067886353e-06
5.777576006948947906e-06
5.816458724439144135e-06
5.855341441929340363e-06
5.893991328775882721e-06
5.934154614806175232e-06
5.973153747618198395e-06
6.013549864292144775e-06
6.055110134184360504e-06
6.097368896007537842e-06
6.137066520750522614e-06
6.177229806780815125e-06
6.215763278305530548e-06
6.254413165152072906e-06
6.293994374573230743e-06
6.332411430776119232e-06
6.371526978909969330e-06
6.411108188331127167e-06
6.451271474361419678e-06
6.493180990219116211e-06
6.535788998007774353e-06
6.575603038072586060e-06
6.616115570068359375e-06
6.655347533524036407e-06
6.693648174405097961e-06
6.732530891895294189e-06
6.771646440029144287e-06
6.810529157519340515e-06
6.850459612905979156e-06
6.891670636832714081e-06
6.933230906724929810e-06
6.975489668548107147e-06
7.018097676336765289e-06
7.056398317217826843e-06
7.096910849213600159e-06
7.135793566703796387e-06
7.174210622906684875e-06
7.214024662971496582e-06
7.253140211105346680e-06
7.292255759239196777e-06
7.332069799304008484e-06
7.373280823230743408e-06
7.416354492306709290e-06
7.458962500095367432e-06
7.501221261918544769e-06
7.540453225374221802e-06
7.580849342048168182e-06
7.619964890182018280e-06
7.658265531063079834e-06
7.698312401771545410e-06
7.737660780549049377e-06
7.776543498039245605e-06
7.816590368747711182e-06
7.858849130570888519e-06
7.901922799646854401e-06
7.944647222757339478e-06
7.986789569258689880e-06
8.026254363358020782e-06
8.066301234066486359e-06
8.105533197522163391e-06
8.144532330334186554e-06
8.183182217180728912e-06
8.223229087889194489e-06
8.261995390057563782e-06
8.301110938191413879e-06
8.343369700014591217e-06
8.386210538446903229e-06
8.429982699453830719e-06
8.471775799989700317e-06
8.513568900525569916e-06
8.552568033337593079e-06
8.593196980655193329e-06
8.632196113467216492e-06
8.671311661601066589e-06
8.711940608918666840e-06
8.751056157052516937e-06
8.789938874542713165e-06
8.829520083963871002e-06
8.874223567545413971e-06
8.916947990655899048e-06
8.960487321019172668e-06
9.002746082842350006e-06
9.043724276125431061e-06
9.082606993615627289e-06
9.122886694967746735e-06
9.161652997136116028e-06
9.200884960591793060e-06
9.241281077265739441e-06
9.280862286686897278e-06
9.320327080786228180e-06
9.359791874885559082e-06
9.404378943145275116e-06
9.447219781577587128e-06
9.491108357906341553e-06
9.532901458442211151e-06
9.574461728334426880e-06
9.614275768399238586e-06
9.654555469751358032e-06
9.694485925137996674e-06
9.732670150697231293e-06
9.772018529474735260e-06
9.812647476792335510e-06
9.851530194282531738e-06
9.891227819025516510e-06
9.934650734066963196e-06
9.978539310395717621e-06
1.002138014882802963e-05
1.006503589451313019e-05
1.010682899504899979e-05
1.014699228107929230e-05
1.018750481307506561e-05
1.022766809910535812e-05
1.026690006256103516e-05
1.030589919537305832e-05
1.034617889672517776e-05
1.038610935211181641e-05
1.042522490024566650e-05
1.046503894031047821e-05
1.051183789968490601e-05
1.055456232279539108e-05
1.059740316122770309e-05
1.064105890691280365e-05
1.068226993083953857e-05
1.072254963219165802e-05
1.076352782547473907e-05
1.080310903489589691e-05
1.084245741367340088e-05
1.088180579245090485e-05
1.092220190912485123e-05
1.096271444112062454e-05
1.100159715861082077e-05
1.104176044464111328e-05
1.108867581933736801e-05
1.113198231905698776e-05
1.117493957281112671e-05
1.121882814913988113e-05
1.126062124967575073e-05
1.130008604377508163e-05
1.134164631366729736e-05
1.138099469244480133e-05
1.142045948654413223e-05
1.145934220403432846e-05
1.149962190538644791e-05
1.154025085270404816e-05
1.158029772341251373e-05
1.161929685622453690e-05
1.166400033980607986e-05
1.170882023870944977e-05
1.175166107714176178e-05
1.179473474621772766e-05
1.183827407658100128e-05
1.187832094728946686e-05
1.191860064864158630e-05
1.195981167256832123e-05
1.199916005134582520e-05
1.203815918415784836e-05
1.207785680890083313e-05
1.211999915540218353e-05
1.215969678014516830e-05
1.219939440488815308e-05
1.224083825945854187e-05
1.228740438818931580e-05
1.233175862580537796e-05
1.237483229488134384e-05
1.241860445588827133e-05
1.246121246367692947e-05
1.250102650374174118e-05
1.254223752766847610e-05
1.258228439837694168e-05
1.262233126908540726e-05
1.266133040189743042e-05
1.270091161131858826e-05
1.274293754249811172e-05
1.278240233659744263e-05
1.282198354601860046e-05
1.286424230784177780e-05
1.291092485189437866e-05
1.295469701290130615e-05
1.299742143601179123e-05
1.304142642766237259e-05
1.308426726609468460e-05
1.312373206019401550e-05
1.316401176154613495e-05
1.320568844676017761e-05
1.324550248682498932e-05
1.328426878899335861e-05
1.332419924437999725e-05
1.336529385298490524e-05
1.340545713901519775e-05
1.344562042504549026e-05
1.348659861832857132e-05
1.353386323899030685e-05
1.357798464596271515e-05
1.362129114568233490e-05
1.366471406072378159e-05
1.370883546769618988e-05
1.374911516904830933e-05
1.378834713250398636e-05
1.383107155561447144e-05
1.387076918035745621e-05
1.390953548252582550e-05
1.395004801452159882e-05
1.398997846990823746e-05
1.403212081640958786e-05
1.407123636454343796e-05
1.411070115864276886e-05
1.415598671883344650e-05
1.420115586370229721e-05
1.424527727067470551e-05
1.428904943168163300e-05
1.433165743947029114e-05
1.437496393918991089e-05
1.441524364054203033e-05
1.445494126528501511e-05
1.449720002710819244e-05
1.453701406717300415e-05
1.457508187741041183e-05
1.461571082472801208e-05
1.465540844947099686e-05
1.469731796532869339e-05
1.473736483603715897e-05
1.477799378335475922e-05
1.482444349676370621e-05
1.486879773437976837e-05
1.491385046392679214e-05
1.495715696364641190e-05
1.499988138675689697e-05
1.504353713244199753e-05
1.508288551121950150e-05
1.512316521257162094e-05
1.516542397439479828e-05
1.520547084510326385e-05
1.524458639323711395e-05
1.528533175587654114e-05
1.532479654997587204e-05
1.536600757390260696e-05
1.540652010589838028e-05
1.544738188385963440e-05
1.549371518194675446e-05
1.553783658891916275e-05
1.558335497975349426e-05
1.562654506415128708e-05
1.567031722515821457e-05
1.571304164826869965e-05
1.575436908751726151e-05
1.579406671226024628e-05
1.583609264343976974e-05
1.587695442140102386e-05
1.591513864696025848e-05
1.595437061041593552e-05
1.599534880369901657e-05
1.603539567440748215e-05
1.607695594429969788e-05
1.611711923032999039e-05
1.616030931472778320e-05
1.620745752006769180e-05
1.625122968107461929e-05
1.629546750336885452e-05
1.633842475712299347e-05
1.638196408748626709e-05
1.642480492591857910e-05
1.646496821194887161e-05
1.650431659072637558e-05
1.654587686061859131e-05
1.658697146922349930e-05
1.662515569478273392e-05
1.666520256549119949e-05
1.670653000473976135e-05
1.674692612141370773e-05
1.678836997598409653e-05
1.683109439909458160e-05
1.687556505203247070e-05
1.692236401140689850e-05
1.696636900305747986e-05
1.701095607131719589e-05
1.705437898635864258e-05
1.709803473204374313e-05
1.714006066322326660e-05
1.718138810247182846e-05
1.722085289657115936e-05
1.726276241242885590e-05
1.730362419039011002e-05
1.734134275466203690e-05
1.738162245601415634e-05
1.742225140333175659e-05
1.746241468936204910e-05
1.750432420521974564e-05
1.754693221300840378e-05
1.759070437401533127e-05
1.763796899467706680e-05
1.768197398632764816e-05
1.772667746990919113e-05
1.777068246155977249e-05
1.781294122338294983e-05
1.785624772310256958e-05
1.789722591638565063e-05
1.793808769434690475e-05
1.797883305698633194e-05
1.802039332687854767e-05
1.805939245969057083e-05
1.809827517718076706e-05
1.813902053982019424e-05
1.818011514842510223e-05
1.822202466428279877e-05
1.826370134949684143e-05
1.830770634114742279e-05
1.835357397794723511e-05
1.839909236878156662e-05
1.844379585236310959e-05
1.848791725933551788e-05
1.853157300502061844e-05
1.857441384345293045e-05
1.861667260527610779e-05
1.865730155259370804e-05
1.869804691523313522e-05
1.873914152383804321e-05
1.878070179373025894e-05
1.881830394268035889e-05
1.885881647467613220e-05
1.889967825263738632e-05
1.894088927656412125e-05
1.898361369967460632e-05
1.902703661471605301e-05
1.907208934426307678e-05
1.911912113428115845e-05
1.916405744850635529e-05
1.920887734740972519e-05
1.925253309309482574e-05
1.929642166942358017e-05
1.933961175382137299e-05
1.938105560839176178e-05
1.942284870892763138e-05
1.946405973285436630e-05
1.950480509549379349e-05
1.954636536538600922e-05
1.958513166755437851e-05
1.962494570761919022e-05
1.966475974768400192e-05
1.970701850950717926e-05
1.974974293261766434e-05
1.979293301701545715e-05
1.983786933124065399e-05
1.988420262932777405e-05
1.992937177419662476e-05
1.997465733438730240e-05
2.001959364861249924e-05
2.006336580961942673e-05
2.010597381740808487e-05
2.014869824051856995e-05
2.019118983298540115e-05
2.023170236498117447e-05
2.027396112680435181e-05
2.031389158219099045e-05
2.035382203757762909e-05
2.039282117038965225e-05
2.043333370238542557e-05
2.047384623438119888e-05
2.051552291959524155e-05
2.056034281849861145e-05
2.060388214886188507e-05
2.065137960016727448e-05
2.069748006761074066e-05
2.074113581329584122e-05
2.078770194202661514e-05
2.083159051835536957e-05
2.087501343339681625e-05
2.091797068715095520e-05
2.095906529575586319e-05
2.100144047290086746e-05
2.104172017425298691e-05
2.108374610543251038e-05
2.112356014549732208e-05
2.116477116942405701e-05
2.120365388691425323e-05
2.124463208019733429e-05
2.128549385815858841e-05
2.132821828126907349e-05
2.137268893420696259e-05
2.141762524843215942e-05
2.146570477634668350e-05
2.151168882846832275e-05
2.155592665076255798e-05
2.160249277949333191e-05
2.164626494050025940e-05
2.169061917811632156e-05
2.173380926251411438e-05
2.177443820983171463e-05
2.181727904826402664e-05
2.185825724154710770e-05
2.190121449530124664e-05
2.194207627326250076e-05
2.198247238993644714e-05
2.202182076871395111e-05
2.206198405474424362e-05
2.210249658674001694e-05
2.214545384049415588e-05
2.219062298536300659e-05
2.223521005362272263e-05
2.228259108960628510e-05
2.232962287962436676e-05
2.237397711724042892e-05
2.241996116936206818e-05
2.246513031423091888e-05
2.250913530588150024e-05
2.255267463624477386e-05
2.259446773678064346e-05
2.263661008328199387e-05
2.267828676849603653e-05
2.272159326821565628e-05
2.276222221553325653e-05
2.280110493302345276e-05
2.284185029566287994e-05
2.288119867444038391e-05
2.292240969836711884e-05
2.296327147632837296e-05
2.300913911312818527e-05
2.305314410477876663e-05
2.309959381818771362e-05
2.314755693078041077e-05
2.319447230547666550e-05
2.323824446648359299e-05
2.328504342585802078e-05
2.332939766347408295e-05
2.337258774787187576e-05
2.341682557016611099e-05
2.345710527151823044e-05
2.349948044866323471e-05
2.354069147258996964e-05
2.358353231102228165e-05
2.362322993576526642e-05
2.366316039115190506e-05
2.370402216911315918e-05
2.374395262449979782e-05
2.378597855567932129e-05
2.382695674896240234e-05
2.387526910752058029e-05
2.391822636127471924e-05
2.396618947386741638e-05
2.401438541710376740e-05
2.406036946922540665e-05
2.410414163023233414e-05
2.415198832750320435e-05
2.419576048851013184e-05
2.423953264951705933e-05
2.428330481052398682e-05
2.432323526591062546e-05
2.436595968902111053e-05
2.440821845084428787e-05
2.444989513605833054e-05
2.448970917612314224e-05
2.453033812344074249e-05
2.457154914736747742e-05
2.461147960275411606e-05
2.465199213474988937e-05
2.469413448125123978e-05
2.474221400916576385e-05
2.478738315403461456e-05
2.483383286744356155e-05
2.488296013325452805e-05
2.492917701601982117e-05
2.497306559234857559e-05
2.501974813640117645e-05
2.506410237401723862e-05
2.510834019631147385e-05
2.515187952667474747e-05
2.519274130463600159e-05
2.523395232856273651e-05
2.527621109038591385e-05
2.531940117478370667e-05
2.535874955356121063e-05
2.539902925491333008e-05
2.543954178690910339e-05
2.548133488744497299e-05
2.552138175815343857e-05
2.556247636675834656e-05
2.560950815677642822e-05
2.565549220889806747e-05
2.570147626101970673e-05
2.574990503489971161e-05
2.579868305474519730e-05
2.584373578429222107e-05
2.588762436062097549e-05
2.593465615063905716e-05
2.597877755761146545e-05
2.602196764200925827e-05
2.606562338769435883e-05
2.610601950436830521e-05
2.614851109683513641e-05
2.619251608848571777e-05
2.623372711241245270e-05
2.627284266054630280e-05
2.631382085382938385e-05
2.635503187775611877e-05
2.639612648636102676e-05
2.643570769578218460e-05
2.647819928824901581e-05
2.652767580002546310e-05
2.657214645296335220e-05
2.661976031959056854e-05
2.666749060153961182e-05
2.671603579074144363e-05
2.675980795174837112e-05
2.680497709661722183e-05
2.685107756406068802e-05
2.689566463232040405e-05
2.693885471671819687e-05
2.698204480111598969e-05
2.702302299439907074e-05
2.706481609493494034e-05
2.710928674787282944e-05
2.714991569519042969e-05
2.718914765864610672e-05
2.723035868257284164e-05
2.727168612182140350e-05
2.731278073042631149e-05
2.735352609306573868e-05
2.739566843956708908e-05
2.744456287473440170e-05
2.748903352767229080e-05
2.753722947090864182e-05
2.758577466011047363e-05
2.763490192592144012e-05
2.767902333289384842e-05
2.772384323179721832e-05
2.776947803795337677e-05
2.781453076750040054e-05
2.785713877528905869e-05
2.790091093629598618e-05
2.794258762151002884e-05
2.798414789140224457e-05
2.802745439112186432e-05
2.806994598358869553e-05
2.810847945511341095e-05
2.814922481775283813e-05
2.819159999489784241e-05
2.823257818818092346e-05
2.827262505888938904e-05
2.831453457474708557e-05
2.836110070347785950e-05
2.840906381607055664e-05
2.845504786819219589e-05
2.850405871868133545e-05
2.855248749256134033e-05
2.859917003661394119e-05
2.864317502826452255e-05
2.869020681828260422e-05
2.873560879379510880e-05
2.878077793866395950e-05
2.882338594645261765e-05
2.886599395424127579e-05
2.890627365559339523e-05
2.894923090934753418e-05
2.899300307035446167e-05
2.903386484831571579e-05
2.907379530370235443e-05
2.911454066634178162e-05
2.915784716606140137e-05
2.919766120612621307e-05
2.923887223005294800e-05
2.928264439105987549e-05
2.933002542704343796e-05
2.937694080173969269e-05
2.942443825304508209e-05
2.947391476482152939e-05
2.952164504677057266e-05
2.956786192953586578e-05
2.961198333650827408e-05
2.965866588056087494e-05
2.970430068671703339e-05
2.974912058562040329e-05
2.979068085551261902e-05
2.983270678669214249e-05
2.987403422594070435e-05
2.991827204823493958e-05
2.996099647134542465e-05
3.000232391059398651e-05
3.004225436598062515e-05
3.008265048265457153e-05
3.012595698237419128e-05
3.016646951436996460e-05
3.020814619958400726e-05
3.025226760655641556e-05
3.029988147318363190e-05
3.034761175513267517e-05
3.039487637579441071e-05
3.044377081096172333e-05
3.049161750823259354e-05
3.053771797567605972e-05
3.058207221329212189e-05
3.062782343477010727e-05
3.067427314817905426e-05
3.071909304708242416e-05
3.076065331697463989e-05
3.080139867961406708e-05
3.084354102611541748e-05
3.088661469519138336e-05
3.093085251748561859e-05
3.097159788012504578e-05
3.101164475083351135e-05
3.105169162154197693e-05
3.109558019787073135e-05
3.113702405244112015e-05
3.117765299975872040e-05
3.122328780591487885e-05
3.126938827335834503e-05
3.131700213998556137e-05
3.136578015983104706e-05
3.141281194984912872e-05
3.146112430840730667e-05
3.150897100567817688e-05
3.155390731990337372e-05
3.159802872687578201e-05
3.164412919431924820e-05
3.169034607708454132e-05
3.173341974616050720e-05
3.177544567734003067e-05
3.181630745530128479e-05
3.185879904776811600e-05
3.190536517649888992e-05
3.194669261574745178e-05
3.198650665581226349e-05
3.202690277248620987e-05
3.206718247383832932e-05
3.211142029613256454e-05
3.215298056602478027e-05
3.219489008188247681e-05
3.224099054932594299e-05
3.228837158530950546e-05
3.233680035918951035e-05
3.238616045564413071e-05
3.243330866098403931e-05
3.248173743486404419e-05
3.252911847084760666e-05
3.257370553910732269e-05
3.261887468397617340e-05
3.266439307481050491e-05
3.271002788096666336e-05
3.275170456618070602e-05
3.279349766671657562e-05
3.283459227532148361e-05
3.287720028311014175e-05
3.292399924248456955e-05
3.296544309705495834e-05
3.300572279840707779e-05
3.304786514490842819e-05
3.308732993900775909e-05
3.313168417662382126e-05
3.317184746265411377e-05
3.321631811559200287e-05
3.326102159917354584e-05
3.330886829644441605e-05
3.335741348564624786e-05
3.340654075145721436e-05
3.345473669469356537e-05
3.350211773067712784e-05
3.355066291987895966e-05
3.359583206474781036e-05
3.364088479429483414e-05
3.368651960045099258e-05
3.373296931385993958e-05
3.377522807568311691e-05
3.381562419235706329e-05
3.385706804692745209e-05
3.389932680875062943e-05
3.394694067537784576e-05
3.398698754608631134e-05
3.402738366276025772e-05
3.406847827136516571e-05
3.410887438803911209e-05
3.415159881114959717e-05
3.419362474232912064e-05
3.423716407269239426e-05
3.428198397159576416e-05
3.433041274547576904e-05
3.437884151935577393e-05
3.442866727709770203e-05
3.447709605097770691e-05
3.452494274824857712e-05
3.457313869148492813e-05
3.461888991296291351e-05
3.466417547315359116e-05
3.471027594059705734e-05
3.475544508546590805e-05
3.480096347630023956e-05
3.484275657683610916e-05
3.488303627818822861e-05
3.492494579404592514e-05
3.496976569294929504e-05
3.501272294670343399e-05
3.505195491015911102e-05
3.509421367198228836e-05
3.513426054269075394e-05
3.517558798193931580e-05
3.521773032844066620e-05
3.526208456605672836e-05
3.530597314238548279e-05
3.535195719450712204e-05
3.540108446031808853e-05
3.545009531080722809e-05
3.549933899194002151e-05
3.554765135049819946e-05
3.559503238648176193e-05
3.564229700714349747e-05
3.568758256733417511e-05
3.573228605091571808e-05
3.577885217964649200e-05
3.582332283258438110e-05
3.586802631616592407e-05
3.590830601751804352e-05
3.594916779547929764e-05
3.599072806537151337e-05
3.603741060942411423e-05
3.607897087931632996e-05
3.611890133470296860e-05
3.616092726588249207e-05
3.620109055191278458e-05
3.624253440648317337e-05
3.628525882959365845e-05
3.633112646639347076e-05
3.637513145804405212e-05
3.642169758677482605e-05
3.647105768322944641e-05
3.652065061032772064e-05
3.656849730759859085e-05
3.661832306534051895e-05
3.666570410132408142e-05
3.671250306069850922e-05
3.676023334264755249e-05
3.680423833429813385e-05
3.685185220092535019e-05
3.689597360789775848e-05
3.693997859954833984e-05
3.698177170008420944e-05
3.702205140143632889e-05
3.706431016325950623e-05
3.711110912263393402e-05
3.715266939252614975e-05
3.719341475516557693e-05
3.723381087183952332e-05
3.727595321834087372e-05
3.731658216565847397e-05
3.736012149602174759e-05
3.740598913282155991e-05
3.745127469301223755e-05
3.749504685401916504e-05
3.754626959562301636e-05
3.759574610739946365e-05
3.764580469578504562e-05
3.769400063902139664e-05
3.774242941290140152e-05
3.778876271098852158e-05
3.783637657761573792e-05
3.788154572248458862e-05
3.792752977460622787e-05
3.797351382672786713e-05
3.801682032644748688e-05
3.805966116487979889e-05
3.810098860412836075e-05
3.814150113612413406e-05
3.818597178906202316e-05
3.823079168796539307e-05
3.827014006674289703e-05
3.831204958260059357e-05
3.835407551378011703e-05
3.839482087641954422e-05
3.843591548502445221e-05
3.848131746053695679e-05
3.852706868201494217e-05
3.857119008898735046e-05
3.861775621771812439e-05
3.866932820528745651e-05
3.871915396302938461e-05
3.876758273690938950e-05
3.881577868014574051e-05
3.886420745402574539e-05
3.890972584486007690e-05
3.895745612680912018e-05
3.900227602571249008e-05
3.904907498508691788e-05
3.909470979124307632e-05
3.913836553692817688e-05
3.917899448424577713e-05
3.922020550817251205e-05
3.926130011677742004e-05
3.930635284632444382e-05
3.935024142265319824e-05
3.938982263207435608e-05
3.943103365600109100e-05
3.947166260331869125e-05
3.951403778046369553e-05
3.955606371164321899e-05
3.960169851779937744e-05
3.964756615459918976e-05
3.969226963818073273e-05
3.974034916609525681e-05
3.979005850851535797e-05
3.984081558883190155e-05
3.988866228610277176e-05
3.993744030594825745e-05
3.998563624918460846e-05
4.003138747066259384e-05
4.007841926068067551e-05
4.012428689748048782e-05
4.017143510282039642e-05
4.021672066301107407e-05
4.026025999337434769e-05
4.030170384794473648e-05
4.034431185573339462e-05
4.038529004901647568e-05
4.042871296405792236e-05
4.047330003231763840e-05
4.051369614899158478e-05
4.055583849549293518e-05
4.059681668877601624e-05
4.063919186592102051e-05
4.068191628903150558e-05
4.072801675647497177e-05
4.077376797795295715e-05
4.081870429217815399e-05
4.086585249751806259e-05
4.091567825525999069e-05
4.096666816622018814e-05
4.101474769413471222e-05
4.106422420591115952e-05
4.111230373382568359e-05
4.115910269320011139e-05
4.120427183806896210e-05
4.125176928937435150e-05
4.129949957132339478e-05
4.134490154683589935e-05
4.138902295380830765e-05
4.143221303820610046e-05
4.147260915488004684e-05
4.151486791670322418e-05
4.155829083174467087e-05
4.160217940807342529e-05
4.164455458521842957e-05
4.168588202446699142e-05
4.172790795564651489e-05
4.176853690296411514e-05
4.181056283414363861e-05
4.185677971690893173e-05
4.190206527709960938e-05
4.194839857518672943e-05
4.199205432087182999e-05
4.204304423183202744e-05
4.209158942103385925e-05
4.214362706989049911e-05
4.219182301312685013e-05
4.224013537168502808e-05
4.228914622217416763e-05
