0.000000000000000000e+00	0.000000000000000000e+00	0.000000000000000000e+00
6.375523668797843158e+00	0.000000000000000000e+00	3.186752807391081670e-03
1.274702362021753643e+01	0.000000000000000000e+00	3.184751708778972134e-03
1.911454262667004045e+01	0.000000000000000000e+00	3.182771780431128180e-03
2.547812260361810033e+01	0.000000000000000000e+00	3.180812599279085433e-03
3.183780463100654856e+01	0.000000000000000000e+00	3.178873752817884882e-03
3.819362897409197188e+01	0.000000000000000000e+00	3.176954838810635597e-03
4.454563510369030155e+01	0.000000000000000000e+00	3.175055465001830855e-03
5.089386171586049556e+01	0.000000000000000000e+00	3.173175248839261563e-03
5.723834675103979208e+01	0.000000000000000000e+00	3.171313817204398158e-03
6.357912741264775747e+01	0.000000000000000000e+00	3.169470806150592648e-03
6.991624018517447325e+01	0.000000000000000000e+00	3.167645860649251268e-03
7.624972085176979419e+01	0.000000000000000000e+00	3.165838634343429592e-03
8.257960451134580637e+01	0.000000000000000000e+00	3.164048789308901693e-03
8.890592559520840155e+01	0.000000000000000000e+00	3.162275995822134804e-03
9.522871788323446651e+01	0.000000000000000000e+00	3.160519932135300459e-03
1.015480145196005992e+02	0.000000000000000000e+00	3.158780284257829436e-03
1.078638480280867498e+02	0.000000000000000000e+00	3.157056745744480156e-03
1.141762503269597460e+02	0.000000000000000000e+00	3.155349017489614358e-03
1.204852527434516958e+02	0.000000000000000000e+00	3.153656807527549077e-03
1.267908860278435697e+02	0.000000000000000000e+00	3.151979830838716901e-03
1.330931803671701346e+02	0.000000000000000000e+00	3.150317809161688742e-03
1.393921653985524642e+02	0.000000000000000000e+00	3.148670470810386885e-03
1.456878702221707726e+02	0.000000000000000000e+00	3.147037550497079009e-03
1.519803234138854862e+02	0.000000000000000000e+00	3.145418789160059000e-03
1.582695530375225133e+02	0.000000000000000000e+00	3.143813933796696294e-03
1.645555866568313661e+02	0.000000000000000000e+00	3.142222737301265251e-03
1.708384513471177115e+02	0.000000000000000000e+00	3.140644958307370251e-03
1.771181737065676600e+02	0.000000000000000000e+00	3.139080361035057574e-03
1.833947798672729732e+02	0.000000000000000000e+00	3.137528715142354294e-03
1.896682955059623055e+02	0.000000000000000000e+00	3.135989795581008675e-03
1.959387458544448180e+02	0.000000000000000000e+00	3.134463382456478906e-03
2.022061557097862874e+02	0.000000000000000000e+00	3.132949260891889579e-03
2.084705494442060569e+02	0.000000000000000000e+00	3.131447220895978035e-03
2.147319510147237054e+02	0.000000000000000000e+00	3.129957057234757783e-03
2.209903839725425314e+02	0.000000000000000000e+00	3.128478569306912017e-03
2.272458714722010313e+02	0.000000000000000000e+00	3.127011561022680856e-03
2.334984362804733848e+02	0.000000000000000000e+00	3.125555840686282220e-03
2.397481007850398953e+02	0.000000000000000000e+00	3.124111220881650806e-03
2.459948870029393220e+02	0.000000000000000000e+00	3.122677518361441796e-03
2.522388165887972207e+02	0.000000000000000000e+00	3.121254553939147112e-03
2.584799108428396721e+02	0.000000000000000000e+00	3.119842152384368419e-03
2.647181907187053298e+02	0.000000000000000000e+00	3.118440142320851819e-03
2.709536768310567254e+02	0.000000000000000000e+00	3.117048356127680598e-03
2.771863894629881315e+02	0.000000000000000000e+00	3.115666629842980297e-03
2.834163485732524919e+02	0.000000000000000000e+00	3.114294803070576274e-03
2.896435738033016491e+02	0.000000000000000000e+00	3.112932718889090296e-03
2.958680844841505859e+02	0.000000000000000000e+00	3.111580223763652647e-03
3.020898996430572083e+02	0.000000000000000000e+00	3.110237167460095774e-03
3.083090380100473453e+02	0.000000000000000000e+00	3.108903402961538803e-03
3.145255180242613164e+02	0.000000000000000000e+00	3.107578786387293120e-03
3.207393578401517402e+02	0.000000000000000000e+00	3.106263176913978425e-03
3.269505753335180316e+02	0.000000000000000000e+00	3.104956436698941627e-03
3.331591881073934474e+02	0.000000000000000000e+00	3.103658430805679783e-03
3.393652134977868400e+02	0.000000000000000000e+00	3.102369027131373323e-03
3.455686685792776416e+02	0.000000000000000000e+00	3.101088096336463654e-03
3.517695701704732301e+02	0.000000000000000000e+00	3.099815511776098619e-03
3.579679348393309510e+02	0.000000000000000000e+00	3.098551149433473144e-03
3.641637789083507073e+02	0.000000000000000000e+00	3.097294887855066813e-03
3.703571184596340800e+02	0.000000000000000000e+00	3.096046608087556305e-03
3.765479693398316385e+02	0.000000000000000000e+00	3.094806193616579659e-03
3.827363471649499616e+02	0.000000000000000000e+00	3.093573530306967245e-03
3.889222673250631601e+02	0.000000000000000000e+00	3.092348506344806767e-03
3.951057449888878068e+02	0.000000000000000000e+00	3.091131012181049138e-03
4.012867951082648119e+02	0.000000000000000000e+00	3.089920940476496066e-03
4.074654324225203368e+02	0.000000000000000000e+00	3.088718186048406561e-03
4.136416714627322904e+02	0.000000000000000000e+00	3.087522645818525490e-03
4.198155265558838778e+02	0.000000000000000000e+00	3.086334218762507280e-03
4.259870118289221068e+02	0.000000000000000000e+00	3.085152805860660614e-03
4.321561412127238668e+02	0.000000000000000000e+00	3.083978310050019319e-03
4.383229284459566770e+02	0.000000000000000000e+00	3.082810636177848312e-03
4.444873870788545105e+02	0.000000000000000000e+00	3.081649690956097132e-03
4.506495304769046584e+02	0.000000000000000000e+00	3.080495382917342734e-03
4.568093718244473962e+02	0.000000000000000000e+00	3.079347622371725844e-03
4.629669241281827112e+02	0.000000000000000000e+00	3.078206321365165379e-03
4.691222002206086472e+02	0.000000000000000000e+00	3.077071393638595911e-03
4.752752127633679038e+02	0.000000000000000000e+00	3.075942754588252039e-03
4.814259742505163331e+02	0.000000000000000000e+00	3.074820321227059519e-03
4.875744970117247590e+02	0.000000000000000000e+00	3.073704012147115798e-03
4.937207932153946786e+02	0.000000000000000000e+00	3.072593747482916908e-03
4.998648748717138801e+02	0.000000000000000000e+00	3.071489448875838139e-03
5.060067538356267391e+02	0.000000000000000000e+00	3.070391039439318570e-03
5.121464418097514226e+02	0.000000000000000000e+00	3.069298443725073863e-03
5.182839503472215483e+02	0.000000000000000000e+00	3.068211587690093580e-03
5.244192908544656575e+02	0.000000000000000000e+00	3.067130398664671964e-03
5.305524745939150080e+02	0.000000000000000000e+00	3.066054805321040237e-03
5.366835126866678820e+02	0.000000000000000000e+00	3.064984737642887074e-03
5.428124161150730060e+02	0.000000000000000000e+00	3.063920126895826671e-03
5.489391957252731800e+02	0.000000000000000000e+00	3.062860905598377686e-03
5.550638622296772837e+02	0.000000000000000000e+00	3.061807007493874602e-03
5.611864262093780553e+02	0.000000000000000000e+00	3.060758367522950236e-03
5.673068981165311016e+02	0.000000000000000000e+00	3.059714921796808425e-03
5.734252882766625135e+02	0.000000000000000000e+00	3.058676607571215317e-03
5.795416068909305523e+02	0.000000000000000000e+00	3.057643363221049671e-03
5.856558640383487955e+02	0.000000000000000000e+00	3.056615128215604740e-03
5.917680696779368645e+02	0.000000000000000000e+00	3.055591843094420529e-03
5.978782336508460276e+02	0.000000000000000000e+00	3.054573449443684190e-03
6.039863656824346663e+02	0.000000000000000000e+00	3.053559889873453531e-03
6.100924753842772361e+02	0.000000000000000000e+00	3.052551107995159826e-03
6.161965722561628809e+02	0.000000000000000000e+00	3.051547048399945884e-03
6.222986656880176497e+02	0.000000000000000000e+00	3.050547656637287754e-03
6.283987649618201203e+02	0.000000000000000000e+00	3.049552879194384475e-03
6.344968792534268687e+02	0.000000000000000000e+00	3.048562663475873954e-03
6.405930176344239726e+02	0.000000000000000000e+00	3.047576957784134746e-03
6.466871890738738102e+02	0.000000000000000000e+00	3.046595711300119531e-03
6.527794024400652688e+02	0.000000000000000000e+00	3.045618874064555046e-03
6.588696665022105208e+02	0.000000000000000000e+00	3.044646396959731823e-03
6.649579899321229277e+02	0.000000000000000000e+00	3.043678231691564120e-03
6.710443813058268461e+02	0.000000000000000000e+00	3.042714330772274770e-03
6.771288491051712981e+02	0.000000000000000000e+00	3.041754647503439133e-03
6.832114017193792961e+02	0.000000000000000000e+00	3.040799135959317001e-03
6.892920474465835241e+02	0.000000000000000000e+00	3.039847750970796868e-03
6.953707944953204105e+02	0.000000000000000000e+00	3.038900448109619918e-03
7.014476509860033957e+02	0.000000000000000000e+00	3.037957183672932316e-03
7.075226249523520892e+02	0.000000000000000000e+00	3.037017914668338828e-03
7.135957243427949379e+02	0.000000000000000000e+00	3.036082598799209279e-03
7.196669570218543868e+02	0.000000000000000000e+00	3.035151194450406986e-03
7.257363307714971370e+02	0.000000000000000000e+00	3.034223660674319027e-03
7.318038532924398396e+02	0.000000000000000000e+00	3.033299957177179682e-03
7.378695322054703638e+02	0.000000000000000000e+00	3.032380044305864851e-03
7.439333750526833455e+02	0.000000000000000000e+00	3.031463883034854305e-03
7.499953892987529116e+02	0.000000000000000000e+00	3.030551434953512261e-03
7.560555823321300295e+02	0.000000000000000000e+00	3.029642662253771712e-03
7.621139614662473605e+02	0.000000000000000000e+00	3.028737527717988761e-03
7.681705339406768189e+02	0.000000000000000000e+00	3.027835994707227165e-03
7.742253069222853128e+02	0.000000000000000000e+00	3.026938027149654337e-03
7.802782875063542178e+02	0.000000000000000000e+00	3.026043589529278221e-03
7.863294827176785020e+02	0.000000000000000000e+00	3.025152646874965188e-03
7.923788995116468641e+02	0.000000000000000000e+00	3.024265164749750240e-03
7.984265447753053877e+02	0.000000000000000000e+00	3.023381109240245220e-03
8.044724253283817461e+02	0.000000000000000000e+00	3.022500446946464660e-03
8.105165479243137270e+02	0.000000000000000000e+00	3.021623144971793875e-03
8.165589192512350110e+02	0.000000000000000000e+00	3.020749170913187773e-03
8.225995459329618598e+02	0.000000000000000000e+00	3.019878492851622506e-03
8.286384345299519509e+02	0.000000000000000000e+00	3.019011079342769598e-03
8.346755915402427490e+02	0.000000000000000000e+00	3.018146899407827492e-03
8.407110234003658888e+02	0.000000000000000000e+00	3.017285922524586429e-03
8.467447364862598533e+02	0.000000000000000000e+00	3.016428118618804700e-03
8.527767371141592321e+02	0.000000000000000000e+00	3.015573458055568427e-03
8.588070315414615834e+02	0.000000000000000000e+00	3.014721911631037306e-03
8.648356259675783804e+02	0.000000000000000000e+00	3.013873450564276673e-03
8.708625265347719733e+02	0.000000000000000000e+00	3.013028046489310725e-03
8.768877393289939164e+02	0.000000000000000000e+00	3.012185671447285048e-03
8.829112703806663376e+02	0.000000000000000000e+00	3.011346297878940946e-03
8.889331256654890012e+02	0.000000000000000000e+00	3.010509898617066797e-03
8.949533111052193135e+02	0.000000000000000000e+00	3.009676446879358796e-03
9.009718325684214051e+02	0.000000000000000000e+00	3.008845916261157667e-03
9.069886958712318119e+02	0.000000000000000000e+00	3.008018280728578728e-03
9.130039067780733149e+02	0.000000000000000000e+00	3.007193514611713071e-03
9.190174710023965190e+02	0.000000000000000000e+00	3.006371592597927630e-03
9.250293942073726612e+02	0.000000000000000000e+00	3.005552489725356931e-03
9.310396820065996053e+02	0.000000000000000000e+00	3.004736181376550536e-03
9.370483399647780516e+02	0.000000000000000000e+00	3.003922643272217193e-03
9.430553735983805836e+02	0.000000000000000000e+00	3.003111851465162848e-03
9.490607883763181007e+02	0.000000000000000000e+00	3.002303782334314088e-03
9.550645897205764641e+02	0.000000000000000000e+00	3.001498412578821381e-03
9.610667830068571220e+02	0.000000000000000000e+00	3.000695719212453753e-03
9.670673735651956804e+02	0.000000000000000000e+00	2.999895679557912365e-03
9.730663666805853609e+02	0.000000000000000000e+00	2.999098271241405593e-03
9.790637675935623747e+02	0.000000000000000000e+00	2.998303472187309558e-03
9.850595815008101681e+02	0.000000000000000000e+00	2.997511260612872007e-03
9.910538135557347914e+02	0.000000000000000000e+00	2.996721615023115268e-03
9.970464688690378807e+02	0.000000000000000000e+00	2.995934514205843280e-03
1.003037552509271677e+03	0.000000000000000000e+00	2.995149937226636045e-03
1.009027069503398593e+03	0.000000000000000000e+00	2.994367863424117742e-03
1.015015024837316787e+03	0.000000000000000000e+00	2.993588272405258658e-03
1.021001423456422344e+03	0.000000000000000000e+00	2.992811144040658476e-03
1.026986270266093470e+03	0.000000000000000000e+00	2.992036458460107552e-03
1.032969570132227318e+03	0.000000000000000000e+00	2.991264196048142986e-03
1.038951327881752604e+03	0.000000000000000000e+00	2.990494337439715284e-03
1.044931548303099135e+03	0.000000000000000000e+00	2.989726863515933513e-03
1.050910236146716443e+03	0.000000000000000000e+00	2.988961755399905437e-03
1.056887396125535815e+03	0.000000000000000000e+00	2.988198994452693005e-03
1.062863032915433223e+03	0.000000000000000000e+00	2.987438562269271753e-03
1.068837151155724314e+03	0.000000000000000000e+00	2.986680440674654557e-03
1.074809755449585737e+03	0.000000000000000000e+00	2.985924611720059633e-03
1.080780850364519438e+03	0.000000000000000000e+00	2.985171057679160498e-03
1.086750440432809455e+03	0.000000000000000000e+00	2.984419761044407489e-03
1.092718530151923460e+03	0.000000000000000000e+00	2.983670704523418236e-03
1.098685123984976372e+03	0.000000000000000000e+00	2.982923871035443163e-03
1.104650226361110299e+03	0.000000000000000000e+00	2.982179243707910789e-03
1.110613841675940193e+03	0.000000000000000000e+00	2.981436805873042845e-03
1.116575974291939701e+03	0.000000000000000000e+00	2.980696541064492382e-03
1.122536628538848845e+03	0.000000000000000000e+00	2.979958433014154914e-03
1.128495808714076702e+03	0.000000000000000000e+00	2.979222465648923186e-03
1.134453519083069978e+03	0.000000000000000000e+00	2.978488623087544290e-03
1.140409763879708862e+03	0.000000000000000000e+00	2.977756889637648077e-03
1.146364547306668328e+03	0.000000000000000000e+00	2.977027249792560479e-03
1.152317873535791705e+03	0.000000000000000000e+00	2.976299688228504960e-03
1.158269746708470848e+03	0.000000000000000000e+00	2.975574189801637875e-03
1.164220170935971282e+03	0.000000000000000000e+00	2.974850739545282889e-03
1.170169150299805779e+03	0.000000000000000000e+00	2.974129322667029649e-03
1.176116688852067227e+03	0.000000000000000000e+00	2.973409924546106982e-03
1.182062790615793347e+03	0.000000000000000000e+00	2.972692530730648101e-03
1.188007459585276592e+03	0.000000000000000000e+00	2.971977126935054694e-03
1.193950699726388848e+03	0.000000000000000000e+00	2.971263699037512800e-03
1.199892514976936127e+03	0.000000000000000000e+00	2.970552233077369906e-03
1.205832909246958707e+03	0.000000000000000000e+00	2.969842715252674677e-03
1.211771886419051725e+03	0.000000000000000000e+00	2.969135131917751379e-03
1.217709450348671453e+03	0.000000000000000000e+00	2.968429469580863202e-03
1.223645604864440202e+03	0.000000000000000000e+00	2.967725714901787125e-03
1.229580353768446912e+03	0.000000000000000000e+00	2.967023854689586522e-03
1.235513700836561839e+03	0.000000000000000000e+00	2.966323875900284904e-03
1.241445649818688253e+03	0.000000000000000000e+00	2.965625765634730907e-03
1.247376204439096455e+03	0.000000000000000000e+00	2.964929511136340113e-03
1.253305368396669564e+03	0.000000000000000000e+00	2.964235099789051548e-03
1.259233145365207292e+03	0.000000000000000000e+00	2.963542519115199177e-03
1.265159538993678325e+03	0.000000000000000000e+00	2.962851756773425462e-03
1.271084552906522049e+03	0.000000000000000000e+00	2.962162800556709854e-03
1.277008190703880928e+03	0.000000000000000000e+00	2.961475638390360845e-03
1.282930455961881535e+03	0.000000000000000000e+00	2.960790258330068311e-03
1.288851352232899444e+03	0.000000000000000000e+00	2.960106648560024804e-03
1.294770883045789333e+03	0.000000000000000000e+00	2.959424797391049453e-03
1.300689051906169652e+03	0.000000000000000000e+00	2.958744693258731368e-03
1.306605862296646592e+03	0.000000000000000000e+00	2.958066324721627706e-03
1.312521317677058732e+03	0.000000000000000000e+00	2.957389680459454780e-03
1.318435421484745802e+03	0.000000000000000000e+00	2.956714749271403646e-03
1.324348177134727848e+03	0.000000000000000000e+00	2.956041520074408416e-03
1.330259588020007641e+03	0.000000000000000000e+00	2.955369981901413267e-03
1.336169657511751893e+03	0.000000000000000000e+00	2.954700123899836346e-03
1.342078388959539780e+03	0.000000000000000000e+00	2.954031935329816828e-03
1.347985785691580759e+03	0.000000000000000000e+00	2.953365405562709180e-03
1.353891851014940357e+03	0.000000000000000000e+00	2.952700524079506731e-03
1.359796588215752308e+03	0.000000000000000000e+00	2.952037280469247457e-03
1.365700000559432283e+03	0.000000000000000000e+00	2.951375664427533831e-03
1.371602091290902763e+03	0.000000000000000000e+00	2.950715665755126397e-03
1.377502863634778350e+03	0.000000000000000000e+00	2.950057274356298817e-03
1.383402320795592232e+03	0.000000000000000000e+00	2.949400480237622697e-03
1.389300465957987626e+03	0.000000000000000000e+00	2.948745273506359066e-03
1.395197302286934018e+03	0.000000000000000000e+00	2.948091644369263582e-03
1.401092832927893141e+03	0.000000000000000000e+00	2.947439583131049139e-03
1.406987061007043849e+03	0.000000000000000000e+00	2.946789080193137293e-03
1.412879989631466060e+03	0.000000000000000000e+00	2.946140126052334673e-03
1.418771621889317885e+03	0.000000000000000000e+00	2.945492711299558825e-03
1.424661960850052992e+03	0.000000000000000000e+00	2.944846826618495103e-03
1.430551009564567494e+03	0.000000000000000000e+00	2.944202462784407080e-03
1.436438771065392075e+03	0.000000000000000000e+00	2.943559610662930918e-03
1.442325248366893220e+03	0.000000000000000000e+00	2.942918261208798611e-03
1.448210444465433056e+03	0.000000000000000000e+00	2.942278405464631482e-03
1.454094362339531472e+03	0.000000000000000000e+00	2.941640034559882440e-03
1.459977004950075298e+03	0.000000000000000000e+00	2.941003139709610394e-03
1.465858375240447003e+03	0.000000000000000000e+00	2.940367712213360924e-03
1.471738476136724103e+03	0.000000000000000000e+00	2.939733743454064300e-03
1.477617310547818988e+03	0.000000000000000000e+00	2.939101224896916581e-03
1.483494881365679475e+03	0.000000000000000000e+00	2.938470148088307126e-03
1.489371191465396805e+03	0.000000000000000000e+00	2.937840504654838474e-03
1.495246243705417555e+03	0.000000000000000000e+00	2.937212286302145862e-03
1.501120040927673017e+03	0.000000000000000000e+00	2.936585484814047652e-03
1.506992585957728124e+03	0.000000000000000000e+00	2.935960092051306293e-03
1.512863881604957669e+03	0.000000000000000000e+00	2.935336099950885437e-03
1.518733930662684998e+03	0.000000000000000000e+00	2.934713500524816290e-03
1.524602735908325940e+03	0.000000000000000000e+00	2.934092285859326351e-03
1.530470300103543423e+03	0.000000000000000000e+00	2.933472448113758242e-03
1.536336625994398219e+03	0.000000000000000000e+00	2.932853979519845899e-03
1.542201716311476730e+03	0.000000000000000000e+00	2.932236872380644243e-03
1.548065573770040601e+03	0.000000000000000000e+00	2.931621119069647945e-03
1.553928201070184059e+03	0.000000000000000000e+00	2.931006712029993883e-03
1.559789600896941238e+03	0.000000000000000000e+00	2.930393643773500541e-03
1.565649775920449201e+03	0.000000000000000000e+00	2.929781906879794142e-03
1.571508728796060268e+03	0.000000000000000000e+00	2.929171493995596544e-03
1.577366462164487302e+03	0.000000000000000000e+00	2.928562397833758997e-03
1.583222978651949006e+03	0.000000000000000000e+00	2.927954611172502337e-03
1.589078280870272920e+03	0.000000000000000000e+00	2.927348126854606436e-03
1.594932371417029344e+03	0.000000000000000000e+00	2.926742937786608323e-03
1.600785252875678680e+03	0.000000000000000000e+00	2.926139036938039777e-03
1.606636927815688750e+03	0.000000000000000000e+00	2.925536417340631086e-03
1.612487398792625072e+03	0.000000000000000000e+00	2.924935072087549073e-03
1.618336668348321382e+03	0.000000000000000000e+00	2.924334994332746570e-03
1.624184739010982184e+03	0.000000000000000000e+00	2.923736177290073811e-03
1.630031613295284160e+03	0.000000000000000000e+00	2.923138614232644386e-03
1.635877293702516226e+03	0.000000000000000000e+00	2.922542298492193397e-03
1.641721782720693909e+03	0.000000000000000000e+00	2.921947223458217467e-03
1.647565082824657338e+03	0.000000000000000000e+00	2.921353382577380163e-03
1.653407196476211766e+03	0.000000000000000000e+00	2.920760769352838057e-03
1.659248126124211012e+03	0.000000000000000000e+00	2.920169377343564184e-03
1.665087874204682748e+03	0.000000000000000000e+00	2.919579200163590835e-03
1.670926443140956280e+03	0.000000000000000000e+00	2.918990231481575007e-03
1.676763835343723713e+03	0.000000000000000000e+00	2.918402465019907625e-03
1.682600053211194563e+03	0.000000000000000000e+00	2.917815894554273357e-03
1.688435099129172613e+03	0.000000000000000000e+00	2.917230513912915952e-03
1.694268975471182785e+03	0.000000000000000000e+00	2.916646316976083571e-03
1.700101684598554357e+03	0.000000000000000000e+00	2.916063297675395172e-03
1.705933228860533518e+03	0.000000000000000000e+00	2.915481449993298415e-03
1.711763610594369538e+03	0.000000000000000000e+00	2.914900767962400486e-03
1.717592832125435962e+03	0.000000000000000000e+00	2.914321245664949420e-03
1.723420895767325192e+03	0.000000000000000000e+00	2.913742877232249496e-03
1.729247803821932166e+03	0.000000000000000000e+00	2.913165656844124343e-03
1.735073558579565315e+03	0.000000000000000000e+00	2.912589578728298940e-03
1.740898162319035464e+03	0.000000000000000000e+00	2.912014637159953800e-03
1.746721617307744737e+03	0.000000000000000000e+00	2.911440826461077474e-03
1.752543925801788419e+03	0.000000000000000000e+00	2.910868141000041986e-03
1.758365090046052956e+03	0.000000000000000000e+00	2.910296575190988739e-03
1.764185112274285530e+03	0.000000000000000000e+00	2.909726123493386590e-03
1.770003994709207291e+03	0.000000000000000000e+00	2.909156780411489319e-03
1.775821739562579296e+03	0.000000000000000000e+00	2.908588540493850343e-03
1.781638349035324836e+03	0.000000000000000000e+00	2.908021398332800121e-03
1.787453825317578548e+03	0.000000000000000000e+00	2.907455348563976055e-03
1.793268170588791236e+03	0.000000000000000000e+00	2.906890385865891404e-03
1.799081387017814222e+03	0.000000000000000000e+00	2.906326504959406629e-03
1.804893476762990758e+03	0.000000000000000000e+00	2.905763700607250175e-03
1.810704441972217865e+03	0.000000000000000000e+00	2.905201967613589564e-03
1.816514284783048424e+03	0.000000000000000000e+00	2.904641300823653655e-03
1.822323007322767808e+03	0.000000000000000000e+00	2.904081695123130261e-03
1.828130611708470951e+03	0.000000000000000000e+00	2.903523145437800126e-03
1.833937100047148306e+03	0.000000000000000000e+00	2.902965646733181738e-03
1.839742474435754730e+03	0.000000000000000000e+00	2.902409194013983590e-03
1.845546736961297029e+03	0.000000000000000000e+00	2.901853782323702158e-03
1.851349889700896483e+03	0.000000000000000000e+00	2.901299406744268453e-03
1.857151934721899579e+03	0.000000000000000000e+00	2.900746062395585714e-03
1.862952874081903019e+03	0.000000000000000000e+00	2.900193744435133024e-03
1.868752709828884235e+03	0.000000000000000000e+00	2.899642448057588879e-03
1.874551444001221626e+03	0.000000000000000000e+00	2.899092168494423524e-03
1.880349078627804602e+03	0.000000000000000000e+00	2.898542901013461369e-03
1.886145615728102257e+03	0.000000000000000000e+00	2.897994640918551829e-03
1.891941057312205885e+03	0.000000000000000000e+00	2.897447383549192450e-03
1.897735405380940620e+03	0.000000000000000000e+00	2.896901124280156815e-03
1.903528661925902043e+03	0.000000000000000000e+00	2.896355858521095557e-03
1.909320828929552135e+03	0.000000000000000000e+00	2.895811581716138238e-03
1.915111908365266117e+03	0.000000000000000000e+00	2.895268289343659162e-03
1.920901902197415666e+03	0.000000000000000000e+00	2.894725976915810736e-03
1.926690812381428259e+03	0.000000000000000000e+00	2.894184639978186931e-03
1.932478640863855162e+03	0.000000000000000000e+00	2.893644274109549632e-03
1.938265389582438502e+03	0.000000000000000000e+00	2.893104874921393656e-03
1.944051060466174022e+03	0.000000000000000000e+00	2.892566438057672662e-03
1.949835655435381113e+03	0.000000000000000000e+00	2.892028959194459584e-03
1.955619176401757159e+03	0.000000000000000000e+00	2.891492434039585804e-03
1.961401625268451198e+03	0.000000000000000000e+00	2.890956858332374008e-03
1.967183003930121913e+03	0.000000000000000000e+00	2.890422227843240932e-03
1.972963314273006972e+03	0.000000000000000000e+00	2.889888538373455371e-03
1.978742558174959413e+03	0.000000000000000000e+00	2.889355785754845005e-03
1.984520737505542684e+03	0.000000000000000000e+00	2.888823965849376171e-03
1.990297854126070433e+03	0.000000000000000000e+00	2.888293074548924869e-03
1.996073909889662218e+03	0.000000000000000000e+00	2.887763107775017431e-03
2.001848906641318536e+03	0.000000000000000000e+00	2.887234061478471427e-03
2.007622846217962206e+03	0.000000000000000000e+00	2.886705931639087317e-03
2.013395730448514769e+03	0.000000000000000000e+00	2.886178714265438556e-03
2.019167561153928318e+03	0.000000000000000000e+00	2.885652405394495586e-03
2.024938340147275767e+03	0.000000000000000000e+00	2.885127001091484459e-03
2.030708069233781544e+03	0.000000000000000000e+00	2.884602497449429738e-03
2.036476750210870250e+03	0.000000000000000000e+00	2.884078890589010947e-03
2.042244384868261250e+03	0.000000000000000000e+00	2.883556176658221264e-03
2.048010974987972531e+03	0.000000000000000000e+00	2.883034351832150250e-03
2.053776522344405294e+03	0.000000000000000000e+00	2.882513412312733177e-03
2.059541028704396467e+03	0.000000000000000000e+00	2.881993354328402784e-03
2.065304495827275787e+03	0.000000000000000000e+00	2.881474174133921012e-03
2.071066925464905125e+03	0.000000000000000000e+00	2.880955868010081494e-03
2.076828319361704871e+03	0.000000000000000000e+00	2.880438432263478839e-03
2.082588679254770341e+03	0.000000000000000000e+00	2.879921863226221537e-03
2.088348006873853137e+03	0.000000000000000000e+00	2.879406157255762384e-03
2.094106303941480292e+03	0.000000000000000000e+00	2.878891310734558919e-03
2.099863572172954264e+03	0.000000000000000000e+00	2.878377320069916423e-03
2.105619813276388413e+03	0.000000000000000000e+00	2.877864181693736388e-03
2.111375028952830689e+03	0.000000000000000000e+00	2.877351892062248936e-03
2.117129220896245442e+03	0.000000000000000000e+00	2.876840447655781233e-03
2.122882390793575723e+03	0.000000000000000000e+00	2.876329844978579679e-03
2.128634540324806494e+03	0.000000000000000000e+00	2.875820080558554037e-03
2.134385671163001007e+03	0.000000000000000000e+00	2.875311150947074904e-03
2.140135784974336730e+03	0.000000000000000000e+00	2.874803052718710467e-03
2.145884883418171285e+03	0.000000000000000000e+00	2.874295782471030479e-03
2.151632968147105657e+03	0.000000000000000000e+00	2.873789336824426281e-03
2.157380040806939633e+03	0.000000000000000000e+00	2.873283712421856231e-03
2.163126103036853237e+03	0.000000000000000000e+00	2.872778905928650116e-03
2.168871156469318976e+03	0.000000000000000000e+00	2.872274914032295345e-03
2.174615202730258716e+03	0.000000000000000000e+00	2.871771733442263046e-03
2.180358243439012767e+03	0.000000000000000000e+00	2.871269360889775607e-03
2.186100280208383083e+03	0.000000000000000000e+00	2.870767793127601119e-03
2.191841314644738304e+03	0.000000000000000000e+00	2.870267026929907220e-03
2.197581348347974199e+03	0.000000000000000000e+00	2.869767059091963592e-03
2.203320382911657816e+03	0.000000000000000000e+00	2.869267886430088618e-03
2.209058419922936991e+03	0.000000000000000000e+00	2.868769505781378765e-03
2.214795460962704965e+03	0.000000000000000000e+00	2.868271914003473963e-03
2.220531507605592196e+03	0.000000000000000000e+00	2.867775107974440945e-03
2.226266561419968639e+03	0.000000000000000000e+00	2.867279084592590666e-03
2.232000623968045147e+03	0.000000000000000000e+00	2.866783840776297460e-03
2.237733696805885302e+03	0.000000000000000000e+00	2.866289373463770055e-03
2.243465781483457704e+03	0.000000000000000000e+00	2.865795679612931877e-03
2.249196879544655076e+03	0.000000000000000000e+00	2.865302756201182095e-03
2.254926992527343828e+03	0.000000000000000000e+00	2.864810600225262040e-03
2.260656121963423629e+03	0.000000000000000000e+00	2.864319208701118606e-03
2.266384269378803765e+03	0.000000000000000000e+00	2.863828578663663547e-03
2.272111436293519091e+03	0.000000000000000000e+00	2.863338707166681978e-03
2.277837624221719580e+03	0.000000000000000000e+00	2.862849591282522720e-03
2.283562834671710334e+03	0.000000000000000000e+00	2.862361228102162924e-03
2.289287069146020713e+03	0.000000000000000000e+00	2.861873614734853754e-03
2.295010329141377042e+03	0.000000000000000000e+00	2.861386748307998516e-03
2.300732616148814486e+03	0.000000000000000000e+00	2.860900625967064629e-03
2.306453931653676136e+03	0.000000000000000000e+00	2.860415244875355069e-03
2.312174277135607099e+03	0.000000000000000000e+00	2.859930602213884773e-03
2.317893654068681826e+03	0.000000000000000000e+00	2.859446695181234923e-03
2.323612063921360459e+03	0.000000000000000000e+00	2.858963520993368628e-03
2.329329508156564771e+03	0.000000000000000000e+00	2.858481076883494319e-03
2.335045988231697720e+03	0.000000000000000000e+00	2.857999360101952119e-03
2.340761505598677104e+03	0.000000000000000000e+00	2.857518367916027369e-03
2.346476061703976484e+03	0.000000000000000000e+00	2.857038097609831788e-03
2.352189657988665203e+03	0.000000000000000000e+00	2.856558546484106158e-03
2.357902295888392018e+03	0.000000000000000000e+00	2.856079711856166978e-03
2.363613976833503784e+03	0.000000000000000000e+00	2.855601591059662298e-03
2.369324702248989070e+03	0.000000000000000000e+00	2.855124181444515779e-03
2.375034473554583201e+03	0.000000000000000000e+00	2.854647480376717658e-03
2.380743292164770082e+03	0.000000000000000000e+00	2.854171485238321711e-03
2.386451159488782196e+03	0.000000000000000000e+00	2.853696193427172900e-03
2.392158076930689731e+03	0.000000000000000000e+00	2.853221602356784212e-03
2.397864045889405588e+03	0.000000000000000000e+00	2.852747709456289818e-03
2.403569067758718575e+03	0.000000000000000000e+00	2.852274512170255554e-03
2.409273143927292040e+03	0.000000000000000000e+00	2.851802007958575275e-03
2.414976275778764830e+03	0.000000000000000000e+00	2.851330194296280464e-03
2.420678464691718546e+03	0.000000000000000000e+00	2.850859068673550212e-03
2.426379712039716196e+03	0.000000000000000000e+00	2.850388628595412841e-03
2.432080019191369956e+03	0.000000000000000000e+00	2.849918871581761954e-03
2.437779387510350261e+03	0.000000000000000000e+00	2.849449795167153902e-03
2.443477818355403997e+03	0.000000000000000000e+00	2.848981396900741002e-03
2.449175313080375872e+03	0.000000000000000000e+00	2.848513674346118008e-03
2.454871873034261625e+03	0.000000000000000000e+00	2.848046625081201988e-03
2.460567499561231216e+03	0.000000000000000000e+00	2.847580246698126500e-03
2.466262194000665659e+03	0.000000000000000000e+00	2.847114536803167003e-03
2.471955957687139744e+03	0.000000000000000000e+00	2.846649493016523147e-03
2.477648791950512532e+03	0.000000000000000000e+00	2.846185112972261528e-03
2.483340698115903706e+03	0.000000000000000000e+00	2.845721394318280126e-03
2.489031677503761330e+03	0.000000000000000000e+00	2.845258334716082790e-03
2.494721731429856391e+03	0.000000000000000000e+00	2.844795931840691204e-03
2.500410861205325546e+03	0.000000000000000000e+00	2.844334183380577228e-03
2.506099068136709320e+03	0.000000000000000000e+00	2.843873087037551012e-03
2.511786353525936647e+03	0.000000000000000000e+00	2.843412640526607471e-03
2.517472718670403538e+03	0.000000000000000000e+00	2.842952841575865572e-03
2.523158164862953527e+03	0.000000000000000000e+00	2.842493687926467717e-03
2.528842693391970897e+03	0.000000000000000000e+00	2.842035177332404537e-03
2.534526305541313832e+03	0.000000000000000000e+00	2.841577307560511426e-03
2.540209002590395812e+03	0.000000000000000000e+00	2.841120076390332358e-03
2.545890785814236096e+03	0.000000000000000000e+00	2.840663481613972443e-03
2.551571656483381958e+03	0.000000000000000000e+00	2.840207521036039375e-03
2.557251615864075120e+03	0.000000000000000000e+00	2.839752192473555831e-03
2.562930665218166268e+03	0.000000000000000000e+00	2.839297493755851051e-03
2.568608805803170071e+03	0.000000000000000000e+00	2.838843422724462821e-03
2.574286038872325662e+03	0.000000000000000000e+00	2.838389977232988731e-03
2.579962365674566627e+03	0.000000000000000000e+00	2.837937155147118255e-03
2.585637787454590125e+03	0.000000000000000000e+00	2.837484954344435435e-03
2.591312305452839155e+03	0.000000000000000000e+00	2.837033372714336046e-03
2.596985920905558942e+03	0.000000000000000000e+00	2.836582408157968180e-03
2.602658635044801031e+03	0.000000000000000000e+00	2.836132058588140738e-03
2.608330449098469217e+03	0.000000000000000000e+00	2.835682321929196368e-03
2.614001364290318634e+03	0.000000000000000000e+00	2.835233196116945104e-03
2.619671381839977585e+03	0.000000000000000000e+00	2.834784679098644854e-03
2.625340502962995743e+03	0.000000000000000000e+00	2.834336768832745532e-03
2.631008728870846880e+03	0.000000000000000000e+00	2.833889463288995301e-03
2.636676060770949334e+03	0.000000000000000000e+00	2.833442760448203791e-03
2.642342499866703747e+03	0.000000000000000000e+00	2.832996658302257276e-03
2.648008047357483520e+03	0.000000000000000000e+00	2.832551154853986831e-03
2.653672704438718938e+03	0.000000000000000000e+00	2.832106248117096346e-03
2.659336472301836693e+03	0.000000000000000000e+00	2.831661936116029819e-03
2.664999352134349465e+03	0.000000000000000000e+00	2.831218216886010816e-03
2.670661345119845919e+03	0.000000000000000000e+00	2.830775088472877246e-03
2.676322452437999800e+03	0.000000000000000000e+00	2.830332548932973369e-03
2.681982675264631325e+03	0.000000000000000000e+00	2.829890596333141124e-03
2.687642014771689446e+03	0.000000000000000000e+00	2.829449228750586989e-03
2.693300472127297326e+03	0.000000000000000000e+00	2.829008444272891956e-03
2.698958048495755975e+03	0.000000000000000000e+00	2.828568240997802064e-03
2.704614745037578359e+03	0.000000000000000000e+00	2.828128617033258321e-03
2.710270562909498494e+03	0.000000000000000000e+00	2.827689570497260527e-03
2.715925503264501913e+03	0.000000000000000000e+00	2.827251099517839091e-03
2.721579567251842036e+03	0.000000000000000000e+00	2.826813202232973492e-03
2.727232756017051088e+03	0.000000000000000000e+00	2.826375876790466080e-03
2.732885070701956920e+03	0.000000000000000000e+00	2.825939121347943814e-03
2.738536512444736218e+03	0.000000000000000000e+00	2.825502934072748537e-03
2.744187082379913136e+03	0.000000000000000000e+00	2.825067313141819015e-03
2.749836781638334742e+03	0.000000000000000000e+00	2.824632256741738210e-03
2.755485611347258327e+03	0.000000000000000000e+00	2.824197763068548098e-03
2.761133572630338676e+03	0.000000000000000000e+00	2.823763830327730151e-03
2.766780666607663989e+03	0.000000000000000000e+00	2.823330456734181922e-03
2.772426894395748604e+03	0.000000000000000000e+00	2.822897640512034463e-03
2.778072257107562109e+03	0.000000000000000000e+00	2.822465379894733856e-03
2.783716755852564347e+03	0.000000000000000000e+00	2.822033673124770600e-03
2.789360391736685415e+03	0.000000000000000000e+00	2.821602518453827924e-03
2.795003165862397054e+03	0.000000000000000000e+00	2.821171914142619596e-03
2.800645079328692646e+03	0.000000000000000000e+00	2.820741858460801884e-03
2.806286133231083568e+03	0.000000000000000000e+00	2.820312349686944497e-03
2.811926328661673779e+03	0.000000000000000000e+00	2.819883386108449491e-03
2.817565666709147990e+03	0.000000000000000000e+00	2.819454966021507462e-03
2.823204148458800773e+03	0.000000000000000000e+00	2.819027087731044642e-03
2.828841774992536102e+03	0.000000000000000000e+00	2.818599749550605802e-03
2.834478547388888273e+03	0.000000000000000000e+00	2.818172949802350349e-03
2.840114466723054193e+03	0.000000000000000000e+00	2.817746686816949113e-03
2.845749534066889737e+03	0.000000000000000000e+00	2.817320958933583475e-03
2.851383750488949318e+03	0.000000000000000000e+00	2.816895764499795750e-03
2.857017117054506798e+03	0.000000000000000000e+00	2.816471101871502198e-03
2.862649634825497742e+03	0.000000000000000000e+00	2.816046969412954858e-03
2.868281304860661749e+03	0.000000000000000000e+00	2.815623365496553766e-03
2.873912128215429675e+03	0.000000000000000000e+00	2.815200288502954940e-03
2.879542105942059607e+03	0.000000000000000000e+00	2.814777736820904281e-03
2.885171239089558185e+03	0.000000000000000000e+00	2.814355708847225863e-03
2.890799528703753822e+03	0.000000000000000000e+00	2.813934202986729995e-03
2.896426975827280785e+03	0.000000000000000000e+00	2.813513217652195437e-03
2.902053581499603297e+03	0.000000000000000000e+00	2.813092751264285700e-03
2.907679346757037820e+03	0.000000000000000000e+00	2.812672802251533870e-03
2.913304272632777611e+03	0.000000000000000000e+00	2.812253369050230715e-03
2.918928360156899089e+03	0.000000000000000000e+00	2.811834450104411676e-03
2.924551610356337278e+03	0.000000000000000000e+00	2.811416043865806128e-03
2.930174024254992673e+03	0.000000000000000000e+00	2.810998148793768855e-03
2.935795602873635289e+03	0.000000000000000000e+00	2.810580763355223239e-03
2.941416347230016072e+03	0.000000000000000000e+00	2.810163886024623532e-03
2.947036258338826428e+03	0.000000000000000000e+00	2.809747515283886766e-03
2.952655337211759161e+03	0.000000000000000000e+00	2.809331649622391017e-03
2.958273584857429341e+03	0.000000000000000000e+00	2.808916287536819285e-03
2.963891002281522105e+03	0.000000000000000000e+00	2.808501427531236248e-03
2.969507590486677600e+03	0.000000000000000000e+00	2.808087068116952960e-03
2.975123350472620132e+03	0.000000000000000000e+00	2.807673207812536390e-03
2.980738283236077677e+03	0.000000000000000000e+00	2.807259845143687121e-03
2.986352389770857826e+03	0.000000000000000000e+00	2.806846978643258439e-03
2.991965671067837320e+03	0.000000000000000000e+00	2.806434606851171756e-03
2.997578128114982064e+03	0.000000000000000000e+00	2.806022728314402741e-03
3.003189761897341214e+03	0.000000000000000000e+00	2.805611341586858581e-03
3.008800573397108565e+03	0.000000000000000000e+00	2.805200445229413548e-03
3.014410563593571624e+03	0.000000000000000000e+00	2.804790037809868231e-03
3.020019733463186185e+03	0.000000000000000000e+00	2.804380117902838948e-03
3.025628083979555868e+03	0.000000000000000000e+00	2.803970684089747336e-03
3.031235616113464857e+03	0.000000000000000000e+00	2.803561734958715836e-03
3.036842330832862444e+03	0.000000000000000000e+00	2.803153269104670040e-03
3.042448229102906225e+03	0.000000000000000000e+00	2.802745285129143536e-03
3.048053311885953008e+03	0.000000000000000000e+00	2.802337781640291785e-03
3.053657580141601102e+03	0.000000000000000000e+00	2.801930757252877376e-03
3.059261034826667128e+03	0.000000000000000000e+00	2.801524210588217986e-03
3.064863676895216031e+03	0.000000000000000000e+00	2.801118140274050632e-03
3.070465507298578359e+03	0.000000000000000000e+00	2.800712544944621019e-03
3.076066526985383462e+03	0.000000000000000000e+00	2.800307423240553859e-03
3.081666736901515833e+03	0.000000000000000000e+00	2.799902773808831628e-03
3.087266137990157404e+03	0.000000000000000000e+00	2.799498595302829691e-03
3.092864731191842111e+03	0.000000000000000000e+00	2.799094886382146735e-03
3.098462517444382684e+03	0.000000000000000000e+00	2.798691645712616041e-03
3.104059497682954316e+03	0.000000000000000000e+00	2.798288871966283804e-03
3.109655672840092393e+03	0.000000000000000000e+00	2.797886563821410429e-03
3.115251043845681579e+03	0.000000000000000000e+00	2.797484719962300536e-03
3.120845611626989466e+03	0.000000000000000000e+00	2.797083339079400530e-03
3.126439377108634744e+03	0.000000000000000000e+00	2.796682419869188016e-03
3.132032341212689971e+03	0.000000000000000000e+00	2.796281961034114121e-03
3.137624504858591536e+03	0.000000000000000000e+00	2.795881961282585277e-03
3.143215868963240609e+03	0.000000000000000000e+00	2.795482419329038248e-03
3.148806434440947214e+03	0.000000000000000000e+00	2.795083333893717652e-03
3.154396202203462963e+03	0.000000000000000000e+00	2.794684703702709789e-03
3.159985173160016529e+03	0.000000000000000000e+00	2.794286527487988610e-03
3.165573348217285911e+03	0.000000000000000000e+00	2.793888803987235308e-03
3.171160728279451632e+03	0.000000000000000000e+00	2.793491531943905534e-03
3.176747314248158091e+03	0.000000000000000000e+00	2.793094710107163047e-03
3.182333107022582681e+03	0.000000000000000000e+00	2.792698337231854129e-03
3.187918107499408507e+03	0.000000000000000000e+00	2.792302412078437757e-03
3.193502316572834388e+03	0.000000000000000000e+00	2.791906933412991246e-03
3.199085735134628067e+03	0.000000000000000000e+00	2.791511900007129145e-03
3.204668364074068450e+03	0.000000000000000000e+00	2.791117310638013653e-03
3.210250204278018828e+03	0.000000000000000000e+00	2.790723164088306906e-03
3.215831256630891858e+03	0.000000000000000000e+00	2.790329459146123712e-03
3.221411522014705497e+03	0.000000000000000000e+00	2.789936194604984276e-03
3.226991001309052535e+03	0.000000000000000000e+00	2.789543369263838054e-03
3.232569695391149253e+03	0.000000000000000000e+00	2.789150981926980487e-03
3.238147605135796766e+03	0.000000000000000000e+00	2.788759031404045192e-03
3.243724731415440147e+03	0.000000000000000000e+00	2.788367516509934578e-03
3.249301075100157959e+03	0.000000000000000000e+00	2.787976436064796421e-03
3.254876637057674088e+03	0.000000000000000000e+00	2.787585788894064633e-03
3.260451418153384566e+03	0.000000000000000000e+00	2.787195573828319187e-03
3.266025419250300729e+03	0.000000000000000000e+00	2.786805789703348125e-03
3.271598641209163361e+03	0.000000000000000000e+00	2.786416435360041313e-03
3.277171084888372206e+03	0.000000000000000000e+00	2.786027509644351408e-03
3.282742751144014164e+03	0.000000000000000000e+00	2.785639011407347199e-03
3.288313640829927408e+03	0.000000000000000000e+00	2.785250939505180649e-03
3.293883754797635902e+03	0.000000000000000000e+00	2.784863292798931203e-03
3.299453093896394421e+03	0.000000000000000000e+00	2.784476070154700764e-03
3.305021658973197191e+03	0.000000000000000000e+00	2.784089270443523487e-03
3.310589450872782891e+03	0.000000000000000000e+00	2.783702892541363178e-03
3.316156470437657390e+03	0.000000000000000000e+00	2.783316935329026125e-03
3.321722718508081925e+03	0.000000000000000000e+00	2.782931397692225712e-03
3.327288195922080376e+03	0.000000000000000000e+00	2.782546278521479208e-03
3.332852903515494745e+03	0.000000000000000000e+00	2.782161576712139858e-03
3.338416842121942409e+03	0.000000000000000000e+00	2.781777291164289328e-03
3.343980012572847045e+03	0.000000000000000000e+00	2.781393420782771533e-03
3.349542415697458637e+03	0.000000000000000000e+00	2.781009964477143201e-03
3.355104052322821644e+03	0.000000000000000000e+00	2.780626921161651749e-03
3.360664923273865043e+03	0.000000000000000000e+00	2.780244289755159828e-03
3.366225029373305915e+03	0.000000000000000000e+00	2.779862069181202131e-03
3.371784371441735402e+03	0.000000000000000000e+00	2.779480258367957209e-03
3.377342950297627794e+03	0.000000000000000000e+00	2.779098856248084400e-03
3.382900766757294605e+03	0.000000000000000000e+00	2.778717861758839627e-03
3.388457821634924130e+03	0.000000000000000000e+00	2.778337273842055449e-03
3.394014115742611011e+03	0.000000000000000000e+00	2.777957091443947202e-03
3.399569649890356231e+03	0.000000000000000000e+00	2.777577313515254814e-03
3.405124424886042107e+03	0.000000000000000000e+00	2.777197939011170815e-03
3.410678441535482762e+03	0.000000000000000000e+00	2.776818966891263576e-03
3.416231700642405485e+03	0.000000000000000000e+00	2.776440396119539758e-03
3.421784203008484383e+03	0.000000000000000000e+00	2.776062225664352803e-03
3.427335949433301266e+03	0.000000000000000000e+00	2.775684454498356102e-03
3.432886940714428874e+03	0.000000000000000000e+00	2.775307081598587557e-03
3.438437177647358567e+03	0.000000000000000000e+00	2.774930105946302617e-03
3.443986661025593548e+03	0.000000000000000000e+00	2.774553526527048439e-03
3.449535391640572016e+03	0.000000000000000000e+00	2.774177342330627453e-03
3.455083370281747648e+03	0.000000000000000000e+00	2.773801552351068747e-03
3.460630597736532764e+03	0.000000000000000000e+00	2.773426155586521374e-03
3.466177074790367442e+03	0.000000000000000000e+00	2.773051151039374485e-03
3.471722802226709973e+03	0.000000000000000000e+00	2.772676537716083859e-03
3.477267780826990020e+03	0.000000000000000000e+00	2.772302314627272078e-03
3.482812011370693199e+03	0.000000000000000000e+00	2.771928480787644398e-03
3.488355494635341984e+03	0.000000000000000000e+00	2.771555035215999586e-03
3.493898231396496612e+03	0.000000000000000000e+00	2.771181976935147527e-03
3.499440222427764184e+03	0.000000000000000000e+00	2.770809304971958657e-03
3.504981468500812298e+03	0.000000000000000000e+00	2.770437018357238632e-03
3.510521970385352688e+03	0.000000000000000000e+00	2.770065116125857135e-03
3.516061728849213068e+03	0.000000000000000000e+00	2.769693597316560951e-03
3.521600744658264830e+03	0.000000000000000000e+00	2.769322460972068085e-03
3.527139018576491708e+03	0.000000000000000000e+00	2.768951706138992296e-03
3.532676551365970226e+03	0.000000000000000000e+00	2.768581331867849601e-03
3.538213343786876976e+03	0.000000000000000000e+00	2.768211337213015346e-03
3.543749396597477698e+03	0.000000000000000000e+00	2.767841721232718131e-03
3.549284710554201411e+03	0.000000000000000000e+00	2.767472482988982997e-03
3.554819286411586290e+03	0.000000000000000000e+00	2.767103621547673063e-03
3.560353124922300140e+03	0.000000000000000000e+00	2.766735135978385003e-03
3.565886226837159938e+03	0.000000000000000000e+00	2.766367025354511070e-03
3.571418592905137757e+03	0.000000000000000000e+00	2.765999288753182277e-03
3.576950223873364848e+03	0.000000000000000000e+00	2.765631925255208987e-03
3.582481120487113003e+03	0.000000000000000000e+00	2.765264933945165478e-03
3.588011283489868674e+03	0.000000000000000000e+00	2.764898313911238591e-03
3.593540713623244756e+03	0.000000000000000000e+00	2.764532064245260688e-03
3.599069411627092450e+03	0.000000000000000000e+00	2.764166184042750416e-03
3.604597378239423051e+03	0.000000000000000000e+00	2.763800672402803860e-03
3.610124614196475250e+03	0.000000000000000000e+00	2.763435528428130096e-03
3.615651120232678295e+03	0.000000000000000000e+00	2.763070751224961426e-03
3.621176897080700655e+03	0.000000000000000000e+00	2.762706339903185215e-03
3.626701945471399995e+03	0.000000000000000000e+00	2.762342293576132250e-03
3.632226266133875470e+03	0.000000000000000000e+00	2.761978611360708588e-03
3.637749859795483644e+03	0.000000000000000000e+00	2.761615292377270648e-03
3.643272727181801201e+03	0.000000000000000000e+00	2.761252335749686797e-03
3.648794869016689063e+03	0.000000000000000000e+00	2.760889740605250615e-03
3.654316286022220993e+03	0.000000000000000000e+00	2.760527506074735102e-03
3.659836978918758632e+03	0.000000000000000000e+00	2.760165631292281659e-03
3.665356948424948769e+03	0.000000000000000000e+00	2.759804115395466436e-03
3.670876195257691506e+03	0.000000000000000000e+00	2.759442957525234854e-03
3.676394720132184375e+03	0.000000000000000000e+00	2.759082156825927185e-03
3.681912523761920511e+03	0.000000000000000000e+00	2.758721712445186616e-03
3.687429606858671832e+03	0.000000000000000000e+00	2.758361623534006084e-03
3.692945970132547245e+03	0.000000000000000000e+00	2.758001889246683175e-03
3.698461614291960359e+03	0.000000000000000000e+00	2.757642508740823159e-03
3.703976540043616296e+03	0.000000000000000000e+00	2.757283481177286513e-03
3.709490748092562626e+03	0.000000000000000000e+00	2.756924805720187624e-03
3.715004239142187998e+03	0.000000000000000000e+00	2.756566481536915601e-03
3.720517013894193951e+03	0.000000000000000000e+00	2.756208507798028895e-03
3.726029073048655846e+03	0.000000000000000000e+00	2.755850883677333357e-03
3.731540417303978757e+03	0.000000000000000000e+00	2.755493608351809818e-03
3.737051047356945219e+03	0.000000000000000000e+00	2.755136681001575487e-03
3.742560963902682488e+03	0.000000000000000000e+00	2.754780100809954210e-03
3.748070167634683003e+03	0.000000000000000000e+00	2.754423866963350703e-03
3.753578659244830305e+03	0.000000000000000000e+00	2.754067978651362873e-03
3.759086439423382672e+03	0.000000000000000000e+00	2.753712435066622659e-03
3.764593508859001759e+03	0.000000000000000000e+00	2.753357235404861950e-03
3.770099868238727140e+03	0.000000000000000000e+00	2.753002378864919091e-03
3.775605518247991313e+03	0.000000000000000000e+00	2.752647864648681206e-03
3.781110459570660169e+03	0.000000000000000000e+00	2.752293691961034752e-03
3.786614692888986156e+03	0.000000000000000000e+00	2.751939860009929711e-03
3.792118218883666486e+03	0.000000000000000000e+00	2.751586368006263793e-03
3.797621038233795389e+03	0.000000000000000000e+00	2.751233215163986952e-03
3.803123151616918676e+03	0.000000000000000000e+00	2.750880400700007281e-03
3.808624559709008281e+03	0.000000000000000000e+00	2.750527923834186241e-03
3.814125263184488631e+03	0.000000000000000000e+00	2.750175783789330416e-03
3.819625262716225279e+03	0.000000000000000000e+00	2.749823979791158994e-03
3.825124558975532636e+03	0.000000000000000000e+00	2.749472511068298992e-03
3.830623152632211713e+03	0.000000000000000000e+00	2.749121376852330795e-03
3.836121044354481000e+03	0.000000000000000000e+00	2.748770576377645037e-03
3.841618234809073329e+03	0.000000000000000000e+00	2.748420108881548859e-03
3.847114724661174932e+03	0.000000000000000000e+00	2.748069973604191311e-03
3.852610514574484114e+03	0.000000000000000000e+00	2.747720169788548609e-03
3.858105605211158490e+03	0.000000000000000000e+00	2.747370696680454059e-03
3.863599997231866382e+03	0.000000000000000000e+00	2.747021553528483564e-03
3.869093691295769077e+03	0.000000000000000000e+00	2.746672739584028484e-03
3.874586688060524011e+03	0.000000000000000000e+00	2.746324254101322089e-03
3.880078988182328430e+03	0.000000000000000000e+00	2.745976096337319865e-03
3.885570592315874819e+03	0.000000000000000000e+00	2.745628265551705149e-03
3.891061501114366820e+03	0.000000000000000000e+00	2.745280761006933367e-03
3.896551715229564252e+03	0.000000000000000000e+00	2.744933581968151803e-03
3.902041235311742184e+03	0.000000000000000000e+00	2.744586727703267250e-03
3.907530062009733228e+03	0.000000000000000000e+00	2.744240197482848004e-03
3.913018195970870693e+03	0.000000000000000000e+00	2.743893990580120387e-03
3.918505637841076805e+03	0.000000000000000000e+00	2.743548106270996077e-03
3.923992388264813599e+03	0.000000000000000000e+00	2.743202543834097253e-03
3.929478447885117021e+03	0.000000000000000000e+00	2.742857302550625199e-03
3.934963817343563733e+03	0.000000000000000000e+00	2.742512381704396290e-03
3.940448497280335232e+03	0.000000000000000000e+00	2.742167780581870190e-03
3.945932488334135542e+03	0.000000000000000000e+00	2.741823498472105609e-03
3.951415791142303533e+03	0.000000000000000000e+00	2.741479534666756406e-03
3.956898406340739257e+03	0.000000000000000000e+00	2.741135888460068983e-03
3.962380334563925317e+03	0.000000000000000000e+00	2.740792559148835014e-03
3.967861576444951879e+03	0.000000000000000000e+00	2.740449546032315553e-03
3.973342132615524861e+03	0.000000000000000000e+00	2.740106848412419277e-03
3.978822003705922270e+03	0.000000000000000000e+00	2.739764465593598399e-03
3.984301190345082432e+03	0.000000000000000000e+00	2.739422396882690378e-03
3.989779693160498937e+03	0.000000000000000000e+00	2.739080641589097895e-03
3.995257512778329328e+03	0.000000000000000000e+00	2.738739199024744619e-03
4.000734649823357358e+03	0.000000000000000000e+00	2.738398068503978492e-03
4.006211104918957062e+03	0.000000000000000000e+00	2.738057249343608598e-03
4.011686878687187800e+03	0.000000000000000000e+00	2.737716740862950263e-03
4.017161971748717406e+03	0.000000000000000000e+00	2.737376542383665456e-03
4.022636384722890398e+03	0.000000000000000000e+00	2.737036653229907648e-03
4.028110118227672956e+03	0.000000000000000000e+00	2.736697072728232899e-03
4.033583172879691574e+03	0.000000000000000000e+00	2.736357800207588585e-03
4.039055549294251250e+03	0.000000000000000000e+00	2.736018834999300823e-03
4.044527248085310930e+03	0.000000000000000000e+00	2.735680176437111331e-03
4.049998269865502607e+03	0.000000000000000000e+00	2.735341823857069879e-03
4.055468615246107220e+03	0.000000000000000000e+00	2.735003776597653979e-03
4.060938284837111496e+03	0.000000000000000000e+00	2.734666033999585012e-03
4.066407279247182487e+03	0.000000000000000000e+00	2.734328595406014268e-03
4.071875599083678935e+03	0.000000000000000000e+00	2.733991460162356855e-03
4.077343244952644454e+03	0.000000000000000000e+00	2.733654627616354145e-03
4.082810217458841635e+03	0.000000000000000000e+00	2.733318097118044715e-03
4.088276517205684286e+03	0.000000000000000000e+00	2.732981868019765219e-03
4.093742144795342028e+03	0.000000000000000000e+00	2.732645939676067986e-03
4.099207100828672992e+03	0.000000000000000000e+00	2.732310311443849823e-03
4.104671385905286115e+03	0.000000000000000000e+00	2.731974982682230588e-03
4.110135000623462474e+03	0.000000000000000000e+00	2.731639952752538004e-03
4.115597945580248052e+03	0.000000000000000000e+00	2.731305221018356672e-03
4.121060221371355510e+03	0.000000000000000000e+00	2.730970786845528069e-03
4.126521828591291523e+03	0.000000000000000000e+00	2.730636649602054700e-03
4.131982767833296748e+03	0.000000000000000000e+00	2.730302808658128730e-03
4.137443039689353100e+03	0.000000000000000000e+00	2.729969263386177944e-03
4.142902644750146465e+03	0.000000000000000000e+00	2.729636013160785957e-03
4.148361583605149463e+03	0.000000000000000000e+00	2.729303057358691779e-03
4.153819856842624176e+03	0.000000000000000000e+00	2.728970395358779836e-03
4.159277465049532111e+03	0.000000000000000000e+00	2.728638026542145895e-03
4.164734408811618778e+03	0.000000000000000000e+00	2.728305950291955682e-03
4.170190688713399140e+03	0.000000000000000000e+00	2.727974165993537689e-03
4.175646305338184902e+03	0.000000000000000000e+00	2.727642673034337203e-03
4.181101259268024478e+03	0.000000000000000000e+00	2.727311470803846487e-03
4.186555551083777573e+03	0.000000000000000000e+00	2.726980558693751795e-03
4.192009181365057884e+03	0.000000000000000000e+00	2.726649936097761198e-03
4.197462150690290400e+03	0.000000000000000000e+00	2.726319602411672247e-03
4.202914459636711399e+03	0.000000000000000000e+00	2.725989557033334666e-03
4.208366108780316608e+03	0.000000000000000000e+00	2.725659799362672477e-03
4.213817098695946697e+03	0.000000000000000000e+00	2.725330328801657976e-03
4.219267429957216336e+03	0.000000000000000000e+00	2.725001144754292219e-03
4.224717103136535115e+03	0.000000000000000000e+00	2.724672246626631475e-03
4.230166118805170299e+03	0.000000000000000000e+00	2.724343633826726511e-03
4.235614477533199533e+03	0.000000000000000000e+00	2.724015305764620424e-03
4.241062179889478102e+03	0.000000000000000000e+00	2.723687261852390708e-03
4.246509226441738065e+03	0.000000000000000000e+00	2.723359501504084203e-03
4.251955617756500033e+03	0.000000000000000000e+00	2.723032024135724032e-03
4.257401354399184129e+03	0.000000000000000000e+00	2.722704829165334753e-03
4.262846436933993573e+03	0.000000000000000000e+00	2.722377916012864302e-03
4.268290865923973797e+03	0.000000000000000000e+00	2.722051284100241234e-03
4.273734641931016085e+03	0.000000000000000000e+00	2.721724932851325718e-03
4.279177765515893952e+03	0.000000000000000000e+00	2.721398861691918213e-03
4.284620237238205846e+03	0.000000000000000000e+00	2.721073070049757296e-03
4.290062057656386060e+03	0.000000000000000000e+00	2.720747557354464587e-03
4.295503227327808418e+03	0.000000000000000000e+00	2.720422323037611102e-03
4.300943746808645301e+03	0.000000000000000000e+00	2.720097366532627913e-03
4.306383616653958597e+03	0.000000000000000000e+00	2.719772687274893321e-03
4.311822837417670598e+03	0.000000000000000000e+00	2.719448284701621830e-03
4.317261409652584916e+03	0.000000000000000000e+00	2.719124158251920963e-03
4.322699333910432870e+03	0.000000000000000000e+00	2.718800307366715362e-03
4.328136610741716140e+03	0.000000000000000000e+00	2.718476731488833967e-03
4.333573240695925961e+03	0.000000000000000000e+00	2.718153430062980516e-03
4.339009224321415786e+03	0.000000000000000000e+00	2.717830402535645513e-03
4.344444562165424031e+03	0.000000000000000000e+00	2.717507648355157839e-03
4.349879254774099536e+03	0.000000000000000000e+00	2.717185166971702957e-03
4.355313302692472462e+03	0.000000000000000000e+00	2.716862957837256568e-03
4.360746706464513409e+03	0.000000000000000000e+00	2.716541020405576368e-03
4.366179466633074298e+03	0.000000000000000000e+00	2.716219354132257124e-03
4.371611583739922935e+03	0.000000000000000000e+00	2.715897958474660853e-03
4.377043058325754828e+03	0.000000000000000000e+00	2.715576832891945010e-03
4.382473890930175003e+03	0.000000000000000000e+00	2.715255976845058587e-03
4.387904082091735290e+03	0.000000000000000000e+00	2.714935389796691370e-03
4.393333632347884304e+03	0.000000000000000000e+00	2.714615071211265267e-03
4.398762542234987450e+03	0.000000000000000000e+00	2.714295020555006731e-03
4.404190812288425150e+03	0.000000000000000000e+00	2.713975237295834439e-03
4.409618443042434592e+03	0.000000000000000000e+00	2.713655720903453833e-03
4.415045435030218869e+03	0.000000000000000000e+00	2.713336470849233954e-03
4.420471788783920601e+03	0.000000000000000000e+00	2.713017486606326273e-03
4.425897504834647407e+03	0.000000000000000000e+00	2.712698767649555833e-03
4.431322583712470077e+03	0.000000000000000000e+00	2.712380313455466357e-03
4.436747025946358008e+03	0.000000000000000000e+00	2.712062123502268201e-03
4.442170832064262868e+03	0.000000000000000000e+00	2.711744197269896472e-03
4.447594002593126788e+03	0.000000000000000000e+00	2.711426534239936865e-03
4.453016538058825063e+03	0.000000000000000000e+00	2.711109133895712401e-03
4.458438438986215260e+03	0.000000000000000000e+00	2.710791995722117761e-03
4.463859705899136316e+03	0.000000000000000000e+00	2.710475119205768904e-03
4.469280339320368512e+03	0.000000000000000000e+00	2.710158503834894216e-03
4.474700339771723520e+03	0.000000000000000000e+00	2.709842149099414305e-03
4.480119707773957998e+03	0.000000000000000000e+00	2.709526054490849628e-03
4.485538443846817245e+03	0.000000000000000000e+00	2.709210219502377302e-03
4.490956548509007916e+03	0.000000000000000000e+00	2.708894643628722253e-03
4.496374022278277153e+03	0.000000000000000000e+00	2.708579326366337622e-03
4.501790865671347092e+03	0.000000000000000000e+00	2.708264267213203978e-03
4.507207079203979447e+03	0.000000000000000000e+00	2.707949465668919951e-03
4.512622663390796333e+03	0.000000000000000000e+00	2.707634921234688789e-03
4.518037618745574946e+03	0.000000000000000000e+00	2.707320633413322266e-03
4.523451945781042014e+03	0.000000000000000000e+00	2.707006601709159143e-03
4.528865645008925640e+03	0.000000000000000000e+00	2.706692825628135429e-03
4.534278716939995320e+03	0.000000000000000000e+00	2.706379304677747951e-03
4.539691162084013740e+03	0.000000000000000000e+00	2.706066038367081240e-03
4.545102980949761331e+03	0.000000000000000000e+00	2.705753026206730773e-03
4.550514174045059008e+03	0.000000000000000000e+00	2.705440267708884069e-03
4.555924741876743610e+03	0.000000000000000000e+00	2.705127762387233084e-03
4.561334684950693372e+03	0.000000000000000000e+00	2.704815509757021053e-03
4.566744003771795178e+03	0.000000000000000000e+00	2.704503509334973532e-03
4.572152698843989128e+03	0.000000000000000000e+00	2.704191760639412020e-03
4.577560770670241254e+03	0.000000000000000000e+00	2.703880263190116488e-03
4.582968219752558070e+03	0.000000000000000000e+00	2.703569016508344889e-03
4.588375046591987484e+03	0.000000000000000000e+00	2.703258020116909056e-03
4.593781251688677003e+03	0.000000000000000000e+00	2.702947273540113552e-03
4.599186835541751861e+03	0.000000000000000000e+00	2.702636776303753499e-03
4.604591798649435077e+03	0.000000000000000000e+00	2.702326527935051698e-03
4.609996141508976507e+03	0.000000000000000000e+00	2.702016527962752303e-03
4.615399864616694686e+03	0.000000000000000000e+00	2.701706775917034949e-03
4.620802968467973187e+03	0.000000000000000000e+00	2.701397271329592821e-03
4.626205453557254259e+03	0.000000000000000000e+00	2.701088013733524661e-03
4.631607320378092481e+03	0.000000000000000000e+00	2.700779002663383777e-03
4.637008569423053814e+03	0.000000000000000000e+00	2.700470237655186716e-03
4.642409201183813821e+03	0.000000000000000000e+00	2.700161718246423242e-03
4.647809216151071269e+03	0.000000000000000000e+00	2.699853443975891096e-03
4.653208614814677276e+03	0.000000000000000000e+00	2.699545414383933226e-03
4.658607397663517986e+03	0.000000000000000000e+00	2.699237629012262146e-03
4.664005565185577325e+03	0.000000000000000000e+00	2.698930087403997660e-03
4.669403117867907895e+03	0.000000000000000000e+00	2.698622789103684652e-03
4.674800056196705555e+03	0.000000000000000000e+00	2.698315733657266190e-03
4.680196380657203008e+03	0.000000000000000000e+00	2.698008920612048403e-03
4.685592091733780762e+03	0.000000000000000000e+00	2.697702349516770300e-03
4.690987189909838889e+03	0.000000000000000000e+00	2.697396019921551730e-03
4.696381675667959826e+03	0.000000000000000000e+00	2.697089931377827897e-03
4.701775549489783771e+03	0.000000000000000000e+00	2.696784083438473825e-03
4.707168811856066895e+03	0.000000000000000000e+00	2.696478475657722827e-03
4.712561463246715903e+03	0.000000000000000000e+00	2.696173107591137881e-03
4.717953504140698897e+03	0.000000000000000000e+00	2.695867978795659335e-03
4.723344935016112686e+03	0.000000000000000000e+00	2.695563088829552000e-03
4.728735756350163683e+03	0.000000000000000000e+00	2.695258437252432901e-03
4.734125968619208834e+03	0.000000000000000000e+00	2.694954023625276054e-03
4.739515572298704683e+03	0.000000000000000000e+00	2.694649847510392510e-03
4.744904567863238299e+03	0.000000000000000000e+00	2.694345908471361406e-03
4.750292955786512721e+03	0.000000000000000000e+00	2.694042206073160497e-03
4.755680736541414262e+03	0.000000000000000000e+00	2.693738739882023045e-03
4.761067910599889728e+03	0.000000000000000000e+00	2.693435509465519351e-03
4.766454478433060103e+03	0.000000000000000000e+00	2.693132514392519456e-03
4.771840440511191446e+03	0.000000000000000000e+00	2.692829754233191843e-03
4.777225797303665786e+03	0.000000000000000000e+00	2.692527228558983920e-03
4.782610549279040242e+03	0.000000000000000000e+00	2.692224936942645870e-03
4.787994696904965167e+03	0.000000000000000000e+00	2.691922878958244968e-03
4.793378240648374231e+03	0.000000000000000000e+00	2.691621054181061058e-03
4.798761180975187926e+03	0.000000000000000000e+00	2.691319462187679364e-03
4.804143518350571867e+03	0.000000000000000000e+00	2.691018102555979650e-03
4.809525253238806727e+03	0.000000000000000000e+00	2.690716974865040370e-03
4.814906386103365548e+03	0.000000000000000000e+00	2.690416078695226278e-03
4.820286917406863722e+03	0.000000000000000000e+00	2.690115413628182787e-03
4.825666847611110825e+03	0.000000000000000000e+00	2.689814979246764846e-03
4.831046177177078789e+03	0.000000000000000000e+00	2.689514775135111099e-03
4.836424906564833691e+03	0.000000000000000000e+00	2.689214800878529394e-03
4.841803036233691273e+03	0.000000000000000000e+00	2.688915056063604769e-03
4.847180566642142367e+03	0.000000000000000000e+00	2.688615540278171696e-03
4.852557498247813783e+03	0.000000000000000000e+00	2.688316253111213035e-03
4.857933831507545619e+03	0.000000000000000000e+00	2.688017194153019193e-03
4.863309566877351244e+03	0.000000000000000000e+00	2.687718362994977791e-03
4.868684704812408199e+03	0.000000000000000000e+00	2.687419759229799608e-03
4.874059245767087305e+03	0.000000000000000000e+00	2.687121382451332103e-03
4.879433190194986310e+03	0.000000000000000000e+00	2.686823232254653953e-03
4.884806538548864410e+03	0.000000000000000000e+00	2.686525308235993090e-03
4.890179291280643156e+03	0.000000000000000000e+00	2.686227609992823846e-03
4.895551448841480124e+03	0.000000000000000000e+00	2.685930137123754627e-03
4.900923011681745265e+03	0.000000000000000000e+00	2.685632889228557838e-03
4.906293980250976347e+03	0.000000000000000000e+00	2.685335865908233637e-03
4.911664354997913506e+03	0.000000000000000000e+00	2.685039066764928831e-03
4.917034136370521992e+03	0.000000000000000000e+00	2.684742491401943387e-03
4.922403324815973974e+03	0.000000000000000000e+00	2.684446139423747341e-03
4.927771920780640357e+03	0.000000000000000000e+00	2.684150010435931363e-03
4.933139924710110790e+03	0.000000000000000000e+00	2.683854104045309968e-03
4.938507337049184571e+03	0.000000000000000000e+00	2.683558419859754119e-03
4.943874158241864279e+03	0.000000000000000000e+00	2.683262957488338242e-03
4.949240388731403982e+03	0.000000000000000000e+00	2.682967716541280381e-03
4.954606028960260119e+03	0.000000000000000000e+00	2.682672696629866734e-03
4.959971079370117877e+03	0.000000000000000000e+00	2.682377897366589568e-03
4.965335540401881190e+03	0.000000000000000000e+00	2.682083318364994560e-03
4.970699412495697288e+03	0.000000000000000000e+00	2.681788959239764063e-03
4.976062696090927602e+03	0.000000000000000000e+00	2.681494819606750502e-03
4.981425391626175042e+03	0.000000000000000000e+00	2.681200899082838030e-03
4.986787499539292185e+03	0.000000000000000000e+00	2.680907197286054849e-03
4.992149020267323067e+03	0.000000000000000000e+00	2.680613713835506423e-03
4.997509954246570487e+03	0.000000000000000000e+00	2.680320448351434463e-03
5.002870301912620562e+03	0.000000000000000000e+00	2.680027400455138858e-03
5.008230063700309074e+03	0.000000000000000000e+00	2.679734569769019314e-03
5.013589240043576865e+03	0.000000000000000000e+00	2.679441955916571881e-03
5.018947831375783608e+03	0.000000000000000000e+00	2.679149558522359899e-03
5.024305838129444965e+03	0.000000000000000000e+00	2.678857377212018765e-03
5.029663260736369921e+03	0.000000000000000000e+00	2.678565411612221243e-03
5.035020099627594391e+03	0.000000000000000000e+00	2.678273661350796721e-03
5.040376355233436698e+03	0.000000000000000000e+00	2.677982126056543868e-03
5.045732027983448461e+03	0.000000000000000000e+00	2.677690805359375908e-03
5.051087118306441880e+03	0.000000000000000000e+00	2.677399698890291137e-03
5.056441626630549763e+03	0.000000000000000000e+00	2.677108806281209858e-03
5.061795553383095466e+03	0.000000000000000000e+00	2.676818127165209431e-03
5.067148898990712041e+03	0.000000000000000000e+00	2.676527661176403283e-03
5.072501663879284934e+03	0.000000000000000000e+00	2.676237407949894499e-03
5.077853848473956532e+03	0.000000000000000000e+00	2.675947367121862559e-03
5.083205453199185285e+03	0.000000000000000000e+00	2.675657538329490916e-03
5.088556478478658391e+03	0.000000000000000000e+00	2.675367921211015566e-03
5.093906924735379107e+03	0.000000000000000000e+00	2.675078515405643082e-03
5.099256792391620365e+03	0.000000000000000000e+00	2.674789320553674649e-03
5.104606081868908404e+03	0.000000000000000000e+00	2.674500336296365983e-03
5.109954793588080065e+03	0.000000000000000000e+00	2.674211562276022740e-03
5.115302927969256416e+03	0.000000000000000000e+00	2.673922998135911614e-03
5.120650485431863672e+03	0.000000000000000000e+00	2.673634643520330159e-03
5.125997466394552248e+03	0.000000000000000000e+00	2.673346498074588139e-03
5.131343871275320453e+03	0.000000000000000000e+00	2.673058561444945948e-03
5.136689700491465373e+03	0.000000000000000000e+00	2.672770833278721291e-03
5.142034954459548317e+03	0.000000000000000000e+00	2.672483313224133065e-03
5.147379633595423002e+03	0.000000000000000000e+00	2.672196000930498680e-03
5.152723738314308321e+03	0.000000000000000000e+00	2.671908896047991630e-03
5.158067269030651914e+03	0.000000000000000000e+00	2.671621998227842291e-03
5.163410226158232945e+03	0.000000000000000000e+00	2.671335307122225163e-03
5.168752610110123896e+03	0.000000000000000000e+00	2.671048822384292261e-03
5.174094421298723319e+03	0.000000000000000000e+00	2.670762543668143193e-03
5.179435660135733087e+03	0.000000000000000000e+00	2.670476470628905825e-03
5.184776327032160225e+03	0.000000000000000000e+00	2.670190602922584491e-03
5.190116422398362374e+03	0.000000000000000000e+00	2.669904940206171019e-03
5.195455946643897732e+03	0.000000000000000000e+00	2.669619482137606126e-03
5.200794900177753334e+03	0.000000000000000000e+00	2.669334228375757311e-03
5.206133283408221359e+03	0.000000000000000000e+00	2.669049178580488665e-03
5.211471096742878217e+03	0.000000000000000000e+00	2.668764332412536851e-03
5.216808340588669125e+03	0.000000000000000000e+00	2.668479689533619949e-03
5.222145015351796246e+03	0.000000000000000000e+00	2.668195249606398860e-03
5.227481121437836919e+03	0.000000000000000000e+00	2.667911012294412691e-03
5.232816659251687270e+03	0.000000000000000000e+00	2.667626977262175028e-03
5.238151629197584043e+03	0.000000000000000000e+00	2.667343144175099781e-03
5.243486031679066400e+03	0.000000000000000000e+00	2.667059512699537609e-03
5.248819867099038674e+03	0.000000000000000000e+00	2.666776082502742961e-03
5.254153135859733993e+03	0.000000000000000000e+00	2.666492853252849359e-03
5.259485838362676077e+03	0.000000000000000000e+00	2.666209824618933581e-03
5.264817975008810208e+03	0.000000000000000000e+00	2.665926996271023031e-03
5.270149546198341341e+03	0.000000000000000000e+00	2.665644367879965639e-03
5.275480552330874161e+03	0.000000000000000000e+00	2.665361939117544352e-03
5.280810993805344879e+03	0.000000000000000000e+00	2.665079709656470626e-03
5.286140871020094892e+03	0.000000000000000000e+00	2.664797679170261262e-03
5.291470184372597942e+03	0.000000000000000000e+00	2.664515847333377187e-03
5.296798934259913949e+03	0.000000000000000000e+00	2.664234213821189187e-03
5.302127121078351593e+03	0.000000000000000000e+00	2.663952778309920232e-03
5.307454745223600185e+03	0.000000000000000000e+00	2.663671540476657187e-03
5.312781807090695111e+03	0.000000000000000000e+00	2.663390499999396342e-03
5.318108307074015102e+03	0.000000000000000000e+00	2.663109656557014360e-03
5.323434245567330436e+03	0.000000000000000000e+00	2.662829009829183278e-03
5.328759622963730180e+03	0.000000000000000000e+00	2.662548559496521854e-03
5.334084439655684037e+03	0.000000000000000000e+00	2.662268305240478045e-03
5.339408696035017783e+03	0.000000000000000000e+00	2.661988246743358065e-03
5.344732392492969666e+03	0.000000000000000000e+00	2.661708383688324211e-03
5.350055529420095809e+03	0.000000000000000000e+00	2.661428715759422622e-03
5.355378107206311142e+03	0.000000000000000000e+00	2.661149242641518229e-03
5.360700126240933059e+03	0.000000000000000000e+00	2.660869964020329877e-03
5.366021586912652310e+03	0.000000000000000000e+00	2.660590879582429898e-03
5.371342489609525728e+03	0.000000000000000000e+00	2.660311989015223290e-03
5.376662834718959857e+03	0.000000000000000000e+00	2.660033292006904349e-03
5.381982622627782803e+03	0.000000000000000000e+00	2.659754788246602390e-03
5.387301853722134183e+03	0.000000000000000000e+00	2.659476477424213038e-03
5.392620528387650666e+03	0.000000000000000000e+00	2.659198359230488876e-03
5.397938647009247688e+03	0.000000000000000000e+00	2.658920433356993032e-03
5.403256209971268618e+03	0.000000000000000000e+00	2.658642699496089647e-03
5.408573217657400164e+03	0.000000000000000000e+00	2.658365157341006316e-03
5.413889670450799713e+03	0.000000000000000000e+00	2.658087806585753866e-03
5.419205568733908876e+03	0.000000000000000000e+00	2.657810646925232168e-03
5.424520912888628118e+03	0.000000000000000000e+00	2.657533678055004189e-03
5.429835703296243992e+03	0.000000000000000000e+00	2.657256899671590466e-03
5.435149940337420048e+03	0.000000000000000000e+00	2.656980311472234482e-03
5.440463624392196834e+03	0.000000000000000000e+00	2.656703913155006314e-03
5.445776755840093756e+03	0.000000000000000000e+00	2.656427704418782686e-03
5.451089335059948098e+03	0.000000000000000000e+00	2.656151684963212276e-03
5.456401362430016889e+03	0.000000000000000000e+00	2.655875854488761248e-03
5.461712838327975078e+03	0.000000000000000000e+00	2.655600212696678560e-03
5.467023763130851876e+03	0.000000000000000000e+00	2.655324759289005940e-03
5.472334137215154442e+03	0.000000000000000000e+00	2.655049493968567910e-03
5.477643960956744195e+03	0.000000000000000000e+00	2.654774416438951401e-03
5.482953234730923214e+03	0.000000000000000000e+00	2.654499526404572110e-03
5.488261958912348746e+03	0.000000000000000000e+00	2.654224823570581690e-03
5.493570133875182364e+03	0.000000000000000000e+00	2.653950307642931068e-03
5.498877759992908977e+03	0.000000000000000000e+00	2.653675978328285442e-03
5.504184837638455974e+03	0.000000000000000000e+00	2.653401835334130102e-03
5.509491367184199589e+03	0.000000000000000000e+00	2.653127878368712316e-03
5.514797349001883958e+03	0.000000000000000000e+00	2.652854107141081226e-03
5.520102783462705702e+03	0.000000000000000000e+00	2.652580521360973359e-03
5.525407670937268449e+03	0.000000000000000000e+00	2.652307120738912373e-03
5.530712011795597391e+03	0.000000000000000000e+00	2.652033904986169158e-03
5.536015806407147466e+03	0.000000000000000000e+00	2.651760873814784387e-03
5.541319055140762430e+03	0.000000000000000000e+00	2.651488026937564180e-03
5.546621758364792186e+03	0.000000000000000000e+00	2.651215364068022860e-03
5.551923916446938165e+03	0.000000000000000000e+00	2.650942884920425447e-03
5.557225529754381569e+03	0.000000000000000000e+00	2.650670589209808050e-03
5.562526598653679685e+03	0.000000000000000000e+00	2.650398476651918880e-03
5.567827123510899582e+03	0.000000000000000000e+00	2.650126546963224757e-03
5.573127104691445311e+03	0.000000000000000000e+00	2.649854799861011724e-03
5.578426542560222515e+03	0.000000000000000000e+00	2.649583235063202469e-03
5.583725437481579320e+03	0.000000000000000000e+00	2.649311852288484259e-03
5.589023789819257217e+03	0.000000000000000000e+00	2.649040651256264270e-03
5.594321599936492930e+03	0.000000000000000000e+00	2.648769631686715559e-03
5.599618868195888354e+03	0.000000000000000000e+00	2.648498793300686424e-03
5.604915594959544251e+03	0.000000000000000000e+00	2.648228135819768927e-03
5.610211780589015689e+03	0.000000000000000000e+00	2.647957658966220828e-03
5.615507425445260196e+03	0.000000000000000000e+00	2.647687362463087887e-03
5.620802529888701429e+03	0.000000000000000000e+00	2.647417246034112354e-03
5.626097094279226440e+03	0.000000000000000000e+00	2.647147309403687868e-03
5.631391118976147482e+03	0.000000000000000000e+00	2.646877552296958338e-03
5.636684604338241115e+03	0.000000000000000000e+00	2.646607974439767197e-03
5.641977550723732747e+03	0.000000000000000000e+00	2.646338575558669984e-03
5.647269958490335739e+03	0.000000000000000000e+00	2.646069355380905284e-03
5.652561827995117710e+03	0.000000000000000000e+00	2.645800313634409043e-03
5.657853159594692443e+03	0.000000000000000000e+00	2.645531450047820636e-03
5.663143953645114379e+03	0.000000000000000000e+00	2.645262764350475495e-03
5.668434210501899543e+03	0.000000000000000000e+00	2.644994256272355671e-03
