0.000000000000000000e+00
1.047737896442413330e-09
4.074536263942718506e-09
9.778887033462524414e-09
1.722946763038635254e-08
2.409797161817550659e-08
3.096647560596466064e-08
3.771856427192687988e-08
4.679895937442779541e-08
5.459878593683242798e-08
6.263144314289093018e-08
7.089693099260330200e-08
7.904600352048873901e-08
8.719507604837417603e-08
9.534414857625961304e-08
1.054722815752029419e-07
1.160660758614540100e-07
1.244479790329933167e-07
1.342268660664558411e-07
1.433072611689567566e-07
1.526204869151115417e-07
1.618172973394393921e-07
1.711305230855941772e-07
1.800945028662681580e-07
1.895241439342498779e-07
2.015149220824241638e-07
2.145534381270408630e-07
2.242159098386764526e-07
2.339947968721389771e-07
2.448214218020439148e-07
2.556480467319488525e-07
2.661254256963729858e-07
2.763699740171432495e-07
2.869637683033943176e-07
2.974411472678184509e-07
3.076856955885887146e-07
3.185123205184936523e-07
3.292225301265716553e-07
3.428431227803230286e-07
3.568129613995552063e-07
3.697350621223449707e-07
3.810273483395576477e-07
3.915047273039817810e-07
4.019821062684059143e-07
4.160683602094650269e-07
4.270114004611968994e-07
4.376051947474479675e-07
4.504108801484107971e-07
4.614703357219696045e-07
4.734611138701438904e-07
4.853354766964912415e-07
4.984904080629348755e-07
5.135079845786094666e-07
5.288748070597648621e-07
5.461042746901512146e-07
5.593756213784217834e-07
5.733454599976539612e-07
5.874317139387130737e-07
6.012851372361183167e-07
6.192130967974662781e-07
6.339978426694869995e-07
6.476184353232383728e-07
6.641494110226631165e-07
6.771879270672798157e-07
6.930204108357429504e-07
7.062917575240135193e-07
7.200287654995918274e-07
7.350463420152664185e-07
7.512280717492103577e-07
7.636845111846923828e-07
7.818453013896942139e-07
7.959315553307533264e-07
8.111819624900817871e-07
8.252682164311408997e-07
8.387723937630653381e-07
8.535571396350860596e-07
8.691567927598953247e-07
8.844071999192237854e-07
8.984934538602828979e-07
9.163049980998039246e-07
9.309733286499977112e-07
9.450595825910568237e-07
9.599607437849044800e-07
9.734649211168289185e-07
9.882496669888496399e-07
1.002452336251735687e-06
1.018750481307506561e-06
1.033418811857700348e-06
1.050415448844432831e-06
1.065898686647415161e-06
1.081032678484916687e-06
1.095118932425975800e-06
1.109787262976169586e-06
1.124106347560882568e-06
1.139007508754730225e-06
1.154141500592231750e-06
1.169973984360694885e-06
1.186039298772811890e-06
1.203618012368679047e-06
1.218984834849834442e-06
1.233653165400028229e-06
1.248321495950222015e-06
1.262524165213108063e-06
1.277076080441474915e-06
1.292093656957149506e-06
1.306761987507343292e-06
1.323525793850421906e-06
1.339474692940711975e-06
1.357402652502059937e-06
1.372769474983215332e-06
1.388369128108024597e-06
1.403037458658218384e-06
1.417240127921104431e-06
1.432490535080432892e-06
1.446926034986972809e-06
1.462176442146301270e-06
1.478358171880245209e-06
1.494074240326881409e-06
1.512118615210056305e-06
1.529580913484096527e-06
1.544831320643424988e-06
1.560430973768234253e-06
1.575099304318428040e-06
1.590116880834102631e-06
1.604668796062469482e-06
1.619220711290836334e-06
1.634471118450164795e-06
1.650885678827762604e-06
1.667533069849014282e-06
1.685461029410362244e-06
1.703388988971710205e-06
1.718988642096519470e-06
1.734588295221328735e-06
1.749023795127868652e-06
1.763342879712581635e-06
1.779291778802871704e-06
1.793960109353065491e-06
1.809676177799701691e-06
1.825974322855472565e-06
1.843203790485858917e-06
1.861480996012687683e-06
1.880223862826824188e-06
1.895474269986152649e-06
1.912470906972885132e-06
1.927604898810386658e-06
1.942156814038753510e-06
1.957407221198081970e-06
1.972424797713756561e-06
1.987442374229431152e-06
2.003507688641548157e-06
2.020969986915588379e-06
2.039712853729724884e-06
2.058455720543861389e-06
2.076732926070690155e-06
2.092216163873672485e-06
2.108630724251270294e-06
2.123764716088771820e-06
2.137850970029830933e-06
2.154149115085601807e-06
2.169748768210411072e-06
2.184649929404258728e-06
2.200598828494548798e-06
2.218876034021377563e-06
2.237502485513687134e-06
2.256594598293304443e-06
2.275221049785614014e-06
2.291402779519557953e-06
2.308166585862636566e-06
2.323300577700138092e-06
2.338434569537639618e-06
2.353219315409660339e-06
2.369401045143604279e-06
2.384535036981105804e-06
2.399669028818607330e-06
2.417946234345436096e-06
2.437038347125053406e-06
2.456828951835632324e-06
2.474756911396980286e-06
2.492684870958328247e-06
2.508051693439483643e-06
2.525048330426216125e-06
2.539833076298236847e-06
2.554850652813911438e-06
2.571730874478816986e-06
2.586981281638145447e-06
2.602231688797473907e-06
2.617831341922283173e-06
2.638087607920169830e-06
2.656830474734306335e-06
2.676621079444885254e-06
2.695014700293540955e-06
2.712709829211235046e-06
2.728076651692390442e-06
2.744956873357295990e-06
2.760090865194797516e-06
2.774992026388645172e-06
2.791290171444416046e-06
2.807122655212879181e-06
2.822605893015861511e-06
2.838089130818843842e-06
2.858811058104038239e-06
2.877670340240001678e-06
2.897926606237888336e-06
2.916087396442890167e-06
2.934015356004238129e-06
2.950429916381835938e-06
2.966960892081260681e-06
2.983375452458858490e-06
2.997578121721744537e-06
3.013410605490207672e-06
3.030756488442420959e-06
3.045657649636268616e-06
3.061373718082904816e-06
3.080582246184349060e-06
3.101420588791370392e-06
3.120396286249160767e-06
3.140652552247047424e-06
3.159046173095703125e-06
3.174878656864166260e-06
3.191642463207244873e-06
3.207358531653881073e-06
3.222958184778690338e-06
3.238557837903499603e-06
3.254855982959270477e-06
3.271270543336868286e-06
3.286637365818023682e-06
3.302586264908313751e-06
3.324821591377258301e-06
3.344030119478702545e-06
3.363238647580146790e-06
3.383494913578033447e-06
3.401539288461208344e-06
3.417371772229671478e-06
3.435765393078327179e-06
3.451481461524963379e-06
3.467546775937080383e-06
3.482564352452754974e-06
3.498978912830352783e-06
3.515859134495258331e-06
3.532157279551029205e-06
3.547873347997665405e-06
3.569410182535648346e-06
3.589899279177188873e-06
3.609457053244113922e-06
3.630062565207481384e-06
3.648805432021617889e-06
3.664521500468254089e-06
3.682449460029602051e-06
3.698980435729026794e-06
3.715511411428451538e-06
3.729946911334991455e-06
3.746594302356243134e-06
3.763940185308456421e-06
3.780587576329708099e-06
3.796070814132690430e-06
3.815512172877788544e-06
3.837165422737598419e-06
3.857072442770004272e-06
3.876863047480583191e-06
3.897002898156642914e-06
3.913999535143375397e-06
3.930297680199146271e-06
3.948924131691455841e-06
3.964873030781745911e-06
3.981171175837516785e-06
3.996537998318672180e-06
4.013418219983577728e-06
4.030764102935791016e-06
4.047411493957042694e-06
4.062894731760025024e-06
4.085595719516277313e-06
4.106899723410606384e-06
4.126224666833877563e-06
4.146248102188110352e-06
4.166038706898689270e-06
4.183035343885421753e-06
4.199799150228500366e-06
4.218774847686290741e-06
4.234374500811100006e-06
4.250206984579563141e-06
4.265690222382545471e-06
4.282104782760143280e-06
4.300614818930625916e-06
4.316680133342742920e-06
4.333094693720340729e-06
4.355213604867458344e-06
4.377099685370922089e-06
4.397472366690635681e-06
4.416680894792079926e-06
4.437053576111793518e-06
4.455447196960449219e-06
4.471163265407085419e-06
4.489906132221221924e-06
4.506902769207954407e-06
4.522618837654590607e-06
4.538451321423053741e-06
4.554633051156997681e-06
4.573259502649307251e-06
4.589790478348731995e-06
4.606205038726329803e-06
4.625995643436908722e-06
4.648580215871334076e-06
4.669651389122009277e-06
4.690256901085376740e-06
4.709931090474128723e-06
4.730420187115669250e-06
4.747300408780574799e-06
4.763249307870864868e-06
4.781992174685001373e-06
4.798639565706253052e-06
4.813657142221927643e-06
4.830886609852313995e-06
4.847068339586257935e-06
4.865578375756740570e-06
4.881643690168857574e-06
4.898756742477416992e-06
4.921108484268188477e-06
4.942296072840690613e-06
4.963600076735019684e-06
4.983856342732906342e-06
5.003064870834350586e-06
5.023204721510410309e-06
5.039735697209835052e-06
5.055568180978298187e-06
5.074893124401569366e-06
5.091773346066474915e-06
5.106907337903976440e-06
5.124951712787151337e-06
5.140900611877441406e-06
5.159294232726097107e-06
5.176174454391002655e-06
5.193054676055908203e-06
5.216104909777641296e-06
5.237292498350143433e-06
5.259178578853607178e-06
5.278852768242359161e-06
5.299341864883899689e-06
5.318783223628997803e-06
5.336361937224864960e-06
5.353242158889770508e-06
5.371170118451118469e-06
5.389214493334293365e-06
5.404814146459102631e-06
5.420995876193046570e-06
5.438458174467086792e-06
5.455221980810165405e-06
5.473848432302474976e-06
5.489797331392765045e-06
5.510286428034305573e-06
5.533453077077865601e-06
5.554407835006713867e-06
5.575362592935562134e-06
5.595269612967967987e-06
5.615525878965854645e-06
5.634501576423645020e-06
5.651381798088550568e-06
5.668378435075283051e-06
5.686422809958457947e-06
5.704117938876152039e-06
5.718087777495384216e-06
5.735084414482116699e-06
5.753245204687118530e-06
5.771056748926639557e-06
5.788286216557025909e-06
5.806679837405681610e-06
5.828565917909145355e-06
5.851150490343570709e-06
5.872454494237899780e-06
5.894224159419536591e-06
5.914247594773769379e-06
5.934154614806175232e-06
5.952431820333003998e-06
5.969661287963390350e-06
5.987123586237430573e-06
6.005284376442432404e-06
6.023212336003780365e-06
6.037065759301185608e-06
6.054295226931571960e-06
6.072223186492919922e-06
6.089801900088787079e-06
6.107846274971961975e-06
6.127753295004367828e-06
6.148358806967735291e-06
6.171525456011295319e-06
6.192363798618316650e-06
6.214133463799953461e-06
6.234506145119667053e-06
6.254296749830245972e-06
6.273505277931690216e-06
6.291549652814865112e-06
6.308313459157943726e-06
6.327172741293907166e-06
6.344867870211601257e-06
6.360700353980064392e-06
6.376532837748527527e-06
6.394810043275356293e-06
6.412388756871223450e-06
6.431015208363533020e-06
6.451038643717765808e-06
6.471411325037479401e-06
6.494694389402866364e-06
6.515998393297195435e-06
6.537651643157005310e-06
6.559188477694988251e-06
6.579910404980182648e-06
6.599235348403453827e-06
6.617978215217590332e-06
6.635324098169803619e-06
6.653484888374805450e-06
6.671296432614326477e-06
6.688409484922885895e-06
6.704241968691349030e-06
6.721122190356254578e-06
6.739981472492218018e-06
6.757327355444431305e-06
6.775953806936740875e-06
6.798305548727512360e-06
6.819958798587322235e-06
6.843358278274536133e-06
6.864895112812519073e-06
6.886781193315982819e-06
6.907619535923004150e-06
6.928341463208198547e-06
6.947666406631469727e-06
6.966874934732913971e-06
6.984570063650608063e-06
7.003196515142917633e-06
7.020775228738784790e-06
7.038237527012825012e-06
7.053720764815807343e-06
7.071415893733501434e-06
7.088528946042060852e-06
7.106922566890716553e-06
7.127062417566776276e-06
7.147784344851970673e-06
7.170601747930049896e-06
7.194816134870052338e-06
7.216352969408035278e-06
7.238937541842460632e-06
7.260474376380443573e-06
7.281545549631118774e-06
7.301219739019870758e-06
7.319846190512180328e-06
7.338239811360836029e-06
7.356167770922183990e-06
7.375376299023628235e-06
7.392256520688533783e-06
7.409253157675266266e-06
7.426016964018344879e-06
7.442897185683250427e-06
7.461640052497386932e-06
7.480732165277004242e-06
7.502385415136814117e-06
7.523689419031143188e-06
7.547205314040184021e-06
7.570837624371051788e-06
7.592607289552688599e-06
7.615541107952594757e-06
7.636612281203269958e-06
7.657567039132118225e-06
7.677357643842697144e-06
7.695751264691352844e-06
7.714610546827316284e-06
7.733702659606933594e-06
7.751863449811935425e-06
7.767928764224052429e-06
7.786089554429054260e-06
7.803086191415786743e-06
7.821014150977134705e-06
7.839407771825790405e-06
7.860246114432811737e-06
7.882947102189064026e-06
7.904600352048873901e-06
7.929280400276184082e-06
7.951864972710609436e-06
7.973983883857727051e-06
7.997266948223114014e-06
8.017639629542827606e-06
8.038827218115329742e-06
8.059083484113216400e-06
8.076545782387256622e-06
8.096452802419662476e-06
8.115312084555625916e-06
8.134520612657070160e-06
8.150469511747360229e-06
8.168281055986881256e-06
8.185161277651786804e-06
8.202972821891307831e-06
8.220551535487174988e-06
8.242088370025157928e-06
8.264207281172275543e-06
8.286559022963047028e-06
8.311239071190357208e-06
8.335104212164878845e-06
8.356757462024688721e-06
8.380040526390075684e-06
8.401577360928058624e-06
8.422415703535079956e-06
8.443486876785755157e-06
8.461764082312583923e-06
8.482020348310470581e-06
8.500064723193645477e-06
8.520320989191532135e-06
8.538598194718360901e-06
8.555827662348747253e-06
8.573057129979133606e-06
8.589704521000385284e-06
8.608098141849040985e-06
8.626258932054042816e-06
8.650706149637699127e-06
8.671893738210201263e-06
8.695991709828376770e-06
8.720788173377513885e-06
8.743605576455593109e-06
8.765142410993576050e-06
8.788891136646270752e-06
8.810427971184253693e-06
8.831149898469448090e-06
8.852686733007431030e-06
8.870614692568778992e-06
8.890056051313877106e-06
8.908915333449840546e-06
8.928123861551284790e-06
8.944887667894363403e-06
8.962582796812057495e-06
8.980743587017059326e-06
8.997390978038311005e-06
9.016250260174274445e-06
9.035808034241199493e-06
9.060953743755817413e-06
9.081792086362838745e-06
9.107519872486591339e-06
9.132665582001209259e-06
9.155366569757461548e-06
9.176437743008136749e-06
9.201350621879100800e-06
9.222654625773429871e-06
9.242910891771316528e-06
9.264796972274780273e-06
9.282026439905166626e-06
9.301002137362957001e-06
9.321840479969978333e-06
9.340466931462287903e-06
9.357579983770847321e-06
9.375507943332195282e-06
9.394017979502677917e-06
9.411131031811237335e-06
9.428244084119796753e-06
9.448034688830375671e-06
9.473180398344993591e-06
9.495415724813938141e-06
9.520328603684902191e-06
9.546405635774135590e-06
9.569921530783176422e-06
9.591341949999332428e-06
9.614974260330200195e-06
9.636976756155490875e-06
9.658746421337127686e-06
9.680283255875110626e-06
9.698793292045593262e-06
9.717303328216075897e-06
9.737559594213962555e-06
9.757932275533676147e-06
9.775510989129543304e-06
9.793089702725410461e-06
9.811483323574066162e-06
9.830342605710029602e-06
9.847339242696762085e-06
9.866082109510898590e-06
9.891460649669170380e-06
9.914278052747249603e-06
9.938259609043598175e-06
9.963288903236389160e-06
9.988900274038314819e-06
1.001008786261081696e-05
1.003185752779245377e-05
1.005618833005428314e-05
1.007772516459226608e-05
1.009879633784294128e-05
1.011963468044996262e-05
1.013767905533313751e-05
1.015653833746910095e-05
1.017784234136343002e-05
1.019670162349939346e-05
1.021288335323333740e-05
1.023232471197843552e-05
1.025106757879257202e-05
1.026946119964122772e-05
1.028657425194978714e-05
1.030636485666036606e-05
1.033290755003690720e-05
1.035479363054037094e-05
1.037982292473316193e-05
1.040485221892595291e-05
1.043139491230249405e-05
1.045258250087499619e-05
1.047505065798759460e-05
1.049914862960577011e-05
1.052150037139654160e-05
1.054164022207260132e-05
1.056352630257606506e-05
1.058226916939020157e-05
1.060101203620433807e-05
1.062359660863876343e-05
1.064257230609655380e-05
1.065910328179597855e-05
1.067831180989742279e-05
1.069658901542425156e-05
1.071498263627290726e-05
1.073349267244338989e-05
1.075246836990118027e-05
1.077877823263406754e-05
1.080217771232128143e-05
1.082743983715772629e-05
1.085211988538503647e-05
1.087796408683061600e-05
1.090113073587417603e-05
1.092266757041215897e-05
1.094664912670850754e-05
1.096935011446475983e-05
1.099077053368091583e-05
1.101137604564428329e-05
1.103081740438938141e-05
1.104956027120351791e-05
1.107051502913236618e-05
1.109228469431400299e-05
1.110846642404794693e-05
1.112651079893112183e-05
1.114595215767621994e-05
1.116411294788122177e-05
1.118285581469535828e-05
1.120183151215314865e-05
1.122383400797843933e-05
1.125060953199863434e-05
1.127435825765132904e-05
1.130043528974056244e-05
1.132511533796787262e-05
1.135072670876979828e-05
1.137307845056056976e-05
1.139461528509855270e-05
1.141848042607307434e-05
1.144129782915115356e-05
1.146201975643634796e-05
1.148181036114692688e-05
1.150148455053567886e-05
1.152046024799346924e-05
1.154304482042789459e-05
1.156306825578212738e-05
1.157901715487241745e-05
1.159752719104290009e-05
1.161766704171895981e-05
1.163547858595848083e-05
1.165410503745079041e-05
1.167447771877050400e-05
1.169811002910137177e-05
1.172441989183425903e-05
1.174921635538339615e-05
1.177506055682897568e-05
1.180078834295272827e-05
1.182593405246734619e-05
1.184828579425811768e-05
1.187017187476158142e-05
1.189426984637975693e-05
1.191755291074514389e-05
1.193815842270851135e-05
1.195713412016630173e-05
1.197785604745149612e-05
1.199636608362197876e-05
1.201976556330919266e-05
1.203839201480150223e-05
1.205550506711006165e-05
1.207378227263689041e-05
1.209392212331295013e-05
1.211289782077074051e-05
1.213094219565391541e-05
1.215271186083555222e-05
1.217634417116641998e-05
1.220148988068103790e-05
1.222779974341392517e-05
1.225317828357219696e-05
1.227867323905229568e-05
1.230451744049787521e-05
1.232791692018508911e-05
1.234898809343576431e-05
1.237308606505393982e-05
1.239730045199394226e-05
1.241790596395730972e-05
1.243746373802423477e-05
1.245620660483837128e-05
1.247611362487077713e-05
1.249904744327068329e-05
1.251930370926856995e-05
1.253606751561164856e-05
1.255469396710395813e-05
1.257285475730895996e-05
1.259392593055963516e-05
1.261278521269559860e-05
1.263292506337165833e-05
1.265585888177156448e-05
1.268077176064252853e-05
1.270638313144445419e-05
1.273280940949916840e-05
1.275865361094474792e-05
1.278507988899946213e-05
1.281022559851408005e-05
1.283315941691398621e-05
1.285539474338293076e-05
1.287925988435745239e-05
1.290370710194110870e-05
1.292244996875524521e-05
1.294177491217851639e-05
1.296144910156726837e-05
1.298100687563419342e-05
1.300452277064323425e-05
1.302268356084823608e-05
1.304014585912227631e-05
1.305947080254554749e-05
1.307751517742872238e-05
1.309963408857584000e-05
1.311779487878084183e-05
1.313933171331882477e-05
1.316342968493700027e-05
1.318822614848613739e-05
1.321523450314998627e-05
1.324212644249200821e-05
1.326738856732845306e-05
1.329358201473951340e-05
1.331756357103586197e-05
1.334026455879211426e-05
1.336412969976663589e-05
1.338729634881019592e-05
1.341104507446289062e-05
1.343037001788616180e-05
1.344981137663125992e-05
1.346820499747991562e-05
1.348950900137424469e-05
1.351337414234876633e-05
1.353165134787559509e-05
1.355085987597703934e-05
1.357018481940031052e-05
1.358753070235252380e-05
1.360976602882146835e-05
1.362839248031377792e-05
1.365074422210454941e-05
1.367414370179176331e-05
1.370045356452465057e-05
1.372653059661388397e-05
1.375365536659955978e-05
1.377949956804513931e-05
1.380441244691610336e-05
1.383095514029264450e-05
1.385342329740524292e-05
1.387589145451784134e-05
1.390022225677967072e-05
1.392408739775419235e-05
1.394504215568304062e-05
1.396425068378448486e-05
1.398380845785140991e-05
1.400290057063102722e-05
1.402769703418016434e-05
1.404609065502882004e-05
1.406436786055564880e-05
1.408450771123170853e-05
1.410255208611488342e-05
1.412339042872190475e-05
1.414353027939796448e-05
1.416518352925777435e-05
1.418835017830133438e-05
1.421396154910326004e-05
1.424003858119249344e-05
1.426669768989086151e-05
1.429335679858922958e-05
1.431955024600028992e-05
1.434423029422760010e-05
1.436972524970769882e-05
1.439219340682029724e-05
1.441675703972578049e-05
1.443980727344751358e-05
1.446192618459463120e-05
1.448264811187982559e-05
1.450150739401578903e-05
1.452129799872636795e-05
1.454330049455165863e-05
1.456693280488252640e-05
1.458427868783473969e-05
1.460302155464887619e-05
1.462199725210666656e-05
1.464085653424263000e-05
1.466204412281513214e-05
1.468381378799676895e-05
1.470604911446571350e-05
1.472886651754379272e-05
1.475540921092033386e-05
1.478299964219331741e-05
1.480989158153533936e-05
1.483678352087736130e-05
1.486216206103563309e-05
1.488823909312486649e-05
1.491350121796131134e-05
1.493620220571756363e-05
1.496158074587583542e-05
1.498498022556304932e-05
1.500698272138834000e-05
1.502793747931718826e-05
1.504598185420036316e-05
1.506577245891094208e-05
1.508847344666719437e-05
1.511047594249248505e-05
1.512886956334114075e-05
1.514737959951162338e-05
1.516763586550951004e-05
1.518579665571451187e-05
1.520663499832153320e-05
1.522898674011230469e-05
1.525250263512134552e-05
1.527415588498115540e-05
1.530104782432317734e-05
1.532852184027433395e-05
1.535669434815645218e-05
1.538323704153299332e-05
1.541024539619684219e-05
1.543411053717136383e-05
1.545960549265146255e-05
1.548312138766050339e-05
1.550756860524415970e-05
1.553189940750598907e-05
1.555273775011301041e-05
1.557392533868551254e-05
1.559394877403974533e-05
1.561222597956657410e-05
1.563387922942638397e-05
1.565844286233186722e-05
1.567555591464042664e-05
1.569441519677639008e-05
1.571408938616514206e-05
1.573353074491024017e-05
1.575215719640254974e-05
1.577532384544610977e-05
1.579942181706428528e-05
1.582165714353322983e-05
1.584552228450775146e-05
1.587462611496448517e-05
1.590279862284660339e-05
1.592934131622314453e-05
1.595530193299055099e-05
1.598172821104526520e-05
1.600524410605430603e-05
1.603085547685623169e-05
1.605355646461248398e-05
1.607835292816162109e-05
1.610245089977979660e-05
1.612398773431777954e-05
1.614389475435018539e-05
1.616345252841711044e-05
1.618254464119672775e-05
1.620606053620576859e-05
1.622806303203105927e-05
1.624645665287971497e-05
1.626648008823394775e-05
1.628533937036991119e-05
1.630571205168962479e-05
1.632550265640020370e-05
1.634971704334020615e-05
1.637323293834924698e-05
1.639535184949636459e-05
1.642107963562011719e-05
1.645029988139867783e-05
1.647858880460262299e-05
1.650571357458829880e-05
1.653213985264301300e-05
1.655961386859416962e-05
1.658301334828138351e-05
1.660885754972696304e-05
1.663214061409235001e-05
1.665833406150341034e-05
1.668219920247793198e-05
1.670385245233774185e-05
1.672352664172649384e-05
1.674320083111524582e-05
1.676229294389486313e-05
1.678452827036380768e-05
1.680699642747640610e-05
1.682608854025602341e-05
1.684506423771381378e-05
1.686334144324064255e-05
1.688441261649131775e-05
1.690431963652372360e-05
1.692841760814189911e-05
1.695356331765651703e-05
1.697521656751632690e-05
1.700106076896190643e-05
1.702876761555671692e-05
1.705868635326623917e-05
1.708499621599912643e-05
1.711142249405384064e-05
1.713854726403951645e-05
1.716334372758865356e-05
1.718720886856317520e-05
1.721165608614683151e-05
1.723715104162693024e-05
1.726031769067049026e-05
1.728208735585212708e-05
1.730176154524087906e-05
1.732213422656059265e-05
1.734157558530569077e-05
1.736334525048732758e-05
1.738581340759992599e-05
1.740513835102319717e-05
1.742411404848098755e-05
1.744343899190425873e-05
1.746357884258031845e-05
1.748348586261272430e-05
1.750770024955272675e-05
1.753086689859628677e-05
1.755601260811090469e-05
1.757836434990167618e-05
1.760828308761119843e-05
1.763575710356235504e-05
1.766532659530639648e-05
1.769233494997024536e-05
1.771969255059957504e-05
1.774681732058525085e-05
1.776998396962881088e-05
1.779478043317794800e-05
1.782097388058900833e-05
1.784542109817266464e-05
1.786788925528526306e-05
1.789035741239786148e-05
1.791084650903940201e-05
1.792970579117536545e-05
1.795031130313873291e-05
1.797289587557315826e-05
1.799408346414566040e-05
1.801480539143085480e-05
1.803250052034854889e-05
1.805275678634643555e-05
1.807371154427528381e-05
1.809501554816961288e-05
1.812085974961519241e-05
1.814449205994606018e-05
1.816940493881702423e-05
1.819396857172250748e-05
1.822365447878837585e-05
1.825043000280857086e-05
1.827988307923078537e-05
1.830619294196367264e-05
1.833203714340925217e-05
1.835974399000406265e-05
1.838291063904762268e-05
1.840898767113685608e-05
1.843529753386974335e-05
1.846009399741888046e-05
1.848186366260051727e-05
1.850444823503494263e-05
1.852575223892927170e-05
1.854507718235254288e-05
1.856603194028139114e-05
1.858733594417572021e-05
1.860840711742639542e-05
1.862901262938976288e-05
1.864798832684755325e-05
1.866708043962717056e-05
1.868780236691236496e-05
1.871050335466861725e-05
1.873716246336698532e-05
1.876079477369785309e-05
1.878594048321247101e-05
1.881120260804891586e-05
1.883949153125286102e-05
1.886766403913497925e-05
1.889711711555719376e-05
1.892470754683017731e-05
1.895113382488489151e-05
1.897884067147970200e-05
1.900200732052326202e-05
1.902692019939422607e-05
1.905288081616163254e-05
1.907895784825086594e-05
1.910026185214519501e-05
1.912179868668317795e-05
1.914356835186481476e-05
1.916370820254087448e-05
1.918245106935501099e-05
1.920678187161684036e-05
1.922645606100559235e-05
1.924810931086540222e-05
1.926929689943790436e-05
1.928850542753934860e-05
1.930794678628444672e-05
1.933076418936252594e-05
1.935637556016445160e-05
1.938140485435724258e-05
1.940561924129724503e-05
1.942960079759359360e-05
1.945940311998128891e-05
1.948676072061061859e-05
1.951539888978004456e-05
1.954368781298398972e-05
1.957162749022245407e-05
1.959665678441524506e-05
