1.000000000000000000e+06
9.999872529783984646e+05
9.999745218813531101e+05
9.999618063768481370e+05
9.999491061458991608e+05
9.999364208819258492e+05
9.999237502901447006e+05
9.999110940869990736e+05
9.998984519996135496e+05
9.998858237652903190e+05
9.998732091310193064e+05
9.998606078530288069e+05
9.998480196963490453e+05
9.998354444343980867e+05
9.998228818486016244e+05
9.998103317280167248e+05
9.997977938689898001e+05
9.997852680748269195e+05
9.997727541554779746e+05
9.997602519272444770e+05
9.997477612124879379e+05
9.997352818393775960e+05
9.997228136416260386e+05
9.997103564582563704e+05
9.996979101333598373e+05
9.996854745158995502e+05
9.996730494594890624e+05
9.996606348221993539e+05
9.996482304663826944e+05
9.996358362584804418e+05
9.996234520688672783e+05
9.996110777716819430e+05
9.995987132446836913e+05
9.995863583690985106e+05
9.995740130294845439e+05
9.995616771136051975e+05
9.995493505122988718e+05
9.995370331193578895e+05
9.995247248314210447e+05
9.995124255478598643e+05
9.995001351706733694e+05
9.994878536043971544e+05
9.994755807560043177e+05
9.994633165348131442e+05
9.994510608524056152e+05
9.994388136225445196e+05
9.994265747610889375e+05
9.994143441859291634e+05
9.994021218169109197e+05
9.993899075757637620e+05
9.993777013860371662e+05
9.993655031730424380e+05
9.993533128637857735e+05
9.993411303869122639e+05
9.993289556726556038e+05
9.993167886527829105e+05
9.993046292605419876e+05
9.992924774306123145e+05
9.992803330990658142e+05
9.992681962033126038e+05
9.992560666820621118e+05
9.992439444752859417e+05
9.992318295241756132e+05
9.992197217711034464e+05
9.992076211595860077e+05
9.991955276342516299e+05
9.991834411408100277e+05
9.991713616260038689e+05
9.991592890376017895e+05
9.991472233243511291e+05
9.991351644359568600e+05
9.991231123230514349e+05
9.991110669371651020e+05
9.990990282307099551e+05
9.990869961569455918e+05
9.990749706699546659e+05
9.990629517246318283e+05
9.990509392766508972e+05
9.990389332824479789e+05
9.990269336991988821e+05
9.990149404847986298e+05
9.990029535978480708e+05
9.989909729976295494e+05
9.989789986440864159e+05
9.989670304978179047e+05
9.989550685200503794e+05
9.989431126726284856e+05
9.989311629179965239e+05
9.989192192191830836e+05
9.989072815397870727e+05
9.988953498439702671e+05
9.988834240964262281e+05
9.988715042623875197e+05
9.988595903076025425e+05
9.988476821983250557e+05
9.988357799013003241e+05
9.988238833837585989e+05
9.988119926133961417e+05
9.988001075583734782e+05
9.987882281872994499e+05
9.987763544692175929e+05
9.987644863736063708e+05
9.987526238703624113e+05
9.987407669297934044e+05
9.987289155226059956e+05
9.987170696199046215e+05
9.987052291931707878e+05
9.986933942142686574e+05
9.986815646554285195e+05
9.986697404892378254e+05
9.986579216886397917e+05
9.986461082269243198e+05
9.986343000777169364e+05
9.986224972149778623e+05
9.986106996129887411e+05
9.985989072463522898e+05
9.985871200899791438e+05
9.985753381190921646e+05
9.985635613092040876e+05
9.985517896361284656e+05
9.985400230759673286e+05
9.985282616051023360e+05
9.985165052001927979e+05
9.985047538381718332e+05
9.984930074962376384e+05
9.984812661518478999e+05
9.984695297827216564e+05
9.984577983668283559e+05
9.984460718823807547e+05
9.984343503078386420e+05
9.984226336219019722e+05
9.984109218035013182e+05
9.983992148317998508e+05
9.983875126861860044e+05
9.983758153462698683e+05
9.983641227918786462e+05
9.983524350030573551e+05
9.983407519600572996e+05
9.983290736433372367e+05
9.983174000335616292e+05
9.983057311115943594e+05
9.982940668584965169e+05
9.982824072555220919e+05
9.982707522841147147e+05
9.982591019259053282e+05
9.982474561627112562e+05
9.982358149765252601e+05
9.982241783495249692e+05
9.982125462640543701e+05
9.982009187026366126e+05
9.981892956479622517e+05
9.981776770828911103e+05
9.981660629904449452e+05
9.981544533538075630e+05
9.981428481563242385e+05
9.981312473814921686e+05
9.981196510129683884e+05
9.981080590345591772e+05
9.980964714302204084e+05
9.980848881840521935e+05
9.980733092803065665e+05
9.980617347033735132e+05
9.980501644377874909e+05
9.980385984682212584e+05
9.980270367794813355e+05
9.980154793565131258e+05
9.980039261843927670e+05
9.979923772483278299e+05
9.979808325336559210e+05
9.979692920258399099e+05
9.979577557104656007e+05
9.979462235732491827e+05
9.979346956000238424e+05
9.979231717767451191e+05
9.979116520894883433e+05
9.979001365244439803e+05
9.978886250679175137e+05
9.978771177063304931e+05
9.978656144262150628e+05
9.978541152142133797e+05
9.978426200570779620e+05
9.978311289416683139e+05
9.978196418549462687e+05
9.978081587839896092e+05
9.977966797159691341e+05
9.977852046381633263e+05
9.977737335379518336e+05
9.977622664028101135e+05
9.977508032203147886e+05
9.977393439781393390e+05
9.977278886640532874e+05
9.977164372659201035e+05
9.977049897716941778e+05
9.976935461694245460e+05
9.976821064472483704e+05
9.976706705933997873e+05
9.976592385961948894e+05
9.976478104440405732e+05
9.976363861254324438e+05
9.976249656289466657e+05
9.976135489432464819e+05
9.976021360570804682e+05
9.975907269592785742e+05
9.975793216387503780e+05
9.975679200844859006e+05
9.975565222855557222e+05
9.975451282311073737e+05
9.975337379103715066e+05
9.975223513126506004e+05
9.975109684273254825e+05
9.974995892438511364e+05
9.974882137517583324e+05
9.974768419406473404e+05
9.974654738001947990e+05
9.974541093201501062e+05
9.974427484903285513e+05
9.974313913006180665e+05
9.974200377409728244e+05
9.974086878014199901e+05
9.973973414720502915e+05
9.973859987430280307e+05
9.973746596045764163e+05
9.973633240469890879e+05
9.973519920606242958e+05
9.973406636358995456e+05
9.973293387633004459e+05
9.973180174333748873e+05
9.973066996367359534e+05
9.972953853640470188e+05
9.972840746060418896e+05
9.972727673535093199e+05
9.972614635972998803e+05
9.972501633283221163e+05
9.972388665375468554e+05
9.972275732159963809e+05
9.972162833547544433e+05
9.972049969449604396e+05
9.971937139778063865e+05
9.971824344445425086e+05
9.971711583364729304e+05
9.971598856449610321e+05
9.971486163614117540e+05
9.971373504772926681e+05
9.971260879841177957e+05
9.971148288734582020e+05
9.971035731369331479e+05
9.970923207662162604e+05
9.970810717530287802e+05
9.970698260891410755e+05
9.970585837663775310e+05
9.970473447766083991e+05
9.970361091117494507e+05
9.970248767637697747e+05
9.970136477246867726e+05
9.970024219865582418e+05
9.969911995414906414e+05
9.969799803816397907e+05
9.969687644992030691e+05
9.969575518864255864e+05
9.969463425355992513e+05
9.969351364390577655e+05
9.969239335891789524e+05
9.969127339783854550e+05
9.969015375991439214e+05
9.968903444439609302e+05
9.968791545053860173e+05
9.968679677760134218e+05
9.968567842484832508e+05
9.968456039154597092e+05
9.968344267696631141e+05
9.968232528038505698e+05
9.968120820108158514e+05
9.968009143833966227e+05
9.967897499144704780e+05
9.967785885969501687e+05
9.967674304237905890e+05
9.967562753879837692e+05
9.967451234825608553e+05
9.967339747005883837e+05
9.967228290351696778e+05
9.967116864794496214e+05
9.967005470266123302e+05
9.966894106698625255e+05
9.966782774024544051e+05
9.966671472176761599e+05
9.966560201088469476e+05
9.966448960693241097e+05
9.966337750925039873e+05
9.966226571718092309e+05
9.966115423007028876e+05
9.966004304726793198e+05
9.965893216812688624e+05
9.965782159200325841e+05
9.965671131825642660e+05
9.965560134624914499e+05
9.965449167534811422e+05
9.965338230492203729e+05
9.965227323434315622e+05
9.965116446298733354e+05
9.965005599023335380e+05
9.964894781546271406e+05
9.964783993806081126e+05
9.964673235741575481e+05
9.964562507291836664e+05
9.964451808396294946e+05
9.964341138994671637e+05
9.964230499026994221e+05
9.964119888433518354e+05
9.964009307154864073e+05
9.963898755131935468e+05
9.963788232305942802e+05
9.963677738618270960e+05
9.963567274010671536e+05
9.963456838425190654e+05
9.963346431804111926e+05
9.963236054089997197e+05
9.963125705225742422e+05
9.963015385154448450e+05
9.962905093819523463e+05
9.962794831164620118e+05
9.962684597133685602e+05
9.962574391670932528e+05
9.962464214720766759e+05
9.962354066227929434e+05
9.962243946137422463e+05
9.962133854394491063e+05
9.962023790944545763e+05
9.961913755733341677e+05
9.961803748706886545e+05
9.961693769811391830e+05
9.961583818993314635e+05
9.961473896199421724e+05
9.961364001376688248e+05
9.961254134472288424e+05
9.961144295433680527e+05
9.961034484208569629e+05
9.960924700744878501e+05
9.960814944990740623e+05
9.960705216894551413e+05
9.960595516404936789e+05
9.960485843470798573e+05
9.960376198041115422e+05
9.960266580065209419e+05
9.960156989492613357e+05
9.960047426273076562e+05
9.959937890356520656e+05
9.959828381693158299e+05
9.959718900233436143e+05
9.959609445927907946e+05
9.959500018727427814e+05
9.959390618583066389e+05
9.959281245446057292e+05
9.959171899267897243e+05
9.959062580000207527e+05
9.958953287594903959e+05
9.958844022004129365e+05
9.958734783180116210e+05
9.958625571075349580e+05
9.958516385642531095e+05
9.958407226834548637e+05
9.958298094604515936e+05
9.958188988905685255e+05
9.958079909691567300e+05
9.957970856915876502e+05
9.957861830532436725e+05
9.957752830495319795e+05
9.957643856758826878e+05
9.957534909277367406e+05
9.957425988005608087e+05
9.957317092898325063e+05
9.957208223910551751e+05
9.957099380997529952e+05
9.956990564114551526e+05
9.956881773217199370e+05
9.956773008261184441e+05
9.956664269202431897e+05
9.956555555997048505e+05
9.956446868601251626e+05
9.956338206971539184e+05
9.956229571064539487e+05
9.956120960837004241e+05
9.956012376245911000e+05
9.955903817248422420e+05
9.955795283801815240e+05
9.955686775863594376e+05
9.955578293391379993e+05
9.955469836342991330e+05
9.955361404676456004e+05
9.955252998349838890e+05
9.955144617321477272e+05
9.955036261549802730e+05
9.954927930993471527e+05
9.954819625611255178e+05
9.954711345362099819e+05
9.954603090205107583e+05
9.954494860099584330e+05
9.954386655004912755e+05
9.954278474880655995e+05
9.954170319686579751e+05
9.954062189382576616e+05
9.953954083928655600e+05
9.953846003285028273e+05
9.953737947412005160e+05
9.953629916270119138e+05
9.953521909820017172e+05
9.953413928022409091e+05
9.953305970838268986e+05
9.953198038228653604e+05
9.953090130154809449e+05
9.952982246578087797e+05
9.952874387459983118e+05
9.952766552762165666e+05
9.952658742446461692e+05
9.952550956474782433e+05
9.952443194809177658e+05
9.952335457411911339e+05
9.952227744245332433e+05
9.952120055271908641e+05
9.952012390454286942e+05
9.951904749755235389e+05
9.951797133137657074e+05
9.951689540564590134e+05
9.951581971999149537e+05
9.951474427404669113e+05
9.951366906744561857e+05
9.951259409982402576e+05
9.951151937081866199e+05
9.951044488006782485e+05
9.950937062721091788e+05
9.950829661188916070e+05
9.950722283374425024e+05
9.950614929241930367e+05
9.950507598755947547e+05
9.950400291881037410e+05
9.950293008581899339e+05
9.950185748823387548e+05
9.950078512570444727e+05
9.949971299788153265e+05
9.949864110441732919e+05
9.949756944496436045e+05
9.949649801917739678e+05
9.949542682671190705e+05
9.949435586722453590e+05
9.949328514037351124e+05
9.949221464581764303e+05
9.949114438321742928e+05
9.949007435223433422e+05
9.948900455253104446e+05
9.948793498377100332e+05
9.948686564561934210e+05
9.948579653774228645e+05
9.948472765980685363e+05
9.948365901148137636e+05
9.948259059243515367e+05
9.948152240233896300e+05
9.948045444086435018e+05
9.947938670768383890e+05
9.947831920247116359e+05
9.947725192490125773e+05
9.947618487465010257e+05
9.947511805139469216e+05
9.947405145481318468e+05
9.947298508458464639e+05
9.947191894038948230e+05
9.947085302190899383e+05
9.946978732882554177e+05
9.946872186082204571e+05
9.946765661758357892e+05
9.946659159879534272e+05
9.946552680414377246e+05
9.946446223331645597e+05
9.946339788600181928e+05
9.946233376188941766e+05
9.946126986066978425e+05
9.946020618203399936e+05
9.945914272567473818e+05
9.945807949128536275e+05
9.945701647856045747e+05
9.945595368719532853e+05
9.945489111688628327e+05
9.945382876733086305e+05
9.945276663822729606e+05
9.945170472927485825e+05
9.945064304017388495e+05
9.944958157062517712e+05
9.944852032033122377e+05
9.944745928899494465e+05
9.944639847632056335e+05
9.944533788201275747e+05
9.944427750577734550e+05
9.944321734732117038e+05
9.944215740635183174e+05
9.944109768257761607e+05
9.944003817570810206e+05
9.943897888545357855e+05
9.943791981152519584e+05
9.943686095363507047e+05
9.943580231149633182e+05
9.943474388482283102e+05
9.943368567332915263e+05
9.943262767673128983e+05
9.943156989474531729e+05
9.943051232708883472e+05
9.942945497347995406e+05
9.942839783363796305e+05
9.942734090728263836e+05
9.942628419413485099e+05
9.942522769391637994e+05
9.942417140634921379e+05
9.942311533115713391e+05
9.942205946806368884e+05
9.942100381679369602e+05
9.941994837707340484e+05
9.941889314862879692e+05
9.941783813118746039e+05
9.941678332447755383e+05
9.941572872822788777e+05
9.941467434216855327e+05
9.941362016602975782e+05
9.941256619954324560e+05
9.941151244244073750e+05
9.941045889445553767e+05
9.940940555532096187e+05
9.940835242477192078e+05
9.940729950254345313e+05
9.940624678837175015e+05
9.940519428199359681e+05
9.940414198314640671e+05
9.940308989156873431e+05
9.940203800699911080e+05
9.940098632917737123e+05
9.939993485784446821e+05
9.939888359274117975e+05
9.939783253360987874e+05
9.939678168019315926e+05
9.939573103223436046e+05
9.939468058947819518e+05
9.939363035166921327e+05
9.939258031855346635e+05
9.939153048987692455e+05
9.939048086538688513e+05
9.938943144483107608e+05
9.938838222795823822e+05
9.938733321451753145e+05
9.938628440425911685e+05
9.938523579693359789e+05
9.938418739229200874e+05
9.938313919008672237e+05
9.938209119007012341e+05
9.938104339199536480e+05
9.937999579561696155e+05
9.937894840068940539e+05
9.937790120696811937e+05
9.937685421420924831e+05
9.937580742216944927e+05
9.937476083060636884e+05
9.937371443927802611e+05
9.937266824794338318e+05
9.937162225636144867e+05
9.937057646429237211e+05
9.936953087149724597e+05
9.936848547773712780e+05
9.936744028277434409e+05
9.936639528637136100e+05
9.936535048829199513e+05
9.936430588829950429e+05
9.936326148615889251e+05
9.936221728163526859e+05
9.936117327449421864e+05
9.936012946450198069e+05
9.935908585142625961e+05
9.935804243503418984e+05
9.935699921509423293e+05
9.935595619137553731e+05
9.935491336364714662e+05
9.935387073167980416e+05
9.935282829524396220e+05
9.935178605411124881e+05
9.935074400805315236e+05
9.934970215684255818e+05
9.934866050025270088e+05
9.934761903805714101e+05
9.934657777003052179e+05
9.934553669594745152e+05
9.934449581558427308e+05
9.934345512871581595e+05
9.934241463511978509e+05
9.934137433457294246e+05
9.934033422685288824e+05
9.933929431173801422e+05
9.933825458900789963e+05
9.933721505844127387e+05
9.933617571981864749e+05
9.933513657292068237e+05
9.933409761752820341e+05
9.933305885342365364e+05
9.933202028038904537e+05
9.933098189820725238e+05
9.932994370666159084e+05
9.932890570553629659e+05
9.932786789461587323e+05
9.932683027368523180e+05
9.932579284253015649e+05
9.932475560093690874e+05
9.932371854869259987e+05
9.932268168558357283e+05
9.932164501139800996e+05
9.932060852592432639e+05
9.931957222895078594e+05
9.931853612026677001e+05
9.931750019966264954e+05
9.931646446692830650e+05
9.931542892185484525e+05
9.931439356423363788e+05
9.931335839385640575e+05
9.931232341051589465e+05
9.931128861400512978e+05
9.931025400411754381e+05
9.930921958064665087e+05
9.930818534338736208e+05
9.930715129213460023e+05
9.930611742668392835e+05
9.930508374683101429e+05
9.930405025237258524e+05
9.930301694310611347e+05
9.930198381882830290e+05
9.930095087933723116e+05
9.929991812443153467e+05
9.929888555390991969e+05
9.929785316757137189e+05
9.929682096521600615e+05
9.929578894664461259e+05
9.929475711165741086e+05
9.929372546005588956e+05
9.929269399164196802e+05
9.929166270621753065e+05
9.929063160358581226e+05
9.928960068354993127e+05
9.928856994591312250e+05
9.928753939047956374e+05
9.928650901705421275e+05
9.928547882544194581e+05
9.928444881544823293e+05
9.928341898687885841e+05
9.928238933954066597e+05
9.928135987324094167e+05
9.928033058778577251e+05
9.927930148298373679e+05
9.927827255864272593e+05
9.927724381457145792e+05
9.927621525057847612e+05
9.927518686647390714e+05
9.927415866206769133e+05
9.927313063717000186e+05
9.927210279159167549e+05
9.927107512514415430e+05
9.927004763763892697e+05
9.926902032888843678e+05
9.926799319870545296e+05
9.926696624690231401e+05
9.926593947329272050e+05
9.926491287769083865e+05
9.926388645991078811e+05
9.926286021976721240e+05
9.926183415707523236e+05
9.926080827165055089e+05
9.925978256330966251e+05
9.925875703186781611e+05
9.925773167714261217e+05
9.925670649895091774e+05
9.925568149711033329e+05
9.925465667143833125e+05
9.925363202175390907e+05
9.925260754787587794e+05
9.925158324962335173e+05
9.925055912681575865e+05
9.924953517927350476e+05
9.924851140681668185e+05
9.924748780926632462e+05
9.924646438644384034e+05
9.924544113817058969e+05
9.924441806426827097e+05
9.924339516455990961e+05
9.924237243886822835e+05
9.924134988701612456e+05
9.924032750882720575e+05
9.923930530412570806e+05
9.923828327273624018e+05
9.923726141448320122e+05
9.923623972919137450e+05
9.923521821668671910e+05
9.923419687679474009e+05
9.923317570934157120e+05
9.923215471415374195e+05
9.923113389105878305e+05
9.923011323988360818e+05
9.922909276045607403e+05
9.922807245260407217e+05
9.922705231615632074e+05
9.922603235094142146e+05
9.922501255678907037e+05
9.922399293352866080e+05
9.922297348098976072e+05
9.922195419900284614e+05
9.922093508739875397e+05
9.921991614600867033e+05
9.921889737466336228e+05
9.921787877319505205e+05
9.921686034143592697e+05
9.921584207921853522e+05
9.921482398637525039e+05
9.921380606273933081e+05
9.921278830814440735e+05
9.921177072242394788e+05
9.921075330541214207e+05
9.920973605694349390e+05
9.920871897685333388e+05
9.920770206497651525e+05
9.920668532114863629e+05
9.920566874520536512e+05
9.920465233698331285e+05
9.920363609631893924e+05
9.920262002304953057e+05
9.920160411701191915e+05
9.920058837804369396e+05
9.919957280598279322e+05
9.919855740066765575e+05
9.919754216193712782e+05
9.919652708962954348e+05
9.919551218358456390e+05
9.919449744364189683e+05
9.919348286964155268e+05
9.919246846142342547e+05
9.919145421882800292e+05
9.919044014169638976e+05
9.918942622986950446e+05
9.918841248318882426e+05
9.918739890149616404e+05
9.918638548463402549e+05
9.918537223244480556e+05
9.918435914477106417e+05
9.918334622145576868e+05
9.918233346234256169e+05
9.918132086727542337e+05
9.918030843609835720e+05
9.917929616865572752e+05
9.917828406479178229e+05
9.917727212435174733e+05
9.917626034718099982e+05
9.917524873312552227e+05
9.917423728203056380e+05
9.917322599374251440e+05
9.917221486810847418e+05
9.917120390497477492e+05
9.917019310418864479e+05
9.916918246559747495e+05
9.916817198904867982e+05
9.916716167439058190e+05
9.916615152147130575e+05
9.916514153013922041e+05
9.916413170024341671e+05
9.916312203163339291e+05
9.916211252415844938e+05
9.916110317766802618e+05
9.916009399201241322e+05
9.915908496704197023e+05
9.915807610260761576e+05
9.915706739856054774e+05
9.915605885475105606e+05
9.915505047103102552e+05
9.915404224725245731e+05
9.915303418326738756e+05
9.915202627892856253e+05
9.915101853408799507e+05
9.915001094859890873e+05
9.914900352231489960e+05
9.914799625508915633e+05
9.914698914677544963e+05
9.914598219722779468e+05
9.914497540630021831e+05
9.914396877384766703e+05
9.914296229972478468e+05
9.914195598378652940e+05
9.914094982588869752e+05
9.913994382588693406e+05
9.913893798363718670e+05
9.913793229899530997e+05
9.913692677181818290e+05
9.913592140196253313e+05
9.913491618928560056e+05
9.913391113364497432e+05
9.913290623489728896e+05
9.913190149290078552e+05
9.913089690751389135e+05
9.912989247859450988e+05
9.912888820600203471e+05
9.912788408959446242e+05
9.912688012923178030e+05
9.912587632477302104e+05
9.912487267607812537e+05
9.912386918300680118e+05
9.912286584541921038e+05
9.912186266317566624e+05
9.912085963613686617e+05
9.911985676416398492e+05
9.911885404711776646e+05
9.911785148486001417e+05
9.911684907725250814e+05
9.911584682415724965e+05
9.911484472543596057e+05
9.911384278095134068e+05
9.911284099056639243e+05
9.911183935414407169e+05
9.911083787154805614e+05
9.910983654264049837e+05
9.910883536728593754e+05
9.910783434534831904e+05
9.910683347669172799e+05
9.910583276118091308e+05
9.910483219868025044e+05
9.910383178905489622e+05
9.910283153216999490e+05
9.910183142789119156e+05
9.910083147608377039e+05
9.909983167661377229e+05
9.909883202934705187e+05
9.909783253415004583e+05
9.909683319088945864e+05
9.909583399943185505e+05
9.909483495964449830e+05
9.909383607139482629e+05
9.909283733455021866e+05
9.909183874897857895e+05
9.909084031454751967e+05
9.908984203112549148e+05
9.908884389858128270e+05
9.908784591678373981e+05
9.908684808560130186e+05
9.908585040490295505e+05
9.908485287455876824e+05
9.908385549443783239e+05
9.908285826441033278e+05
9.908186118434631499e+05
9.908086425411620876e+05
9.907986747359025758e+05
9.907887084263948491e+05
9.907787436113493750e+05
9.907687802894751076e+05
9.907588184594863560e+05
9.907488581200983608e+05
9.907388992700296221e+05
9.907289419080018997e+05
9.907189860327361384e+05
9.907090316429591039e+05
9.906990787374002393e+05
9.906891273147853790e+05
9.906791773738482734e+05
9.906692289133183658e+05
9.906592819319363916e+05
9.906493364284408744e+05
9.906393924015761586e+05
9.906294498500747140e+05
9.906195087726844940e+05
9.906095691681557801e+05
9.905996310352334986e+05
9.905896943726717727e+05
9.905797591792233288e+05
9.905698254536452005e+05
9.905598931946897646e+05
9.905499624011204578e+05
9.905400330716989702e+05
9.905301052051860606e+05
9.905201788003453985e+05
9.905102538559479872e+05
9.905003303707592422e+05
9.904904083435524954e+05
9.904804877731030574e+05
9.904705686581820482e+05
9.904606509975742083e+05
9.904507347900525201e+05
9.904408200344020734e+05
9.904309067294045817e+05
9.904209948738465318e+05
9.904110844665190671e+05
9.904011755062147276e+05
9.903912679917155765e+05
9.903813619218195090e+05
9.903714572953231400e+05
9.903615541110259946e+05
9.903516523677244550e+05
9.903417520642247982e+05
9.903318531993299257e+05
9.903219557718426222e+05
9.903120597805691650e+05
9.903021652243281715e+05
9.902922721019216115e+05
9.902823804121653084e+05
9.902724901538719423e+05
9.902626013258605963e+05
9.902527139269481413e+05
9.902428279559587827e+05
9.902329434117116034e+05
9.902230602930347668e+05
9.902131785987537587e+05
9.902032983276947634e+05
9.901934194786900189e+05
9.901835420505710645e+05
9.901736660421723500e+05
9.901637914523348445e+05
9.901539182798927650e+05
9.901440465236798627e+05
9.901341761825457215e+05
9.901243072553313104e+05
9.901144397408803925e+05
9.901045736380417366e+05
9.900947089456679532e+05
9.900848456626058323e+05
9.900749837877060054e+05
9.900651233198266709e+05
9.900552642578266095e+05
9.900454066005568020e+05
9.900355503468775423e+05
9.900256954956513364e+05
9.900158420457419707e+05
9.900059899960112525e+05
9.899961393453312339e+05
9.899862900925654685e+05
9.899764422365890350e+05
9.899665957762708422e+05
9.899567507104842225e+05
9.899469070381035563e+05
9.899370647580098594e+05
9.899272238690815866e+05
9.899173843702037120e+05
9.899075462602534099e+05
9.898977095381121617e+05
9.898878742026718101e+05
9.898780402528179111e+05
9.898682076874421909e+05
9.898583765054338146e+05
9.898485467056895141e+05
9.898387182871005498e+05
9.898288912485616747e+05
9.898190655889754416e+05
9.898092413072397467e+05
9.897994184022553964e+05
9.897895968729214510e+05
9.897797767181461677e+05
9.897699579368346604e+05
9.897601405278927414e+05
9.897503244902340230e+05
9.897405098227673443e+05
9.897306965244079474e+05
9.897208845940673491e+05
9.897110740306619555e+05
9.897012648331093369e+05
9.896914570003321860e+05
9.896816505312487716e+05
9.896718454247860936e+05
9.896620416798669612e+05
9.896522392954123206e+05
9.896424382703554584e+05
9.896326386036227923e+05
9.896228402941477252e+05
9.896130433408614481e+05
9.896032477427012054e+05
9.895934534985986538e+05
9.895836606074904557e+05
9.895738690683186287e+05
9.895640788800236769e+05
9.895542900415462209e+05
9.895445025518254843e+05
9.895347164098109351e+05
9.895249316144461045e+05
9.895151481646795291e+05
9.895053660594605608e+05
9.894955852977441391e+05
9.894858058784812456e+05
9.894760278006234439e+05
9.894662510631276527e+05
9.894564756649517221e+05
9.894467016050526872e+05
9.894369288823954994e+05
9.894271574959416175e+05
9.894173874446536647e+05
9.894076187274948461e+05
9.893978513434318593e+05
9.893880852914347779e+05
9.893783205704706488e+05
9.893685571795135038e+05
9.893587951175386552e+05
9.893490343835148960e+05
9.893392749764195178e+05
9.893295168952260865e+05
9.893197601389227202e+05
9.893100047064797254e+05
9.893002505968842888e+05
9.892904978091120720e+05
9.892807463421511929e+05
9.892709961949881399e+05
